# Time-averaged data for fix 4
# TimeStep c_mytemp c_mypress v_vmyvol v_avgEtotal
10 2022.04 -18805.7 641.245 -2.83789
20 1886.93 -15744.5 640.88 -2.83922
30 1623.84 -7963 640.266 -2.84104
40 1536.92 -5116.28 639.525 -2.84256
50 1708.35 -9032.25 638.704 -2.84397
60 1857.1 -12824.1 637.75 -2.84574
70 1853.05 -12574.7 636.605 -2.84819
80 1702.6 -7322.06 635.282 -2.85088
90 1565.18 -2490.72 633.863 -2.85325
100 1493.66 1365.27 632.43 -2.85505
110 1490.56 3061.34 631.045 -2.85633
120 1468.16 4993.52 629.74 -2.85718
130 1419.93 6318.15 628.542 -2.85761
140 1432.54 4171.57 627.466 -2.85765
150 1523.72 883.994 626.479 -2.85747
160 1610.21 -170.605 625.53 -2.85722
170 1640.66 1937.67 624.604 -2.85706
180 1596.52 6072.63 623.731 -2.85702
190 1473.06 13575.7 622.981 -2.85692
200 1417.97 17287.4 622.461 -2.85659
210 1447.32 15895.2 622.224 -2.85606
220 1395.68 17426.5 622.254 -2.85539
230 1364.27 16503.6 622.567 -2.85456
240 1479.74 8771.69 623.134 -2.85348
250 1519.61 5703.14 623.85 -2.8522
260 1590.39 261.945 624.648 -2.85092
270 1681.26 -5378.25 625.445 -2.84972
280 1665.48 -5692.66 626.159 -2.84883
290 1596.88 -4723.02 626.777 -2.84829
300 1623.09 -5343.56 627.313 -2.84792
310 1663.7 -4128.63 627.761 -2.84772
320 1642.81 1148.03 628.149 -2.84775
330 1690.19 1342.96 628.549 -2.84801
340 1647.84 1644.52 628.971 -2.84849
350 1560.85 2738.23 629.422 -2.84902
360 1663.31 -1648.08 629.909 -2.84955
370 1680.62 -4931.7 630.37 -2.85015
380 1614.63 -5192.14 630.753 -2.85089
390 1557.19 -3985.16 631.054 -2.85161
400 1552.9 -1900.41 631.29 -2.8522
410 1528.88 -1323.41 631.495 -2.85267
420 1461.9 -1706.92 631.679 -2.85294
430 1431.33 -1157.59 631.839 -2.85292
440 1531.57 -3781.69 631.978 -2.85264
450 1616.69 -2675.46 632.064 -2.85227
460 1575.09 655.013 632.112 -2.85201
470 1444.33 3474.39 632.175 -2.85178
480 1428.45 4441.5 632.297 -2.85134
490 1624.99 1876.34 632.491 -2.8507
500 1686.29 2456.18 632.726 -2.85015
510 1576.96 5170.8 633.005 -2.84991
520 1472.71 7005.15 633.371 -2.84975
530 1459.99 5467.79 633.849 -2.84945
540 1487.07 1580.49 634.412 -2.84894
550 1432.43 1878.92 635.007 -2.84826
560 1403.52 1457.24 635.629 -2.84742
570 1432.85 594.619 636.271 -2.84633
580 1496.15 1489.1 636.924 -2.84506
590 1583.15 -126.263 637.594 -2.84374
600 1629.49 -1308.01 638.259 -2.84253
610 1666.79 -1428.05 638.901 -2.84159
620 1720.15 -4621.22 639.511 -2.84098
630 1710.05 -7804.09 640.041 -2.84073
640 1674.98 -6399.44 640.445 -2.84085
650 1729.89 -7953.72 640.734 -2.84126
660 1739.41 -5002.84 640.898 -2.84201
670 1628.98 2650.19 640.986 -2.84305
680 1467.53 11122.7 641.128 -2.84398
690 1509.89 10619 641.447 -2.84462
700 1677.18 5622.68 641.941 -2.84513
710 1733.3 5201.38 642.54 -2.84581
720 1701.11 5091.72 643.226 -2.8468
730 1605.22 7280.48 644 -2.84795
740 1462.48 12079.2 644.898 -2.84904
750 1311.38 16220.4 645.999 -2.84984
760 1234.95 16023.3 647.365 -2.85019
770 1247.92 14711.1 648.997 -2.84999
780 1230.12 16479.4 650.877 -2.84935
790 1238.26 16472.1 653.027 -2.8484
800 1298.07 15886.9 655.448 -2.84708
810 1389.17 13851.5 658.13 -2.84544
820 1464.73 10129.7 661.037 -2.84351
830 1488.56 4432.37 664.097 -2.84139
840 1416.65 1951.95 667.219 -2.83919
850 1370.96 -657.267 670.347 -2.83703
860 1366.45 -5061.73 673.43 -2.83458
870 1414.24 -10924.6 676.386 -2.83179
880 1477.3 -19270.9 679.099 -2.82855
890 1443.14 -20655.4 681.428 -2.82528
900 1327.43 -19725.2 683.337 -2.82237
910 1183.8 -17615 684.844 -2.81969
920 1140.18 -16903.3 685.99 -2.81701
930 1382.59 -22208.2 686.782 -2.81389
940 1583.11 -25479.1 687.139 -2.81042
950 1636.17 -27004.2 686.998 -2.80745
960 1605.22 -26719.3 686.341 -2.80534
970 1593.68 -25618 685.182 -2.80397
980 1593.69 -24265.2 683.553 -2.80314
990 1601.5 -22344.1 681.491 -2.80275
1000 1601.43 -19286.1 679.048 -2.80267
1010 1574.6 -14375.9 676.295 -2.80271
1020 1559.15 -9102.36 673.334 -2.80264
1030 1605.97 -8018.49 670.262 -2.80248
1040 1680.49 -8075.21 667.112 -2.80247
1050 1752.81 -7006.02 663.888 -2.80277
1060 1754.5 -3558.69 660.618 -2.80339
1070 1693.89 499.336 657.363 -2.80416
1080 1573.56 3376.14 654.194 -2.80485
1090 1487.96 6034.06 651.162 -2.80521
1100 1484.18 6278.06 648.305 -2.80523
1110 1588.49 2773.41 645.619 -2.8051
1120 1858.85 -3735.74 643.042 -2.80539
1130 1996.17 -7185.85 640.468 -2.80671
1140 1895.65 -2639.59 637.849 -2.80903
1150 1605.92 8178.4 635.26 -2.81123
1160 1438.75 17917.8 632.871 -2.81241
1170 1535.92 16726.1 630.818 -2.813
1180 1686.21 14410.4 629.089 -2.81364
1190 1742.56 15059.1 627.643 -2.81454
1200 1789.1 12372.9 626.474 -2.81581
1210 1854.6 6737.65 625.53 -2.81764
1220 1865.56 4533.75 624.727 -2.8201
1230 1765.72 5137.29 624.023 -2.82289
1240 1633.35 6475.77 623.42 -2.8256
1250 1508.89 8904.6 622.943 -2.82784
1260 1573.3 6650.92 622.615 -2.82961
1270 1760.38 4217.07 622.406 -2.83134
1280 1849.82 3329.32 622.276 -2.83343
1290 1816.64 3271.15 622.209 -2.83597
1300 1724.38 5965.46 622.206 -2.83863
1310 1725.9 5349.32 622.3 -2.84132
1320 1645.44 7675.93 622.489 -2.84392
1330 1588.93 9528.39 622.802 -2.84621
1340 1694.87 5688.65 623.261 -2.84836
1350 1655.37 4468.51 623.813 -2.85047
1360 1511.09 7082 624.439 -2.85235
1370 1459.5 6919.38 625.17 -2.85379
1380 1524.62 3405.93 626.002 -2.85481
1390 1548.11 1889.97 626.884 -2.85555
1400 1507.94 697.272 627.789 -2.85609
1410 1464.25 861.259 628.697 -2.85639
1420 1418.64 2631.38 629.612 -2.85644
1430 1348.38 4561.68 630.561 -2.85619
1440 1316.56 4599.5 631.572 -2.8556
1450 1249.08 7205.22 632.653 -2.85463
1460 1250.14 8652.26 633.839 -2.85334
1470 1358.47 5495.72 635.149 -2.85158
1480 1483.07 1407.21 636.534 -2.8494
1490 1624.09 -3260.14 637.927 -2.84704
1500 1767.29 -8175.93 639.249 -2.84485
1510 1796.11 -10658.5 640.422 -2.84324
1520 1656.88 -7431.6 641.411 -2.84241
1530 1539.68 -6153.41 642.26 -2.84199
1540 1531.62 -6703.97 642.992 -2.8416
1550 1406.46 -1792.81 643.613 -2.84115
1560 1268.16 2678.17 644.197 -2.84053
1570 1240.31 4239.59 644.818 -2.83952
1580 1318.16 5192.24 645.505 -2.83806
1590 1306.24 6655.97 646.278 -2.83623
1600 1331.22 6633.23 647.156 -2.83422
1610 1473.41 1572.89 648.132 -2.83189
1620 1496.67 357.462 649.133 -2.82942
1630 1482.06 237.177 650.131 -2.82715
1640 1592.57 -4669.95 651.116 -2.82495
1650 1657.52 -4668.19 652.018 -2.82289
1660 1609.65 676.322 652.837 -2.82135
1670 1499.03 5053.09 653.66 -2.82025
1680 1264.97 12121.1 654.571 -2.81932
1690 1161.18 16791.2 655.685 -2.81834
1700 1422.15 8634.3 657.064 -2.81682
1710 1536.16 3780.42 658.591 -2.81466
1720 1551.13 1571.54 660.173 -2.81262
1730 1655.23 -3475.32 661.762 -2.81069
1740 1667.72 -4982.3 663.277 -2.80902
1750 1566.01 -3314.78 664.69 -2.8078
1760 1442.98 195.119 666.03 -2.80687
1770 1383.19 4134.76 667.36 -2.80594
1780 1443.48 4601.71 668.749 -2.80487
1790 1531.19 -587.782 670.197 -2.80355
1800 1550.61 -5652.49 671.62 -2.80211
1810 1532.85 -9866.11 672.924 -2.80069
1820 1471.89 -12618.1 674.031 -2.79931
1830 1407.71 -13527.7 674.893 -2.79793
1840 1495.48 -16805.6 675.486 -2.79644
1850 1701.7 -20029 675.758 -2.79494
1860 1834.32 -20137.1 675.658 -2.79395
1870 1797.52 -19310.4 675.187 -2.79385
1880 1631.48 -15840.9 674.371 -2.79441
1890 1480.9 -11630.1 673.278 -2.79506
1900 1424.25 -9410.09 671.989 -2.79543
1910 1443.91 -8407.79 670.551 -2.79546
1920 1511.68 -9498.92 668.985 -2.79526
1930 1627.64 -12872.4 667.274 -2.79507
1940 1703.34 -15763.4 665.365 -2.79521
1950 1716.17 -15007.9 663.216 -2.79582
1960 1691 -13312.9 660.843 -2.79679
1970 1679.45 -8125.15 658.29 -2.79786
1980 1709.61 -6395.12 655.644 -2.79898
1990 1640.19 -3062.5 652.947 -2.8002
2000 1567.59 4614.13 650.267 -2.80107
2010 1671.76 6337.91 647.718 -2.80162
2020 1738.92 5374.16 645.335 -2.80237
2030 1603.3 9114.12 643.108 -2.80326
2040 1479.43 11736.4 641.086 -2.80382
2050 1588.9 8856.03 639.301 -2.80418
2060 1726.48 6738.23 637.708 -2.80466
2070 1791.34 5360.18 636.266 -2.80553
2080 1744.23 8588.62 634.955 -2.80679
2090 1669.31 12600.7 633.821 -2.80817
2100 1623.87 13134.5 632.918 -2.80951
2110 1707.48 10110.5 632.25 -2.81088
2120 1811.26 7572.05 631.767 -2.81255
2130 1847.5 5984.87 631.426 -2.81471
2140 1848.65 5178.68 631.198 -2.81732
2150 1937.75 1049.74 631.062 -2.82043
2160 1930.33 -4529.19 630.946 -2.82423
2170 1657.79 761.318 630.784 -2.82806
2180 1458.15 4648.81 630.64 -2.83105
2190 1503.63 4589.21 630.575 -2.83326
2200 1640.54 1999.78 630.586 -2.83517
2210 1617.61 6805.74 630.649 -2.83697
2220 1593.97 11621.4 630.827 -2.83858
2230 1652.97 10490.5 631.191 -2.84015
2240 1542.89 11306.9 631.732 -2.84162
2250 1337.82 14236.9 632.46 -2.84277
2260 1249.63 15150.3 633.415 -2.84334
2270 1442.43 9592.01 634.603 -2.84334
2280 1740.34 -247.995 635.933 -2.84288
2290 1914.43 -6568.51 637.251 -2.84264
2300 1862.29 -7394.37 638.453 -2.8432
2310 1658.58 -4190.05 639.524 -2.84436
2320 1495.63 -812.684 640.515 -2.84551
2330 1459.21 1026.32 641.482 -2.84635
2340 1484.93 511.255 642.453 -2.84683
2350 1532.71 -1495.94 643.42 -2.84705
2360 1517.74 523.544 644.361 -2.84712
2370 1541.64 -138.711 645.297 -2.84709
2380 1602.54 -1694.03 646.221 -2.84696
2390 1654.4 -1207.77 647.111 -2.84692
2400 1642.18 1059.5 647.975 -2.84707
2410 1561.18 4413.91 648.852 -2.84739
2420 1501.07 3440.79 649.793 -2.84766
2430 1533.36 -283.022 650.781 -2.84773
2440 1545.44 -1736.12 651.759 -2.84764
2450 1477.17 -4614.4 652.695 -2.84743
2460 1414.65 -4606.84 653.546 -2.84703
2470 1363.86 -5466.25 654.307 -2.84634
2480 1467.56 -9887.26 654.957 -2.84533
2490 1569.51 -11870.2 655.431 -2.84411
2500 1538.37 -8651.25 655.701 -2.84301
2510 1512.04 -5702.55 655.817 -2.84203
2520 1551.69 -3194.68 655.835 -2.84108
2530 1560.96 -2582.49 655.797 -2.84018
2540 1511.68 272.908 655.724 -2.83936
2550 1434.55 2023.24 655.66 -2.83853
2560 1368.6 3392.23 655.639 -2.83756
2570 1330.53 3926.4 655.682 -2.83636
2580 1368.83 2094.52 655.795 -2.83485
2590 1454.04 -720.105 655.947 -2.83306
2600 1519.11 -1044.56 656.093 -2.83116
2610 1524.14 -216.94 656.226 -2.82935
2620 1470.53 3149.79 656.363 -2.82769
2630 1440.23 4759.05 656.555 -2.82611
2640 1425.28 6303.59 656.836 -2.82451
2650 1406.66 8868.4 657.232 -2.82287
2660 1404.7 8175.22 657.781 -2.82116
2670 1442.58 6918.11 658.474 -2.81936
2680 1525.45 4780.9 659.283 -2.81747
2690 1566.71 4919.7 660.179 -2.81566
2700 1566.4 2240.95 661.152 -2.81407
2710 1518.09 -2528.06 662.154 -2.81261
2720 1502.4 -4956.52 663.105 -2.81121
2730 1528.25 -6109.9 663.96 -2.80981
2740 1535.51 -4730.22 664.702 -2.80849
2750 1565.22 -4328.01 665.349 -2.80728
2760 1582.16 -3207.05 665.915 -2.8062
2770 1516.26 -2471.95 666.419 -2.80527
2780 1500 -3905.28 666.873 -2.80439
2790 1547.66 -7487.72 667.251 -2.80344
2800 1628.56 -11429.7 667.488 -2.80253
2810 1629.04 -10635.6 667.525 -2.80186
2820 1506.67 -6801.4 667.376 -2.80142
2830 1389.89 -4766.81 667.106 -2.80093
2840 1431.97 -7439.15 666.749 -2.80021
2850 1488.74 -8169.55 666.271 -2.79926
2860 1601.1 -11190.3 665.651 -2.79828
2870 1677.82 -14576.3 664.84 -2.79752
2880 1684.03 -15665.4 663.786 -2.79722
2890 1642.9 -16520.1 662.47 -2.79734
2900 1672.1 -17268.1 660.881 -2.79781
2910 1702.93 -15668.4 659.018 -2.79861
2920 1717.09 -11565.5 656.917 -2.79966
2930 1630.39 -5352.15 654.657 -2.80079
2940 1424.59 4454.3 652.356 -2.8015
2950 1259.2 13389.5 650.18 -2.8013
2960 1393.91 13223.8 648.271 -2.80041
2970 1661.91 7791.61 646.622 -2.79933
2980 1795.84 7317.05 645.152 -2.79859
2990 1770.97 10653.1 643.847 -2.79842
3000 1679.64 12984.9 642.75 -2.7987
3010 1553.72 18328.4 641.908 -2.7991
3020 1595.51 17998.5 641.388 -2.79946
3030 1736.15 12899.6 641.181 -2.80001
3040 1718.94 12858.4 641.213 -2.80091
3050 1636.17 13253.9 641.468 -2.80207
3060 1548.74 13835.7 641.953 -2.80324
3070 1548.4 10465.8 642.668 -2.80426
3080 1583.55 8282.45 643.559 -2.80509
3090 1640.3 5745.93 644.585 -2.80587
3100 1751.94 -362.884 645.695 -2.80669
3110 1860.48 -6219.16 646.791 -2.80781
3120 1876.57 -8783.5 647.776 -2.80949
3130 1810.11 -7803.66 648.605 -2.8117
3140 1727.5 -7498.35 649.292 -2.81415
3150 1657.9 -5689.32 649.848 -2.81657
3160 1594.93 -4728.79 650.299 -2.81877
3170 1555.47 -3657.03 650.667 -2.82067
3180 1476.89 -2259.8 650.971 -2.82219
3190 1422.09 -2595.15 651.234 -2.82323
3200 1429.26 -6032 651.448 -2.82379
3210 1548.73 -10194.7 651.556 -2.824
3220 1705.24 -11963.8 651.492 -2.82419
3230 1710.5 -8326.34 651.234 -2.82468
3240 1652.53 -5715.68 650.837 -2.82541
3250 1651.38 -2775.82 650.353 -2.82626
3260 1553.74 1859.39 649.837 -2.82709
3270 1395.61 6935.7 649.367 -2.82764
3280 1317.67 9155.22 649.027 -2.8277
3290 1377.84 7403.58 648.85 -2.8273
3300 1454.49 6559.23 648.812 -2.82655
3310 1504.67 4427.08 648.893 -2.8256
3320 1549.5 231.375 649.051 -2.82462
3330 1520.28 -1065.19 649.222 -2.82365
3340 1506.38 -3461.82 649.375 -2.82272
3350 1555.64 -8845.22 649.465 -2.82177
3360 1636.49 -11297.7 649.411 -2.82088
3370 1821.89 -16999.1 649.159 -2.82032
3380 1908 -18998.1 648.628 -2.82056
3390 1863.41 -17966.1 647.785 -2.82179
3400 1732.95 -15262.2 646.651 -2.82366
3410 1601.8 -9246.73 645.285 -2.82556
3420 1619.89 -5810.19 643.782 -2.82717
3430 1789.68 -5866.66 642.208 -2.82879
3440 1943.19 -6515.69 640.564 -2.83099
3450 1922.85 -4018.67 638.851 -2.83394
3460 1777.72 168.598 637.11 -2.83718
3470 1619.64 3631.05 635.406 -2.84013
3480 1486.02 8147.39 633.801 -2.84238
3490 1465.97 9595.5 632.36 -2.84394
3500 1532.25 8579.12 631.106 -2.84508
3510 1572.69 7622.01 630.018 -2.84603
3520 1554.58 9732.8 629.086 -2.84679
3530 1620.44 8884.49 628.329 -2.84744
3540 1706.97 7700.87 627.734 -2.84819
3550 1703.8 8763.68 627.285 -2.84917
3560 1613.76 8712.53 626.989 -2.8503
3570 1527.23 9469.59 626.847 -2.85129
3580 1648.12 6791.81 626.862 -2.85214
3590 1832.32 1138.62 626.988 -2.85318
3600 1846.38 3345.96 627.149 -2.85478
3610 1751.55 5242.49 627.367 -2.85681
3620 1644.02 8173.69 627.677 -2.85895
3630 1479.43 12614 628.122 -2.86085
3640 1274.16 16802.1 628.774 -2.86221
3650 1223.95 16347.4 629.69 -2.86288
3660 1362.67 10967.5 630.861 -2.86291
3670 1425.83 5589.92 632.201 -2.86238
3680 1416.51 3411.5 633.628 -2.86154
3690 1441.82 -2303.23 635.092 -2.86041
3700 1543.59 -8230.3 636.503 -2.85896
3710 1547.55 -8783.45 637.772 -2.85745
3720 1480.59 -6677.16 638.884 -2.85613
3730 1480.67 -7510.52 639.87 -2.85484
3740 1596.13 -11750.2 640.713 -2.85346
3750 1682.84 -14023.2 641.355 -2.85221
3760 1692.48 -13606.6 641.757 -2.85138
3770 1683.74 -13793.5 641.927 -2.851
3780 1710.95 -14867.7 641.862 -2.85102
3790 1694.82 -14172.3 641.553 -2.85143
3800 1609.5 -11028.5 641.017 -2.8521
3810 1478.71 -6647.94 640.309 -2.85274
3820 1362.13 -2892.56 639.504 -2.85298
3830 1442.63 -5209.3 638.658 -2.85283
3840 1564.65 -7572.67 637.744 -2.85245
3850 1619.21 -8639.09 636.724 -2.85211
3860 1633.68 -9288.75 635.583 -2.85196
3870 1614.46 -6463.11 634.316 -2.852
3880 1585.66 -1973.27 632.971 -2.85204
3890 1609 668.89 631.618 -2.85206
3900 1622.38 4912.69 630.308 -2.85206
3910 1601.1 6922.68 629.104 -2.85209
3920 1485.29 8586.33 628.037 -2.85211
3930 1308.21 12818.4 627.139 -2.85184
3940 1359.64 10348.4 626.459 -2.85116
3950 1538.4 5160.3 625.959 -2.85016
3960 1571.65 5549.45 625.564 -2.84912
3970 1557.42 7545.63 625.274 -2.84818
3980 1674.52 6282.62 625.11 -2.84739
3990 1766.4 5318.04 625.057 -2.84692
4000 1694.6 6744.82 625.1 -2.84694
4010 1607.58 8187.1 625.258 -2.84727
4020 1541.21 6466.33 625.546 -2.84765
4030 1451.46 7392.21 625.946 -2.8479
4040 1335.45 11425.7 626.47 -2.8479
4050 1300.59 14888.1 627.177 -2.84754
4060 1516.93 9966.27 628.109 -2.84679
4070 1729.55 4494.97 629.197 -2.8458
4080 1757.74 4566.88 630.359 -2.84517
4090 1700.85 4108.53 631.587 -2.84512
4100 1639.43 -421.884 632.866 -2.84534
4110 1585.42 -4040.13 634.128 -2.84558
4120 1570.03 -7834.07 635.312 -2.84574
4130 1519.93 -6908.24 636.362 -2.8458
4140 1444.5 -3569.7 637.29 -2.84577
4150 1386.89 -2472.05 638.146 -2.84551
4160 1294.33 2472.85 638.961 -2.84493
4170 1311.47 2373.48 639.803 -2.844
4180 1383.59 125.711 640.675 -2.84262
4190 1455.93 -1333.53 641.545 -2.84093
4200 1644.61 -6078.24 642.379 -2.83907
4210 1765.71 -6038.85 643.112 -2.83741
4220 1708.02 -1407.77 643.743 -2.83641
4230 1554.05 3438.8 644.348 -2.83596
4240 1422.11 9480.96 645.012 -2.83563
4250 1477.18 7771.5 645.823 -2.83516
4260 1601.7 4500.09 646.76 -2.8345
4270 1606.31 3970.25 647.774 -2.83391
4280 1615.03 -952.011 648.842 -2.83343
4290 1662.11 -4450.8 649.887 -2.83305
4300 1708.09 -7561.61 650.848 -2.83286
4310 1743.14 -11218.6 651.667 -2.83298
4320 1766.59 -12691.5 652.286 -2.83349
4330 1858.68 -16477.1 652.676 -2.83452
4340 1906.23 -20044.4 652.776 -2.83631
4350 1775.81 -16811.1 652.537 -2.83877
4360 1588.22 -11926.1 652.014 -2.84122
4370 1534.59 -11419.5 651.288 -2.84332
4380 1527.48 -10301.8 650.38 -2.84505
4390 1587.83 -11103.6 649.308 -2.84652
4400 1648.34 -13805.2 648.063 -2.84799
4410 1619.64 -13411.2 646.61 -2.84955
4420 1527.21 -11731.1 644.956 -2.85101
4430 1405.56 -6643.44 643.14 -2.85208
4440 1305.26 -2005.83 641.247 -2.85248
4450 1240.51 3240.72 639.359 -2.85217
4460 1251.66 7696.51 637.564 -2.85111
4470 1364.58 8326.06 635.928 -2.84947
4480 1429.86 9944.18 634.468 -2.84747
4490 1518.84 10650.5 633.201 -2.84535
4500 1582.27 13599 632.143 -2.84328
4510 1616.03 13458 631.328 -2.84144
4520 1673.98 11501.8 630.752 -2.83998
4530 1733.16 8891.09 630.379 -2.83898
4540 1786.15 6441.09 630.165 -2.83855
4550 1744.7 5949.17 630.07 -2.8387
4560 1620.59 6848.86 630.081 -2.83925
4570 1449.12 10277.4 630.215 -2.83979
4580 1431.24 11024.3 630.518 -2.84003
4590 1580.63 7545.54 630.996 -2.84
4600 1714.87 3288.84 631.598 -2.83998
4610 1700.51 828.881 632.254 -2.84023
4620 1552.72 1221.65 632.923 -2.84069
4630 1484.16 1105.8 633.609 -2.84104
4640 1567.08 -2261.43 634.305 -2.84117
4650 1660.12 -5201.26 634.958 -2.84122
4660 1632.52 -3180.33 635.529 -2.84142
4670 1672.59 -4568.21 636.038 -2.84177
4680 1755.78 -6266.27 636.47 -2.84235
4690 1718.97 -6878.94 636.798 -2.84329
4700 1537.14 -5503.08 637.014 -2.84435
4710 1434.01 -4632.6 637.14 -2.84512
4720 1494.56 -6633.64 637.185 -2.84554
4730 1525.14 -7578.57 637.124 -2.84575
4740 1370.56 -2970.42 636.952 -2.84575
4750 1302.12 281.314 636.736 -2.84536
4760 1431.21 -3786.71 636.518 -2.84455
4770 1364.99 521.045 636.262 -2.84342
4780 1355.71 3501.25 636.019 -2.84208
4790 1539.12 2173.97 635.837 -2.84046
4800 1646.54 879.934 635.699 -2.83878
4810 1579.13 2175.52 635.589 -2.83743
4820 1463.53 3405.87 635.521 -2.83633
4830 1506.39 1541.53 635.512 -2.83523
4840 1597.49 698.817 635.536 -2.83407
4850 1683.55 -1355.91 635.575 -2.83308
4860 1689.98 -1558.85 635.6 -2.83244
4870 1664.61 -2034.92 635.604 -2.83215
4880 1678.5 -4781.71 635.576 -2.83217
4890 1636.75 -4787.33 635.478 -2.8324
4900 1559.42 -3258.43 635.309 -2.83275
4910 1482.16 -335.011 635.096 -2.833
4920 1423.36 3044.24 634.886 -2.83299
4930 1504.9 4826.06 634.733 -2.83267
4940 1706.58 1683.14 634.661 -2.83227
4950 1814.65 -3607.31 634.622 -2.83219
4960 1771.67 -5012.69 634.534 -2.83274
4970 1628.08 -3054.44 634.375 -2.83363
4980 1558.88 -641.524 634.173 -2.83451
4990 1562.36 -525.928 633.966 -2.8352
5000 1702.07 -2427.3 633.755 -2.83589
5010 1714.13 126.684 633.519 -2.83679
5020 1576.92 7392.1 633.303 -2.83779
5030 1545.59 9878.84 633.211 -2.83867
5040 1520.21 12347.8 633.291 -2.83938
5050 1420.28 15045.4 633.58 -2.83989
5060 1290.91 18955.2 634.123 -2.84011
5070 1246.37 21252.8 634.979 -2.83995
5080 1408.37 14127.2 636.168 -2.83935
5090 1539.49 9750.23 637.592 -2.83827
5100 1660.44 5637.04 639.167 -2.83716
5110 1697.56 1267.7 640.823 -2.83622
5120 1567.94 1950.92 642.497 -2.83562
5130 1510.2 -2151.22 644.182 -2.83513
5140 1523.53 -6766.73 645.814 -2.83443
5150 1501.91 -6800.38 647.322 -2.8336
5160 1577.09 -9235.72 648.692 -2.83273
5170 1607.95 -8373.97 649.897 -2.83189
5180 1640.07 -8851.82 650.941 -2.83126
5190 1691.8 -10997 651.819 -2.83085
5200 1727.21 -10417.4 652.503 -2.83079
5210 1715.17 -9347.11 652.999 -2.83114
5220 1624.47 -6123.55 653.332 -2.83178
5230 1487.99 -1612.05 653.56 -2.83242
5240 1416.85 620.501 653.758 -2.83278
5250 1457.89 617.973 653.967 -2.83278
5260 1579.35 -1495.24 654.185 -2.83253
5270 1698.26 -4418.08 654.378 -2.83231
5280 1721.17 -6287.14 654.497 -2.8324
5290 1595.98 -5935.07 654.513 -2.83279
5300 1457.97 -3771.44 654.431 -2.83315
5310 1405.84 -2467.6 654.288 -2.83322
5320 1461.81 -3447.41 654.105 -2.83295
5330 1514.44 -5586.16 653.866 -2.83247
5340 1444.19 -4247.73 653.544 -2.8319
5350 1320.31 -1155.13 653.159 -2.83115
5360 1343.52 -2283.69 652.756 -2.83006
5370 1465 -5189.13 652.322 -2.82863
5380 1592.35 -6610.24 651.811 -2.82706
5390 1622.62 -8533.28 651.196 -2.82568
5400 1554.12 -5836.87 650.454 -2.82462
5410 1498.88 -4007.82 649.624 -2.82368
5420 1519.83 -4828.1 648.739 -2.82276
5430 1508.64 -2773.66 647.794 -2.82182
5440 1455.94 53.7261 646.822 -2.82081
5450 1528 -1134.42 645.866 -2.81972
5460 1670.4 -3767.42 644.908 -2.81865
5470 1738.95 -4646.81 643.91 -2.81792
5480 1739.84 -673.17 642.861 -2.81767
5490 1714.74 4448.15 641.825 -2.81776
5500 1727.52 6466.88 640.883 -2.81816
5510 1704.67 8392.42 640.072 -2.81884
5520 1659.23 10386.9 639.424 -2.8197
5530 1656.78 7519.03 638.959 -2.82068
5540 1627.17 6969.78 638.638 -2.82176
5550 1489.46 13186.1 638.456 -2.82274
5560 1351.1 16076.9 638.499 -2.82336
5570 1360.17 17293.4 638.817 -2.82353
5580 1562.26 12824.1 639.419 -2.82337
5590 1758.28 5371.27 640.232 -2.82317
5600 1687.43 6390.97 641.145 -2.82333
5610 1517 9844.23 642.165 -2.82377
5620 1624.31 5154.48 643.333 -2.82416
5630 1813.53 -2883.77 644.576 -2.82454
5640 1796.52 -5628.59 645.768 -2.82531
5650 1664.09 -6927.25 646.855 -2.82643
5660 1637.87 -10301.9 647.81 -2.82757
5670 1668.7 -13680.5 648.58 -2.82868
5680 1689.83 -16474 649.106 -2.82987
5690 1728.54 -18400 649.345 -2.83129
5700 1707.88 -17569.8 649.269 -2.83299
5710 1607.09 -14445.7 648.896 -2.8348
5720 1508.21 -10605.8 648.284 -2.83637
5730 1494.18 -8646.43 647.499 -2.83759
5740 1480.16 -6190.96 646.582 -2.83846
5750 1440.12 -2515.25 645.581 -2.83895
5760 1444.06 -1237.54 644.553 -2.83905
5770 1467.79 1267.99 643.527 -2.83886
5780 1428.91 5346.31 642.547 -2.83836
5790 1408.15 6389.7 641.675 -2.83758
5800 1475.7 4154.27 640.925 -2.83659
5810 1538.45 3564.86 640.267 -2.83549
5820 1540.6 2256.95 639.683 -2.83443
5830 1421.34 4637.85 639.158 -2.83344
5840 1282.24 6592.75 638.723 -2.83233
5850 1251.52 4627.12 638.406 -2.8309
5860 1392.21 -290.495 638.171 -2.82906
5870 1580.6 -3392.83 637.944 -2.82688
5880 1746.52 -7198.55 637.666 -2.82483
5890 1825.25 -9382.24 637.279 -2.8234
5900 1794.81 -7533.96 636.752 -2.82281
5910 1693.43 -2356.42 636.119 -2.82285
5920 1657.45 658.174 635.458 -2.82315
5930 1676.55 3113.47 634.822 -2.8236
5940 1732.06 6925.46 634.258 -2.82421
5950 1835.4 7363.45 633.817 -2.82523
5960 1773.64 9732.98 633.518 -2.82675
5970 1541.15 14206.8 633.392 -2.82841
5980 1414.78 18211.4 633.511 -2.82964
5990 1679.73 11103.1 633.919 -2.83063
6000 1867.55 4804.21 634.514 -2.83186
6010 1756.61 8128.08 635.202 -2.83358
6020 1632.58 12414.3 636.024 -2.83559
6030 1433.34 17321.1 637.052 -2.83739
6040 1379.74 18926.9 638.357 -2.8388
6050 1446.03 19643.3 639.973 -2.83984
6060 1538.32 17853.9 641.904 -2.84068
6070 1544.11 13759.4 644.121 -2.84139
6080 1388.85 11568.4 646.559 -2.84187
6090 1329.37 7137.91 649.174 -2.84196
6100 1417.55 -1876.06 651.881 -2.84127
6110 1460.62 -7170.48 654.538 -2.83991
6120 1487.5 -11914 657.041 -2.83822
6130 1525.77 -16209 659.307 -2.83633
6140 1580.9 -19075.6 661.259 -2.83441
6150 1584.92 -19802 662.85 -2.83271
6160 1541.22 -22333.5 664.061 -2.8313
6170 1478.52 -23382.9 664.855 -2.83009
6180 1456.91 -21915 665.217 -2.82901
6190 1511.98 -20600.9 665.178 -2.82798
6200 1552.72 -19128 664.766 -2.82706
6210 1564 -15775.8 664.02 -2.8263
6220 1556.15 -13023.5 663.004 -2.82567
6230 1571.25 -12384.6 661.769 -2.82515
6240 1619.57 -10985 660.339 -2.82475
6250 1635.03 -9919.94 658.741 -2.82453
6260 1599.98 -8643.12 657.001 -2.8245
6270 1569.78 -7358.56 655.143 -2.82455
6280 1600.4 -7937.26 653.192 -2.82463
6290 1652.68 -7642.01 651.144 -2.82485
6300 1630.48 -4953.13 649.01 -2.8252
6310 1518.34 -883.388 646.84 -2.82546
6320 1566.93 582.359 644.697 -2.8255
6330 1726.03 334.928 642.608 -2.82554
6340 1881.07 -628.367 640.57 -2.826
6350 1912.36 -2504.24 638.565 -2.82731
6360 1768.19 426.14 636.571 -2.82926
6370 1631.15 4100.35 634.629 -2.83114
6380 1618.05 8141.82 632.8 -2.83276
6390 1626 12276.5 631.147 -2.83409
6400 1600.57 15875.5 629.731 -2.83528
6410 1481.75 21911.5 628.612 -2.83618
6420 1434.01 25020.9 627.872 -2.83672
6430 1513.22 23065.4 627.553 -2.83704
6440 1667.89 16621.1 627.613 -2.83742
6450 1671.97 14384.3 627.955 -2.83802
6460 1544.95 13938.9 628.537 -2.83878
6470 1488.13 10362.7 629.339 -2.83943
6480 1545.42 2356.83 630.296 -2.83977
6490 1649.91 -4481.96 631.286 -2.83991
6500 1690.64 -7816.2 632.199 -2.8401
6510 1628.53 -7508.24 632.978 -2.8405
6520 1559.14 -5499.69 633.63 -2.84096
6530 1632.24 -4732.61 634.184 -2.84138
6540 1789.3 -5778.39 634.654 -2.84197
6550 1837.93 -6185.21 635.027 -2.84304
6560 1745.29 -6235.51 635.297 -2.84461
6570 1630.09 -6127.14 635.466 -2.8463
6580 1609.88 -6344.54 635.535 -2.84788
6590 1629.18 -5822.31 635.503 -2.84934
6600 1610.29 -5571.04 635.379 -2.85076
6610 1502.91 -2692.8 635.174 -2.85197
6620 1428.99 2294.03 634.936 -2.8528
6630 1413.42 4025.81 634.739 -2.8532
6640 1353.48 6528.69 634.619 -2.8532
6650 1220.13 9782.96 634.617 -2.85274
6660 1272.84 6671.84 634.772 -2.8518
6670 1524.31 874.469 635.037 -2.8503
6680 1704.05 -1704.73 635.324 -2.84863
6690 1721.04 -2170.97 635.585 -2.84738
6700 1600.54 1079.56 635.819 -2.84665
6710 1465.87 3657.44 636.071 -2.84616
6720 1385.11 4283.45 636.383 -2.84555
6730 1346.54 2595.34 636.764 -2.84469
6740 1319.79 3364.19 637.193 -2.84351
6750 1337.91 2846.51 637.674 -2.842
6760 1582.24 -2805.91 638.193 -2.84014
6770 1787.43 -9337.22 638.66 -2.8382
6780 1703.2 -7144.23 638.983 -2.8369
6790 1590.38 -5524.2 639.185 -2.83617
6800 1643.74 -8172.98 639.288 -2.83569
6810 1582.26 -6456.76 639.266 -2.83536
6820 1582.54 -5652.18 639.138 -2.83516
6830 1639.11 -5934.8 638.92 -2.83502
6840 1652.56 -5839.17 638.611 -2.83504
6850 1716.67 -7190.87 638.212 -2.83528
6860 1903.95 -11784.6 637.699 -2.836
6870 2001.12 -13752.2 637.007 -2.8377
6880 1909.82 -9291.03 636.11 -2.8404
6890 1682.66 -2866.99 635.082 -2.84328
6900 1590.23 -2590.89 634.021 -2.8458
6910 1579.47 -5056.26 632.935 -2.84801
6920 1570.24 -5800.68 631.792 -2.84994
6930 1595.15 -7182.66 630.577 -2.85167
6940 1591.13 -5889.82 629.275 -2.85322
6950 1640.07 -5567.46 627.901 -2.85464
6960 1669.37 -3311.24 626.47 -2.85603
6970 1652.32 -529.194 625.016 -2.8574
6980 1556.33 3384.17 623.586 -2.85866
6990 1450.25 6130.11 622.239 -2.85945
7000 1574.68 3003.77 621.009 -2.85999
7010 1567.46 2677.92 619.857 -2.86044
7020 1539.91 5339.92 618.779 -2.86077
7030 1589.84 7402.91 617.806 -2.86096
7040 1600.63 10509.8 616.973 -2.86112
7050 1570.27 15725.2 616.33 -2.86125
7060 1557.64 15772.7 615.943 -2.8614
7070 1429.61 16473.1 615.817 -2.8615
7080 1304.01 17891.4 615.956 -2.86136
7090 1385.48 16398 616.377 -2.86086
7100 1602.63 9745.41 617.047 -2.86004
7110 1699.24 4485.9 617.869 -2.85921
7120 1614.78 5565.4 618.766 -2.85874
7130 1487.78 5990.14 619.743 -2.8585
7140 1368.38 5152.45 620.806 -2.85815
7150 1289.74 7020.85 621.946 -2.85751
7160 1352.39 6477.07 623.184 -2.8565
7170 1460.94 3168.49 624.511 -2.85508
7180 1478.08 2280.55 625.881 -2.85348
7190 1383.27 4942.44 627.281 -2.85193
7200 1383.51 5104.79 628.744 -2.85038
7210 1447.87 5651.86 630.278 -2.84863
7220 1566.61 6386.41 631.891 -2.84683
7230 1682.38 4963.74 633.591 -2.84515
7240 1686.03 2437.73 635.357 -2.84384
7250 1548.09 3145.22 637.153 -2.84296
7260 1430.8 3989.13 638.983 -2.84229
7270 1410.59 2973.09 640.86 -2.84149
7280 1477.13 765.029 642.769 -2.84042
7290 1585.68 -3520.89 644.668 -2.8391
7300 1626.55 -7698.24 646.487 -2.83778
7310 1489.73 -8449.86 648.161 -2.8366
7320 1346.41 -6828.93 649.673 -2.83551
7330 1378.27 -9403.22 651.042 -2.83419
7340 1422.09 -9228.72 652.238 -2.83254
7350 1442.27 -7489.83 653.261 -2.83079
7360 1508.76 -7408.43 654.139 -2.82899
7370 1619.05 -7604.54 654.879 -2.82722
7380 1600.14 -4365.51 655.483 -2.82573
7390 1396.23 1181.48 656.01 -2.82457
7400 1318.37 1878.79 656.548 -2.8234
7410 1454.18 -2964.49 657.108 -2.82187
7420 1677.1 -10285.8 657.607 -2.82007
7430 1784.73 -14678.1 657.926 -2.81856
7440 1753.96 -14955.8 657.989 -2.81776
7450 1821.93 -17694.7 657.784 -2.81767
7460 1944.48 -20263.1 657.273 -2.81845
7470 1904.47 -19080.3 656.42 -2.82027
7480 1710.85 -16178.2 655.251 -2.8227
7490 1525.27 -13916 653.82 -2.825
7500 1424.81 -12399.6 652.172 -2.82681
7510 1441.4 -12025.5 650.339 -2.82811
7520 1571.36 -13549.2 648.332 -2.82911
7530 1699.2 -15821.7 646.13 -2.83025
7540 1626.87 -10949 643.715 -2.83157
7550 1492.31 -3523.38 641.17 -2.83255
7560 1493.13 -824.446 638.612 -2.83301
7570 1565.22 -576.096 636.093 -2.83323
7580 1557.8 3415.23 633.628 -2.83324
7590 1647.32 4162.29 631.269 -2.83313
7600 1727.6 5418.42 629.032 -2.83322
7610 1611.31 8584.86 626.937 -2.83341
7620 1681.76 8578.57 625.025 -2.83368
7630 1830.35 7667.54 623.293 -2.83428
7640 1855.06 10297.7 621.729 -2.83545
7650 1766.05 14365.7 620.369 -2.83705
7660 1682.41 14738.9 619.262 -2.83881
7670 1620.33 16674.6 618.418 -2.84054
7680 1597.72 19065.4 617.86 -2.84213
7690 1593.76 19487.3 617.616 -2.84361
7700 1662.6 17883.9 617.686 -2.8451
7710 1716.05 17073.9 618.045 -2.84673
7720 1733.86 13435.8 618.671 -2.8486
7730 1723.12 8248.36 619.505 -2.85064
7740 1636.96 7279.43 620.469 -2.85269
7750 1548.98 7622.43 621.542 -2.85452
7760 1664.17 3710.56 622.721 -2.85613
7770 1769.81 -2377.48 623.945 -2.85775
7780 1619.31 192.553 625.132 -2.85948
7790 1408.13 5966.34 626.315 -2.86094
7800 1553.16 2051.03 627.568 -2.862
7810 1725.67 -1782.39 628.842 -2.86283
7820 1798.29 -2673.29 630.08 -2.86393
7830 1783.06 -4366.53 631.26 -2.86543
7840 1625.3 -2722.83 632.361 -2.86715
7850 1369.24 2584.45 633.413 -2.86856
7860 1330.93 2605.1 634.489 -2.86937
7870 1456.11 -1291.16 635.591 -2.86958
7880 1500.7 -2516.14 636.666 -2.86944
7890 1477.3 -2323.83 637.69 -2.86913
7900 1434.12 -1431.79 638.666 -2.86866
7910 1427.68 -3003.51 639.604 -2.86797
7920 1459.14 -5200.34 640.482 -2.86702
7930 1506.07 -8043.01 641.263 -2.86589
7940 1519.67 -10393.2 641.899 -2.86471
7950 1433.77 -6837.39 642.364 -2.86357
7960 1387.1 -2999.86 642.71 -2.86238
7970 1465.43 -1960.96 642.999 -2.86102
7980 1486.17 -947.792 643.257 -2.85952
7990 1414.51 1058.81 643.5 -2.85804
8000 1364.69 2355.73 643.762 -2.85652
8010 1442.91 -44.9006 644.059 -2.8548
8020 1554.12 -2805.5 644.356 -2.85291
8030 1608.88 -4741.86 644.607 -2.8511
8040 1667.09 -8076.65 644.775 -2.8496
8050 1637.44 -10770 644.808 -2.84851
8060 1436.66 -6417.53 644.673 -2.84771
8070 1401.81 -5265.52 644.429 -2.84688
8080 1481.86 -5117.95 644.102 -2.84581
8090 1494.66 -4482.17 643.698 -2.84463
8100 1393.76 -1870.02 643.231 -2.84344
8110 1347 -988.314 642.743 -2.8421
8120 1495.06 -5185.46 642.243 -2.84052
8130 1609.08 -5817.27 641.673 -2.83884
8140 1592.61 -598.912 641.028 -2.83739
8150 1502.26 8235.72 640.393 -2.83612
8160 1453.1 15021.5 639.912 -2.83486
8170 1474.34 17590.5 639.692 -2.83356
8180 1554.96 18718.4 639.777 -2.8323
8190 1613.58 19020.3 640.184 -2.83122
8200 1621.03 17783.6 640.912 -2.83049
8210 1579.08 12221.7 641.932 -2.83004
8220 1502.45 6463.87 643.153 -2.82961
8230 1585.96 -1739.84 644.47 -2.82904
8240 1770.75 -11510.4 645.741 -2.82831
8250 1793.36 -12383.8 646.816 -2.82801
8260 1605.22 -7382.08 647.676 -2.82827
8270 1456.36 -2606.99 648.401 -2.82861
8280 1489.36 -2930.22 649.068 -2.82872
8290 1581.41 -2564.95 649.682 -2.82862
8300 1692.9 -3226.41 650.245 -2.82857
8310 1706.41 -4459.49 650.748 -2.82879
8320 1587.93 -3221.45 651.177 -2.82922
8330 1532.62 -5899.53 651.541 -2.82965
8340 1496.46 -7056.98 651.804 -2.82989
8350 1526.64 -8171.87 651.945 -2.82995
8360 1598.57 -9732.1 651.944 -2.82994
8370 1610.51 -11841.8 651.776 -2.82999
8380 1559.13 -10942.7 651.413 -2.83015
8390 1505.37 -8386.81 650.871 -2.83028
8400 1475.78 -5639.32 650.197 -2.83026
8410 1379.79 -1114.05 649.442 -2.82999
8420 1266.75 3962.93 648.686 -2.82931
8430 1337.32 4216.23 648.008 -2.82815
8440 1541.61 882.142 647.414 -2.82658
8450 1783.91 -4204.1 646.847 -2.82501
8460 1840.69 -3553.64 646.231 -2.82406
8470 1694.72 1045.45 645.577 -2.82386
8480 1474.49 5041.52 644.955 -2.8239
8490 1494.54 5566.11 644.431 -2.82375
8500 1717.58 -2517.99 644.002 -2.82351
8510 1811.33 -6505.94 643.551 -2.8237
8520 1723.37 -4253.21 643.01 -2.8244
8530 1695.68 -2895.04 642.41 -2.8254
8540 1671.62 -3168.27 641.772 -2.82656
8550 1578.36 -1070.03 641.1 -2.82775
8560 1370.98 3055.69 640.428 -2.82863
8570 1210.66 6874.4 639.825 -2.82883
8580 1316.55 5028.29 639.343 -2.82839
8590 1498.64 2626.31 638.957 -2.82747
8600 1569.9 2412.72 638.631 -2.8264
8610 1560.43 1552.02 638.355 -2.82543
8620 1525.09 333.026 638.113 -2.82459
8630 1436.05 4780.02 637.896 -2.82375
8640 1359.11 8844.57 637.767 -2.82277
8650 1412.44 9739.73 637.789 -2.82155
8660 1524.06 8108.68 637.976 -2.82011
8670 1628.22 7322.2 638.304 -2.81868
8680 1739.71 4313.49 638.753 -2.81752
8690 1770.14 3413.74 639.28 -2.81685
8700 1744.16 1209.22 639.862 -2.81675
8710 1802.81 -3696.97 640.457 -2.81713
8720 1817.34 -4151.43 640.996 -2.81799
8730 1828.49 -6020.11 641.459 -2.81942
8740 1752.06 -4906.51 641.824 -2.82125
8750 1674.03 -1199.93 642.111 -2.82322
8760 1642.14 1230.53 642.376 -2.82515
8770 1597.14 4626.01 642.667 -2.82694
8780 1638.51 2906.81 643.031 -2.82856
8790 1744.76 1511.34 643.445 -2.83021
8800 1753.29 4576.4 643.894 -2.83209
8810 1687.45 7241.64 644.42 -2.83418
8820 1515.55 12799.1 645.075 -2.83616
8830 1319.63 19563 645.949 -2.83771
8840 1286.65 20035.7 647.147 -2.83874
8850 1409.77 15465.4 648.675 -2.83922
8860 1510.58 10932.1 650.461 -2.83928
8870 1489.85 6994.96 652.425 -2.83909
8880 1445.19 1492.38 654.492 -2.83863
8890 1476.53 -2696.59 656.569 -2.8378
8900 1609.66 -8553.33 658.576 -2.83667
8910 1692.57 -12923.6 660.412 -2.83549
8920 1632.16 -13574.8 662.003 -2.83464
8930 1516.54 -12686.7 663.337 -2.83405
8940 1474.09 -15143.9 664.42 -2.83346
8950 1481.06 -15837.7 665.22 -2.83275
8960 1502.12 -15758.6 665.724 -2.83198
8970 1470.56 -14896.9 665.937 -2.83121
8980 1349.51 -10257.2 665.886 -2.8304
8990 1276.45 -5832.06 665.651 -2.82935
9000 1308.14 -6311.48 665.309 -2.82791
9010 1431.85 -9289.29 664.858 -2.82612
9020 1548.74 -12165.5 664.25 -2.82418
9030 1585.86 -12714.3 663.437 -2.8224
9040 1554.96 -11189.2 662.415 -2.82097
9050 1452.02 -6137.58 661.218 -2.81972
9060 1376.55 38.8517 659.936 -2.81838
9070 1302.18 6175.58 658.681 -2.81675
9080 1231.52 13029.7 657.565 -2.81477
9090 1371.52 14496.6 656.697 -2.81239
9100 1577.07 11421.5 656.099 -2.8097
9110 1582.3 12262.1 655.727 -2.80721
9120 1564.72 13646.5 655.585 -2.80518
9130 1577.24 14489 655.694 -2.80349
9140 1633.66 14679.8 656.066 -2.8021
9150 1824 7577.83 656.687 -2.80108
9160 1875.4 3104.83 657.447 -2.80071
9170 1709.49 3728.26 658.268 -2.80111
9180 1510.17 3872.5 659.148 -2.80175
9190 1403.87 4314.51 660.093 -2.80217
9200 1424.54 1970.68 661.105 -2.80219
9210 1514.15 -3701.24 662.139 -2.80183
9220 1518.61 -5147.75 663.104 -2.80126
9230 1443.71 -4314.4 663.971 -2.80064
9240 1410.66 -3642.73 664.753 -2.79986
9250 1518.38 -5739.65 665.458 -2.79885
9260 1756.48 -12104.9 666.046 -2.79775
9270 1915.71 -18412.1 666.41 -2.79713
9280 1893.82 -20055.9 666.443 -2.79756
9290 1760.01 -17489.3 666.121 -2.79885
9300 1661.84 -13175.7 665.491 -2.80046
9310 1652.18 -10115.7 664.632 -2.80207
9320 1682.62 -9476.86 663.605 -2.80372
9330 1642.32 -7160.06 662.431 -2.8054
9340 1599.67 -4453.96 661.153 -2.80694
9350 1597.9 -3936.71 659.816 -2.80832
9360 1547.98 -694.53 658.443 -2.80952
9370 1405.89 3576.86 657.087 -2.8103
9380 1320.13 5190.9 655.818 -2.81052
9390 1339.53 6333.82 654.668 -2.81019
9400 1370.95 6203.63 653.652 -2.8094
9410 1476.28 2699.9 652.762 -2.80833
9420 1550.91 1566.83 651.943 -2.80714
9430 1635.74 1935.09 651.173 -2.80601
9440 1808.39 -1442.66 650.449 -2.80519
9450 1856.91 -3796.34 649.72 -2.80505
9460 1795.84 -4600.3 648.945 -2.80567
9470 1788.93 -4650.49 648.109 -2.80683
9480 1790.6 -3535.68 647.213 -2.80844
9490 1635.83 163.288 646.282 -2.81022
9500 1483.38 3919.24 645.376 -2.81165
9510 1637.31 -4.37667 644.545 -2.81275
9520 1883.78 -6534.5 643.727 -2.81418
9530 1885.98 -4713.5 642.831 -2.81629
9540 1815.1 -4218.53 641.873 -2.81888
9550 1759.65 -1800.45 640.868 -2.82171
9560 1675.59 2198.62 639.857 -2.82439
9570 1734.4 2193.61 638.9 -2.82694
9580 1799.26 1690.49 638.001 -2.82965
9590 1744.27 3371.48 637.155 -2.83252
9600 1598.32 6083.27 636.387 -2.83517
9610 1491.98 6843.79 635.736 -2.83727
9620 1537.21 3320.3 635.21 -2.8389
9630 1658.19 -2582.55 634.748 -2.84034
9640 1812.75 -5126.35 634.261 -2.84198
9650 1858.07 -3739.22 633.709 -2.84409
9660 1817.77 -1715.21 633.11 -2.8466
9670 1759.24 1060.48 632.499 -2.84934
9680 1609.41 7225.23 631.927 -2.85193
9690 1390.94 13168.5 631.488 -2.8539
9700 1247.29 16778.2 631.276 -2.85503
9710 1303.12 15858.2 631.343 -2.85545
9720 1524.27 8392.67 631.666 -2.8554
9730 1691.72 3434.41 632.133 -2.8552
9740 1745.73 829.343 632.659 -2.85525
9750 1761.21 -2150.18 633.196 -2.85571
9760 1725.52 -4352.21 633.698 -2.85654
9770 1639.74 -1627.82 634.134 -2.85759
9780 1584.17 603.896 634.541 -2.85864
9790 1576.05 -2263.62 634.95 -2.85957
9800 1496.68 -1387.19 635.327 -2.86031
9810 1436.28 -832.436 635.681 -2.86076
9820 1482.32 -4056.24 636.014 -2.86087
9830 1533.51 -4391.97 636.286 -2.86075
9840 1556.35 -3526.93 636.485 -2.86056
9850 1484.51 -1668.87 636.63 -2.86033
9860 1326.31 1532.58 636.752 -2.85996
9870 1127.37 4996.55 636.904 -2.85923
9880 1142.62 2573.16 637.133 -2.85796
9890 1381.04 -4788.31 637.398 -2.85595
9900 1647.21 -11039.9 637.587 -2.85341
9910 1777.74 -14900.7 637.595 -2.8511
9920 1709.86 -13057 637.366 -2.8496
9930 1575.07 -7755.96 636.931 -2.84873
9940 1518.66 -3572.24 636.376 -2.84805
9950 1516.87 798.614 635.776 -2.84733
9960 1490.7 4874.9 635.203 -2.84652
9970 1438.53 6416.42 634.722 -2.84562
9980 1459.51 6250.3 634.358 -2.84459
9990 1531.29 6247.42 634.111 -2.84344
10000 1614.35 5614.72 633.974 -2.84231
