# Time-averaged data for fix 4
# TimeStep c_mytemp c_mypress v_vmyvol v_avgEtotal
10 2080.15 -9432.18 644.685 -2.81179
20 1936 -9368.84 645.108 -2.8125
30 1683.25 -5251.14 645.386 -2.81368
40 1626.99 -3664.44 645.577 -2.8147
50 1758.67 -4625.29 645.706 -2.81558
60 1771.26 -1140.45 645.771 -2.81653
70 1716.94 751.045 645.82 -2.81757
80 1604.01 2316.7 645.886 -2.8185
90 1491.38 2133.25 645.992 -2.81911
100 1407.02 3039.25 646.138 -2.81922
110 1490.12 1534.71 646.333 -2.81884
120 1641.87 -3086.53 646.551 -2.81809
130 1652.98 -4484.28 646.725 -2.81728
140 1560.02 -2867.58 646.833 -2.81651
150 1541.04 -2320.45 646.896 -2.81566
160 1610.07 -3740 646.924 -2.81464
170 1635.94 -3469.06 646.898 -2.81355
180 1791.25 -8393.03 646.814 -2.81253
190 2003.27 -14895.6 646.597 -2.81194
200 2046.82 -16446.7 646.154 -2.81234
210 1911.61 -12927.6 645.464 -2.8137
220 1831.58 -8067.55 644.584 -2.81546
230 1846.1 -2941.3 643.594 -2.81734
240 1881.65 -1081.81 642.573 -2.81939
250 1824.61 1235.45 641.558 -2.82164
260 1685.11 4712.87 640.587 -2.82373
270 1571.92 4812.65 639.708 -2.8254
280 1461.61 4755.41 638.925 -2.82653
290 1385.51 5497.07 638.236 -2.82699
300 1462.86 4570.68 637.647 -2.82686
310 1670.92 888.328 637.141 -2.82633
320 1851.92 -4830.02 636.659 -2.82586
330 1880.91 -6738.57 636.12 -2.8259
340 1795.1 -4731.43 635.493 -2.82642
350 1753.87 -1708.63 634.81 -2.82718
360 1678.44 3579.45 634.12 -2.82791
370 1641.92 5316.11 633.495 -2.82852
380 1585.7 6596.27 632.971 -2.8289
390 1697.52 4262.55 632.557 -2.8291
400 1929.4 -2832.58 632.213 -2.82943
410 2048.84 -4048.55 631.845 -2.83048
420 1921.02 2972.2 631.438 -2.83231
430 1665.83 11742.7 631.092 -2.83425
440 1451.73 19188.9 630.937 -2.83569
450 1422.65 21967.4 631.082 -2.8365
460 1646.09 17155.7 631.56 -2.83692
470 1893.45 8822.56 632.299 -2.8373
480 1858.77 4444.89 633.177 -2.83808
490 1512.04 8089.27 634.133 -2.83905
500 1217.08 12182.9 635.207 -2.83956
510 1324.12 8420.37 636.453 -2.83936
520 1641.02 -210.673 637.815 -2.83831
530 1770.97 -3664.42 639.17 -2.83694
540 1639.7 -2544.67 640.46 -2.8359
550 1441.79 -535.083 641.701 -2.83502
560 1447.11 249.549 642.92 -2.83394
570 1603.85 -1807.15 644.128 -2.8325
580 1662.2 -3991.56 645.296 -2.83089
590 1546.1 -2043.05 646.398 -2.82945
600 1456.84 -1536.97 647.455 -2.82806
610 1502.63 -3028.83 648.474 -2.82646
620 1526.06 -1420.03 649.44 -2.82464
630 1489.51 29.2566 650.374 -2.8228
640 1416.62 1058.88 651.302 -2.82091
650 1326.62 3047.25 652.241 -2.81891
660 1368.07 3580.02 653.22 -2.81667
670 1531.39 -499.783 654.245 -2.81398
680 1636.35 -3060.64 655.255 -2.81103
690 1660.3 -2893.9 656.21 -2.80831
700 1651.85 -1782.08 657.11 -2.80594
710 1652.29 83.0735 657.975 -2.80391
720 1625.68 3020.17 658.837 -2.80217
730 1539.26 4472.98 659.742 -2.80065
740 1485.42 3567.56 660.713 -2.79917
750 1540.83 665.726 661.735 -2.79751
760 1605.89 -4435.29 662.755 -2.79566
770 1585.97 -7689.48 663.696 -2.79379
780 1529.2 -8775.06 664.5 -2.79199
790 1493.64 -12175.4 665.143 -2.79019
800 1476.14 -15369.1 665.573 -2.78828
810 1514.1 -14891.8 665.742 -2.78629
820 1680.35 -17884.9 665.651 -2.78423
830 1851.28 -21629.6 665.256 -2.78241
840 1883.67 -20738.8 664.509 -2.78134
850 1813.46 -18406 663.424 -2.78107
860 1689.76 -14252 662.052 -2.78128
870 1575.87 -7700.63 660.467 -2.78148
880 1584.87 -4861.69 658.78 -2.78131
890 1782.22 -9233.48 657.034 -2.78111
900 1925.09 -11704.5 655.173 -2.78131
910 1986.4 -10214 653.16 -2.78227
920 1904.05 -5524.49 651.027 -2.7838
930 1814.04 -496.865 648.848 -2.78552
940 1791.01 2433.52 646.704 -2.78715
950 1837.08 3817.89 644.643 -2.78885
960 1771.92 6736.61 642.691 -2.79054
970 1782.93 7861.25 640.885 -2.79214
980 1880.59 6526.37 639.241 -2.79386
990 1942.62 5889.96 637.737 -2.79599
1000 1936.94 9389.75 636.366 -2.79849
1010 1956.75 10784.5 635.17 -2.80131
1020 1942.48 11479.1 634.167 -2.80449
1030 1845.61 17437.4 633.378 -2.80776
1040 1741.79 21485.4 632.876 -2.81081
1050 1684.7 24795.6 632.723 -2.81354
1060 1705.15 23780 632.959 -2.81608
1070 1664.35 21245.7 633.568 -2.81844
1080 1608.19 19454.6 634.506 -2.82051
1090 1639.5 16163.8 635.74 -2.82227
1100 1632.58 12641.9 637.219 -2.82374
1110 1606.23 8586.99 638.883 -2.82487
1120 1576.71 7262.73 640.672 -2.82566
1130 1565.76 6931.22 642.56 -2.82616
1140 1550.56 7799.69 644.545 -2.82642
1150 1507.73 7154.61 646.633 -2.82643
1160 1497.75 5404.71 648.816 -2.82611
1170 1632.63 -2218.81 651.057 -2.82533
1180 1801.23 -9555.49 653.238 -2.82414
1190 1880.3 -13430.2 655.244 -2.82315
1200 1840.63 -17027 657.003 -2.82264
1210 1683.2 -15011.4 658.468 -2.82255
1220 1552.97 -14777.4 659.66 -2.82254
1230 1513.85 -14909.8 660.59 -2.8223
1240 1606.8 -16398 661.255 -2.8218
1250 1754.65 -19555.3 661.633 -2.82126
1260 1799.79 -21012 661.681 -2.82103
1270 1730.69 -20744.3 661.377 -2.82124
1280 1658.1 -18125.3 660.735 -2.82167
1290 1672.67 -15412.7 659.8 -2.82213
1300 1665.93 -10538.5 658.63 -2.82256
1310 1547.7 -4244.11 657.31 -2.82278
1320 1493.38 -1033.93 655.944 -2.82263
1330 1529.5 1200.98 654.588 -2.82208
1340 1626.96 4822.38 653.284 -2.82121
1350 1728.06 7094.12 652.087 -2.82023
1360 1699 10644.5 651.037 -2.81938
1370 1614.57 15225.1 650.188 -2.81867
1380 1502.71 19491 649.61 -2.81792
1390 1434.71 19756.9 649.36 -2.81704
1400 1425.07 17409.1 649.441 -2.81594
1410 1483.46 14040.4 649.81 -2.81457
1420 1490.29 14995.8 650.416 -2.81301
1430 1496.89 16950.7 651.268 -2.8114
1440 1656.26 11752.7 652.381 -2.80969
1450 1789.87 7862.07 653.683 -2.80793
1460 1849.96 3592.78 655.103 -2.80658
1470 1857.44 -2414.53 656.567 -2.8057
1480 1759.58 -4839.62 657.983 -2.80525
1490 1738.97 -9805.09 659.299 -2.80504
1500 1707.65 -12544.4 660.44 -2.80488
1510 1714.96 -13720.6 661.36 -2.80484
1520 1684.71 -13995.1 662.038 -2.80488
1530 1645.84 -13022.8 662.476 -2.80499
1540 1612.68 -13276.4 662.688 -2.80505
1550 1592.41 -13904.9 662.674 -2.80503
1560 1567.31 -12730.9 662.431 -2.80487
1570 1584.88 -12236.7 661.979 -2.80456
1580 1682.03 -16406.1 661.323 -2.8042
1590 1769.75 -17831.2 660.41 -2.80401
1600 1892.75 -18448.6 659.215 -2.80423
1610 2020.11 -17571.6 657.738 -2.80518
1620 2015.77 -13057.4 656.003 -2.80701
1630 1773.41 -3063.7 654.097 -2.80921
1640 1527.18 6364.85 652.18 -2.8107
1650 1598.09 5975.5 650.395 -2.81156
1660 1688.62 4068.39 648.744 -2.81222
1670 1659.35 4829.71 647.2 -2.81281
1680 1597 2650.1 645.764 -2.81322
1690 1699.98 -1202.33 644.399 -2.81357
1700 1790.71 -1809.8 643.051 -2.814
1710 1782.23 -1238.51 641.703 -2.81465
1720 1633.87 2123.27 640.371 -2.81536
1730 1498.03 6318.96 639.102 -2.81572
1740 1505 8695.9 637.958 -2.81562
1750 1482.68 13284.4 636.982 -2.81511
1760 1341.89 19449.4 636.239 -2.81421
1770 1263.39 22684.2 635.816 -2.81294
1780 1314.76 20353.3 635.753 -2.81125
1790 1468.2 16756 636.015 -2.80912
1800 1637.1 12514.7 636.542 -2.80669
1810 1837.24 6468.77 637.261 -2.80429
1820 1842.08 4297.87 638.084 -2.80238
1830 1760.86 5418.89 638.973 -2.80121
1840 1746.5 5956.21 639.941 -2.80052
1850 1738.96 5206.94 640.996 -2.80011
1860 1728.01 4578.05 642.125 -2.79992
1870 1739.5 1084.86 643.312 -2.79987
1880 1774.36 -1703.05 644.508 -2.79993
1890 1722.1 176.74 645.674 -2.80017
1900 1686.16 472.627 646.829 -2.8005
1910 1779.48 -1753.39 647.978 -2.80088
1920 1808.62 -2171.76 649.09 -2.80139
1930 1772.89 -1462.82 650.159 -2.80217
1940 1735.08 -1678.89 651.194 -2.80306
1950 1716.98 -3091.72 652.191 -2.80394
1960 1728.78 -7727.45 653.123 -2.80478
1970 1676.92 -9506.62 653.924 -2.80553
1980 1633.15 -10721.6 654.561 -2.80616
1990 1655.7 -11777.9 655.014 -2.80663
2000 1723.79 -11669.6 655.272 -2.80706
2010 1725.94 -10425.8 655.337 -2.80756
2020 1647.99 -6423.67 655.237 -2.80812
2030 1533.78 -4374.83 655.033 -2.80851
2040 1408.98 -1126.48 654.767 -2.80854
2050 1352.33 1100.89 654.49 -2.80803
2060 1451.35 -492.116 654.233 -2.80702
2070 1536.6 -1739.18 653.979 -2.8056
2080 1505.49 -578.731 653.709 -2.80403
2090 1469.92 -221.984 653.436 -2.80235
2100 1574.2 -2653.55 653.165 -2.8005
2110 1655.5 -3046.52 652.864 -2.79856
2120 1629.51 -484.84 652.525 -2.79679
2130 1520.96 4746.34 652.194 -2.79517
2140 1572.55 6455.68 651.946 -2.79352
2150 1785.43 2649.16 651.807 -2.79182
2160 1863.08 620.854 651.722 -2.79044
2170 1859.02 -1595.57 651.655 -2.78969
2180 1937.88 -8576.36 651.561 -2.78959
2190 1904.57 -10144.8 651.342 -2.79018
2200 1738.52 -6183.99 650.972 -2.79122
2210 1603.4 -538.992 650.514 -2.79217
2220 1569.34 787.425 650.053 -2.79281
2230 1548.83 1913.59 649.618 -2.79309
2240 1655.25 393.399 649.222 -2.79309
2250 1878.55 -2073.15 648.844 -2.79311
2260 2017.67 -2575.74 648.445 -2.79369
2270 1955.12 1106.21 648.025 -2.79507
2280 1791.9 5272.82 647.637 -2.79683
2290 1697.63 7854.34 647.343 -2.79857
2300 1608.96 10489.9 647.189 -2.80003
2310 1676.96 9346.21 647.208 -2.80118
2320 1872.02 5294.53 647.381 -2.80234
2330 1914.3 4472.48 647.649 -2.8039
2340 1820.38 5416.95 647.996 -2.80581
2350 1722.36 8171.37 648.435 -2.80776
2360 1651.44 12697.8 649.01 -2.80956
2370 1632.58 13717 649.787 -2.81113
2380 1589.15 11632.4 650.779 -2.81244
2390 1516.24 12209.6 651.963 -2.81338
2400 1619.51 3556.63 653.324 -2.81391
2410 1707.84 -3251.17 654.736 -2.81405
2420 1665.59 -4933.66 656.09 -2.8141
2430 1582.08 -6548.72 657.348 -2.81408
2440 1515.88 -6133.13 658.488 -2.81382
2450 1550.42 -7120.18 659.513 -2.8133
2460 1592.99 -7989.73 660.408 -2.81254
2470 1585.33 -6432.04 661.165 -2.81167
2480 1659.75 -9387 661.8 -2.81076
2490 1730.93 -10896.6 662.273 -2.80987
2500 1690.34 -6807.57 662.569 -2.80921
2510 1685.54 -5081.23 662.745 -2.80874
2520 1632 -1756.82 662.839 -2.80836
2530 1514.26 904.967 662.907 -2.80792
2540 1445.8 909.31 662.991 -2.80727
2550 1439.86 642.485 663.094 -2.80627
2560 1492.59 -9.74223 663.21 -2.80492
2570 1550.51 -568.42 663.331 -2.80331
2580 1670.41 -4805.58 663.44 -2.8016
2590 1738.38 -9660.72 663.47 -2.8
2600 1715.76 -13373 663.339 -2.79876
2610 1629.13 -14595.5 662.993 -2.79786
2620 1645.71 -16921.7 662.405 -2.79714
2630 1707.29 -18897.1 661.541 -2.7966
2640 1717.48 -15216.2 660.385 -2.79626
2650 1801.36 -12061.9 658.994 -2.79614
2660 1759.59 -8931.78 657.428 -2.79631
2670 1638.08 -5324.89 655.746 -2.79653
2680 1741.14 -8409.19 653.999 -2.79679
2690 1788.03 -11255.8 652.149 -2.79732
2700 1631.45 -6146.84 650.163 -2.798
2710 1467.46 -610.509 648.117 -2.79827
2720 1543.04 -560.174 646.095 -2.79803
2730 1767.05 -4265.61 644.101 -2.79762
2740 1997.64 -7700.7 642.08 -2.79764
2750 2040.24 -6473.89 639.986 -2.79856
2760 1981.3 -2936.66 637.837 -2.80029
2770 1917.5 3135.53 635.692 -2.80237
2780 1907.22 5176.76 633.637 -2.80463
2790 1878.17 5866.91 631.705 -2.80711
2800 1862.17 7991.87 629.908 -2.80968
2810 1860.02 10425.6 628.275 -2.8123
2820 1782.57 14096.2 626.838 -2.81487
2830 1607.59 18757 625.651 -2.81696
2840 1695.76 16920.6 624.766 -2.81865
2850 1824.42 14066.6 624.158 -2.82036
2860 1892.08 12555.1 623.781 -2.82236
2870 1868.67 12705.9 623.611 -2.82465
2880 1905.07 7155.63 623.632 -2.82722
2890 1785.74 5546.71 623.773 -2.82994
2900 1500.19 10673.2 624.012 -2.83223
2910 1297.49 16003.1 624.414 -2.83365
2920 1309.31 14959 625.049 -2.83425
2930 1465.3 11600.2 625.904 -2.83417
2940 1656.8 8204.21 626.93 -2.83364
2950 1800.54 4156.74 628.072 -2.83303
2960 1805.18 1581.55 629.269 -2.83271
2970 1673.35 1826.78 630.484 -2.8327
2980 1512.98 6262.4 631.724 -2.83276
2990 1411.97 7009.2 633.042 -2.83258
3000 1380.7 7253.91 634.458 -2.832
3010 1438.26 5989.17 635.972 -2.83096
3020 1635.33 1684.31 637.56 -2.82945
3030 1819.07 -2832 639.16 -2.82775
3040 1879.78 -5709.79 640.702 -2.82639
3050 1859.64 -7015.81 642.14 -2.82566
3060 1792.23 -8040.84 643.451 -2.82547
3070 1567.36 -3966.93 644.629 -2.82554
3080 1410.8 -715.94 645.73 -2.82546
3090 1481.21 -4228.05 646.798 -2.82491
3100 1541.66 -6925.55 647.788 -2.82391
3110 1516.37 -5634.68 648.663 -2.82272
3120 1523.97 -6452.17 649.434 -2.8214
3130 1553.77 -7214.05 650.093 -2.8199
3140 1548.95 -7592.48 650.629 -2.81833
3150 1443.79 -5692.94 651.041 -2.81673
3160 1318.64 -4004.52 651.356 -2.81504
3170 1293.71 -2704.03 651.605 -2.81305
3180 1460.43 -6223.92 651.803 -2.81058
3190 1730.44 -12069.2 651.896 -2.80766
3200 1915.07 -15598.3 651.796 -2.80497
3210 1889.98 -14487.3 651.454 -2.80318
3220 1775.03 -12014.9 650.885 -2.8023
3230 1657.68 -9586.3 650.132 -2.80188
3240 1595.21 -5881.28 649.243 -2.80148
3250 1750.18 -8022.66 648.268 -2.80105
3260 1897.64 -7868.55 647.188 -2.80089
3270 1870.37 -171.108 646.016 -2.8012
3280 1725.42 5823.72 644.863 -2.80176
3290 1567.13 11253.3 643.831 -2.80218
3300 1601.61 12224.4 642.997 -2.80228
3310 1827.98 8651.7 642.371 -2.80233
3320 1946.63 7538.39 641.904 -2.80281
3330 1834.14 9289.26 641.577 -2.80387
3340 1627.21 10161.8 641.409 -2.80508
3350 1481.8 11251.6 641.411 -2.80594
3360 1508.64 12515 641.601 -2.80634
3370 1702.86 8872.37 641.986 -2.80644
3380 1858.9 7728.56 642.517 -2.80661
3390 1821.66 9422.03 643.176 -2.80721
3400 1673.91 8404.99 643.979 -2.80808
3410 1533.6 8456.89 644.915 -2.80881
3420 1503.04 5850.86 645.977 -2.80915
3430 1621.58 495.932 647.121 -2.80907
3440 1722.2 -3969.6 648.265 -2.80875
3450 1734.53 -6528.15 649.336 -2.80848
3460 1676.49 -5038.19 650.297 -2.80836
3470 1626.37 -3303.58 651.168 -2.80829
3480 1660.25 -3833.07 651.975 -2.80814
3490 1758.09 -6043.55 652.71 -2.80798
3500 1805.96 -7558.44 653.341 -2.80801
3510 1732.15 -7634.45 653.845 -2.80831
3520 1604.08 -6435.92 654.222 -2.80868
3530 1538.32 -5538.48 654.491 -2.80887
3540 1495.92 -4256.21 654.67 -2.80872
3550 1519.73 -4433.82 654.778 -2.80827
3560 1516.94 -3231.46 654.817 -2.80753
3570 1483.37 -1115.7 654.809 -2.80656
3580 1451.8 1592.48 654.787 -2.80535
3590 1487.07 2614.53 654.796 -2.80387
3600 1543.59 2127.55 654.851 -2.80216
3610 1605.31 1495.56 654.946 -2.80033
3620 1692.49 -1131.61 655.067 -2.79855
3630 1691.24 -3030.63 655.174 -2.79696
3640 1656.67 -1618.13 655.239 -2.79563
3650 1753.98 -2613.33 655.279 -2.79448
3660 1957.26 -8386.35 655.273 -2.79365
3670 2031.31 -9152.55 655.141 -2.79364
3680 1979.53 -8593.75 654.866 -2.79458
3690 1903.57 -8896.43 654.457 -2.79624
3700 1808.08 -7167.09 653.916 -2.79818
3710 1830.34 -9043.73 653.263 -2.80023
3720 1880.61 -11185.1 652.477 -2.80253
3730 1818.91 -10379.2 651.528 -2.80507
3740 1630.01 -6823.7 650.434 -2.80744
3750 1379.49 -3150.53 649.249 -2.80909
3760 1221.27 -237.516 648.037 -2.80971
3770 1340.83 -2789.75 646.837 -2.80951
3780 1528.85 -4248.67 645.616 -2.80871
3790 1648.07 -2441.1 644.357 -2.8076
3800 1750.06 -336.51 643.087 -2.80649
3810 1869.72 209.596 641.835 -2.80561
3820 2017.41 -2816.9 640.608 -2.8054
3830 2079.57 -3589.02 639.367 -2.80621
3840 1939.97 -457.619 638.102 -2.80796
3850 1613.93 6481.19 636.862 -2.80974
3860 1440.7 11739.5 635.75 -2.81081
3870 1544.96 8926.49 634.832 -2.81126
3880 1750.39 4497.4 634.073 -2.81153
3890 1823.58 3935.28 633.41 -2.81196
3900 1803.12 3869.14 632.822 -2.8127
3910 1746.36 7303.86 632.317 -2.8136
3920 1733.15 6534.42 631.931 -2.81456
3930 1732 7141.28 631.663 -2.81552
3940 1803.03 6084.81 631.513 -2.81655
3950 1913.18 2288.76 631.461 -2.81784
3960 1995.65 228.504 631.455 -2.81968
3970 1935.82 3179.98 631.464 -2.82212
3980 1752.93 13273.8 631.541 -2.8247
3990 1692 16130.4 631.817 -2.82709
4000 1618.04 19148.6 632.348 -2.82922
4010 1510.72 21603.7 633.175 -2.83101
4020 1431.91 19514.4 634.329 -2.83232
4030 1404.99 15952.5 635.777 -2.83304
4040 1443.09 11820.7 637.463 -2.83319
4050 1524.73 4934.62 639.317 -2.83275
4060 1576.74 -1746.74 641.234 -2.8318
4070 1595.19 -6023.37 643.107 -2.83053
4080 1661.41 -7528.72 644.87 -2.82915
4090 1796.63 -11009.7 646.49 -2.82781
4100 1891.28 -11496.6 647.922 -2.82681
4110 1911.62 -11961.4 649.152 -2.82649
4120 1870.69 -13534.3 650.173 -2.82679
4130 1761.5 -11633.3 650.969 -2.82753
4140 1644.65 -9478.39 651.567 -2.82836
4150 1600.54 -10838.6 652.001 -2.82902
4160 1592.86 -12580.1 652.254 -2.82943
4170 1569.44 -13191.1 652.301 -2.82963
4180 1554.38 -15807.4 652.131 -2.82964
4190 1556.6 -15466.9 651.71 -2.82948
4200 1550.27 -12052.9 651.051 -2.82913
4210 1564.33 -11538.7 650.203 -2.82862
4220 1520.56 -7066.85 649.191 -2.82794
4230 1464.4 -3140.65 648.084 -2.82699
4240 1481.37 -3112.08 646.943 -2.82576
4250 1517.1 -1261.39 645.778 -2.82425
4260 1567.32 -443.4 644.616 -2.82255
4270 1620.49 -390.205 643.47 -2.8208
4280 1554.97 4336.21 642.349 -2.81908
4290 1506.93 9340.5 641.322 -2.8173
4300 1599.66 8803.91 640.46 -2.81539
4310 1794.27 4823.7 639.752 -2.8135
4320 1931.8 3500.58 639.143 -2.81205
4330 1970.76 1783.55 638.604 -2.81141
4340 1984.25 1777.76 638.112 -2.81168
4350 1939.44 4375.31 637.665 -2.81272
4360 1798.51 8431.6 637.303 -2.8142
4370 1688.22 14170.7 637.089 -2.81566
4380 1759.43 15153.1 637.1 -2.81707
4390 1794.45 16126.4 637.359 -2.8186
4400 1688.68 16615.7 637.874 -2.82024
4410 1515.04 19020.8 638.655 -2.8217
4420 1364.56 20778.2 639.732 -2.82271
4430 1403.97 18454.3 641.126 -2.82319
4440 1670.32 10777.6 642.796 -2.82312
4450 1830.5 2734.7 644.625 -2.82275
4460 1707.69 947.363 646.489 -2.82257
4470 1495 1902.95 648.357 -2.8225
4480 1534.2 -2219.91 650.23 -2.82211
4490 1649.91 -5382.66 652.05 -2.8213
4500 1612.66 -5153.74 653.768 -2.82041
4510 1531.01 -3312.11 655.387 -2.81956
4520 1469.44 -3240.53 656.932 -2.81857
4530 1556.83 -8150.86 658.399 -2.81726
4540 1594.5 -10590.8 659.717 -2.81566
4550 1576.15 -7762.66 660.851 -2.8141
4560 1537.61 -5153.22 661.842 -2.81262
4570 1402.99 1215.59 662.743 -2.81116
4580 1326.84 5589.5 663.654 -2.80961
4590 1391.73 4971.74 664.645 -2.80769
4600 1554.31 1914.51 665.709 -2.80533
4610 1748.62 -1161.61 666.797 -2.80272
4620 1853.2 -4177.78 667.857 -2.80038
4630 1859.78 -7449.79 668.835 -2.79867
4640 1820.91 -10610.7 669.675 -2.79764
4650 1761.55 -11327.3 670.327 -2.79711
4660 1700.05 -11347.9 670.78 -2.79689
4670 1677.44 -12260.5 671.031 -2.7968
4680 1642.12 -12877.2 671.069 -2.79676
4690 1659.61 -13483 670.886 -2.79672
4700 1676.72 -15075.1 670.474 -2.79673
4710 1634.62 -13394.2 669.816 -2.79679
4720 1626.41 -10905.5 668.941 -2.79681
4730 1686.64 -11960.8 667.89 -2.7968
4740 1679.7 -13768.9 666.654 -2.7969
4750 1599.42 -11103.6 665.214 -2.79706
4760 1514.01 -9023.28 663.611 -2.79704
4770 1483.28 -7191.33 661.887 -2.79673
4780 1458.83 -4722.31 660.078 -2.79602
4790 1531.69 -5843.8 658.22 -2.795
4800 1619.24 -5643.97 656.305 -2.79376
4810 1837.36 -8803.1 654.331 -2.79261
4820 1989.26 -11044.7 652.255 -2.79205
4830 2001.1 -9039.06 650.047 -2.79244
4840 1922.69 -3796.13 647.744 -2.79355
4850 1814.64 3936.79 645.434 -2.79487
4860 1671.69 13002.4 643.24 -2.79588
4870 1559.37 20662.5 641.302 -2.79634
4880 1561.66 20397.3 639.724 -2.79636
4890 1708.32 15896.5 638.5 -2.79634
4900 1793.27 10066.8 637.553 -2.79655
4910 1777.35 4306.56 636.789 -2.79709
4920 1757.96 1542.59 636.115 -2.79787
4930 1734.26 3878.4 635.49 -2.79875
4940 1674.29 8124.54 634.944 -2.79958
4950 1569.15 12712 634.542 -2.80023
4960 1468.57 15575.8 634.348 -2.80053
4970 1487.06 14404.9 634.401 -2.80047
4980 1498.39 14414.1 634.687 -2.80006
4990 1537.31 13064.3 635.197 -2.79942
5000 1579.58 12245.6 635.911 -2.79861
5010 1650.98 10156.7 636.811 -2.79772
5020 1744.16 9102.55 637.865 -2.79688
5030 1744.61 12295.8 639.063 -2.79633
5040 1825.13 11788.2 640.44 -2.79619
5050 1956.79 5520.45 641.985 -2.79643
5060 1983.06 -816.593 643.604 -2.79722
5070 1868.62 -3140.19 645.201 -2.79852
5080 1794.08 -4236.02 646.733 -2.80006
5090 1696.92 -4598.54 648.182 -2.80158
5100 1559 -2791.97 649.545 -2.80283
5110 1427.19 -461.409 650.85 -2.80363
5120 1357.24 12.168 652.13 -2.80384
5130 1368.79 200.218 653.397 -2.80343
5140 1479.02 -847.605 654.653 -2.80248
5150 1607.64 -1878.72 655.883 -2.80113
5160 1646 -510.589 657.073 -2.79973
5170 1600.23 1262.34 658.242 -2.79848
5180 1495.41 5066.31 659.426 -2.79734
5190 1454.38 6472.45 660.681 -2.79615
5200 1562.02 4264.72 662.028 -2.7947
5210 1603.17 2840.99 663.436 -2.79305
5220 1566.81 685.684 664.878 -2.79144
5230 1533.1 -1509.06 666.318 -2.7898
5240 1536.48 -3658.28 667.716 -2.78805
5250 1603.4 -4341.74 669.04 -2.78619
5260 1704.95 -7029.47 670.272 -2.7843
5270 1807.92 -9070.88 671.369 -2.78261
5280 1762.46 -6851.85 672.303 -2.78139
5290 1654.57 -3620.14 673.111 -2.78064
5300 1462.98 -243.77 673.85 -2.78
5310 1388.15 -1944.65 674.57 -2.77913
5320 1467.94 -6747.66 675.245 -2.77781
5330 1513.78 -8508.19 675.802 -2.77612
5340 1557.4 -10474.8 676.202 -2.77428
5350 1676.63 -14981.9 676.41 -2.77241
5360 1813.18 -16949.3 676.359 -2.77073
5370 1859.49 -17804.9 676.014 -2.76963
5380 1838.03 -18409.9 675.365 -2.76925
5390 1777.5 -17095.6 674.409 -2.76947
5400 1713.37 -16152.2 673.171 -2.77002
5410 1637.55 -13987.2 671.678 -2.77067
5420 1606.2 -12752 669.971 -2.77118
5430 1649.29 -13771.7 668.073 -2.77165
5440 1656.53 -10231.1 665.986 -2.772
5450 1718.25 -6929.45 663.766 -2.77225
5460 1732.62 -3792.51 661.476 -2.77243
5470 1755.2 -3606.59 659.167 -2.77269
5480 1843.15 -4514.82 656.847 -2.7732
5490 1898.22 -3246 654.504 -2.77413
5500 1807.69 -1474.93 652.163 -2.77532
5510 1836.61 -2678.09 649.844 -2.7768
5520 1773.68 -39.1027 647.54 -2.77838
5530 1797.98 116.808 645.283 -2.77991
5540 1881.19 -3218.26 643.073 -2.78172
5550 1919.7 -4234.05 640.867 -2.78396
5560 1950.48 -3429.22 638.645 -2.78661
5570 1962.29 822.454 636.425 -2.78958
5580 1864.31 6962.4 634.27 -2.79265
5590 1586.01 20318.9 632.287 -2.79498
5600 1491.75 23410.9 630.648 -2.79623
5610 1592.27 19217.4 629.399 -2.79713
5620 1616.26 18769 628.481 -2.79781
5630 1727.25 16612.6 627.87 -2.79841
5640 1902.66 15889 627.534 -2.79921
5650 2054.75 14416.7 627.451 -2.80068
5660 2125.03 15754.1 627.602 -2.80317
5670 2089.39 15949.8 627.998 -2.80671
5680 1916.06 15838.4 628.637 -2.81081
5690 1688.43 17832.2 629.522 -2.81464
5700 1657.62 15189.7 630.667 -2.81792
5710 1667.7 12434.5 632.037 -2.82071
5720 1672.63 6480.32 633.581 -2.82309
5730 1532.42 5050.11 635.218 -2.82491
5740 1399.62 5749.18 636.92 -2.82609
5750 1461.04 932.135 638.683 -2.82655
5760 1549.35 1285.25 640.451 -2.82644
5770 1547.88 3044.01 642.22 -2.82611
5780 1435.99 6433.34 644.02 -2.82564
5790 1330.69 9439.89 645.906 -2.825
5800 1436.48 3281.81 647.908 -2.82385
5810 1586.12 -1272.71 649.945 -2.82203
5820 1709.8 -4489.22 651.939 -2.82
5830 1693.86 -3805.97 653.843 -2.81814
5840 1603.48 -1092.11 655.665 -2.81669
5850 1492.51 1584 657.448 -2.81544
5860 1464.51 527.047 659.231 -2.8141
5870 1587.9 -4426.45 660.998 -2.81241
5880 1731.1 -9761.36 662.667 -2.81045
5890 1765.67 -11289.7 664.157 -2.80866
5900 1704.74 -10531.6 665.439 -2.80733
5910 1573.51 -8214.54 666.528 -2.8063
5920 1513.14 -8217.71 667.459 -2.8053
5930 1533.78 -10821.1 668.234 -2.80409
5940 1581.68 -11317.7 668.818 -2.80273
5950 1636.32 -11665.4 669.201 -2.80133
5960 1692.7 -12128.8 669.379 -2.80004
5970 1723.03 -11065.1 669.35 -2.79896
5980 1776.27 -10670.7 669.133 -2.79819
5990 1754.34 -8577.82 668.743 -2.79776
6000 1657.8 -5300.15 668.218 -2.79757
6010 1599.1 -2516.7 667.615 -2.79737
6020 1661.34 -909.746 666.983 -2.79706
6030 1716.68 108.534 666.351 -2.79672
6040 1704.59 2477.26 665.741 -2.79646
6050 1756.97 1849.43 665.185 -2.79635
6060 1753.46 1804.26 664.677 -2.79642
6070 1664.83 4380.78 664.22 -2.79661
6080 1698.37 601.841 663.841 -2.79681
6090 1729.12 -3066.86 663.484 -2.79708
6100 1610.33 -182.036 663.097 -2.79736
6110 1651.83 -624.641 662.715 -2.79751
6120 1735.34 -1926.87 662.331 -2.79763
6130 1579.33 2385.36 661.937 -2.79774
6140 1509.4 1733.22 661.588 -2.79767
6150 1535.79 -2184.17 661.274 -2.79727
6160 1692.94 -9147.72 660.929 -2.79667
6170 1974.91 -16817.9 660.439 -2.79627
6180 2163.6 -20226.6 659.683 -2.79689
6190 2097.51 -17043.8 658.615 -2.79894
6200 1811.37 -8466.54 657.294 -2.80163
6210 1555.01 -584.028 655.858 -2.80385
6220 1396 6042.97 654.442 -2.80512
6230 1357.74 10206.4 653.154 -2.8055
6240 1345.66 13194 652.061 -2.80515
6250 1362.14 15664.7 651.21 -2.8042
6260 1498.51 13528.3 650.631 -2.8028
6270 1705.88 8300.93 650.284 -2.80117
6280 1838.3 5575.79 650.089 -2.79972
6290 1849.06 4839.44 649.998 -2.79878
6300 1994.22 1672.61 649.992 -2.79851
6310 2023.23 44.4357 650.021 -2.79912
6320 1825.88 2037.22 650.062 -2.80048
6330 1556.65 6171 650.146 -2.80183
6340 1454.42 7964.07 650.332 -2.80268
6350 1521.35 6211.83 650.646 -2.80301
6360 1687.74 975.805 651.058 -2.803
6370 1753.32 146.341 651.493 -2.80297
6380 1707.25 918.205 651.932 -2.80309
6390 1674.04 -970.43 652.382 -2.8033
6400 1630.53 -1666.98 652.817 -2.80344
6410 1608.52 -2373.39 653.223 -2.80347
6420 1575.66 -5522.2 653.585 -2.80331
6430 1600.8 -10875 653.851 -2.80297
6440 1590.84 -13187.8 653.942 -2.8025
6450 1511.67 -9734.18 653.826 -2.80195
6460 1495.8 -9794.77 653.549 -2.80119
6470 1617.03 -11877.3 653.117 -2.8002
6480 1837.93 -13313 652.5 -2.79922
6490 2024.35 -15089.3 651.678 -2.79877
6500 2054.55 -14559.3 650.629 -2.7994
6510 1946.72 -12342.4 649.368 -2.80101
6520 1765.72 -6429.08 647.937 -2.80299
6530 1557.17 3623.92 646.437 -2.80457
6540 1388.73 10371.8 645.024 -2.80527
6550 1435.94 11212.8 643.8 -2.80526
6560 1578.81 9807.6 642.779 -2.80478
6570 1756.52 7010.98 641.937 -2.8042
6580 1841.35 5790.13 641.229 -2.80389
6590 1735.14 11013.5 640.641 -2.80399
6600 1560.54 13654.2 640.241 -2.80411
6610 1535.64 13115.8 640.064 -2.8041
6620 1418.55 17077 640.114 -2.80375
6630 1580.02 12499.9 640.426 -2.80313
6640 1705.84 8631.89 640.942 -2.80228
6650 1726.75 6372.42 641.596 -2.80158
6660 1742.8 1452.05 642.345 -2.80106
6670 1776.25 -2437.62 643.115 -2.80073
6680 1831.73 -5565.06 643.84 -2.80064
6690 1901.06 -7561.62 644.474 -2.80096
6700 1883.49 -4827.1 644.99 -2.8018
6710 1795.29 -36.8077 645.428 -2.80305
6720 1712.02 1138.67 645.861 -2.80441
6730 1662.8 616.573 646.31 -2.80561
6740 1725.03 -672.083 646.767 -2.80668
6750 1812.43 -5019.41 647.208 -2.80774
6760 1902.41 -12289.2 647.561 -2.80904
6770 1863.55 -13764.8 647.723 -2.81072
6780 1845.89 -12575 647.669 -2.81269
6790 1915.39 -12023.4 647.414 -2.81494
6800 1944 -9424.21 646.977 -2.81761
6810 1931.7 -4788.03 646.401 -2.82062
6820 1892.5 486.05 645.764 -2.82383
6830 1725.07 6476.34 645.153 -2.82688
6840 1494.3 11367.6 644.66 -2.82921
6850 1432.56 10466.2 644.356 -2.83069
6860 1504.48 7152.59 644.228 -2.83154
6870 1574.93 7086.56 644.227 -2.83197
6880 1607.56 6671.98 644.346 -2.83213
6890 1584.55 5460.71 644.576 -2.83213
6900 1413.88 6665.26 644.9 -2.8319
6910 1394.24 3119.82 645.325 -2.83127
6920 1652.88 -6341.47 645.789 -2.83012
6930 1779.45 -8221.43 646.163 -2.82883
6940 1672.82 -3598.95 646.411 -2.82793
6950 1499.26 2043.84 646.604 -2.82721
6960 1430.04 3812.23 646.827 -2.82632
6970 1549 2399.56 647.111 -2.82509
6980 1822.46 -5483.09 647.425 -2.82363
6990 2022.98 -12272 647.653 -2.82252
7000 1957.85 -15043.3 647.688 -2.82243
7010 1692.42 -11956.9 647.492 -2.82307
7020 1462.03 -7045.15 647.112 -2.8236
7030 1490.73 -6493.11 646.621 -2.82369
7040 1597.77 -5802.28 646.036 -2.8234
7050 1630.71 -2571.36 645.376 -2.82292
7060 1571.87 789.806 644.688 -2.82237
7070 1398.32 7761.56 644.036 -2.8216
7080 1345.31 13361.2 643.523 -2.82045
7090 1499.54 12293.2 643.226 -2.81882
7100 1672.03 10997.1 643.14 -2.81692
7110 1705.73 8247.77 643.234 -2.81515
7120 1654.88 8221.17 643.471 -2.81371
7130 1732.18 3549.83 643.835 -2.81248
7140 1873.37 -3103.11 644.255 -2.81148
7150 1861.05 -6349.47 644.63 -2.81098
7160 1809.82 -8337.52 644.904 -2.81104
7170 1730.25 -7588.23 645.05 -2.8114
7180 1729.41 -7106.37 645.075 -2.81188
7190 1783.52 -7376.48 644.989 -2.81246
7200 1843.86 -6844.06 644.792 -2.81329
7210 1794.26 -3151.52 644.497 -2.8144
7220 1685.62 883.214 644.163 -2.81556
7230 1615.39 3118.08 643.85 -2.81654
7240 1592.47 4564.29 643.598 -2.81722
7250 1623.53 3923.91 643.424 -2.81766
7260 1593.5 4097.03 643.324 -2.81791
7270 1529.61 4795.04 643.296 -2.81793
7280 1546.71 5102.43 643.352 -2.81767
7290 1615.44 4275.21 643.494 -2.81719
7300 1656.39 1303.94 643.703 -2.8166
7310 1643.02 -1371.02 643.938 -2.81603
7320 1604.94 -4600.17 644.15 -2.81544
7330 1558.31 -3107.02 644.298 -2.81479
7340 1616.13 -1663.3 644.4 -2.81399
7350 1794.69 -5168.69 644.47 -2.81317
7360 1942.66 -9057.99 644.462 -2.81269
7370 1970.11 -10545.4 644.317 -2.81297
7380 1866.96 -8542.96 644.015 -2.81398
7390 1749.14 -2927.61 643.59 -2.81528
7400 1728.84 1246.52 643.128 -2.81652
7410 1792.75 2152.8 642.694 -2.81777
7420 1777.57 3187.39 642.308 -2.81911
7430 1702.31 3588.38 641.983 -2.82048
7440 1610.18 3249.66 641.726 -2.82165
7450 1571.25 707.625 641.527 -2.82251
7460 1507.57 -1574.43 641.346 -2.82301
7470 1409.14 373.107 641.157 -2.82305
7480 1521.74 -3088.13 640.971 -2.82261
7490 1786.46 -8456.1 640.741 -2.82191
7500 1947.01 -9892.19 640.391 -2.82151
7510 1991.54 -9142.21 639.897 -2.82188
7520 1982.57 -7465.16 639.272 -2.8231
7530 1880.36 -3824.46 638.547 -2.82492
7540 1685.67 1803.41 637.781 -2.8268
7550 1505.56 8327.45 637.062 -2.82819
7560 1426.23 12088.5 636.487 -2.82892
7570 1443.57 14954.2 636.115 -2.82903
7580 1581.86 14215.4 635.984 -2.82876
7590 1620.46 14266.7 636.086 -2.82833
7600 1504.08 17644.6 636.422 -2.82789
7610 1407.14 19698.6 637.036 -2.82736
7620 1400.66 18185.4 637.954 -2.82657
7630 1394.33 16418.9 639.153 -2.82544
7640 1452.04 12800.4 640.602 -2.82401
7650 1577.7 7244.1 642.242 -2.82216
7660 1667.55 3039.41 643.987 -2.82011
7670 1703.85 -557.369 645.766 -2.81812
7680 1748.27 -5074.2 647.521 -2.81633
7690 1904.4 -12216.7 649.173 -2.81475
7700 2036.25 -15833.4 650.617 -2.81376
7710 2016.68 -16160.7 651.791 -2.81383
7720 1837.42 -10474.1 652.699 -2.8148
7730 1601.99 -4832.59 653.426 -2.816
7740 1433.58 -1892.22 654.064 -2.81681
7750 1391.4 -0.596053 654.666 -2.81704
7760 1470.5 -2113.49 655.258 -2.8167
7770 1608.87 -5933.68 655.811 -2.81593
7780 1716.15 -9861.13 656.261 -2.81501
7790 1804.02 -13516.4 656.545 -2.81429
7800 1814.98 -15685.5 656.606 -2.81398
7810 1750.83 -16333.7 656.411 -2.81411
7820 1631.27 -15319.4 655.953 -2.81448
7830 1525.21 -14668.9 655.249 -2.81478
7840 1487.99 -11999.5 654.319 -2.81477
7850 1599.74 -10401.2 653.208 -2.81444
7860 1776.66 -12623.3 651.941 -2.81402
7870 1885.21 -14045.2 650.493 -2.81399
7880 1857.97 -11017.4 648.851 -2.81454
7890 1725.9 -3639.77 647.069 -2.81532
7900 1657.76 -677.705 645.257 -2.81594
7910 1667.92 611.126 643.471 -2.81641
7920 1700.26 2612.24 641.733 -2.81675
7930 1777.15 1061.54 640.065 -2.81709
7940 1921 -1862.07 638.449 -2.81779
7950 1972.72 -4756.8 636.838 -2.81916
7960 1891.72 -1194.97 635.196 -2.82111
7970 1833.52 2681.16 633.568 -2.82316
7980 1831.14 6871.07 632.018 -2.82525
7990 1724.28 12438.2 630.611 -2.82718
8000 1580.98 17164.9 629.425 -2.8287
8010 1560.78 17571.1 628.522 -2.82972
8020 1686.13 15980.1 627.908 -2.8305
8030 1751 13507.9 627.553 -2.83131
8040 1683.4 15876 627.423 -2.83222
8050 1496.15 23974.9 627.553 -2.833
8060 1367.26 28884.9 628.049 -2.8335
8070 1445.77 25160.5 628.975 -2.83363
8080 1666.03 18165.2 630.279 -2.83336
8090 1987.03 9355.11 631.85 -2.833
8100 2133.07 3546.46 633.559 -2.83328
8110 1976.21 2595.63 635.315 -2.83465
8120 1682.02 4497.5 637.101 -2.83647
8130 1572.07 1762.31 638.934 -2.83795
8140 1707.27 -4101.28 640.775 -2.83894
8150 1862 -9290.41 642.532 -2.83975
8160 1921.07 -12293.1 644.125 -2.84085
8170 1862.66 -12492 645.509 -2.84236
8180 1739.41 -11132.1 646.68 -2.84406
8190 1620.62 -9397.45 647.659 -2.8456
8200 1546.65 -6620.2 648.478 -2.84677
8210 1488 -4561.09 649.18 -2.8475
8220 1412.38 -233.749 649.805 -2.84776
8230 1356.4 2067.41 650.42 -2.84751
8240 1374.2 2156.88 651.062 -2.84672
8250 1482.56 -941.609 651.73 -2.84542
8260 1666.55 -7124.33 652.373 -2.84373
8270 1821.22 -13332.1 652.894 -2.84203
8280 1834.7 -15569.9 653.198 -2.84083
8290 1693.89 -13785.1 653.25 -2.84023
8300 1547.95 -11307.1 653.079 -2.83984
8310 1471.15 -10575.9 652.725 -2.83933
8320 1429.25 -8698.82 652.208 -2.83852
8330 1466.15 -7608.87 651.559 -2.83738
8340 1495.11 -4859.16 650.802 -2.83592
8350 1532.21 -4824.09 649.979 -2.83426
8360 1537.72 -7883.75 649.09 -2.83254
8370 1469.62 -6519.28 648.098 -2.83082
8380 1429.35 -3497.03 647.024 -2.82898
8390 1476.26 -5253.71 645.907 -2.82694
8400 1483.35 -3547.71 644.735 -2.82474
8410 1497.55 509.913 643.533 -2.82239
8420 1599.6 2371.19 642.362 -2.8199
8430 1676.6 3447.12 641.254 -2.81741
8440 1659.09 2975.43 640.221 -2.81523
8450 1581.11 5117.83 639.263 -2.81332
8460 1668.35 4394.2 638.405 -2.81153
8470 1841.53 2002.37 637.633 -2.80992
8480 1893.87 2951.93 636.916 -2.80882
8490 1876.77 2484.12 636.262 -2.80843
8500 1819.45 3271.99 635.667 -2.8086
8510 1722.43 5772.83 635.139 -2.80906
8520 1675.94 7761.31 634.716 -2.80954
8530 1734.56 9483.79 634.427 -2.80998
8540 1885.59 8123.21 634.293 -2.81061
8550 1946.98 6275.88 634.294 -2.81173
8560 1865.06 4620.47 634.399 -2.8134
8570 1672.68 8224.18 634.591 -2.81516
8580 1628.31 8152.48 634.908 -2.81665
8590 1679.96 6828.74 635.35 -2.8179
8600 1633.67 12050.4 635.912 -2.81898
8610 1684.74 8743.79 636.648 -2.81993
8620 1752.48 5668.79 637.518 -2.82079
8630 1760.55 6527.74 638.478 -2.82173
8640 1730.28 6202.46 639.532 -2.82277
8650 1635.09 8755.49 640.682 -2.82381
8660 1590.87 10256.2 641.961 -2.8247
8670 1588.53 8660.93 643.39 -2.82536
8680 1541.97 7040.57 644.947 -2.82571
8690 1528.08 4637.94 646.601 -2.82573
8700 1505.47 3697.48 648.319 -2.82541
8710 1499.46 5103.79 650.083 -2.82481
8720 1536.06 4885.4 651.913 -2.82401
8730 1549.8 4592.8 653.806 -2.82298
8740 1597.97 4858.39 655.759 -2.82188
8750 1651.13 1095.49 657.767 -2.82067
8760 1622.84 385.52 659.781 -2.81944
8770 1664.76 -3587.73 661.776 -2.81825
8780 1627.59 -7367.06 663.69 -2.81695
8790 1537.9 -8468.07 665.462 -2.81568
8800 1527.24 -11440 667.068 -2.81427
8810 1674.71 -18600.8 668.452 -2.81261
8820 1788.73 -24124.9 669.501 -2.81095
8830 1755.78 -23842.2 670.126 -2.80982
8840 1610.24 -19884.5 670.338 -2.80918
8850 1524.51 -16925.5 670.201 -2.80868
8860 1489.69 -15387.4 669.775 -2.80804
8870 1595.51 -18492 669.084 -2.80724
8880 1702.55 -20138.8 668.09 -2.80647
8890 1737.92 -19772.4 666.773 -2.80597
8900 1720.42 -19346.6 665.142 -2.80588
8910 1647.6 -16392.1 663.217 -2.80601
8920 1628.42 -14375.6 661.053 -2.80616
8930 1656.85 -14495.9 658.687 -2.80629
8940 1738.2 -13351.2 656.131 -2.80649
8950 1752.3 -11405 653.409 -2.80685
8960 1636.49 -7642.89 650.56 -2.80726
8970 1480.9 -1198.65 647.654 -2.80734
8980 1371.42 5757.66 644.795 -2.80667
8990 1447.04 7693.05 642.086 -2.80529
9000 1622.92 7525.13 639.559 -2.8035
9010 1809.09 7999.97 637.209 -2.80166
9020 1943.45 11607.8 635.045 -2.8002
9030 1981.91 15307.6 633.112 -2.79941
9040 1994.32 17933.8 631.461 -2.7995
9050 1910.97 20282.6 630.126 -2.80036
9060 1812.19 22519.3 629.137 -2.80164
9070 1928.27 19547.7 628.513 -2.80328
9080 2045.75 14560.7 628.203 -2.80566
9090 1969.88 14035.4 628.135 -2.80878
9100 1817.1 15092.1 628.294 -2.81207
9110 1844.48 10833.6 628.68 -2.81529
9120 1897.5 7219.63 629.234 -2.81857
9130 1852.05 6846.86 629.902 -2.82197
9140 1715.55 6841.8 630.671 -2.82513
9150 1635.02 6262.72 631.538 -2.82781
9160 1577.09 5764.48 632.497 -2.82994
9170 1448.85 8240.29 633.54 -2.8315
9180 1315.31 9744.96 634.699 -2.83236
9190 1330.16 7745.19 635.995 -2.8325
9200 1494.75 3451.57 637.396 -2.83192
9210 1743.81 -3190.9 638.831 -2.83084
9220 1887.94 -5771.31 640.208 -2.82981
9230 1876.38 -5776.47 641.481 -2.82939
9240 1678.36 -1660.99 642.654 -2.82949
9250 1442.84 6691.54 643.796 -2.82971
9260 1362.3 11066.4 645.028 -2.82966
9270 1356.63 13358.2 646.424 -2.82917
9280 1426.72 9287.23 648.013 -2.82822
9290 1518.5 2775.09 649.733 -2.82669
9300 1585.35 199.595 651.487 -2.82483
9310 1715.43 -5703.3 653.219 -2.82284
9320 1799.65 -10360.1 654.839 -2.82089
9330 1808.29 -13308.5 656.271 -2.81937
9340 1730.93 -14147.8 657.467 -2.81834
9350 1611.28 -13843.1 658.414 -2.81763
9360 1483.52 -10030.4 659.125 -2.81695
9370 1519.66 -8052.25 659.656 -2.81608
9380 1656.88 -8540.16 660.044 -2.815
9390 1640.26 -8525.5 660.287 -2.81394
9400 1454.31 -6291.97 660.391 -2.81297
9410 1403.91 -6397.84 660.387 -2.81182
9420 1582.36 -10719.5 660.273 -2.81032
9430 1707.04 -11651.4 659.99 -2.80867
9440 1710.42 -10539.8 659.522 -2.80727
9450 1714.4 -10909.3 658.887 -2.80621
9460 1736.59 -10507.3 658.086 -2.80544
9470 1742.88 -8145.12 657.13 -2.80493
9480 1675.63 -4901.98 656.062 -2.80465
9490 1596.49 -851.498 654.938 -2.80432
9500 1697.22 -1727.35 653.817 -2.80391
9510 1792.8 -4512.68 652.69 -2.80361
9520 1785.85 -3886.91 651.52 -2.80366
9530 1733.43 -2506.4 650.313 -2.80392
9540 1693.86 -2328.35 649.091 -2.80433
9550 1566.79 3315.1 647.867 -2.80458
9560 1533.31 4042.16 646.715 -2.80451
9570 1577.96 4875.71 645.657 -2.80415
9580 1668.46 4540.68 644.7 -2.80359
9590 1840.76 1447.48 643.834 -2.80315
9600 1867.27 4704.33 643.022 -2.8031
9610 1826.15 8562.49 642.307 -2.80348
9620 1817.26 10366.4 641.743 -2.80419
9630 1709.23 13129.3 641.365 -2.80509
9640 1604.17 15382.3 641.207 -2.80593
9650 1557.71 18214.3 641.305 -2.80656
9660 1598.41 19163.3 641.696 -2.80699
9670 1606.33 19164.9 642.393 -2.80732
9680 1579.25 19812.6 643.395 -2.8076
9690 1604.97 15304.8 644.7 -2.80777
9700 1575.46 13687.1 646.245 -2.80778
9710 1520.98 14513.2 648.003 -2.80769
9720 1617.28 10090.2 649.973 -2.8074
9730 1735.67 4048.56 652.088 -2.80683
9740 1759.85 -597.711 654.25 -2.80625
9750 1677.48 -4374.7 656.381 -2.80577
9760 1503.75 -2885.47 658.426 -2.80529
9770 1417.16 -1569.13 660.401 -2.80464
9780 1554.57 -5521.44 662.317 -2.80354
9790 1607.91 -6392.26 664.123 -2.80211
9800 1564.78 -5654.85 665.803 -2.80068
9810 1638.36 -8888.58 667.361 -2.79922
9820 1751.56 -12385.1 668.748 -2.7977
9830 1730.8 -10193.1 669.914 -2.79648
9840 1627.76 -8514.68 670.889 -2.79561
9850 1586.04 -4844.72 671.709 -2.79484
9860 1630.27 -4358.48 672.432 -2.79403
9870 1704.48 -7152.88 673.067 -2.7932
9880 1706.6 -5760.5 673.58 -2.79249
9890 1716.92 -7105.69 673.984 -2.79198
9900 1721.92 -8846.84 674.261 -2.79164
9910 1662.49 -8305.2 674.387 -2.79144
9920 1610.19 -6816.27 674.371 -2.79128
9930 1524.89 -4384.55 674.241 -2.791
9940 1478.55 -1897.03 674.041 -2.79045
9950 1598.81 -2061.61 673.812 -2.78961
9960 1685.72 -3165.58 673.554 -2.78862
9970 1626.64 -1960.42 673.254 -2.78776
9980 1582.92 -1333.97 672.93 -2.78691
9990 1738.16 -5335.46 672.585 -2.78606
10000 1829.92 -7427.95 672.161 -2.7854
