# Time-averaged data for fix 2
# TimeStep c_mytemp c_mypress v_vmyvol v_avgEtotal
10 1017.56 466074 401.624 -2.79409
20 813.066 528271 401.295 -2.79091
30 799.626 507163 401.192 -2.78962
40 908.272 470734 401.159 -2.7888
50 896.401 507118 400.888 -2.78557
60 853.084 535378 400.694 -2.7829
70 985.764 500089 400.822 -2.78336
80 1120.37 477110 400.966 -2.78397
90 1045.94 511008 400.922 -2.78315
100 985.767 512296 400.968 -2.78348
110 1118.73 470885 401.106 -2.78482
120 1090.64 481255 400.983 -2.78399
130 932.872 530937 400.705 -2.78171
140 977.969 514022 400.701 -2.78201
150 990.853 487603 400.841 -2.78369
160 817.409 517067 400.908 -2.78456
170 783.95 511581 401.124 -2.78665
180 966.587 466780 401.421 -2.78908
190 1104.63 469842 401.411 -2.78851
200 1077.55 491155 401.092 -2.78534
210 941.927 526439 400.701 -2.78161
220 826.366 548453 400.601 -2.78057
230 958.901 499773 400.947 -2.78386
240 1012.81 479357 401.323 -2.78713
250 964.522 495149 401.505 -2.78866
260 896.982 512215 401.642 -2.78981
270 1013.01 466924 401.839 -2.79144
280 1111.02 471755 401.737 -2.79032
290 1062.82 507173 401.365 -2.78687
300 945.612 503099 401.037 -2.78392
310 866.932 508413 400.764 -2.78144
320 844.309 537818 400.616 -2.77988
330 919.462 524477 400.837 -2.78189
340 954.512 484244 401.293 -2.78593
350 882.78 474406 401.608 -2.78843
360 911.078 466260 401.643 -2.78824
370 1017.64 469744 401.327 -2.78474
380 1092.12 503202 400.721 -2.77852
390 1072.05 565517 400.203 -2.77301
400 1161.87 518482 400.279 -2.77391
410 1159.43 513381 400.612 -2.77783
420 1035.45 513532 401.089 -2.78366
430 950.099 456618 401.648 -2.78986
440 920.201 454477 401.789 -2.7918
450 849.272 489956 401.474 -2.78931
460 834.768 510902 401.045 -2.78521
470 892.297 518952 400.727 -2.78189
480 886.558 531075 400.636 -2.78061
490 942.138 504512 400.838 -2.78216
500 1046.89 489943 401.107 -2.78426
510 1091.96 490704 401.274 -2.78555
520 987.992 510924 401.374 -2.78648
530 1055.62 456258 401.502 -2.78783
540 1013.87 498899 401.269 -2.78589
550 982.869 531880 401.016 -2.7836
560 1001.74 498015 401.051 -2.78421
570 949.609 495106 401.097 -2.78494
580 864.37 510170 401.115 -2.78526
590 990.561 481684 401.198 -2.78604
600 1102.79 460452 401.09 -2.7851
610 937.224 520969 400.65 -2.78111
620 784.856 536184 400.394 -2.77852
630 842.258 511994 400.497 -2.77931
640 904.792 510009 400.759 -2.78141
650 1004.57 477041 401.09 -2.78399
660 1017.1 479580 401.208 -2.78453
670 1016.35 508606 401.139 -2.78349
680 1126.03 477508 401.101 -2.78295
690 1126.41 476308 400.852 -2.7809
700 940.997 563862 400.458 -2.77741
710 941.566 533736 400.628 -2.77958
720 980.627 478888 401.146 -2.78486
730 947.47 498231 401.511 -2.78852
740 889.186 481187 401.81 -2.79153
750 813.492 459503 401.899 -2.79226
760 821.129 503844 401.62 -2.78924
770 990.738 517566 401.363 -2.78599
780 1115.66 468601 401.23 -2.78411
790 995.758 531999 400.883 -2.7805
800 969.826 585077 400.889 -2.78055
810 1168.89 472138 401.633 -2.78811
820 1148.18 448412 402.167 -2.79322
830 876.313 524734 402.248 -2.79457
840 910.26 460802 402.44 -2.79682
850 1062.7 415858 402.23 -2.79546
860 880.612 542048 401.292 -2.78702
870 781.65 575514 400.735 -2.78084
880 981.076 489756 400.87 -2.78191
890 906.66 559834 401.076 -2.78364
900 945.209 528702 401.812 -2.79132
910 1076.49 422624 402.781 -2.79986
920 1047.38 422612 403.003 -2.80149
930 912.312 483373 402.445 -2.79645
940 959.259 498072 401.666 -2.78882
950 1038.57 541052 400.919 -2.78128
960 1091.95 550547 400.596 -2.77784
970 1057.04 512197 400.775 -2.77996
980 887.373 549600 401.173 -2.7845
990 862.314 527112 402.036 -2.79384
1000 982.824 440065 403.125 -2.80415
1010 1062.99 385796 403.575 -2.80787
1020 906.669 477668 402.921 -2.80237
1030 813.752 545588 402.03 -2.79312
1040 972.7 461569 401.468 -2.78739
1050 825.698 577957 400.736 -2.77982
1060 843.736 584704 400.737 -2.77931
1070 1115.89 456245 401.516 -2.78625
1080 1101.88 490972 401.984 -2.78989
1090 1019.68 533282 402.365 -2.79369
1100 1167.68 431221 402.946 -2.79939
1110 1145.97 418563 402.865 -2.79938
1120 852.489 560772 402.072 -2.79252
1130 840.357 531868 401.765 -2.78941
1140 972.383 460263 401.774 -2.78963
1150 852.489 556251 401.535 -2.78729
1160 866.142 541708 401.791 -2.78988
1170 1061.58 432813 402.404 -2.7953
1180 1068.58 466795 402.424 -2.79518
1190 879.324 561333 402.163 -2.79253
1200 975.078 461880 402.355 -2.79431
1210 1071.34 437247 402.219 -2.7931
1220 922.412 568118 401.581 -2.78684
1230 987.317 526402 401.494 -2.78578
1240 1132.8 462671 401.686 -2.78767
1250 1017.33 530221 401.613 -2.78729
1260 938.637 536574 401.808 -2.78976
1270 977.921 458208 402.305 -2.79485
1280 842.78 495686 402.474 -2.79654
1290 835.031 483134 402.543 -2.79712
1300 982.818 430819 402.38 -2.79547
1310 946.357 533550 401.641 -2.78819
1320 986.559 563883 401.205 -2.7831
1330 1041.36 476042 401.342 -2.78416
1340 903.086 519467 401.364 -2.78418
1350 931.845 552834 401.593 -2.78649
1360 1084.01 453303 402.249 -2.79266
1370 1095.2 439368 402.48 -2.79462
1380 1030.76 524703 402.166 -2.79183
1390 1082.1 485789 401.984 -2.79042
1400 993.999 468467 401.682 -2.78828
1410 893.168 563815 401.172 -2.78367
1420 1004.13 523064 401.212 -2.78435
1430 1015.08 457588 401.483 -2.78724
1440 838.545 527434 401.439 -2.78706
1450 867.284 518053 401.613 -2.78887
1460 1085 425956 401.889 -2.79132
1470 1105.12 475315 401.515 -2.78805
1480 959.523 550922 400.91 -2.78224
1490 925.772 516198 400.749 -2.78073
1500 952.422 511496 400.801 -2.78135
1510 941.657 561658 401.049 -2.78405
1520 1092.38 475298 401.809 -2.79184
1530 1074.99 428202 402.337 -2.79672
1540 856.852 503716 402.217 -2.79586
1550 907.652 484217 402.026 -2.79413
1560 954.674 479846 401.699 -2.79101
1570 1070.39 513794 401.197 -2.78607
1580 1170.52 527430 400.839 -2.78261
1590 1122.71 513435 400.754 -2.78239
1600 950.786 544691 400.865 -2.78439
1610 870.356 546094 401.445 -2.79132
1620 912.969 429507 402.379 -2.80057
1630 821.871 449940 402.688 -2.80318
1640 805.626 501387 402.483 -2.801
1650 972.478 451724 402.188 -2.7978
1660 1010.67 468460 401.441 -2.79077
1670 858.836 589491 400.497 -2.78064
1680 1033.55 533858 400.331 -2.77815
1690 1187.68 493742 400.565 -2.78005
1700 1107.74 530935 400.815 -2.78273
1710 1074.38 489866 401.309 -2.78819
1720 1056.44 450284 401.7 -2.79247
1730 1000.67 455726 401.591 -2.79228
1740 855.908 500794 401.049 -2.78784
1750 721.398 545256 400.52 -2.78272
1760 761.684 574544 400.49 -2.78224
1770 932.789 491122 401.141 -2.78836
1780 955.01 453102 401.739 -2.79304
1790 879.534 483565 401.903 -2.79381
1800 984.876 448960 401.807 -2.79224
1810 1053.02 474272 401.23 -2.78638
1820 1050.32 559555 400.45 -2.77811
1830 1087.5 559955 400.242 -2.77559
1840 1183.36 487464 400.611 -2.77946
1850 1090.06 487628 400.921 -2.783
1860 895.357 512855 401.121 -2.78568
1870 835.838 488398 401.408 -2.7889
1880 911.114 451758 401.56 -2.79045
1890 890.734 457162 401.226 -2.78746
1900 831.849 538024 400.52 -2.78036
1910 994.218 551340 400.166 -2.77609
1920 1136.83 497654 400.309 -2.77709
1930 1000.51 484541 400.466 -2.77852
1940 769.544 537380 400.53 -2.77915
1950 863.62 520427 400.926 -2.78299
1960 1170.13 436821 401.471 -2.78758
1970 1191.57 446486 401.425 -2.78705
1980 968.552 515616 400.862 -2.7821
1990 893.053 537533 400.435 -2.77798
2000 1065.22 510614 400.369 -2.77748
2010 1112.38 499331 400.446 -2.77859
2020 940.994 506587 400.528 -2.77997
2030 756.241 525872 400.705 -2.78209
2040 895.576 476884 401.082 -2.78574
2050 900.502 472344 401.259 -2.78706
2060 850.219 501444 401.169 -2.78579
2070 927.613 501456 401.07 -2.78423
2080 1059.38 485850 400.976 -2.78267
2090 1111.7 498892 400.763 -2.78019
2100 1119.88 520990 400.553 -2.77809
2110 1081.95 522913 400.559 -2.77848
2120 1059.21 494796 400.783 -2.78128
2130 1029.86 487996 400.974 -2.78379
2140 917.433 516502 401.075 -2.78544
2150 840.523 492975 401.301 -2.78807
2160 884.248 458353 401.436 -2.78945
2170 845.418 495687 401.202 -2.78709
2180 934.025 497552 400.885 -2.78363
2190 1034.43 498354 400.549 -2.77997
2200 1056.05 538522 400.25 -2.77668
2210 1053.45 535256 400.322 -2.77741
2220 1011.75 510599 400.764 -2.78204
2230 992.684 471428 401.297 -2.7874
2240 904.049 475245 401.562 -2.79002
2250 824.416 507006 401.589 -2.79026
2260 959.957 477153 401.63 -2.79042
2270 1094.07 448115 401.425 -2.78836
2280 1027.95 514269 400.764 -2.78213
2290 993.359 559942 400.252 -2.77686
2300 1059.47 518988 400.304 -2.77755
2310 1033.13 500829 400.592 -2.78074
2320 920.976 508377 400.915 -2.7843
2330 958.532 482391 401.289 -2.78818
2340 1022.77 482161 401.498 -2.79033
2350 960.373 496592 401.534 -2.79091
2360 867.792 468797 401.485 -2.79063
2370 770.013 509172 401.176 -2.78762
2380 794.357 553083 400.983 -2.78521
2390 1031.23 487669 401.248 -2.7871
2400 1213.93 462708 401.429 -2.78809
2410 1193.08 493017 401.259 -2.78646
2420 1032.91 525757 401.024 -2.78465
2430 902.468 525556 401.039 -2.78534
2440 894.449 514065 401.326 -2.78856
2450 841.288 497423 401.759 -2.79289
2460 888.68 460915 402.141 -2.79632
2470 903.522 453152 402.123 -2.7958
2480 913.511 488544 401.645 -2.7909
2490 977.036 517004 401.042 -2.78443
2500 1024.62 552788 400.647 -2.77987
2510 1003.52 546979 400.795 -2.7811
2520 1046.22 478646 401.378 -2.78672
2530 969.269 484045 401.811 -2.79065
2540 996.896 484592 402.055 -2.79298
2550 1075.44 460455 402.112 -2.79358
2560 1056.29 457407 401.757 -2.79074
2570 876.158 533213 401.035 -2.78416
2580 861.063 560987 400.639 -2.77999
2590 1033.96 496253 400.811 -2.78162
2600 1033.14 489992 401.011 -2.78351
2610 970.453 498394 401.114 -2.78462
2620 945.062 494262 401.187 -2.78543
2630 979.029 491889 401.208 -2.78566
2640 998.097 474776 401.12 -2.78491
2650 797.609 515925 400.831 -2.78212
2660 803.264 529577 400.691 -2.78042
2670 1006.67 502997 400.834 -2.78126
2680 1102.96 486366 401.023 -2.78253
2690 1057.16 488652 401.081 -2.7829
2700 934.446 517791 401.051 -2.7826
2710 988.084 498220 401.164 -2.78371
2720 999.346 483172 401.264 -2.78466
2730 915.778 512388 401.238 -2.78439
2740 982.739 485685 401.278 -2.78474
2750 973.454 492792 401.213 -2.78403
2760 966.253 497333 401.065 -2.78252
2770 961.62 512196 400.905 -2.78089
2780 1028.41 517702 400.878 -2.78054
2790 1089.94 486622 401.003 -2.78184
2800 939.11 505055 401.041 -2.78246
2810 930.312 504167 401.112 -2.78333
2820 1077.97 489209 401.219 -2.78449
2830 1064.02 484715 401.225 -2.78485
2840 964.663 483634 401.067 -2.78382
2850 899.085 521533 400.779 -2.78134
2860 918.751 545547 400.721 -2.7809
2870 981.74 496582 401.082 -2.78455
2880 1001.25 477973 401.433 -2.78788
2890 915.538 499570 401.593 -2.78944
2900 953.779 466202 401.685 -2.79027
2910 1001.54 475277 401.456 -2.7881
2920 980.733 539575 401.029 -2.78381
2930 1062.79 517171 400.946 -2.78293
2940 1076.26 475535 401.034 -2.78401
2950 880.732 524789 400.957 -2.78358
2960 831.251 518675 401.096 -2.78513
2970 1007.47 450682 401.367 -2.78757
2980 950.87 506450 401.237 -2.78618
2990 827.716 537717 401.157 -2.78517
3000 978.423 471877 401.386 -2.78706
3010 1064.78 470560 401.378 -2.78659
3020 980.879 524890 401.121 -2.78385
3030 1038.91 497185 401.038 -2.78293
3040 1109.25 508900 400.985 -2.78249
3050 1078.04 509760 401.016 -2.78321
3060 919.345 503586 401.146 -2.785
3070 814.988 526336 401.358 -2.78741
3080 992.563 465471 401.757 -2.79131
3090 1083.53 448528 401.829 -2.79198
3100 1000.7 511949 401.431 -2.78841
3110 976.813 510459 401.102 -2.78533
3120 1014.96 478085 400.859 -2.78328
3130 926.34 547846 400.498 -2.78002
3140 839.306 565325 400.606 -2.78135
3150 947.575 491730 401.329 -2.7886
3160 1022.93 451330 401.989 -2.79445
3170 913.535 477279 402.185 -2.79605
3180 833.318 472798 402.099 -2.79504
3190 864.037 481231 401.737 -2.79126
3200 1003.19 525553 401.217 -2.78551
3210 1057.41 529006 400.94 -2.78207
3220 1052.27 531197 400.991 -2.78229
3230 1029.42 503556 401.345 -2.78579
3240 979.502 482328 401.749 -2.78972
3250 949.377 469789 401.96 -2.79177
3260 872.179 499495 401.898 -2.79113
3270 959.915 472382 401.767 -2.7897
3280 1035.89 468816 401.365 -2.78588
3290 861.892 581608 400.759 -2.77968
3300 816.255 575805 400.923 -2.78129
3310 998.045 463569 401.801 -2.78951
3320 1062.84 451770 402.377 -2.79405
3330 914.693 521298 402.514 -2.79498
3340 1003.75 471146 402.75 -2.79704
3350 1169.82 422201 402.678 -2.79635
3360 1128.96 500735 401.901 -2.78956
3370 1012.31 551380 401.107 -2.78199
3380 847.883 547793 400.839 -2.77958
3390 837.877 512500 401.06 -2.78203
3400 844.848 495936 401.439 -2.78562
3410 930.039 484074 401.767 -2.7884
3420 1018.52 508331 401.97 -2.7899
3430 1105.96 466876 402.189 -2.79175
3440 985.855 450606 402.073 -2.79078
3450 803.589 533149 401.538 -2.78559
3460 1059.06 512419 401.254 -2.7824
3470 1200.25 484545 401.112 -2.78097
3480 979.032 529030 400.881 -2.7791
3490 840.464 563957 400.965 -2.78039
3500 1058.19 481968 401.615 -2.78717
3510 1066.47 454789 402.131 -2.79201
3520 864.831 493535 402.216 -2.79308
3530 867.221 472041 402.167 -2.7927
3540 1035.6 459339 401.828 -2.78957
3550 1034 515637 401.128 -2.78293
3560 895.436 558724 400.603 -2.77749
3570 870.044 531730 400.639 -2.77776
3580 876.743 539137 401.074 -2.78203
3590 1047.37 476648 401.843 -2.78928
3600 1150.24 438691 402.387 -2.79388
3610 1067.8 457714 402.312 -2.79337
3620 940.123 493194 401.804 -2.78893
3630 998.943 499352 401.195 -2.78333
3640 1031.99 540622 400.638 -2.77799
3650 1056.49 547753 400.491 -2.77682
3660 1065.08 508420 400.821 -2.78076
3670 917.172 497643 401.268 -2.78573
3680 658.895 511869 401.717 -2.79047
3690 757.732 465955 402.225 -2.79514
3700 1013.36 431958 402.375 -2.79581
3710 1124.66 443056 401.825 -2.7905
3720 993.22 517493 400.739 -2.78006
3730 969.288 584043 399.853 -2.77047
3740 1099.96 571426 399.814 -2.7699
3750 1189.47 504589 400.487 -2.77714
3760 987.322 497330 401.272 -2.78539
3770 868.09 478323 402.006 -2.79298
3780 1019.4 426243 402.46 -2.79739
3790 1111.15 441516 402.18 -2.79545
3800 971.187 505143 401.321 -2.78806
3810 799.62 554543 400.518 -2.78022
3820 834.69 574209 400.294 -2.77782
3830 1009.41 532391 400.816 -2.7832
3840 1073.65 458512 401.648 -2.79109
3850 928.816 458656 402.099 -2.79507
3860 890.744 476963 402.121 -2.79519
3870 1071.28 441777 401.827 -2.7925
3880 975.318 523472 401.043 -2.78515
3890 918.695 570754 400.485 -2.77918
3900 994.792 517786 400.606 -2.78028
3910 1081.5 487600 400.939 -2.7835
3920 1052.26 510322 401.201 -2.78626
3930 1008.19 472898 401.501 -2.78953
3940 926.509 463673 401.541 -2.79027
3950 831.317 495436 401.235 -2.78756
3960 868.671 498141 400.844 -2.78368
3970 896.638 547273 400.506 -2.77993
3980 988.811 534692 400.614 -2.78063
3990 937.439 498196 401.078 -2.78483
4000 806.602 497037 401.556 -2.78902
4010 920.422 477649 401.982 -2.79248
4020 1148.03 424881 402.124 -2.79307
4030 1175.09 446572 401.525 -2.78771
4040 1021.07 557848 400.461 -2.77747
4050 1034.92 567058 399.93 -2.77184
4060 1127.57 513464 400.07 -2.77376
4070 930.333 538052 400.441 -2.7782
4080 769.34 522989 401.184 -2.78645
4090 897.637 426974 402.075 -2.79474
4100 934.672 449468 402.294 -2.79631
4110 927.036 484136 401.972 -2.79301
4120 962.487 475076 401.435 -2.78769
4130 921.311 525961 400.71 -2.7803
4140 996.103 557771 400.259 -2.77516
4150 1147.29 526006 400.375 -2.77605
4160 1186.43 494421 400.777 -2.78021
4170 1027.79 480980 401.134 -2.78428
4180 762.441 478809 401.295 -2.78627
4190 825.585 503208 401.25 -2.78594
4200 937.787 522986 401.247 -2.78565
4210 1115.45 465849 401.409 -2.78696
4220 1117.46 469763 401.27 -2.78573
4230 1017.24 526538 400.867 -2.78215
4240 1004.01 507264 400.676 -2.78061
4250 1000.95 495166 400.577 -2.78012
4260 848.685 559035 400.512 -2.77987
4270 833.527 543737 401.014 -2.78544
4280 998.831 438920 401.879 -2.79351
4290 990.605 457015 402.216 -2.79615
4300 1032.8 468124 402.062 -2.79464
4310 1009.35 477839 401.574 -2.79017
4320 895.305 519111 400.884 -2.78358
4330 858.165 562524 400.427 -2.77868
4340 1025.48 526502 400.561 -2.77979
4350 1082.36 525920 401.029 -2.78435
4360 1104.18 486467 401.735 -2.79156
4370 1056.87 423811 402.258 -2.79667
4380 823.55 475740 402.07 -2.79535
4390 787.001 523830 401.621 -2.791
4400 939.525 481014 401.344 -2.78799
4410 974.5 482193 400.914 -2.78365
4420 916.208 565100 400.392 -2.77803
4430 1076.09 536521 400.464 -2.77839
4440 1159.95 469976 400.89 -2.7824
4450 865.399 534037 401.132 -2.78494
4460 721.658 525587 401.666 -2.7906
4470 959.856 419535 402.368 -2.79675
4480 1061.1 433601 402.316 -2.79574
4490 946.13 519913 401.622 -2.78883
4500 1077.2 510482 401.049 -2.78274
4510 1185.26 513340 400.625 -2.77857
4520 1088.44 548794 400.391 -2.77669
4530 958.634 523696 400.62 -2.77973
4540 953.081 503380 401.118 -2.78522
4550 982.195 489928 401.655 -2.79087
4560 973.073 448489 402.049 -2.79493
4570 860.046 434715 401.905 -2.79402
4580 777.994 524053 401.169 -2.78714
4590 907.694 535145 400.625 -2.78102
4600 1045.41 503318 400.424 -2.7785
4610 971.075 561951 400.374 -2.77766
4620 1085.01 504415 400.863 -2.78255
4630 1185.61 437224 401.389 -2.78745
4640 1036.44 498325 401.367 -2.7877
4650 898.137 516279 401.287 -2.78741
4660 975.996 456976 401.3 -2.78793
4670 895.923 508944 400.976 -2.78512
4680 840.347 537975 400.724 -2.78258
4690 951.647 498014 400.823 -2.78335
4700 1002.61 503126 400.946 -2.78427
4710 901.365 534313 401.141 -2.78607
4720 929.018 471611 401.597 -2.79028
4730 959.646 463897 401.812 -2.79184
4740 1007.88 469201 401.642 -2.78992
4750 980.155 474436 401.142 -2.78508
4760 912.25 530120 400.433 -2.77795
4770 981.85 547605 400.022 -2.77332
4780 1040.36 524230 400.09 -2.77375
4790 986.995 521650 400.449 -2.77731
4800 959.045 488750 401.003 -2.78275
4810 951.803 464831 401.445 -2.78678
4820 988.76 470216 401.527 -2.78743
4830 1007.26 492958 401.312 -2.7853
4840 1071 489616 400.998 -2.78233
4850 1073.6 497480 400.59 -2.7787
4860 1018.39 550086 400.215 -2.77537
4870 1002.44 544526 400.329 -2.77709
4880 1002 481767 400.864 -2.78292
4890 869.072 481715 401.267 -2.78707
4900 828.561 490124 401.473 -2.78918
4910 885.27 472894 401.547 -2.78971
4920 989.544 475407 401.35 -2.78757
4930 988.858 507854 400.923 -2.78318
4940 916.885 547161 400.603 -2.77965
4950 1077.58 498490 400.702 -2.78038
4960 1132.68 491445 400.832 -2.78158
4970 975.209 553066 400.954 -2.78316
4980 1055.28 483044 401.498 -2.78901
4990 1084.3 456765 401.912 -2.79328
5000 884.738 496088 401.919 -2.79388
5010 794.684 493156 401.842 -2.79339
5020 944.667 467107 401.669 -2.79173
5030 1045.31 510422 401.225 -2.78735
5040 1077.17 504751 400.843 -2.78353
5050 938.441 525089 400.556 -2.78089
5060 949.332 541778 400.548 -2.78095
5070 1121.76 473373 400.894 -2.7845
5080 956.172 500504 401.059 -2.78636
5090 817.206 533970 401.235 -2.7884
5100 910.957 483603 401.696 -2.79293
5110 1123.26 417789 401.954 -2.79514
5120 991.403 495160 401.47 -2.7909
5130 776.96 562491 400.932 -2.78535
5140 900.135 521289 400.975 -2.78549
5150 1152.69 476067 401.239 -2.78768
5160 1121.91 500118 401.326 -2.78846
5170 963.202 491186 401.374 -2.78927
5180 842.963 481363 401.329 -2.78909
5190 813.064 513955 401.134 -2.78712
5200 928.875 501243 401.046 -2.78588
5210 1041.95 482735 400.97 -2.78472
5220 964.468 512361 400.765 -2.78242
5230 916.328 518474 400.674 -2.78122
5240 1024.87 494497 400.755 -2.78172
5250 1070.9 489604 400.802 -2.78197
5260 1047.15 492424 400.742 -2.78147
5270 892.489 531503 400.647 -2.7807
5280 861.615 514884 400.834 -2.78261
5290 941.189 483657 401.175 -2.78568
5300 1049.47 472402 401.354 -2.78707
5310 1121.57 475601 401.25 -2.78604
5320 1019.73 510020 400.919 -2.78312
5330 851.714 525206 400.685 -2.781
5340 874.273 526592 400.714 -2.78132
5350 955.961 520868 401.031 -2.78438
5360 991.797 475440 401.532 -2.78902
5370 986.855 457636 401.787 -2.79116
5380 970.911 496167 401.646 -2.78968
5390 1028.07 485750 401.413 -2.78733
5400 1031.33 494434 401.049 -2.78394
5410 962.919 551511 400.703 -2.78052
5420 1026.54 501248 400.788 -2.78149
5430 952.851 510247 400.965 -2.78339
5440 917.656 516692 401.246 -2.78635
5450 982.305 482253 401.667 -2.79046
5460 1091.88 450928 401.894 -2.7926
5470 1051 476868 401.65 -2.79065
5480 989.662 512806 401.167 -2.7864
5490 915.436 532717 400.821 -2.78323
5500 882.681 533737 400.822 -2.78341
5510 921.379 499568 401.149 -2.78667
5520 983.255 470038 401.479 -2.78966
5530 972.418 488356 401.528 -2.78998
5540 894.065 513207 401.465 -2.78922
5550 927.067 492616 401.493 -2.78926
5560 936.452 513245 401.501 -2.78899
5570 937.596 495992 401.602 -2.78961
5580 948.724 489683 401.689 -2.79
5590 1103.91 458295 401.625 -2.78907
5600 1096.42 499630 401.199 -2.785
5610 970.264 535774 400.767 -2.7808
5620 953.34 521372 400.684 -2.78009
5630 996.724 503992 400.831 -2.78168
5640 921.287 500018 401.04 -2.78384
5650 878.145 491737 401.243 -2.78578
5660 954.118 489786 401.362 -2.78673
5670 1113.36 480819 401.368 -2.78658
5680 1153.36 485024 401.177 -2.78495
5690 948.261 539347 400.89 -2.78257
5700 882.739 529385 400.967 -2.7837
5710 984.271 472067 401.313 -2.78722
5720 963.77 485843 401.434 -2.78844
5730 891.754 497995 401.4 -2.78814
5740 948.153 473226 401.304 -2.78716
5750 1017.07 503883 400.984 -2.78398
5760 1054.77 524884 400.708 -2.78113
5770 991.976 501461 400.651 -2.78071
5780 849.737 541318 400.695 -2.78126
5790 940.185 516931 401.111 -2.78549
5800 988.522 463119 401.684 -2.79078
5810 952.124 449011 401.89 -2.79245
5820 894.16 492053 401.603 -2.78959
5830 937.458 498443 401.199 -2.78533
5840 1001.06 493993 400.771 -2.78088
5850 966.63 546879 400.359 -2.77641
5860 1024.26 539588 400.389 -2.77649
5870 1050.38 517729 400.84 -2.781
5880 1032.91 496509 401.486 -2.78748
5890 1045.62 444762 402.051 -2.79297
5900 963.728 454431 402.074 -2.79348
5910 869.873 504759 401.653 -2.78967
5920 982.255 495257 401.223 -2.7855
5930 1042.79 519524 400.792 -2.7813
5940 984.222 552121 400.592 -2.77938
5950 1008.57 505381 400.878 -2.7825
5960 988.011 466971 401.226 -2.78602
5970 824.975 506675 401.308 -2.7869
5980 923.119 481604 401.384 -2.78755
5990 1071.19 470006 401.283 -2.78642
6000 992.173 515331 400.921 -2.7829
6010 930.769 530137 400.703 -2.78067
6020 1029.65 499727 400.764 -2.78127
6030 962.441 519306 400.888 -2.78251
6040 1004.7 499570 401.174 -2.78542
6050 1116.09 461839 401.436 -2.78807
6060 963.323 496630 401.361 -2.78771
6070 887.38 524737 401.253 -2.78691
6080 989.403 490731 401.339 -2.7879
6090 993.157 508317 401.4 -2.78858
6100 990.928 478344 401.484 -2.78956
6110 847.473 504533 401.412 -2.78893
6120 970.266 497589 401.345 -2.78818
6130 1066.56 494455 401.271 -2.78733
6140 983.562 511926 401.149 -2.78621
6150 848.689 565768 401.217 -2.78703
6160 1014.54 491162 401.853 -2.7935
6170 1131.99 431534 402.412 -2.79845
6180 1008.21 473100 402.326 -2.79788
6190 883.484 498923 401.929 -2.79435
6200 900.988 500365 401.512 -2.79033
6210 1003.65 500721 401.098 -2.78626
6220 914.14 572377 400.787 -2.78303
6230 947.351 538480 401.147 -2.78682
6240 967.512 465685 401.892 -2.79382
6250 856.77 472377 402.335 -2.7976
6260 860.218 489301 402.485 -2.79862
6270 1035.27 458345 402.472 -2.79794
6280 1238.24 439593 402.016 -2.79364
6290 1159.25 519438 401.021 -2.78463
6300 984.2 587144 400.242 -2.77689
6310 857.958 584413 400.346 -2.77858
6320 831.834 518143 401.304 -2.78911
6330 838.861 445034 402.438 -2.79953
6340 837.203 444294 403.038 -2.80434
6350 934.791 441877 403.023 -2.80359
6360 1100.27 435085 402.366 -2.79735
6370 1127.51 508934 401.103 -2.78551
6380 992.054 609923 399.996 -2.77354
6390 940.616 578187 399.949 -2.77298
6400 935.883 517210 400.729 -2.78119
6410 965.035 477144 401.707 -2.79061
6420 995.271 430519 402.417 -2.7969
6430 995.86 428244 402.407 -2.7968
6440 873.682 506629 401.707 -2.79034
6450 878.205 515866 401.022 -2.78317
6460 1038.13 514192 400.506 -2.77775
6470 1051.91 582581 400.239 -2.77475
6480 1096.97 530273 400.739 -2.78018
6490 1084.54 458644 401.544 -2.78818
6500 989.118 469685 401.981 -2.79258
6510 897.526 485185 402.086 -2.79396
6520 944.361 464360 401.997 -2.79337
6530 1016.22 459895 401.539 -2.78948
6540 888.271 532916 400.742 -2.78194
6550 860.759 557043 400.261 -2.77676
6560 961.89 538996 400.367 -2.77763
6570 1028.16 511278 400.886 -2.78266
6580 1041.58 487386 401.527 -2.78877
6590 953.724 467303 402.029 -2.79349
6600 930.893 448084 402.174 -2.7948
6610 1024.74 457816 401.783 -2.79129
6620 1066.13 504403 400.981 -2.78379
6630 1067.19 540703 400.238 -2.77642
6640 1067.78 536391 399.902 -2.77336
6650 943.921 551103 399.989 -2.77486
6660 828.448 534451 400.602 -2.78176
6670 952.427 452599 401.506 -2.79055
6680 982.268 451779 401.978 -2.79462
6690 882.153 472962 401.942 -2.7942
6700 961.797 457946 401.572 -2.79071
6710 1036.28 503253 400.828 -2.78355
6720 1101.65 535446 400.112 -2.77622
6730 1091.89 570395 399.803 -2.77325
6740 1031.29 563217 400.215 -2.77836
6750 1047.47 493748 401.247 -2.78956
6760 1022.97 450596 402.225 -2.79921
6770 892.635 452680 402.703 -2.80404
6780 791.552 456526 402.662 -2.80399
6790 825.781 459672 402.15 -2.79935
6800 919.495 509832 401.258 -2.79066
6810 963.087 557741 400.497 -2.78218
6820 1071.49 516641 400.273 -2.77935
6830 986.56 536253 400.305 -2.77948
6840 862.809 541573 400.713 -2.78368
6850 929.811 483311 401.504 -2.7913
6860 986.659 447381 402.128 -2.79654
6870 1027.55 447436 402.217 -2.79697
6880 1091.84 450809 401.728 -2.79257
6890 1096.7 528802 400.804 -2.7839
6900 1064.52 573111 400.173 -2.77754
6910 964.932 543843 400.268 -2.77905
6920 928.25 497312 400.825 -2.78512
6930 884.976 483011 401.378 -2.7906
6940 879.955 475333 401.749 -2.79413
6950 947.962 452090 401.833 -2.79476
6960 1011.89 454981 401.425 -2.79095
6970 977.842 511153 400.594 -2.78303
6980 947.824 575032 399.913 -2.77574
6990 1032.95 546932 399.954 -2.77601
7000 1056.6 508820 400.498 -2.78158
7010 1011.2 493104 401.156 -2.78819
7020 990.551 469238 401.726 -2.79383
7030 970.344 446332 401.954 -2.79615
7040 938.71 464335 401.645 -2.79359
7050 921.146 505180 400.976 -2.78737
7060 937.737 538867 400.378 -2.7812
7070 1033.6 514611 400.144 -2.7787
7080 969.96 522063 400.117 -2.77842
7090 963.562 517391 400.311 -2.78042
7100 1000.75 499317 400.684 -2.78413
7110 1040.21 470397 401.036 -2.78754
7120 990.535 465220 401.087 -2.78821
7130 840.632 504512 400.817 -2.78576
7140 906.038 499532 400.548 -2.78302
7150 1020.62 508613 400.303 -2.78038
7160 999.438 546186 400.186 -2.77905
7170 1049.09 521796 400.508 -2.78236
7180 1073.85 476251 401.042 -2.7877
7190 903.214 485052 401.374 -2.79107
7200 771.699 490221 401.536 -2.7927
7210 840.456 469021 401.567 -2.79272
7220 1020.84 451746 401.267 -2.78952
7230 1034.98 506792 400.526 -2.7822
7240 875.647 584123 399.903 -2.77532
7250 895.642 540870 400.065 -2.77665
7260 1012.95 502247 400.682 -2.7823
7270 1044.14 507525 401.364 -2.7886
7280 1089.51 459504 402.064 -2.79511
7290 1069.49 424243 402.329 -2.79756
7300 944.139 474706 401.863 -2.79367
7310 926.665 509668 401.111 -2.78657
7320 1055.86 520334 400.458 -2.78012
7330 1102.1 540656 400.047 -2.7762
7340 941.794 559702 400.089 -2.77716
7350 840.67 512897 400.7 -2.78385
7360 760.025 486871 401.478 -2.79136
7370 820.513 441747 402.079 -2.79653
7380 908.117 425916 402.07 -2.7958
7390 904.429 505931 401.359 -2.78851
7400 939.553 551204 400.694 -2.78073
7410 1118.36 501261 400.495 -2.7778
7420 1200.08 511137 400.377 -2.77622
7430 1120.86 560531 400.436 -2.77706
7440 1119.22 502957 401.028 -2.78377
7450 1064.52 463405 401.676 -2.79066
7460 1039.29 470561 401.965 -2.79422
7470 939.893 474288 401.933 -2.79478
7480 856.937 458672 401.598 -2.79242
7490 723.27 536292 400.927 -2.78621
7500 766.297 565884 400.612 -2.78258
7510 980.456 500955 400.911 -2.78501
7520 979.477 518431 401.321 -2.78838
7530 950.476 476281 401.854 -2.79311
7540 987.934 431294 402.125 -2.79504
7550 985.796 476223 401.742 -2.79117
7560 951.256 528861 401.118 -2.78468
7570 944.817 522951 400.757 -2.7806
7580 968.907 524036 400.663 -2.77929
7590 996.031 529838 400.845 -2.78086
7600 980.396 478939 401.28 -2.78489
7610 876.319 486770 401.554 -2.7872
7620 892.696 491106 401.676 -2.78801
7630 1008.29 479215 401.685 -2.78763
7640 1004.62 481800 401.49 -2.78537
7650 978.444 517658 401.13 -2.78165
7660 934.492 555326 400.992 -2.77997
7670 1109.3 479398 401.315 -2.78299
7680 973.855 516732 401.552 -2.78523
7690 884.888 510754 401.918 -2.789
7700 1007.32 434101 402.325 -2.79271
7710 1000.23 450332 402.108 -2.79077
7720 915.961 524598 401.423 -2.78414
7730 998.81 509583 400.921 -2.7789
7740 1015.1 515689 400.554 -2.77527
7750 899.088 566858 400.429 -2.77396
7760 1075.49 483150 400.867 -2.77837
7770 1005.77 493529 401.235 -2.78183
7780 943.394 508493 401.533 -2.78495
7790 1003.75 448354 401.838 -2.78795
7800 888.155 466226 401.667 -2.7865
7810 756.742 537864 401.189 -2.78171
7820 920.538 528213 401.052 -2.77979
7830 1183.58 460517 401.157 -2.78024
7840 1122.34 513393 400.971 -2.77834
7850 1026.94 540976 400.904 -2.77796
7860 989.366 500216 401.217 -2.78148
7870 968.736 480932 401.553 -2.78504
7880 915.133 489362 401.714 -2.78682
7890 926.037 472386 401.725 -2.78707
7900 888.217 498367 401.494 -2.78483
7910 983.828 494881 401.211 -2.78191
7920 1015.8 519314 400.919 -2.77887
7930 1074.27 517091 400.813 -2.77776
7940 1014.07 498684 400.874 -2.77856
7950 796.686 541588 401.002 -2.78005
7960 917.096 493073 401.468 -2.78464
7970 1051.97 470783 401.902 -2.78843
7980 1089.53 449682 402.001 -2.78929
7990 936.157 490260 401.631 -2.786
8000 960.702 506663 401.128 -2.78117
8010 1062.65 518128 400.717 -2.77712
8020 1116.24 508226 400.478 -2.77501
8030 1035.06 536099 400.381 -2.7746
8040 957.348 535750 400.649 -2.77804
8050 925.931 477756 401.24 -2.78429
8060 970.322 473443 401.645 -2.78833
8070 971.364 477057 401.768 -2.78973
8080 915.583 461168 401.617 -2.78856
8090 924.336 496340 401.109 -2.78386
8100 1001.2 523733 400.565 -2.77834
8110 1040.68 523079 400.252 -2.77518
8120 888.095 563455 400.248 -2.77527
8130 871.576 527671 400.853 -2.78171
8140 1041.29 437565 401.693 -2.78938
8150 1093.82 458624 401.963 -2.79155
8160 992.602 499168 401.806 -2.79016
8170 1012.16 465473 401.564 -2.78811
8180 1023.44 499277 401.023 -2.7834
8190 895.165 576196 400.545 -2.7787
8200 880.022 521049 400.746 -2.78088
8210 865.998 493737 401.216 -2.78534
8220 966.279 479977 401.629 -2.78899
8230 1066.02 440638 401.788 -2.79014
8240 1099.2 469045 401.379 -2.78642
8250 1083.28 520765 400.666 -2.77977
8260 920.853 553390 400.172 -2.77503
8270 800.199 546864 400.23 -2.77582
8280 920.355 502806 400.752 -2.78101
8290 1079.83 472931 401.323 -2.78622
8300 1122.26 451518 401.593 -2.78869
8310 926.758 500362 401.419 -2.7873
8320 901.677 498944 401.198 -2.78529
8330 958.131 492155 400.966 -2.7831
8340 860.034 538928 400.715 -2.78051
8350 829.813 534566 400.839 -2.78153
8360 978.804 473590 401.278 -2.78534
8370 1061.31 462285 401.479 -2.78664
8380 1056.6 507484 401.335 -2.78497
8390 1060.38 492910 401.209 -2.78371
8400 975.946 483080 401.019 -2.7821
8410 837.013 522828 400.707 -2.77913
8420 918.309 529578 400.611 -2.77802
8430 1078.62 504414 400.809 -2.77976
8440 1093.23 491596 401.069 -2.78227
8450 975.322 489937 401.249 -2.78421
8460 970.208 481649 401.314 -2.78509
8470 901.692 498856 401.208 -2.78423
8480 854.996 512705 401.093 -2.78306
8490 986.774 498282 401.087 -2.78278
8500 1118.85 507850 401.098 -2.78268
8510 1134.12 498875 401.173 -2.7836
8520 1038.17 486436 401.236 -2.78473
8530 923.461 494068 401.177 -2.78471
8540 868.221 516027 401.074 -2.78403
8550 848.288 515392 401.12 -2.78458
8560 839.358 504169 401.333 -2.78648
8570 1005.52 472370 401.563 -2.78828
8580 1093.76 473306 401.534 -2.78762
8590 1062.13 488038 401.223 -2.78466
8600 892.323 546420 400.845 -2.781
8610 887.399 534802 400.903 -2.78156
8620 1002.57 486956 401.305 -2.7853
8630 1050.37 475164 401.6 -2.78795
8640 1017.91 477190 401.639 -2.78833
8650 1027.02 487421 401.44 -2.78659
8660 1057.79 501940 401.116 -2.78374
8670 1014.99 526518 400.836 -2.78136
8680 965.904 505885 400.798 -2.78139
8690 936.471 512784 400.86 -2.78236
8700 883.098 523678 401.069 -2.78469
8710 895.023 481808 401.476 -2.78867
8720 904.626 469878 401.715 -2.79069
8730 941.827 492183 401.665 -2.78988
8740 1048.07 482794 401.498 -2.78795
8750 1011.07 485503 401.162 -2.78463
8760 913.12 543793 400.739 -2.78033
8770 1022.47 537869 400.729 -2.78009
8780 1080.17 493208 401.097 -2.7837
8790 998.259 490504 401.432 -2.78708
8800 934.081 477033 401.653 -2.78939
8810 976.005 455657 401.61 -2.78916
8820 954.583 511173 401.177 -2.78515
8830 910.458 534824 400.838 -2.78169
8840 874.655 505439 400.829 -2.78145
8850 919.277 499045 400.911 -2.78196
8860 965.935 501796 400.987 -2.78231
8870 932.835 514412 401.102 -2.78305
8880 938.813 493655 401.332 -2.7849
8890 980.455 490957 401.519 -2.78625
8900 1049.32 493965 401.611 -2.78676
8910 1059.15 498011 401.643 -2.78689
8920 1069.86 492723 401.648 -2.78699
8930 1082.8 490144 401.577 -2.78663
8940 993.976 506392 401.426 -2.78566
8950 935.653 529767 401.358 -2.78541
8960 1070.39 490505 401.552 -2.78774
8970 1062.78 467206 401.659 -2.78928
8980 886.752 523649 401.499 -2.78828
8990 819.02 519214 401.535 -2.78894
9000 843.397 470233 401.733 -2.79081
9010 888.823 493870 401.687 -2.79005
9020 1000.52 541693 401.603 -2.78876
9030 1202.42 486557 401.871 -2.79111
9040 1205.51 436583 401.993 -2.79252
9050 921.49 541126 401.598 -2.78939
9060 879.004 549890 401.548 -2.7893
9070 988.464 475657 401.963 -2.79363
9080 918.854 489041 402.204 -2.79602
9090 844.12 519380 402.343 -2.79742
9100 986.787 469377 402.607 -2.7998
9110 1078.89 451431 402.572 -2.79936
9120 866.163 526291 402.111 -2.79493
9130 830.664 517343 401.856 -2.79207
9140 1057.24 491837 401.774 -2.79089
9150 1100.53 548333 401.711 -2.79001
9160 1057.15 491668 402.045 -2.79345
9170 907.794 472697 402.325 -2.79629
9180 755.157 532390 402.403 -2.79707
9190 968.864 467418 402.694 -2.79965
9200 1012.3 436691 402.659 -2.79902
9210 823.133 567416 402.132 -2.7935
9220 1081.09 506831 402.118 -2.79282
9230 1168.53 451159 402.206 -2.7934
9240 880.006 538583 401.916 -2.79071
9250 885.29 529096 401.942 -2.79097
9260 1111.64 463887 402.24 -2.79368
9270 1165.58 475165 402.212 -2.7936
9280 931.557 533611 401.986 -2.79181
9290 989.594 470636 401.981 -2.79217
9300 987.685 504642 401.774 -2.79063
9310 805.891 560932 401.655 -2.78969
9320 798.459 488850 402.052 -2.79363
9330 892.024 480811 402.411 -2.79657
9340 1122.04 466961 402.538 -2.79723
9350 1104.86 466997 402.332 -2.7951
9360 944.434 479726 401.773 -2.79004
9370 914.708 559517 401.088 -2.78322
9380 992.617 565995 400.974 -2.7819
9390 964.828 529205 401.555 -2.78797
9400 1012.57 452042 402.386 -2.79592
9410 1026.4 449216 402.779 -2.79936
9420 966.636 461178 402.622 -2.79808
9430 833.036 507704 402.081 -2.79308
9440 811.007 548307 401.646 -2.78833
9450 1050.96 473231 401.606 -2.78744
9460 1159.32 487359 401.383 -2.78502
9470 1046.33 551665 401.079 -2.78208
9480 936.085 525710 401.249 -2.7841
9490 1041.42 468218 401.664 -2.7883
9500 1051.87 504508 401.835 -2.79019
9510 977.71 497359 402.007 -2.79233
9520 851.451 467187 402.124 -2.79377
9530 775.285 512305 401.976 -2.79234
9540 989.708 482454 401.878 -2.79105
9550 1247.13 448492 401.592 -2.78828
9560 1108.14 528065 400.876 -2.78187
9570 890.811 563038 400.431 -2.77761
9580 891.243 527242 400.599 -2.77966
9590 890.769 546852 401.132 -2.78534
9600 953.216 481582 402.071 -2.7948
9610 974.26 417068 402.804 -2.80109
9620 915.671 464275 402.74 -2.8003
9630 928.519 508978 402.295 -2.79574
9640 1086.12 458778 401.846 -2.79125
9650 1085.62 509411 401.078 -2.78408
9660 1015.68 568773 400.435 -2.77752
9670 988.824 529452 400.436 -2.77777
9680 944.777 538892 400.818 -2.78199
9690 936.462 523236 401.596 -2.79035
9700 1008.92 434975 402.536 -2.79929
9710 866.192 435157 402.855 -2.80203
9720 726.07 477627 402.512 -2.79874
9730 884.6 457323 401.857 -2.79225
9740 1043.22 497924 400.817 -2.78197
9750 1051.95 603251 399.857 -2.77116
9760 1078.63 569101 399.865 -2.77082
9770 1042.01 527756 400.628 -2.77884
9780 984.994 487836 401.683 -2.78946
9790 982.351 444693 402.591 -2.79789
9800 976.426 422276 402.91 -2.80078
9810 940.948 443830 402.415 -2.79677
9820 903.975 526683 401.405 -2.78708
9830 1036.09 511789 400.575 -2.77857
9840 977.182 563309 399.984 -2.77245
9850 972.161 582990 400.038 -2.77318
9860 912.571 547064 400.942 -2.78312
9870 964.582 462632 402.297 -2.79641
9880 1022.87 403433 403.256 -2.80443
9890 990.338 411119 403.215 -2.80407
9900 927.863 478983 402.27 -2.7958
9910 991.47 525350 401.096 -2.78409
9920 1100.06 534738 400.177 -2.77464
9930 1072.74 588957 399.705 -2.76989
9940 958.428 573583 400.131 -2.77519
9950 949.088 476273 401.257 -2.78697
9960 964.52 445754 402.188 -2.79552
9970 1020.82 447680 402.55 -2.79889
9980 1044.63 445584 402.337 -2.79734
9990 1013.07 457726 401.55 -2.79085
10000 912.493 552512 400.409 -2.7802
