# Time-averaged data for fix 4
# TimeStep c_mytemp c_mypress v_vmyvol v_avgEtotal
10 1797.7 -2362.98 672.075 -2.73923
20 1929.67 -6025.04 672.372 -2.73684
30 2090.41 -9291.4 672.575 -2.73477
40 2166.65 -11104.6 672.637 -2.73345
50 2043.09 -7479.52 672.539 -2.73303
60 1844.93 -4234.72 672.329 -2.73308
70 1775.97 -6295.94 672.054 -2.73311
80 1837.66 -8378.76 671.691 -2.73297
90 1979.13 -10089.9 671.208 -2.7328
100 2164.71 -11135.9 670.58 -2.733
110 2229.11 -11261.7 669.797 -2.73397
120 2182.27 -11694.5 668.857 -2.73582
130 2043.77 -9726.21 667.76 -2.73819
140 1863.99 -3549.17 666.542 -2.74043
150 1741 1816.24 665.295 -2.7421
160 1707.81 5805.25 664.099 -2.74311
170 1701.73 8525.72 663.017 -2.74355
180 1672.79 8599.11 662.085 -2.74352
190 1673.81 7753.74 661.303 -2.74308
200 1834.1 3703.34 660.653 -2.74233
210 2146.18 -3531.89 660.07 -2.74164
220 2326.25 -7857.21 659.453 -2.74176
230 2275.13 -7640.23 658.741 -2.7431
240 2201.22 -8868.75 657.929 -2.74536
250 2171.21 -8741.18 657.005 -2.74825
260 2101.85 -5203.32 655.975 -2.75146
270 1952.65 651.161 654.895 -2.75453
280 1937.21 3850.52 653.846 -2.75718
290 2000.52 1747.75 652.867 -2.7597
300 1954.75 3228.5 651.943 -2.7621
310 2005.14 24.404 651.081 -2.76442
320 1933.76 -590.632 650.242 -2.76676
330 1732.66 3464.26 649.422 -2.76861
340 1688.92 3701.13 648.663 -2.76987
350 1577.66 6594.98 647.981 -2.77042
360 1659.76 5599.34 647.406 -2.77035
370 1837.59 2652.57 646.925 -2.76986
380 1963.44 -1362.41 646.493 -2.76934
390 2064.99 -1993.61 646.059 -2.76911
400 2126.38 -2494.17 645.608 -2.76939
410 2122.03 -4513.26 645.132 -2.77031
420 1965.58 471.368 644.615 -2.77164
430 1864.71 5570.21 644.117 -2.77287
440 1889.78 6605.67 643.707 -2.77397
450 1705.15 16319.5 643.418 -2.77479
460 1594.42 23050.2 643.369 -2.77515
470 1675.33 18518.6 643.643 -2.77507
480 1745.6 12986 644.184 -2.77461
490 1800.44 10888.6 644.917 -2.77394
500 1930.7 6495.52 645.799 -2.77319
510 2012.73 2428.81 646.771 -2.77258
520 1925.71 1436 647.775 -2.77228
530 1748.44 2981.4 648.796 -2.77216
540 1703.54 -481.942 649.846 -2.7718
550 1948.63 -9372.79 650.874 -2.77108
560 2159.02 -16985.4 651.756 -2.7704
570 2103.81 -16562.7 652.392 -2.77044
580 1944.15 -11513 652.786 -2.77107
590 1949.38 -9525.01 653.006 -2.77186
600 2039.61 -8492.53 653.084 -2.77282
610 1989.35 -2849.52 653.048 -2.77404
620 1836.24 4026.7 652.978 -2.77526
630 1741.5 9043.48 652.972 -2.7762
640 1689.87 13878.1 653.106 -2.77673
650 1657.13 16307.7 653.447 -2.77687
660 1726.18 12924.2 654.023 -2.77665
670 1815.56 6891.1 654.786 -2.7761
680 1903.68 118.074 655.646 -2.77541
690 1880.93 -2296.07 656.508 -2.77476
700 1777.02 -4457.12 657.33 -2.77418
710 1681.97 -5507.02 658.081 -2.77347
720 1649.46 -4660.85 658.747 -2.77248
730 1767.39 -7386.86 659.333 -2.77115
740 2008.91 -12302.4 659.801 -2.76967
750 2035.33 -10729.7 660.09 -2.76856
760 1898.61 -8689.45 660.221 -2.76798
770 1941.84 -11792.5 660.215 -2.76768
780 2028.03 -13653.3 660.039 -2.76757
790 2147.1 -14942.7 659.665 -2.768
800 2044.92 -9328.51 659.086 -2.76903
810 1827.47 1196.65 658.387 -2.77018
820 1650.96 11509.7 657.723 -2.77083
830 1646.95 17139.7 657.241 -2.7709
840 1735.45 17707.9 657.022 -2.77053
850 1838.56 15173.2 657.075 -2.76997
860 1994.71 6715.89 657.353 -2.76944
870 2040.73 2342.16 657.741 -2.76919
880 1967.4 1823.84 658.169 -2.76936
890 1899.03 1565.83 658.626 -2.76973
900 1876.53 1131.94 659.104 -2.77011
910 1866.01 3593.98 659.605 -2.77045
920 1873.09 1431.26 660.151 -2.77073
930 1926.95 -1269.89 660.717 -2.77097
940 1956.9 -2429.99 661.264 -2.77128
950 1909.83 -1181.19 661.776 -2.77173
960 1767.24 -300.439 662.267 -2.77218
970 1558.84 3797.07 662.759 -2.77228
980 1575.36 889.605 663.296 -2.77184
990 1794.29 -6047.27 663.839 -2.77078
1000 1975.33 -10228.1 664.292 -2.76952
1010 1995.79 -13971.8 664.588 -2.76855
1020 1973.25 -16502.9 664.672 -2.76805
1030 1944.95 -16205.6 664.511 -2.76792
1040 1951.55 -16760.1 664.108 -2.76809
1050 1936.79 -17564.7 663.459 -2.76851
1060 1867.51 -15700.6 662.559 -2.76911
1070 1838.26 -13000.5 661.442 -2.76964
1080 2034.05 -13510.1 660.145 -2.77018
1090 2171.63 -11219.2 658.673 -2.77115
1100 2032.94 -2769 657.073 -2.77255
1110 1819.33 4355.23 655.461 -2.77384
1120 1672.24 9048.37 653.945 -2.77452
1130 1765.72 7599.85 652.586 -2.77469
1140 1898.05 1867.57 651.361 -2.7747
1150 1986.96 78.9944 650.196 -2.77484
1160 2086.14 -2565.4 649.055 -2.7753
1170 2147.9 -5541.11 647.899 -2.77636
1180 2049.5 -3905.1 646.696 -2.77795
1190 1901.47 -2614.27 645.46 -2.77963
1200 1780.55 -1641.02 644.211 -2.78107
1210 1808.57 -18.5171 642.968 -2.78201
1220 2064.35 -4894.43 641.741 -2.78291
1230 2043.06 -2931.66 640.479 -2.78419
1240 1735.2 7548.1 639.212 -2.78536
1250 1490.19 16268.5 638.078 -2.78573
1260 1497.48 16705.5 637.186 -2.78528
1270 1666.49 13000.5 636.544 -2.78425
1280 1683.92 14733 636.108 -2.78289
1290 1549.02 17350.8 635.892 -2.78135
1300 1564.93 14203.7 635.92 -2.77958
1310 1715.29 8565.36 636.15 -2.77741
1320 1809.18 9409.96 636.511 -2.77503
1330 1875.53 8164.15 637.002 -2.77279
1340 1806.47 9084.07 637.61 -2.77084
1350 1673.07 12294 638.349 -2.76917
1360 1722.26 8149.47 639.245 -2.76745
1370 1926.28 2888.9 640.25 -2.7655
1380 2000 5282.7 641.301 -2.76374
1390 2045.42 4661.8 642.414 -2.76256
1400 2048.46 5439.55 643.588 -2.76196
1410 1954.09 9044.48 644.835 -2.76194
1420 1828.99 12704 646.203 -2.76224
1430 1812.85 12670.5 647.74 -2.76258
1440 1845.62 12298.6 649.449 -2.76281
1450 1890.42 10708.2 651.322 -2.76302
1460 1883.56 7806.78 653.336 -2.76322
1470 1832.04 5468.89 655.447 -2.76335
1480 1828.4 3923.92 657.623 -2.76336
1490 1936.67 -1129.18 659.833 -2.76319
1500 1992.72 -5574.87 662.005 -2.76295
1510 1893.56 -5337.7 664.078 -2.7629
1520 1650.93 333.143 666.057 -2.76291
1530 1560.64 2492.17 668.017 -2.7627
1540 1719.48 -2427.53 669.986 -2.76187
1550 1867.91 -6811.85 671.898 -2.76053
1560 2011.81 -12278.7 673.682 -2.75911
1570 2005.49 -13937.6 675.26 -2.758
1580 1978.16 -15184.3 676.601 -2.75735
1590 2001.16 -14954.3 677.689 -2.75707
1600 1987.59 -12125.5 678.533 -2.75719
1610 1807.37 -7465.9 679.178 -2.75757
1620 1543.33 -4226.19 679.698 -2.75773
1630 1466.15 -3500.44 680.144 -2.75729
1640 1611.85 -7047.25 680.525 -2.75616
1650 1774.7 -10105.6 680.791 -2.75451
1660 1823.81 -8482.98 680.904 -2.75275
1670 1879.1 -9211.85 680.88 -2.75111
1680 1919.86 -10492.7 680.712 -2.74969
1690 1848.48 -7135.68 680.391 -2.74857
1700 1769.88 -3466.27 679.966 -2.74757
1710 1862.27 -4650.6 679.491 -2.74654
1720 1952.32 -7389.15 678.953 -2.74558
1730 1929.37 -7741.39 678.313 -2.74494
1740 1808.78 -5671.31 677.571 -2.7445
1750 1793.68 -6359.03 676.751 -2.74404
1760 1896.21 -7345.21 675.85 -2.74352
1770 1968.74 -7757.45 674.852 -2.74312
1780 1991.02 -5998.26 673.758 -2.74299
1790 2021.52 -6150 672.591 -2.74317
1800 2135.29 -8257.96 671.35 -2.74381
1810 2134.09 -8507.7 670.011 -2.74513
1820 1903.23 -4457.44 668.574 -2.74674
1830 1722.13 -206.45 667.1 -2.74799
1840 1806.64 -87.8567 665.648 -2.74868
1850 1994.56 -4005.18 664.219 -2.7493
1860 1907.67 -1355.67 662.771 -2.75009
1870 1731.02 2530.32 661.334 -2.75064
1880 1766.9 1345.57 659.96 -2.75084
1890 1820.72 889.021 658.637 -2.7508
1900 1857.75 1111.43 657.357 -2.75059
1910 2086.36 352.285 656.119 -2.75049
1920 2192.78 2947.6 654.919 -2.75089
1930 2140.07 5861.55 653.791 -2.75195
1940 2072.44 9418.01 652.777 -2.75349
1950 2000.34 13034.9 651.926 -2.75518
1960 1967.16 13998.6 651.284 -2.75696
1970 1843.45 16321 650.867 -2.75862
1980 1739.24 18801.1 650.704 -2.75994
1990 1763.07 14333.4 650.816 -2.76087
2000 1853.29 9353.96 651.144 -2.76152
2010 1980.8 6147 651.613 -2.76207
2020 2130.34 3032 652.172 -2.76287
2030 2091.14 1550.23 652.776 -2.76418
2040 1823.84 5463.2 653.408 -2.7657
2050 1587.95 11261.4 654.12 -2.76682
2060 1617.97 10932.9 654.986 -2.76734
2070 1637.08 12991.5 656.013 -2.76733
2080 1590.02 14573.3 657.226 -2.76695
2090 1665.79 8752.75 658.636 -2.76614
2100 1782.44 2298.45 660.165 -2.7648
2110 1799.6 -420.787 661.72 -2.76323
2120 1752.67 -1459.74 663.255 -2.76168
2130 1689.88 -3630.22 664.751 -2.76007
2140 1658 -3289.86 666.181 -2.75831
2150 1693.04 -5825.74 667.542 -2.75633
2160 1741.19 -8993 668.799 -2.7541
2170 1778.33 -10616.2 669.904 -2.75181
2180 1778.64 -10325.1 670.838 -2.74958
2190 1764.71 -11919.9 671.599 -2.74745
2200 1655.84 -11086.8 672.17 -2.74541
2210 1583.02 -9008.86 672.566 -2.74337
2220 1748.39 -12546.4 672.809 -2.74105
2230 1958.78 -13222.1 672.863 -2.73858
2240 2098.12 -11134 672.717 -2.7365
2250 2055.44 -7774.49 672.404 -2.73521
2260 1830.1 -1569.13 671.986 -2.73452
2270 1784.63 -1332.94 671.547 -2.73391
2280 2004.9 -7721.6 671.089 -2.73327
2290 2188.66 -11487.4 670.529 -2.73304
2300 2210.61 -12551.6 669.807 -2.73372
2310 2075.46 -8472.38 668.915 -2.73516
2320 1975.36 -4261.25 667.913 -2.7368
2330 1986.68 -2890.77 666.863 -2.73845
2340 2018.24 -1778.06 665.792 -2.74016
2350 2004 -63.9557 664.719 -2.74199
2360 1881.5 2933.1 663.67 -2.74373
2370 1715.29 4450.55 662.688 -2.74506
2380 1724.25 1757.63 661.79 -2.74585
2390 1895.6 -4776.21 660.933 -2.74635
2400 2032.43 -9490.28 660.027 -2.74699
2410 2073.25 -10966.9 659.003 -2.74801
2420 2057.7 -12226.5 657.834 -2.7495
2430 1958.58 -8863.74 656.515 -2.75123
2440 1858.64 -4220.58 655.092 -2.75279
2450 1802.42 1248.97 653.639 -2.75396
2460 1774.74 7327.38 652.235 -2.75464
2470 1824.92 10725.7 650.966 -2.75487
2480 1924.15 10186.6 649.876 -2.75502
2490 1784.65 13838.2 648.967 -2.75512
2500 1752.55 11936 648.273 -2.75502
2510 1948.69 7768.55 647.768 -2.75483
2520 1968.66 8020.75 647.395 -2.75479
2530 1758.76 12135.2 647.156 -2.75493
2540 1506.71 18012.3 647.107 -2.75478
2550 1602.94 14511.5 647.313 -2.75412
2560 2012.23 2299.66 647.72 -2.75294
2570 2270.22 -2551.3 648.171 -2.75199
2580 2120.21 2897.7 648.599 -2.75207
2590 1832.17 8290.18 649.069 -2.75272
2600 1865.08 1708.54 649.644 -2.75329
2610 1986.13 -4588.6 650.244 -2.75371
2620 2032.01 -7605.28 650.777 -2.75431
2630 2051.14 -10176.5 651.196 -2.7552
2640 2122.53 -11323 651.467 -2.75649
2650 2110.82 -8874.75 651.578 -2.75827
2660 2005.15 -589.256 651.569 -2.76037
2670 1818.81 10214.2 651.561 -2.76234
2680 1656.05 17778.7 651.706 -2.7638
2690 1644.38 18931.2 652.109 -2.76471
2700 1725.52 16996.5 652.788 -2.76513
2710 1862.22 11744.2 653.712 -2.76528
2720 1860.37 8851.18 654.807 -2.76531
2730 1759.3 10285.3 656.031 -2.76532
2740 1769.07 11633 657.4 -2.76523
2750 1905.18 9019.48 658.926 -2.76499
2760 1952.88 8411.62 660.579 -2.7648
2770 1867.88 9556.55 662.347 -2.76487
2780 1706.51 11113.5 664.246 -2.76502
2790 1655.53 10228.9 666.296 -2.76496
2800 1712.75 7110.35 668.481 -2.76444
2810 1842.55 4322.25 670.758 -2.76358
2820 1888.51 1163 673.08 -2.76256
2830 1803.16 902.922 675.403 -2.76163
2840 1806.48 985.223 677.718 -2.76073
2850 1936.81 -3017.16 680.02 -2.75973
2860 1909.25 -3480.24 682.256 -2.75879
2870 1774.39 -1122.42 684.418 -2.7581
2880 1688.62 1456.66 686.54 -2.75744
2890 1670.56 2025.76 688.66 -2.75658
2900 1683.31 2108.36 690.792 -2.75545
2910 1630.18 2528.02 692.937 -2.75408
2920 1499.4 2914.23 695.102 -2.75252
2930 1390.14 3606.01 697.294 -2.75067
2940 1431.54 112.818 699.516 -2.74829
2950 1626.35 -6860.48 701.71 -2.74502
2960 1707.07 -8092.69 703.772 -2.74121
2970 1681.69 -8531.89 705.672 -2.73752
2980 1633.46 -8455.63 707.402 -2.73403
2990 1504.45 -3493.21 708.976 -2.73077
3000 1454.53 -2330.48 710.464 -2.72763
3010 1593.96 -8312.7 711.883 -2.72408
3020 1740.88 -13859.2 713.141 -2.72005
3030 1794.45 -14514.4 714.148 -2.71609
3040 1830.09 -12637.7 714.893 -2.71257
3050 1946.42 -15677.1 715.398 -2.70947
3060 1946.25 -17958.5 715.624 -2.70692
3070 1806.49 -17801.7 715.535 -2.70507
3080 1616.51 -12747.8 715.146 -2.70356
3090 1643.46 -11296.9 714.536 -2.70194
3100 1903.84 -17715 713.727 -2.70011
3110 2055.3 -17940.8 712.636 -2.69854
3120 2039.54 -13467 711.261 -2.69765
3130 1997.53 -9603.67 709.68 -2.69727
3140 2055.96 -7374.34 707.964 -2.6973
3150 2016.16 -2912.08 706.162 -2.69765
3160 1953.77 713.918 704.348 -2.69819
3170 1845.2 3927.61 702.585 -2.69868
3180 1778.56 6214.31 700.928 -2.69892
3190 1869.87 2713.63 699.405 -2.69895
3200 2001.59 -1352.94 697.961 -2.69912
3210 2091.82 -3573.08 696.53 -2.69963
3220 2186.4 -8737.4 695.066 -2.70085
3230 2039.11 -6538.54 693.502 -2.70266
3240 1932.31 -4737.01 691.862 -2.70453
3250 1986.59 -6320.61 690.175 -2.70633
3260 2112.52 -8664.76 688.421 -2.70837
3270 2154.33 -9481.29 686.566 -2.71095
3280 1998.55 -3347.21 684.609 -2.71374
3290 1816.76 2711.25 682.64 -2.71598
3300 1832.1 1904.81 680.748 -2.71765
3310 1942.48 26.1767 678.929 -2.71912
3320 2065.28 -2139.4 677.15 -2.72072
3330 2029.53 -4343.17 675.375 -2.72268
3340 1739.9 3321.79 673.588 -2.72444
3350 1588.28 8989.03 671.89 -2.72525
3360 1771.72 6062.75 670.357 -2.72541
3370 1975.12 3995.27 668.954 -2.72546
3380 2023.95 5497.42 667.652 -2.72567
3390 2053.74 5990.31 666.464 -2.72622
3400 2111.47 4036.88 665.393 -2.72719
3410 2139.42 3479.93 664.412 -2.7287
3420 2110.05 2306.24 663.508 -2.73066
3430 2125.89 466.038 662.66 -2.73302
3440 2160.68 -1492.24 661.841 -2.73578
3450 2172.44 -1466.97 661.023 -2.73897
3460 2088.02 1005.28 660.207 -2.74243
3470 1851.3 4419.66 659.428 -2.7456
3480 1674.24 4207.65 658.73 -2.74789
3490 1791.92 -2853.26 658.105 -2.74953
3500 1936.21 -10565.5 657.452 -2.75097
3510 1978.6 -12901.4 656.664 -2.7525
3520 1973.76 -11791 655.707 -2.75412
3530 2015.88 -11008.2 654.595 -2.75583
3540 2079.95 -10734.4 653.345 -2.75777
3550 2090.73 -9959.69 651.965 -2.76002
3560 2077.01 -9283.43 650.469 -2.76254
3570 2079.51 -7582.32 648.873 -2.76524
3580 2099.95 -5731.58 647.201 -2.76812
3590 2028.94 -3917.53 645.485 -2.77109
3600 1866.77 -747.133 643.75 -2.77381
3610 1712.5 2726.2 642.044 -2.77576
3620 1774.39 1231.75 640.409 -2.7771
3630 1885.71 -238.252 638.827 -2.77812
3640 2017.5 -803.48 637.278 -2.77914
3650 2085.92 994.929 635.756 -2.78038
3660 2103.88 3632.93 634.283 -2.78196
3670 2026.84 10325.2 632.899 -2.78374
3680 1893.26 16680.5 631.691 -2.78534
3690 1856.6 18876.4 630.736 -2.7867
3700 1753.94 20100.7 630.064 -2.78779
3710 1634.14 19979.2 629.686 -2.78842
3720 1867.75 11855.8 629.584 -2.78867
3730 2144.94 4624.61 629.653 -2.78898
3740 2174.1 5463.31 629.802 -2.7899
3750 2149.01 7598.55 630.032 -2.7915
3760 2171.07 6617.88 630.365 -2.79368
3770 2125.63 5579.47 630.791 -2.79634
3780 1895.26 9538.82 631.3 -2.79909
3790 1668.83 16074 631.942 -2.80132
3800 1596.13 19116.3 632.8 -2.80288
3810 1605.8 17603.2 633.912 -2.8038
3820 1710.94 11143 635.253 -2.80411
3830 1797.68 7534.77 636.741 -2.80394
3840 1876.28 5029.83 638.322 -2.8036
3850 1936.34 1863.08 639.957 -2.80323
3860 1894.3 1697.76 641.606 -2.80299
3870 1689.67 5079.63 643.267 -2.80283
3880 1682 3537.68 644.979 -2.80247
3890 1861.62 -4229.02 646.714 -2.8016
3900 1883.23 -6685.32 648.378 -2.80053
3910 1742.82 -7041.21 649.928 -2.79957
3920 1594.66 -5525.52 651.362 -2.79852
3930 1587.22 -3477.4 652.699 -2.79718
3940 1704.02 -4677.97 653.965 -2.79542
3950 1800.18 -5208.68 655.15 -2.79339
3960 1816.46 -2501.15 656.25 -2.79141
3970 1859.58 -3391.41 657.296 -2.78959
3980 1867.29 -3722.42 658.282 -2.7879
3990 1777.88 275.021 659.211 -2.78647
4000 1797.19 -240.061 660.129 -2.78512
4010 1923.98 -2033.17 661.032 -2.78373
4020 1931.84 -1771.93 661.901 -2.78255
4030 1797.57 -2539.75 662.735 -2.78165
4040 1664.71 -3388.65 663.523 -2.78074
4050 1664.95 -5350.26 664.25 -2.77958
4060 1741.51 -8209.33 664.888 -2.77808
4070 1873.32 -10047.1 665.397 -2.77642
4080 1942.69 -8977.01 665.753 -2.77488
4090 1944.18 -4485.19 665.975 -2.77372
4100 1843.15 1021.22 666.132 -2.77288
4110 1751.25 2830.44 666.301 -2.77217
4120 1555.29 8496.02 666.525 -2.7713
4130 1593.19 7967.64 666.874 -2.77011
4140 1728.99 4286.82 667.34 -2.76845
4150 1797.12 2668.09 667.876 -2.76653
4160 2095.59 -5378.67 668.44 -2.76461
4170 2129.68 -9688.22 668.925 -2.76318
4180 2041.83 -10079.6 669.263 -2.7626
4190 2012.12 -12088.1 669.442 -2.76257
4200 2037.19 -14275.9 669.436 -2.76295
4210 1999.79 -13252.2 669.218 -2.76372
4220 1824.22 -9177.09 668.807 -2.76466
4230 1635.65 -4698.45 668.266 -2.76525
4240 1615.6 -1861.02 667.663 -2.7653
4250 1675.67 -189.522 667.046 -2.76477
4260 1833.94 -2495.57 666.434 -2.7639
4270 1877.77 -2853.9 665.804 -2.76299
4280 1824.12 -919.907 665.147 -2.76218
4290 1789.8 1305.69 664.493 -2.76137
4300 1784.43 1930.46 663.874 -2.76047
4310 1784.9 1361.23 663.297 -2.75949
4320 1807.28 1576.57 662.758 -2.75844
4330 1863.76 -620.487 662.253 -2.75738
4340 1899.01 -631.954 661.756 -2.75642
4350 1898.47 -445.133 661.264 -2.75564
4360 1768.21 -1034.93 660.776 -2.75501
4370 1661.42 -728.398 660.288 -2.75425
4380 1818.78 -4845.43 659.795 -2.75325
4390 2020.72 -9082.9 659.241 -2.7522
4400 2115.87 -7820.99 658.574 -2.7516
4410 2156.05 -5866.47 657.806 -2.7517
4420 2079.87 -4952.95 656.966 -2.75249
4430 1918.46 -2129.6 656.076 -2.75357
4440 1854.16 -3218.13 655.168 -2.75463
4450 1806.68 -3262.99 654.234 -2.75544
4460 1826.68 -4326.52 653.271 -2.75606
4470 1814.55 -1992.87 652.271 -2.75645
4480 1848.11 -3117.52 651.257 -2.75666
4490 1938.84 -3783.05 650.221 -2.75686
4500 1911.51 1025.19 649.159 -2.75711
4510 1791.75 5457.19 648.134 -2.75726
4520 1825.96 6756.54 647.207 -2.7572
4530 1987.59 6268.52 646.399 -2.75706
4540 2115.8 4079.16 645.697 -2.75725
4550 2069.11 7637.34 645.08 -2.75797
4560 1997.64 10315.2 644.588 -2.75903
4570 1983.79 11563.4 644.259 -2.76024
4580 2063.21 10019.5 644.103 -2.76164
4590 2147.01 6657.57 644.098 -2.76345
4600 2073.56 7417.24 644.202 -2.76571
4610 1810.25 14045.4 644.426 -2.76796
4620 1673.28 14340.4 644.846 -2.76963
4630 1779.09 10637.7 645.467 -2.77079
4640 1793.83 11329 646.247 -2.77159
4650 1765.89 11329.1 647.186 -2.77216
4660 1817.31 7644.37 648.278 -2.77247
4670 1874.77 2732.45 649.471 -2.77255
4680 1902.67 -2380.28 650.695 -2.77252
4690 1939.83 -6379.59 651.875 -2.77243
4700 2065.32 -11669.6 652.948 -2.77249
4710 2106.65 -13928.5 653.844 -2.77293
4720 1992.33 -11620.3 654.532 -2.77387
4730 1833.86 -8473.57 655.044 -2.77493
4740 1771.49 -6363.89 655.426 -2.77576
4750 1727.71 -3177.15 655.716 -2.77626
4760 1602.42 974.343 655.959 -2.77636
4770 1455.45 3709.68 656.218 -2.77593
4780 1467.13 3219.91 656.528 -2.77486
4790 1696.04 -915.412 656.882 -2.77311
4800 1960.87 -6666.51 657.22 -2.77091
4810 2051.92 -6529.59 657.468 -2.76898
4820 1973.29 -3865.3 657.621 -2.76772
4830 1805.37 1116.9 657.725 -2.76691
4840 1719.45 2666.09 657.844 -2.76616
4850 1729.79 279.026 658.002 -2.76519
4860 1881.64 -4062.44 658.166 -2.76405
4870 1975.56 -7602.72 658.271 -2.76294
4880 2000.87 -6946.79 658.272 -2.76222
4890 1935.11 -4005.9 658.176 -2.76189
4900 1793.2 2123.24 658.032 -2.76173
4910 1641.65 9181.21 657.929 -2.76143
4920 1521.47 13168.9 657.967 -2.76075
4930 1481.5 15776.3 658.206 -2.75961
4940 1582.42 11947.1 658.677 -2.75795
4950 1698.58 8685.64 659.328 -2.75582
4960 1797.01 7069.02 660.108 -2.75348
4970 1897.64 4538.17 660.99 -2.75118
4980 2024.69 -1032.06 661.931 -2.7491
4990 2017.09 -4029.81 662.852 -2.7475
5000 1836.64 846.317 663.719 -2.74647
5010 1798.53 673.789 664.585 -2.74567
5020 1846.43 -1152.97 665.453 -2.74479
5030 1843.74 797.91 666.303 -2.74393
5040 1840.42 2526.21 667.159 -2.74317
5050 1752.71 4765.8 668.051 -2.74245
5060 1666.1 4656.7 669.006 -2.74165
5070 1655.49 4735.94 670.028 -2.74058
5080 1753.63 2281.74 671.112 -2.73921
5090 1790.18 220.787 672.224 -2.73761
5100 1749.98 -481.214 673.333 -2.73601
5110 1936.48 -7944.63 674.416 -2.73434
5120 2062.74 -12833.7 675.368 -2.73274
5130 1882.23 -7670.1 676.124 -2.73173
5140 1717.86 -1453.92 676.754 -2.73106
5150 1688.13 681.298 677.352 -2.73025
5160 1669.77 1309.73 677.958 -2.72916
5170 1829.34 -3186.31 678.573 -2.72779
5180 2061.06 -6920 679.135 -2.72633
5190 2156.88 -7844.64 679.59 -2.72538
5200 2149.95 -9124.36 679.918 -2.72529
5210 2015.08 -8920.21 680.102 -2.7259
5220 1838.74 -5304.9 680.153 -2.72671
5230 1747.74 -3943.66 680.12 -2.72733
5240 1727.01 -4325.55 680.027 -2.72757
5250 1823.96 -6724.29 679.869 -2.72752
5260 1916.38 -7634.85 679.611 -2.72737
5270 1887.26 -3492.43 679.247 -2.72731
5280 1773.21 1310.18 678.84 -2.72721
5290 1785.6 2675.09 678.461 -2.72695
5300 1859.19 4732.79 678.137 -2.7265
5310 1950.39 5692.46 677.898 -2.72608
5320 1960.49 5916.25 677.76 -2.72585
5330 2073.78 1770.94 677.718 -2.72591
5340 2242.98 -4839.1 677.707 -2.72655
5350 2196.12 -5827.93 677.634 -2.72804
5360 2085.21 -4146.74 677.48 -2.73012
5370 2091.32 -3396.19 677.267 -2.73245
5380 2209.86 -5295.1 677.005 -2.73517
5390 2265.2 -6714.8 676.671 -2.73856
5400 2161.84 -5819.17 676.244 -2.74249
5410 1934.74 -207.688 675.745 -2.74625
5420 1802.01 2781.32 675.253 -2.7493
5430 1784.75 1875.49 674.811 -2.75168
5440 1749.01 1812.78 674.413 -2.75349
5450 1728.86 1585.84 674.056 -2.75473
5460 1780.32 -231.416 673.73 -2.75549
5470 1889.9 -2513.13 673.413 -2.75601
5480 1968.78 -4852.95 673.064 -2.75653
5490 2008.03 -3461.74 672.656 -2.75721
5500 2042.3 -4290.16 672.202 -2.75816
5510 1996.86 -4044.24 671.696 -2.75939
5520 1843.46 -4025.15 671.139 -2.76068
5530 1571.17 -854.648 670.538 -2.76158
5540 1380.71 1672.79 669.937 -2.76164
5550 1580.4 -5959.65 669.361 -2.76092
5560 1892.36 -14827.4 668.703 -2.75971
5570 1938.69 -15397.9 667.843 -2.75861
5580 1860.3 -12790 666.767 -2.75788
5590 1725.11 -8409.99 665.519 -2.75726
5600 1593.7 -3458.09 664.167 -2.75638
5610 1635.5 -771.638 662.784 -2.75507
5620 1702.72 2826.11 661.42 -2.75329
5630 1823.32 4239.23 660.123 -2.75126
5640 1945.42 1910.23 658.911 -2.74928
5650 1942.16 3582.39 657.76 -2.74766
5660 1899.79 4885.26 656.687 -2.74636
5670 2030.82 3239.3 655.705 -2.74536
5680 2160.27 3502.95 654.796 -2.74487
5690 2069.2 8597.35 653.967 -2.7451
5700 1675.65 17092.5 653.289 -2.74552
5710 1459.65 23141.7 652.879 -2.74546
5720 1567.36 18673.2 652.808 -2.74474
5730 1900.43 9620.6 653.016 -2.74357
5740 2119.99 -18.889 653.368 -2.74236
5750 2116.05 -2318.77 653.731 -2.74182
5760 2080.79 -1603.3 654.065 -2.74196
5770 2175.83 -4208.92 654.371 -2.7427
5780 2182.81 -2355.23 654.625 -2.74411
5790 2151.73 -3979.4 654.84 -2.74616
5800 2063.69 -8022.66 654.996 -2.7486
5810 1938.91 -8466.9 655.042 -2.75102
5820 1981.5 -10542.5 654.963 -2.75328
5830 2175.68 -13188.2 654.733 -2.7557
5840 2335.06 -15620.4 654.316 -2.75893
5850 2208.31 -11194 653.689 -2.763
5860 1826.07 -1728.37 652.918 -2.76679
5870 1564.17 4732.39 652.136 -2.76931
5880 1618.03 3760.88 651.43 -2.77072
5890 1889.34 -1172.92 650.792 -2.77162
5900 2118.66 -6608.2 650.15 -2.77263
5910 2138.34 -8413.73 649.432 -2.77419
5920 1999.51 -4764.94 648.616 -2.77611
5930 1928.18 -2557.26 647.745 -2.77798
5940 1846.55 561.43 646.858 -2.77965
5950 1700.12 5810.07 646.002 -2.78081
5960 1643.97 8419.45 645.246 -2.78135
5970 1729.8 6516.67 644.621 -2.78137
5980 1823.93 4687.48 644.106 -2.7811
5990 1882.01 3312.18 643.673 -2.78074
6000 2048.32 -284.977 643.297 -2.7805
6010 2158.53 -2642.74 642.93 -2.78076
6020 2018.81 760.581 642.544 -2.78161
6030 1824.26 3802.52 642.18 -2.78259
6040 1696.88 6726.78 641.881 -2.78326
6050 1670.45 9038.48 641.687 -2.78346
6060 1713.81 10388.9 641.63 -2.78324
6070 1758.13 9956.62 641.725 -2.78272
6080 1768.3 7625.42 641.966 -2.78203
6090 1755.67 5748.38 642.318 -2.78119
6100 1857.32 2858.94 642.752 -2.78022
6110 2022.21 -2431.5 643.225 -2.77927
6120 2074.38 -5626.8 643.664 -2.77871
6130 2000.25 -7749.41 644.024 -2.77864
6140 2075.49 -9975.13 644.272 -2.77899
6150 2055.13 -8005.36 644.383 -2.77977
6160 1892.74 -462.611 644.39 -2.78084
6170 1767.76 6792.3 644.397 -2.78173
6180 1835.87 5654.23 644.496 -2.78234
6190 1878.03 4501.67 644.681 -2.78277
6200 1918.47 5085.84 644.936 -2.78317
6210 1960.74 2356.12 645.264 -2.78365
6220 1916.46 649.137 645.629 -2.78422
6230 1863.5 -705.631 646.004 -2.78479
6240 1820.54 -234.865 646.37 -2.78526
6250 1753.64 779.428 646.736 -2.78551
6260 1811.54 -1122.01 647.109 -2.78552
6270 1827.49 866.141 647.471 -2.78534
6280 1868.42 2935.39 647.847 -2.78512
6290 1848.91 4781.23 648.266 -2.78493
6300 1612.73 10162.9 648.759 -2.78467
6310 1568.18 8458.18 649.392 -2.78409
6320 1775.02 -1144.88 650.134 -2.78292
6330 1922.36 -5798.65 650.862 -2.78143
6340 1917.78 -6331.76 651.506 -2.78014
6350 1838.92 -3589.57 652.058 -2.77914
6360 1759.81 1140.64 652.556 -2.77827
6370 1729.55 2230.46 653.066 -2.77734
6380 1711.75 4737.19 653.61 -2.77625
6390 1684.19 7541.21 654.224 -2.775
6400 1764.46 5909.15 654.94 -2.7736
6410 1802.94 4111.12 655.741 -2.77204
6420 1970.78 -2573.36 656.593 -2.77047
6430 2096.23 -9122.5 657.401 -2.7691
6440 2120.13 -10751.8 658.074 -2.76838
6450 1998.44 -8208.03 658.587 -2.76839
6460 1780.97 -3096.26 658.979 -2.76867
6470 1744.33 -3717.47 659.317 -2.76875
6480 1934.35 -8433.52 659.594 -2.76858
6490 2111.95 -11067.8 659.748 -2.76857
6500 2079.12 -7177.39 659.746 -2.76916
6510 1918.58 1342.06 659.649 -2.77004
6520 2061.05 -386.344 659.564 -2.77108
6530 2110.51 -300.133 659.485 -2.77244
6540 1997.34 3059.05 659.413 -2.77416
6550 1852.88 4494.89 659.391 -2.77582
6560 1796.62 3028.16 659.44 -2.77718
6570 1699.63 5179.72 659.545 -2.77812
6580 1653.36 7723.39 659.733 -2.77855
6590 1735.09 5356.31 660.033 -2.77853
6600 1789.95 6153.18 660.421 -2.7782
6610 1798.57 5695.47 660.901 -2.77772
6620 1831.69 2383.77 661.463 -2.77715
6630 1828.64 1367.5 662.063 -2.7765
6640 1844.17 -730.587 662.679 -2.77585
6650 1805.79 1038.65 663.289 -2.77519
6660 1710.31 3183.82 663.911 -2.77449
6670 1662.03 4159.49 664.578 -2.77362
6680 1612.21 5139.86 665.306 -2.77247
6690 1714.63 1082.1 666.101 -2.77097
6700 1812.84 -3418.54 666.907 -2.76915
6710 1839.16 -5216.33 667.66 -2.76731
6720 1898.69 -8107.11 668.326 -2.76562
6730 1889.97 -8713.18 668.866 -2.76413
6740 1839.39 -8186.2 669.27 -2.7629
6750 1825.4 -8942.54 669.544 -2.76181
6760 1825.61 -6829.76 669.685 -2.76077
6770 1887.31 -7370.91 669.72 -2.75977
6780 1990.82 -12388.3 669.637 -2.75896
6790 1984.18 -11729.9 669.378 -2.75851
6800 1933.28 -9660.12 668.947 -2.75841
6810 1982.74 -12148.3 668.37 -2.75855
6820 2007.81 -13039 667.622 -2.75904
6830 1823.42 -8786.03 666.695 -2.7597
6840 1666.81 -5229.87 665.652 -2.7601
6850 1706.82 -6254.22 664.543 -2.76007
6860 1791.34 -5500.93 663.364 -2.7597
6870 1852.61 -4206.26 662.126 -2.75917
6880 1832.87 -3911.64 660.847 -2.7586
6890 1918.62 -3755.51 659.535 -2.75807
6900 2095.17 -5482.56 658.191 -2.75772
6910 2302.54 -8955.67 656.79 -2.75812
6920 2362.24 -7959.47 655.29 -2.75976
6930 2199.89 -1598.72 653.71 -2.7624
6940 1892.02 9236.31 652.146 -2.76495
6950 1769.59 12904.4 650.742 -2.76675
6960 1830.62 10197 649.547 -2.76814
6970 1782.81 11056.9 648.532 -2.76921
6980 1747.18 9188.5 647.698 -2.76992
6990 1742.54 5603.66 647.012 -2.77034
7000 1691.49 6887.29 646.432 -2.77037
7010 1778.2 5558.55 645.962 -2.77007
7020 1846.54 3249.44 645.583 -2.7696
7030 1687.28 7914.15 645.273 -2.76907
7040 1431.23 15512.3 645.092 -2.76825
7050 1512.37 15846.8 645.133 -2.76692
7060 1898.57 6024.5 645.393 -2.76494
7070 2012.35 7352.87 645.761 -2.76289
7080 1928.62 11644.1 646.238 -2.76146
7090 2005.6 7774.07 646.872 -2.76049
7100 2153.28 4768.52 647.62 -2.75994
7110 2160.74 4890.52 648.437 -2.76015
7120 1946.54 9632.02 649.327 -2.76103
7130 1765.97 11801.9 650.35 -2.76201
7140 1725.9 9870.54 651.535 -2.76269
7150 1755.27 5794.1 652.854 -2.76294
7160 1849.45 805.009 654.246 -2.76283
7170 1919.41 -1961.01 655.642 -2.76257
7180 1960.21 -4718.74 656.996 -2.76237
7190 1964 -6537.47 658.27 -2.76233
7200 1924.95 -7799.98 659.434 -2.76246
7210 1810.63 -4479.22 660.478 -2.76266
7220 1711.8 -674.307 661.446 -2.76276
7230 1661.7 1680.4 662.394 -2.76255
7240 1666.7 3853.6 663.36 -2.762
7250 1646.65 6697.68 664.38 -2.76114
7260 1625.93 6297.41 665.489 -2.76001
7270 1525.2 7158.74 666.688 -2.75858
7280 1310.43 13062.3 667.995 -2.75697
7290 1306.03 11687.3 669.483 -2.75504
7300 1604.44 2648.61 671.127 -2.75209
7310 1888.63 -4531.38 672.802 -2.74816
7320 2039.75 -8902.58 674.392 -2.74421
7330 1997.22 -6961.88 675.836 -2.74107
7340 1833.37 -3084.25 677.16 -2.73886
7350 1720.27 -1692.06 678.42 -2.7371
7360 1632.41 2163.28 679.645 -2.7354
7370 1699.49 2675.25 680.889 -2.7336
7380 1670.34 2303.08 682.164 -2.73158
7390 1672.84 719.241 683.464 -2.72951
7400 1789.34 -4649.85 684.758 -2.72717
7410 1910.17 -8548.56 685.967 -2.72473
7420 1970.73 -9792.44 687.03 -2.72254
7430 2009.25 -9647.66 687.925 -2.72085
7440 2167.73 -13628.2 688.648 -2.71974
7450 2207.09 -14568 689.147 -2.71947
7460 2149.42 -12772.3 689.409 -2.72015
7470 2105.15 -12177.4 689.461 -2.72149
7480 2085.53 -9943.7 689.319 -2.72329
7490 1966.86 -4683.58 689.025 -2.72532
7500 1731.93 4390.05 688.671 -2.72705
7510 1611.24 8363.85 688.393 -2.72807
7520 1678.22 5689.83 688.253 -2.72846
7530 1764.36 4173.77 688.217 -2.7284
7540 1798.01 4487.14 688.258 -2.72812
7550 1798.04 1569.45 688.374 -2.72768
7560 1832.97 -248.162 688.521 -2.72715
7570 1885.65 -2033.44 688.668 -2.72655
7580 1958.17 -6702.79 688.78 -2.72608
7590 1904.38 -6053.32 688.795 -2.72582
7600 1820.44 -4253.17 688.717 -2.72567
7610 1872.43 -6383.92 688.57 -2.72546
7620 2004.3 -10226.6 688.322 -2.72532
7630 2083.59 -11601.6 687.921 -2.72555
7640 2117.02 -12472.4 687.342 -2.72636
7650 2039.11 -9555.42 686.577 -2.7277
7660 1876.61 -3383.58 685.681 -2.7291
7670 1900.15 -3992.81 684.738 -2.73033
7680 1896.84 -1576.89 683.757 -2.73146
7690 1900.18 -1631.62 682.769 -2.7324
7700 2040.23 -8586.7 681.764 -2.7335
7710 2029.98 -7173.74 680.658 -2.73491
7720 1993.91 -6693.58 679.458 -2.7365
7730 1896.74 -4713.07 678.178 -2.73814
7740 1865.37 -675.622 676.853 -2.73945
7750 2070.68 -2830.11 675.536 -2.74072
7760 2185.29 -3998.55 674.205 -2.74246
7770 2078.77 145.94 672.846 -2.7447
7780 1865.95 6682.68 671.522 -2.74679
7790 1717.8 9921.53 670.326 -2.74832
7800 1581.61 13130.7 669.312 -2.74912
7810 1576.07 11142.5 668.516 -2.74922
7820 1712.94 6954.02 667.908 -2.74883
7830 1765.15 5331.43 667.427 -2.7481
7840 1855.71 611.899 667.036 -2.74727
7850 1911.69 -3512.16 666.666 -2.74649
7860 1882.86 -1078.52 666.264 -2.74591
7870 1735.09 1486.28 665.858 -2.74535
7880 1658.88 1844.19 665.482 -2.74466
7890 1673.21 386.869 665.143 -2.74362
7900 1814.49 -2817.17 664.818 -2.74232
7910 1766.79 -282.762 664.47 -2.74093
7920 1644.13 4038.98 664.128 -2.73954
7930 1678.42 5108.9 663.855 -2.73793
7940 1883.9 4233.32 663.668 -2.73605
7950 2140.8 1322.78 663.551 -2.73428
7960 2226.61 -216.348 663.464 -2.7333
7970 2088.92 3587.26 663.389 -2.73331
7980 1924.46 7290.48 663.377 -2.73385
7990 1842.11 8634.08 663.48 -2.73445
8000 1803.33 5609.93 663.713 -2.73491
8010 1767.83 4686.39 664.038 -2.73513
8020 1837.88 2247.25 664.435 -2.73511
8030 2026.25 -2449.07 664.862 -2.73502
8040 2115.37 -5709.64 665.254 -2.73529
8050 1969.64 -1467.76 665.57 -2.73602
8060 1902.89 -72.0244 665.86 -2.73689
8070 2017.45 -3286.76 666.144 -2.73778
8080 2108.91 -1756.13 666.386 -2.73895
8090 2108.68 1111.79 666.606 -2.74058
8100 2063.11 1284.44 666.842 -2.74258
8110 1925.24 4671.5 667.107 -2.74469
8120 1735.89 10033.3 667.449 -2.74648
8130 1710.11 10694.8 667.941 -2.74773
8140 1868.26 7411.37 668.594 -2.74857
8150 1995.44 3616.84 669.357 -2.74932
8160 1966.27 3038.81 670.178 -2.7502
8170 1964.57 -627.67 671.037 -2.75117
8180 2066.82 -8575.67 671.876 -2.7522
8190 2124.73 -13390.2 672.579 -2.75353
8200 2113.39 -13278.3 673.075 -2.75531
8210 2094.14 -14162 673.359 -2.75754
8220 1946.54 -11353 673.428 -2.75991
8230 1830.87 -10862.2 673.319 -2.762
8240 1883.91 -15985.1 673.038 -2.76381
8250 1894.01 -18675.6 672.518 -2.76551
8260 1774.68 -16027.6 671.725 -2.76708
8270 1593.59 -11680.6 670.701 -2.76813
8280 1500.28 -10957.2 669.509 -2.7685
8290 1424.93 -7969.71 668.174 -2.76814
8300 1473.61 -6953.19 666.739 -2.76704
8310 1662.08 -9390.35 665.22 -2.76532
8320 1813.53 -10397.2 663.589 -2.76329
8330 1810.07 -5385.18 661.84 -2.76128
8340 1716.48 1411.54 660.047 -2.75925
8350 1751.68 5051.38 658.306 -2.75711
8360 1757.12 9955.83 656.679 -2.7548
8370 1686.72 15526.1 655.236 -2.75241
8380 1696.45 16337.6 654.048 -2.74998
8390 1754.84 16415.3 653.127 -2.74749
8400 1852.14 13120.2 652.465 -2.74507
8410 2031.32 8509.99 652.012 -2.74292
8420 2073.36 7045.43 651.703 -2.74134
8430 1920.06 5696.3 651.507 -2.74046
8440 1751.4 8897.39 651.413 -2.73988
8450 1781.82 7620.57 651.45 -2.7392
8460 1906.46 7597.26 651.607 -2.73843
8470 1924.77 7807.61 651.878 -2.7378
8480 1699.26 15316.2 652.279 -2.73738
8490 1569.32 19548.2 652.901 -2.73687
8500 1810.26 14229 653.797 -2.736
8510 2003.03 8873.01 654.901 -2.73491
8520 1978.68 5628.05 656.13 -2.73411
8530 1877.18 8033.15 657.443 -2.7337
8540 1944.1 6447.9 658.86 -2.7335
8550 2067.08 4028.76 660.362 -2.73346
8560 2137.22 1335.09 661.912 -2.73385
8570 2088.32 1505.61 663.474 -2.73482
8580 1971.95 2083.38 665.046 -2.73615
8590 1967.45 1025.27 666.634 -2.73756
8600 1991.87 -1327.77 668.223 -2.73897
8610 1976.7 -704.262 669.781 -2.74043
8620 1935.92 -2524.39 671.311 -2.74191
8630 1880.35 -5166.44 672.787 -2.74324
8640 1865.72 -8143.92 674.169 -2.74426
8650 2062.41 -15769.6 675.401 -2.74515
8660 2165.61 -19744.3 676.379 -2.74636
8670 2031.33 -17870.3 677.042 -2.74812
8680 1791 -13305.9 677.42 -2.74993
8690 1595.48 -6911.35 677.588 -2.75118
8700 1612.46 -3707.05 677.643 -2.75171
8710 1753.86 -4898.18 677.638 -2.75169
8720 1821.08 -6399.73 677.559 -2.7514
8730 1735.49 -4873.35 677.389 -2.75098
8740 1726.11 -4073.43 677.149 -2.75036
8750 1850.55 -7478.3 676.847 -2.74954
8760 1930.63 -9878.07 676.437 -2.74875
8770 1891.87 -6193.72 675.891 -2.74818
8780 1844.08 -2610.66 675.261 -2.7477
8790 1896.64 -430.646 674.603 -2.74724
8800 1984.9 1401.63 673.954 -2.74685
8810 2033.94 4822.22 673.346 -2.74674
8820 2030.86 4955.93 672.825 -2.747
8830 2014.91 3809.26 672.394 -2.74764
8840 1968.51 6967.42 672.045 -2.74851
8850 1915.22 6921.15 671.81 -2.74946
8860 1847.79 5419.75 671.691 -2.75037
8870 1808.32 3308.89 671.666 -2.75106
8880 1928.65 -4080.41 671.691 -2.75159
8890 1991.43 -9081.14 671.66 -2.75221
8900 1866.92 -9996.43 671.499 -2.75295
8910 1776.84 -10849 671.189 -2.75361
8920 1766.94 -12912.1 670.718 -2.754
8930 1821.53 -15553 670.055 -2.75422
8940 1904.72 -17343.6 669.168 -2.75441
8950 2021.85 -18933.1 668.03 -2.75483
8960 1995.31 -15193.7 666.631 -2.75564
8970 1858.58 -9161.08 665.03 -2.75652
8980 1834.25 -5202.46 663.317 -2.7572
8990 1820.15 -1592.21 661.56 -2.75759
9000 1752.65 2799.33 659.816 -2.75764
9010 1769.97 2301.33 658.144 -2.75737
9020 1877.48 -325.812 656.538 -2.75697
9030 2009.42 -4148.26 654.959 -2.7567
9040 2122.83 -8691.32 653.351 -2.75697
9050 2052.34 -7023.02 651.656 -2.75789
9060 1804.75 3460.02 649.906 -2.75884
9070 1755.67 10391.2 648.238 -2.75917
9080 1892.89 10527.1 646.748 -2.75921
9090 1783.31 18045.1 645.453 -2.75908
9100 1773.34 22134.6 644.441 -2.75867
9110 1969.69 19081.6 643.763 -2.75827
9120 1939.97 19459.8 643.382 -2.75814
9130 1794.43 23147 643.298 -2.75825
9140 1694.13 23652.9 643.548 -2.75833
9150 1695.39 22883.4 644.141 -2.7582
9160 1808.1 16915.7 645.056 -2.75785
9170 1856.39 10570.5 646.207 -2.75732
9180 1859.79 6852.33 647.507 -2.75677
9190 1976.43 2413.05 648.894 -2.75624
9200 2021.91 -1862.33 650.305 -2.75586
9210 1941.04 -3819.2 651.678 -2.75574
9220 1926.74 -4971.86 652.984 -2.75582
9230 1806.08 -4609.93 654.206 -2.75593
9240 1666.58 -5416.45 655.346 -2.75585
9250 1679.9 -7379.93 656.394 -2.75536
9260 1819.53 -9739.1 657.321 -2.75448
9270 1942.24 -9004.95 658.098 -2.75354
9280 1824 -2353.44 658.742 -2.75283
9290 1691.06 3053.52 659.346 -2.75223
9300 1730.66 1430.85 659.982 -2.7514
9310 1898.46 -3752.77 660.632 -2.75032
9320 1993.41 -6645.65 661.225 -2.74928
9330 1974.25 -7200.08 661.717 -2.74862
9340 1870.25 -4518.09 662.103 -2.74828
9350 1847.21 -3589.03 662.416 -2.74802
9360 1930.26 -2961.5 662.676 -2.74778
9370 2023.01 -1929.15 662.893 -2.74769
9380 2055.38 -1323.72 663.083 -2.74799
9390 1958.72 647.8 663.258 -2.74864
9400 1845.15 1949.09 663.446 -2.74939
9410 1751.16 3249.17 663.667 -2.74994
9420 1715.9 4673.47 663.94 -2.75015
9430 1827.35 2224.98 664.281 -2.75004
9440 1989 -2988.56 664.653 -2.74981
9450 2083.05 -6974.8 664.982 -2.74984
9460 2103.93 -9615.99 665.206 -2.75038
9470 2061.61 -9269.55 665.291 -2.75145
9480 2000.01 -8937.57 665.237 -2.75284
9490 1937.4 -7904.84 665.053 -2.75431
9500 1930.12 -11150.4 664.75 -2.75579
9510 1809.69 -9902.39 664.292 -2.75715
9520 1714.4 -6572.47 663.698 -2.75812
9530 1779.41 -7200.42 663.011 -2.75867
9540 1892.07 -8387.77 662.231 -2.75898
9550 2017.24 -10161.5 661.339 -2.75938
9560 2092.79 -11131.3 660.315 -2.76017
9570 2064 -9579.59 659.147 -2.76145
9580 1918.64 -3881.73 657.867 -2.76289
9590 1798.74 -767.034 656.552 -2.76409
9600 1725.63 2523.25 655.253 -2.76487
9610 1675.71 4795.61 654.018 -2.76507
9620 1922.84 246.708 652.87 -2.76496
9630 2138.65 -4676.93 651.75 -2.76509
9640 2047.4 -2874.26 650.595 -2.76584
9650 1808.92 3116.88 649.428 -2.76669
9660 1803.7 3484.38 648.325 -2.76725
9670 1870.28 2847.04 647.294 -2.7676
9680 1909.8 3222.38 646.33 -2.76787
9690 1983.15 -691.858 645.428 -2.76825
9700 1999.82 -1691.43 644.541 -2.76892
9710 1808.83 1081.46 643.654 -2.76963
9720 1775.75 828.715 642.799 -2.7701
9730 1907.22 -1653.81 641.972 -2.77039
9740 1923.76 -558.925 641.145 -2.77067
9750 2025.16 1185.43 640.33 -2.77105
9760 2191.61 582.213 639.547 -2.77183
9770 2154.18 3338.96 638.797 -2.77331
9780 1953.38 9252.07 638.115 -2.7751
9790 1846.25 12399 637.579 -2.77667
9800 1951.14 8463.45 637.224 -2.77806
9810 2028.17 4351.01 636.998 -2.77957
9820 1853.83 6906.41 636.851 -2.78113
9830 1607.85 12887.2 636.816 -2.78229
9840 1513.63 11854.4 636.957 -2.78272
9850 1635.99 7253.87 637.264 -2.78249
9860 1774.02 3664.09 637.677 -2.78173
9870 1896.6 -809.98 638.14 -2.78078
9880 1982.79 -4556.54 638.589 -2.77994
9890 1890.49 -367.591 638.986 -2.77941
9900 1697.9 5809.54 639.377 -2.77904
9910 1566.69 12822.1 639.855 -2.77847
9920 1734.6 8335.56 640.497 -2.77749
9930 2062.48 343.976 641.252 -2.77615
9940 2219.44 -5588.94 642.01 -2.77517
9950 2151.69 -6357.41 642.69 -2.77513
9960 2006.58 -3866 643.281 -2.7758
9970 1994.37 -3925.42 643.809 -2.77672
9980 2120.74 -6148.16 644.278 -2.7779
9990 2112.5 -5486.16 644.661 -2.77955
10000 1976.59 -3359.03 644.967 -2.78148
