# Time-averaged data for fix 4
# TimeStep c_mytemp c_mypress v_vmyvol v_avgEtotal
10 1179.95 13497.6 631.575 -2.85022
20 1165.25 14463.7 631.867 -2.84923
30 1333.98 9106.69 632.396 -2.84772
40 1496.77 5679.19 633.083 -2.84579
50 1539.32 3838.97 633.866 -2.8439
60 1475.13 5504.08 634.716 -2.84229
70 1459.72 5711.56 635.654 -2.84092
80 1470.92 4714.93 636.681 -2.8396
90 1455.22 5683.79 637.787 -2.83836
100 1547.91 470.457 638.974 -2.83714
110 1633.83 -3464.93 640.163 -2.83594
120 1677.23 -6691.93 641.283 -2.83508
130 1657.52 -8999.79 642.277 -2.83462
140 1595.86 -8778.56 643.109 -2.83456
150 1454.41 -4237.43 643.789 -2.83464
160 1471.18 -2025.56 644.385 -2.83466
170 1581.07 -3312.5 644.937 -2.83457
180 1586.63 -1415.54 645.434 -2.83461
190 1498.55 195.656 645.904 -2.83475
200 1569.69 -2557.61 646.37 -2.83488
210 1615.93 -5156.92 646.791 -2.83505
220 1608.3 -6956.44 647.119 -2.8354
230 1609.01 -7664.44 647.326 -2.83592
240 1554.28 -6793.9 647.401 -2.83655
250 1514.75 -5734.64 647.359 -2.83719
260 1461.18 -2231.87 647.225 -2.83769
270 1460.73 -2283.15 647.052 -2.83798
280 1465.6 -5293.83 646.84 -2.83813
290 1340.14 -3179.89 646.553 -2.83807
300 1302.74 -6277.41 646.207 -2.83767
310 1518.6 -14644.4 645.752 -2.83699
320 1744.37 -19437.5 645.053 -2.83643
330 1807.33 -18639.1 644.033 -2.8366
340 1714.85 -13620 642.711 -2.83755
350 1523.53 -4475.35 641.183 -2.83868
360 1376.43 2585.15 639.604 -2.83935
370 1372.19 2420.33 638.09 -2.83954
380 1404.32 5016.63 636.655 -2.83935
390 1524.81 5841.62 635.332 -2.83888
400 1609.51 3896.52 634.131 -2.83846
410 1562.12 6139.19 633.03 -2.83824
420 1521.34 7773.77 632.057 -2.8381
430 1646.15 7728.48 631.236 -2.838
440 1847.99 5114.39 630.56 -2.83835
450 1833.12 6061.59 629.995 -2.83949
460 1602.57 9538.39 629.551 -2.84115
470 1391.95 15805.5 629.286 -2.84252
480 1432.29 17058.2 629.292 -2.84351
490 1446.72 15963.4 629.588 -2.84424
500 1391.29 15791.4 630.157 -2.84479
510 1288.11 15613.6 630.994 -2.84506
520 1245.73 13822.4 632.088 -2.84495
530 1324.76 12147.8 633.41 -2.84439
540 1482.68 7039.12 634.924 -2.84344
550 1614.43 2993.93 636.55 -2.84228
560 1640.01 3598.9 638.22 -2.84139
570 1643.76 5394.44 639.94 -2.84096
580 1636.53 7009.45 641.741 -2.84101
590 1528.66 8611.4 643.65 -2.84136
600 1408.26 7928.23 645.692 -2.84178
610 1389.72 3046.59 647.851 -2.84185
620 1527.17 -5978.53 650.037 -2.84139
630 1674.56 -13824.6 652.096 -2.84061
640 1696.01 -16036 653.893 -2.84007
650 1678.7 -17300.7 655.381 -2.84003
660 1650.94 -18132.2 656.537 -2.84037
670 1694 -17807.5 657.35 -2.8411
680 1715.74 -18358 657.826 -2.84226
690 1610.61 -14935.5 657.968 -2.84378
700 1426.92 -9490.12 657.841 -2.8452
710 1339.09 -7631.21 657.539 -2.84617
720 1323.6 -5039.43 657.108 -2.84662
730 1391.58 -2285.04 656.595 -2.84661
740 1494.71 -3198.42 656.047 -2.8463
750 1575.77 -6441.25 655.451 -2.84598
760 1585.03 -8779.65 654.755 -2.84585
770 1525.88 -9374.13 653.917 -2.84593
780 1488.27 -7942.76 652.93 -2.84603
790 1584.39 -8645.28 651.817 -2.84612
800 1586.81 -7932.49 650.573 -2.84635
810 1543.84 -4622 649.217 -2.84666
820 1526.35 -5339.06 647.8 -2.84698
830 1534.8 -4458.76 646.32 -2.84728
840 1592.81 -4483.46 644.791 -2.84759
850 1649.81 -6145.64 643.212 -2.84809
860 1627.97 -6740.72 641.561 -2.84889
870 1474.62 -5003.72 639.828 -2.8498
880 1260.44 -411.518 638.05 -2.85028
890 1243.61 535.208 636.296 -2.85013
900 1311.75 266.241 634.585 -2.84945
910 1437.83 -10.9504 632.916 -2.84838
920 1596.28 -1066.34 631.279 -2.84722
930 1576.47 1656 629.667 -2.84624
940 1447.12 5878.76 628.119 -2.84542
950 1393.78 9626.92 626.703 -2.84448
960 1494.84 9472.96 625.473 -2.84337
970 1581.96 9202.71 624.428 -2.8423
980 1534.42 12521.7 623.567 -2.84143
990 1601.12 9755.85 622.923 -2.84073
1000 1801.72 3044.44 622.452 -2.84047
1010 1679.32 6677.9 622.063 -2.84081
1020 1578.77 9859.66 621.793 -2.84147
1030 1607.8 10219.7 621.693 -2.84222
1040 1671.04 10447.7 621.771 -2.84314
1050 1693.41 11078.9 622.025 -2.84436
1060 1685.37 11735.7 622.466 -2.84591
1070 1619.28 13231.8 623.102 -2.84769
1080 1468 15183.2 623.957 -2.84944
1090 1289.28 15786.4 625.056 -2.8508
1100 1253.75 14206 626.407 -2.8516
1110 1302.5 10742.2 627.979 -2.85179
1120 1446.01 7727.68 629.72 -2.85152
1130 1548.99 4450.36 631.573 -2.85097
1140 1558.67 4521.69 633.49 -2.8505
1150 1520.48 4258.26 635.467 -2.8502
1160 1467 4136.41 637.497 -2.84995
1170 1366.87 6133.66 639.582 -2.84969
1180 1352.06 4695.53 641.748 -2.84923
1190 1456.42 477.142 643.971 -2.84839
1200 1650.41 -5391.93 646.177 -2.84723
1210 1754.85 -9491.72 648.266 -2.84621
1220 1729.27 -11217 650.168 -2.84578
1230 1627.41 -12484.4 651.847 -2.84586
1240 1495.7 -12284.1 653.283 -2.84612
1250 1377.54 -10314.2 654.483 -2.84627
1260 1336.07 -10155.6 655.478 -2.84613
1270 1383.67 -11988.5 656.273 -2.84563
1280 1486.84 -14092.9 656.841 -2.8449
1290 1595.19 -16618.3 657.144 -2.84417
1300 1639.1 -17219 657.144 -2.84375
1310 1579.25 -16028.8 656.835 -2.84372
1320 1487.78 -15059.2 656.24 -2.84391
1330 1460.07 -14602.1 655.383 -2.84411
1340 1479.9 -14226.8 654.278 -2.84424
1350 1469.88 -11815.1 652.941 -2.84431
1360 1445.03 -10926.4 651.416 -2.84428
1370 1454.36 -9988.65 649.726 -2.84416
1380 1479.63 -8189.87 647.895 -2.8439
1390 1516.55 -6627.88 645.956 -2.84357
1400 1486.45 -3877.26 643.945 -2.84321
1410 1431.93 -2203.52 641.906 -2.84276
1420 1413.3 -598.398 639.873 -2.84212
1430 1468.04 -920.234 637.872 -2.84133
1440 1514.36 933.102 635.903 -2.84046
1450 1504.46 3045.09 633.993 -2.83957
1460 1542.95 4152.14 632.177 -2.8387
1470 1607.34 5620.87 630.473 -2.83794
1480 1648.58 10249.4 628.909 -2.83735
1490 1659.12 10512.1 627.545 -2.83707
1500 1592.08 11368.9 626.392 -2.83715
1510 1482.76 11765.3 625.455 -2.8373
1520 1470.64 10200.9 624.735 -2.83743
1530 1413.88 9536.41 624.204 -2.8374
1540 1435.77 8645.91 623.845 -2.83719
1550 1481.94 7792.54 623.642 -2.83684
1560 1530.89 7862.11 623.579 -2.83644
1570 1666.98 6227.06 623.649 -2.83615
1580 1727.08 5476.25 623.83 -2.83624
1590 1700.83 4676.44 624.106 -2.83681
1600 1692.5 4326.04 624.462 -2.83778
1610 1713.94 4731.64 624.892 -2.83908
1620 1729.35 3472.72 625.397 -2.84073
1630 1674.46 4818.93 625.964 -2.84265
1640 1613.91 6255.37 626.609 -2.84467
1650 1583.38 5514.88 627.352 -2.8466
1660 1557.57 3958.37 628.181 -2.84842
1670 1396.18 7923.94 629.08 -2.84996
1680 1244.26 11430.3 630.104 -2.85098
1690 1375.12 4334.34 631.295 -2.85141
1700 1494.39 -205.583 632.554 -2.85131
1710 1567.31 -1107.86 633.802 -2.8511
1720 1678.03 -2884.21 635.018 -2.85102
1730 1694.7 -4493.07 636.172 -2.85125
1740 1560.82 580.859 637.249 -2.85186
1750 1420.35 3369.49 638.322 -2.85248
1760 1429.51 2096.67 639.439 -2.85286
1770 1456.97 -2273.04 640.577 -2.85291
1780 1432.45 -4410.78 641.667 -2.85271
1790 1426.68 -3947.1 642.674 -2.85232
1800 1551.87 -8631.59 643.592 -2.85178
1810 1649.21 -11271.4 644.353 -2.85126
1820 1605.21 -9237.91 644.916 -2.85111
1830 1483.46 -6318.58 645.313 -2.85115
1840 1501.8 -7110.13 645.591 -2.85119
1850 1499.88 -7349.35 645.745 -2.85113
1860 1544.85 -8738.89 645.768 -2.85107
1870 1588.5 -7856.36 645.644 -2.85108
1880 1591.25 -6985.93 645.388 -2.85125
1890 1550.51 -7095.18 645.015 -2.85157
1900 1415.35 -3011.53 644.535 -2.85186
1910 1331.97 154.3 644.013 -2.85186
1920 1356.8 1380.47 643.503 -2.85145
1930 1433.16 -952.523 643.026 -2.85076
1940 1477.23 -3226.02 642.546 -2.84992
1950 1510.49 -4530.69 642.024 -2.8491
1960 1591.25 -9484.64 641.429 -2.84838
1970 1707.65 -15055.5 640.682 -2.84803
1980 1709.97 -15261 639.698 -2.84826
1990 1676.16 -11780.6 638.475 -2.849
2000 1693.06 -9206.96 637.072 -2.85006
2010 1687.25 -4006.28 635.547 -2.85134
2020 1689.79 -2974.46 633.976 -2.85279
2030 1647.04 -899.492 632.39 -2.85446
2040 1479.76 5746.54 630.831 -2.8559
2050 1429.6 8779.87 629.399 -2.85679
2060 1653.77 3238.78 628.132 -2.85752
2070 1913.79 -3595.85 626.945 -2.85882
2080 1970.99 -4777.61 625.734 -2.86124
2090 1826.09 -1157.43 624.479 -2.86446
2100 1649.8 910.65 623.23 -2.86771
2110 1455 2694.2 622.022 -2.8705
2120 1255.57 8831.3 620.894 -2.87223
2130 1487.89 3976.04 619.919 -2.87328
2140 1787.27 -1017.86 619.03 -2.87446
2150 1789.52 3727.84 618.161 -2.87619
2160 1551.15 12099.5 617.38 -2.87804
2170 1461.08 15770.7 616.806 -2.87946
2180 1606.56 11864 616.492 -2.88072
2190 1654.56 8279.69 616.385 -2.8821
2200 1603.02 4656.26 616.418 -2.88358
2210 1578.34 -185.75 616.532 -2.88503
2220 1559.65 -3020.32 616.648 -2.88639
2230 1479.44 -1081.86 616.726 -2.88758
2240 1399.59 -763.965 616.787 -2.88846
2250 1367.82 2437.79 616.845 -2.88891
2260 1500.33 3996.28 616.944 -2.88905
2270 1616.1 3177.08 617.108 -2.88912
2280 1516.87 3357.19 617.328 -2.88934
2290 1313.92 7202.3 617.612 -2.88948
2300 1294.21 6898.56 618.007 -2.88926
2310 1397.91 3087.12 618.508 -2.88861
2320 1402.32 4683.42 619.067 -2.88772
2330 1315.22 6370.62 619.699 -2.88672
2340 1316.23 6209.34 620.43 -2.88555
2350 1416.11 4732.45 621.255 -2.88409
2360 1469.2 5056.27 622.156 -2.88249
2370 1458.89 4528.03 623.132 -2.88098
2380 1449.58 2567.82 624.173 -2.87953
2390 1491.81 1358.72 625.25 -2.8781
2400 1608.67 -2408.67 626.336 -2.87672
2410 1656.49 -4803.05 627.376 -2.87555
2420 1652.15 -5586.59 628.328 -2.87484
2430 1647.86 -6595.78 629.178 -2.87453
2440 1595.71 -6187.39 629.912 -2.87455
2450 1489.23 -3768.82 630.54 -2.87472
2460 1447.27 -2000.85 631.099 -2.87482
2470 1491.95 -2633.81 631.618 -2.87476
2480 1554.93 -2975.32 632.09 -2.87463
2490 1587.46 -4037.21 632.51 -2.87458
2500 1503.17 -4122.29 632.86 -2.87464
2510 1327.08 341.777 633.147 -2.87462
2520 1296.56 4786.5 633.442 -2.87427
2530 1497.75 2169.4 633.807 -2.87355
2540 1685.09 -2658.19 634.207 -2.87272
2550 1676.44 -4657.85 634.566 -2.8723
2560 1534.85 -1225.69 634.854 -2.87228
2570 1490.99 976.283 635.121 -2.87233
2580 1598.02 -791.995 635.399 -2.87236
2590 1571.55 -253.627 635.67 -2.87248
2600 1517.54 -1816.44 635.934 -2.8727
2610 1506.06 -2620.75 636.17 -2.87288
2620 1478.05 -2198.67 636.365 -2.87299
2630 1353.68 -1123.76 636.526 -2.87294
2640 1245.57 981.387 636.671 -2.87257
2650 1306.2 -2058.36 636.827 -2.87177
2660 1359.26 -6084.81 636.948 -2.87057
2670 1301.57 -4967.05 636.976 -2.86913
2680 1503.25 -9436.74 636.912 -2.86751
2690 1674.2 -12107.7 636.693 -2.86585
2700 1636.42 -8405.99 636.282 -2.8647
2710 1568.13 -4004.63 635.74 -2.864
2720 1602.7 -688.228 635.141 -2.86353
2730 1629.19 237.523 634.54 -2.86328
2740 1518.13 5637.3 633.967 -2.86325
2750 1416.73 9533.99 633.503 -2.86314
2760 1463.56 7995.22 633.206 -2.86289
2770 1502.06 9378.35 633.062 -2.86253
2780 1532.23 10137.2 633.085 -2.86218
2790 1564.2 7265.83 633.281 -2.86193
2800 1533.74 4520.57 633.605 -2.86177
2810 1530.26 4351.52 634.013 -2.86168
2820 1605.81 1059.35 634.49 -2.86163
2830 1612.24 2277.51 634.991 -2.86177
2840 1473.92 6322.89 635.536 -2.86208
2850 1255.54 10364.4 636.186 -2.86229
2860 1041.53 16333.8 637.018 -2.86208
2870 1162.69 12080.8 638.11 -2.86134
2880 1461.21 3674.44 639.398 -2.85971
2890 1639.44 -643.846 640.746 -2.85771
2900 1546.99 2761.07 642.084 -2.85611
2910 1398.72 7759.26 643.462 -2.85502
2920 1496.44 7053.08 644.957 -2.85402
2930 1559.1 7294.59 646.567 -2.85299
2940 1550.67 7369.2 648.293 -2.85224
2950 1467.21 8252.23 650.139 -2.85171
2960 1376.01 9062.19 652.118 -2.85129
2970 1334.03 6718.22 654.24 -2.85069
2980 1350.25 2326.54 656.461 -2.84971
2990 1390.05 -2775.6 658.704 -2.84831
3000 1447.05 -8488.03 660.872 -2.84655
3010 1457.36 -11557.4 662.866 -2.84461
3020 1473.08 -15976.2 664.619 -2.84267
3030 1557.07 -21534.3 666.051 -2.84074
3040 1684.85 -26437.5 667.061 -2.83906
3050 1777.6 -28913 667.563 -2.83809
3060 1757.49 -27798.8 667.518 -2.83814
3070 1608.04 -22301 666.957 -2.83898
3080 1412.92 -14313.8 665.991 -2.83992
3090 1311.12 -6513.08 664.775 -2.84044
3100 1281.86 233.78 663.46 -2.84032
3110 1341.05 3131.37 662.171 -2.83964
3120 1386.23 2782.21 660.963 -2.83859
3130 1409.11 1770.82 659.831 -2.8374
3140 1384.65 484.565 658.757 -2.83611
3150 1352.26 -169.547 657.716 -2.83475
3160 1390.65 -2546.51 656.692 -2.83326
3170 1489.58 -3918.71 655.645 -2.83168
3180 1593.75 -5381.7 654.548 -2.83017
3190 1670.68 -7574.57 653.376 -2.82903
3200 1622.06 -3991.63 652.103 -2.82835
3210 1606.3 -2361.51 650.781 -2.82799
3220 1636.02 -965.613 649.443 -2.82788
3230 1668.8 1024.49 648.12 -2.82799
3240 1717 -1576.21 646.836 -2.82851
3250 1687.06 714.465 645.562 -2.82942
3260 1658.49 2799.45 644.327 -2.83056
3270 1643.8 3702.01 643.168 -2.83183
3280 1630.53 2745.3 642.096 -2.83323
3290 1522.73 5611.53 641.105 -2.8346
3300 1530.6 6325.36 640.231 -2.83569
3310 1591.35 3476.34 639.48 -2.83678
3320 1480.47 5511.88 638.818 -2.83772
3330 1544.62 4714.91 638.264 -2.8385
3340 1691.15 1925.49 637.804 -2.8393
3350 1779.8 -783.191 637.39 -2.84054
3360 1711.35 5.5725 636.982 -2.8422
3370 1707.8 -2114.64 636.581 -2.84413
3380 1771.07 -6158.23 636.154 -2.84637
3390 1782.4 -7058.07 635.638 -2.84903
3400 1712.38 -5247.23 635.019 -2.85195
3410 1591.1 -2333.85 634.327 -2.85477
3420 1476.49 391.629 633.611 -2.85712
3430 1404.55 957.33 632.915 -2.85891
3440 1339.26 5302.27 632.259 -2.86008
3450 1313.59 7335.37 631.705 -2.86064
3460 1316.71 8119.78 631.288 -2.8607
3470 1299.41 10324.5 631.023 -2.86034
3480 1316.3 11138.5 630.941 -2.85961
3490 1341.97 9648.13 631.052 -2.85859
3500 1343.06 6462.81 631.326 -2.85735
3510 1321.35 6330.47 631.719 -2.85592
3520 1388.43 1926.32 632.211 -2.85429
3530 1486.85 -2893.69 632.734 -2.85245
3540 1550.48 -5674.94 633.208 -2.85065
3550 1574.47 -5464.93 633.589 -2.84908
3560 1700.82 -7500.63 633.871 -2.84787
3570 1805.41 -10316.5 634.025 -2.84722
3580 1706.56 -7435.25 634.015 -2.84734
3590 1543.3 -2070.22 633.887 -2.84788
3600 1404.75 2964.31 633.729 -2.84835
3610 1298.46 7538.71 633.629 -2.84848
3620 1228.63 12176 633.666 -2.84815
3630 1299.55 10492.2 633.907 -2.84739
3640 1405.75 6752.53 634.326 -2.84624
3650 1398.04 6987.55 634.867 -2.84492
3660 1415.38 5214.96 635.524 -2.84356
3670 1500.02 1228.69 636.264 -2.84209
3680 1630.12 -3951.1 637.019 -2.84062
3690 1767.17 -7203.69 637.703 -2.83945
3700 1880.38 -10948.8 638.259 -2.83904
3710 1860.08 -12561.9 638.625 -2.83963
3720 1740.38 -9491.11 638.781 -2.84103
3730 1629.78 -6930.06 638.773 -2.84274
3740 1554.96 -4045.01 638.651 -2.84442
3750 1506.24 127.339 638.469 -2.84588
3760 1539.27 751.06 638.291 -2.84708
3770 1627.53 -1794.95 638.129 -2.84826
3780 1545.62 -77.8663 637.953 -2.84945
3790 1477.87 -243.81 637.779 -2.85047
3800 1506.18 -1704.72 637.607 -2.85127
3810 1535.23 -1420.65 637.417 -2.85194
3820 1551.47 -2980.18 637.207 -2.85254
3830 1564.45 -4149.94 636.954 -2.85315
3840 1540.7 -3785.48 636.641 -2.85377
3850 1468.54 -1327.12 636.275 -2.85429
3860 1500.53 -190.148 635.896 -2.85462
3870 1661.17 -3960.71 635.517 -2.85494
3880 1738.13 -5654.92 635.085 -2.85559
3890 1690.41 -4320.08 634.572 -2.85668
3900 1607.44 -3775.33 633.997 -2.858
3910 1557.13 -792.87 633.376 -2.8593
3920 1518.46 569.694 632.753 -2.86042
3930 1533.07 -1548.53 632.15 -2.86142
3940 1466.4 2302.38 631.545 -2.86227
3950 1326.04 10141.1 630.999 -2.86271
3960 1322.29 12414.3 630.631 -2.86269
3970 1354.06 12807.7 630.481 -2.86229
3980 1417.29 13227.4 630.558 -2.86163
3990 1561.91 8481.48 630.856 -2.86086
4000 1652.74 2908.56 631.299 -2.86019
4010 1655.08 -1215.04 631.794 -2.85986
4020 1600.69 -639.465 632.274 -2.85988
4030 1507.85 2897.84 632.747 -2.86008
4040 1369.44 7557.43 633.27 -2.86025
4050 1197.26 13225.1 633.925 -2.86015
4060 1194.7 12610.9 634.792 -2.85963
4070 1426.22 6712.9 635.862 -2.85853
4080 1627.77 3042.25 637.045 -2.85705
4090 1665.89 2414.44 638.276 -2.85587
4100 1542.97 1981.74 639.54 -2.85517
4110 1373.86 1369.73 640.827 -2.85466
4120 1278.56 2346.41 642.132 -2.85398
4130 1357.96 345.899 643.461 -2.85296
4140 1459.09 -1769.99 644.784 -2.85159
4150 1378.74 1637.1 646.073 -2.8502
4160 1254.99 6163.72 647.384 -2.84891
4170 1319.66 2692.12 648.78 -2.84742
4180 1549.85 -4696.79 650.206 -2.84541
4190 1735.1 -8867.43 651.541 -2.84331
4200 1796.88 -12246.9 652.704 -2.84183
4210 1665.66 -11465.8 653.641 -2.84121
4220 1415.43 -4261.37 654.373 -2.84109
4230 1256.45 810.145 655.018 -2.84086
4240 1336.99 -343.89 655.663 -2.84024
4250 1433.89 610.896 656.303 -2.83923
4260 1486.28 650.67 656.948 -2.83812
4270 1508.08 -869.551 657.6 -2.83704
4280 1517.86 -1410.9 658.235 -2.83603
4290 1571.33 -3778.13 658.837 -2.83513
4300 1644.64 -7069.35 659.365 -2.83442
4310 1633.32 -8018.53 659.763 -2.83404
4320 1547.35 -5485.24 660.019 -2.83398
4330 1504.97 -3059.84 660.175 -2.834
4340 1599.37 -5244.27 660.268 -2.83403
4350 1665.8 -6981.78 660.27 -2.83424
4360 1650.03 -8129.3 660.148 -2.83477
4370 1580.89 -8447.09 659.884 -2.83554
4380 1505.81 -7426.26 659.474 -2.83633
4390 1461.54 -4723.99 658.941 -2.83695
4400 1505.72 -4717.6 658.329 -2.83737
4410 1562.74 -4471.68 657.644 -2.83773
4420 1512.36 -759.858 656.9 -2.83807
4430 1532.74 -1203.3 656.152 -2.83831
4440 1756.97 -7619.27 655.389 -2.8387
4450 1971.35 -13425.3 654.507 -2.83987
4460 2046.34 -16776.5 653.403 -2.84247
4470 1956.94 -15448.6 652.025 -2.84637
4480 1760.86 -11911.4 650.4 -2.85077
4490 1536.68 -4840.82 648.601 -2.85462
4500 1507.13 -2777.25 646.742 -2.85758
4510 1615.53 -4170.37 644.867 -2.86024
4520 1641 -5557.74 642.958 -2.86284
4530 1588.46 -5826.36 640.991 -2.8654
4540 1480.55 -2450.24 638.969 -2.86757
4550 1396.55 -459.443 636.944 -2.86912
4560 1348.78 632.445 634.952 -2.87008
4570 1323.09 1299.47 633.011 -2.87049
4580 1262.3 3833.26 631.135 -2.87038
4590 1215.64 5782.59 629.362 -2.86965
4600 1398.28 1357.89 627.714 -2.86851
4610 1557.32 -53.3513 626.128 -2.86717
4620 1683.54 478.584 624.578 -2.86601
4630 1768.23 603.407 623.069 -2.86536
4640 1721.49 4193.98 621.608 -2.86533
4650 1665.99 7165.49 620.248 -2.86571
4660 1629 7685.42 619.03 -2.86636
4670 1461.85 12729 617.974 -2.86701
4680 1431.42 14238.1 617.145 -2.86735
4690 1628.44 7733.87 616.553 -2.86763
4700 1699.94 6347.54 616.112 -2.86817
4710 1648.9 6302.7 615.789 -2.86905
4720 1601.59 5244.51 615.577 -2.87013
4730 1533.44 4776.51 615.459 -2.87119
4740 1564.58 3284.27 615.425 -2.87215
4750 1710.71 524.493 615.448 -2.87318
4760 1840.1 -121.041 615.489 -2.87466
4770 1803 1528.5 615.536 -2.8768
4780 1638.41 6096.68 615.619 -2.87921
4790 1550.25 6454.31 615.798 -2.88146
4800 1539.3 5521.23 616.085 -2.88342
4810 1515.62 4150.98 616.46 -2.88514
4820 1453.37 4486.23 616.905 -2.88655
4830 1415.68 4752.14 617.423 -2.88758
4840 1415.19 5962.19 618.018 -2.88826
4850 1393.56 6647.45 618.705 -2.88863
4860 1324.84 9182.19 619.5 -2.8887
4870 1281.76 11597.6 620.44 -2.88848
4880 1276.56 9780.74 621.556 -2.88789
4890 1172.59 13553.3 622.833 -2.88698
4900 1172.18 15650.2 624.32 -2.88588
4910 1273.73 12161.8 626.045 -2.8843
4920 1389.29 12101.8 627.964 -2.88233
4930 1489.58 11585 630.068 -2.88028
4940 1564.01 8035.2 632.345 -2.87835
4950 1547.75 4830.05 634.74 -2.87662
4960 1475.23 2893.67 637.197 -2.87518
4970 1407.39 1099.9 639.681 -2.87385
4980 1389.72 -2201.78 642.156 -2.87241
4990 1396.75 -5591.91 644.567 -2.87074
5000 1386.94 -9956.78 646.852 -2.86884
5010 1377.27 -13501.7 648.934 -2.86674
5020 1369.02 -13007.9 650.757 -2.86459
5030 1405.47 -14050.2 652.321 -2.86241
5040 1421.27 -15401.1 653.611 -2.86023
5050 1357.53 -14549.8 654.61 -2.85816
5060 1262.82 -11893.8 655.335 -2.8562
5070 1253.84 -12390.6 655.829 -2.85416
5080 1335.59 -14617.1 656.089 -2.85189
5090 1448.76 -16159.2 656.082 -2.84946
5100 1501.07 -15096.3 655.787 -2.84716
5110 1488.98 -12302.5 655.228 -2.84517
5120 1471.92 -11575.2 654.454 -2.84347
5130 1459.72 -9270.49 653.49 -2.84196
5140 1505.65 -8249.97 652.376 -2.84054
5150 1614.09 -10314.3 651.133 -2.8393
5160 1620.36 -7349.29 649.74 -2.83843
5170 1516.22 -3575 648.246 -2.83784
5180 1439.78 -743.884 646.72 -2.83727
5190 1540.02 -2480.39 645.208 -2.83664
5200 1664.64 -7027.84 643.679 -2.83622
5210 1635.71 -6047.17 642.069 -2.8362
5220 1558.89 -3704.28 640.391 -2.83644
5230 1491.38 732.633 638.688 -2.83663
5240 1481.19 4092.8 637.035 -2.83659
5250 1519.74 5007.24 635.484 -2.83644
5260 1557.66 5527.6 634.054 -2.8362
5270 1729.77 -167.923 632.741 -2.83622
5280 1812.82 -3258.92 631.46 -2.83687
5290 1792.46 -1166.96 630.162 -2.83822
5300 1715.36 -56.6086 628.871 -2.84002
5310 1638.09 1870.95 627.61 -2.84196
5320 1563.61 6219.37 626.414 -2.84377
5330 1473.8 9187.7 625.348 -2.84522
5340 1472.47 8367.01 624.451 -2.84633
5350 1507.93 10404.5 623.722 -2.84717
5360 1614.55 7614.96 623.177 -2.84796
5370 1664.91 4471.7 622.772 -2.84892
5380 1669.33 3731.93 622.457 -2.85013
5390 1674.95 4329.23 622.217 -2.85154
5400 1691.36 5413.76 622.06 -2.85317
5410 1650.35 5939.87 622 -2.85498
5420 1505.81 11239.6 622.052 -2.85675
5430 1436.33 13641.6 622.292 -2.85815
5440 1572.51 9219.43 622.748 -2.85934
5450 1657.48 8190.26 623.363 -2.86051
5460 1753.58 6987.2 624.11 -2.86198
5470 1760.69 4273.87 624.965 -2.86387
5480 1598.85 6400 625.893 -2.866
5490 1381.21 11270.5 626.927 -2.86787
5500 1344.08 9881.86 628.131 -2.86921
5510 1424.64 5783.15 629.486 -2.86999
5520 1467.46 4828.75 630.931 -2.87045
5530 1410.8 3714.41 632.444 -2.87069
5540 1277.31 3897.94 634.007 -2.87065
5550 1208.65 1922.09 635.618 -2.87017
5560 1305.08 -1603.31 637.243 -2.8691
5570 1495.11 -5595.23 638.822 -2.86752
5580 1632.3 -9142.15 640.287 -2.86579
5590 1582.93 -7870.58 641.586 -2.86443
5600 1447.24 -7712.23 642.73 -2.86345
5610 1335.37 -6748.95 643.728 -2.86251
5620 1332.72 -7700.89 644.595 -2.86138
5630 1415.81 -9346.57 645.315 -2.85996
5640 1531.72 -9703.09 645.866 -2.85842
5650 1678.69 -12324 646.236 -2.85703
5660 1775.4 -13355.8 646.39 -2.85616
5670 1816.89 -12967.8 646.31 -2.8561
5680 1808.91 -11281.3 646.009 -2.8569
5690 1722.67 -8848.73 645.518 -2.85835
5700 1512.8 -2106.19 644.892 -2.85995
5710 1330.01 2882.06 644.242 -2.86103
5720 1392.01 682.101 643.646 -2.8616
5730 1483.49 -1029.1 643.08 -2.86184
5740 1568.49 -1947.42 642.51 -2.86198
5750 1634.48 -3443.63 641.921 -2.86223
5760 1662.77 -5508.68 641.285 -2.86275
5770 1620.07 -4453.67 640.573 -2.86355
5780 1505.12 850.634 639.809 -2.86437
5790 1415.54 3386.21 639.074 -2.86495
5800 1379.36 2705.26 638.408 -2.86519
5810 1402.48 518.39 637.804 -2.86511
5820 1448.24 -251.099 637.227 -2.86479
5830 1525.72 -805.756 636.66 -2.86435
5840 1631.72 -3384.87 636.091 -2.86398
5850 1716.07 -5399.79 635.479 -2.86394
5860 1758.09 -7887.07 634.789 -2.86442
5870 1831.46 -11278.5 633.98 -2.8656
5880 1839.23 -13220.7 632.999 -2.86759
5890 1715.05 -8587.86 631.824 -2.87011
5900 1561.31 -3978.35 630.529 -2.87252
5910 1454.86 -1754.15 629.19 -2.87448
5920 1385.73 2574.04 627.854 -2.87586
5930 1382.12 6734.32 626.589 -2.87662
5940 1442.75 8108.62 625.459 -2.87693
5950 1481.02 8990.72 624.489 -2.87703
5960 1440.81 12230.9 623.695 -2.87695
5970 1402.3 15461 623.122 -2.8767
5980 1460.25 15112.1 622.816 -2.87627
5990 1561.36 12285.6 622.766 -2.87582
6000 1555.67 12762.7 622.933 -2.87552
6010 1515.29 11137.8 623.311 -2.87539
6020 1496.57 7674.12 623.871 -2.87529
6030 1455.69 7198.45 624.562 -2.87515
6040 1439.71 5639.91 625.367 -2.8749
6050 1493.08 1054.21 626.255 -2.87449
6060 1499 917.56 627.161 -2.87399
6070 1483.3 1283.27 628.076 -2.87351
6080 1496.98 -1188.36 629.001 -2.873
6090 1442.41 605.963 629.906 -2.87246
6100 1319.11 2995.53 630.813 -2.87188
6110 1256.18 3572.22 631.763 -2.87105
6120 1343.51 2607.86 632.763 -2.86985
6130 1465.23 1364.88 633.798 -2.86831
6140 1468.06 1171.15 634.849 -2.86674
6150 1315.71 4735.49 635.919 -2.86533
6160 1215.58 6415.43 637.057 -2.86394
6170 1311.57 3653.54 638.289 -2.86223
6180 1497.7 -780.479 639.572 -2.86006
6190 1515 -2966.34 640.832 -2.85784
6200 1315.42 1284.55 642.039 -2.85598
6210 1144.94 5726.4 643.258 -2.85438
6220 1230.89 1857.57 644.553 -2.85246
6230 1518.45 -4307.55 645.866 -2.84985
6240 1750.37 -9961.89 647.091 -2.84701
6250 1785.94 -9113.41 648.136 -2.84488
6260 1663.32 -4680.75 649.015 -2.84378
6270 1633.32 -4830.54 649.796 -2.84333
6280 1569.03 -4625.37 650.485 -2.84317
6290 1542.24 -4958.49 651.086 -2.84316
6300 1569.82 -5958.44 651.593 -2.8432
6310 1545.46 -2729.92 651.997 -2.84332
6320 1522.66 -189.479 652.349 -2.8435
6330 1533.51 129.181 652.696 -2.84368
6340 1486.39 2431.4 653.049 -2.84383
6350 1406.9 3697.58 653.446 -2.84388
6360 1407.93 404.354 653.901 -2.84369
6370 1476.29 -884.812 654.368 -2.84325
6380 1664.91 -6454.45 654.808 -2.84275
6390 1802.98 -10452.6 655.133 -2.8426
6400 1774.07 -10511.8 655.274 -2.84319
6410 1641.45 -9284.75 655.228 -2.84432
6420 1513.45 -6310.61 655.021 -2.84552
6430 1471.54 -5386.97 654.703 -2.84652
6440 1454.6 -3332.49 654.298 -2.84726
6450 1403.43 720.367 653.848 -2.8477
6460 1336.64 1640.99 653.419 -2.84778
6470 1308.57 -1325.7 653.023 -2.8475
6480 1294.65 -2375.08 652.62 -2.84681
6490 1437.47 -7849.82 652.176 -2.84581
6500 1587.31 -13705.9 651.599 -2.84474
6510 1613.57 -11638.4 650.803 -2.84393
6520 1642.88 -11307.8 649.81 -2.84351
6530 1619.35 -8454.49 648.64 -2.84345
6540 1561.81 -3540.53 647.347 -2.84356
6550 1601.68 -2756.53 646.011 -2.84372
6560 1754.49 -3751.25 644.651 -2.84413
6570 1777.05 -3937.52 643.255 -2.84513
6580 1537.52 2191.09 641.831 -2.84644
6590 1294.79 7765.71 640.473 -2.84722
6600 1366.13 7204.22 639.27 -2.84742
6610 1554.83 2689.24 638.212 -2.84735
6620 1652.68 -1007.65 637.225 -2.84743
6630 1588.05 3406.35 636.257 -2.84776
6640 1519.01 5810.32 635.364 -2.8481
6650 1535.56 5807.16 634.589 -2.8484
6660 1513.36 7702.22 633.936 -2.84868
6670 1471.2 9052.32 633.43 -2.84883
6680 1610.44 3832.03 633.082 -2.84895
6690 1694.75 336.356 632.813 -2.84932
6700 1586.62 2010.31 632.569 -2.84995
6710 1573.01 612.554 632.364 -2.85069
6720 1584.51 174.872 632.179 -2.85143
6730 1611.65 -1002.8 632.004 -2.85224
6740 1645.28 -2872.08 631.82 -2.85319
6750 1595.71 -3241.81 631.598 -2.85428
6760 1494.61 -1473.62 631.333 -2.85534
6770 1424.93 -278.875 631.051 -2.85613
6780 1447.76 -543.069 630.771 -2.8566
6790 1506.8 1178.39 630.495 -2.85687
6800 1512.5 1954.99 630.247 -2.85704
6810 1427.65 2535.17 630.041 -2.85712
6820 1314.73 4493.13 629.888 -2.85699
6830 1273.16 6978.26 629.821 -2.85647
6840 1404.88 1677.44 629.864 -2.85556
6850 1528.93 344.487 629.948 -2.85439
6860 1647.16 -682.582 630.042 -2.85332
6870 1726.21 -2684.45 630.127 -2.85265
6880 1669.98 -880.939 630.178 -2.85254
6890 1608.26 571.474 630.218 -2.8528
6900 1640.56 -2627.59 630.265 -2.85329
6910 1545.98 -1932.82 630.28 -2.85393
6920 1417.64 817.597 630.27 -2.85447
6930 1409.27 2174.34 630.276 -2.85471
6940 1518.39 2745.79 630.324 -2.85471
6950 1634.83 838.592 630.419 -2.85471
6960 1554.11 1659.12 630.538 -2.85491
6970 1382.29 4519.68 630.693 -2.85511
6980 1326.43 3232.61 630.92 -2.85502
6990 1426.71 -2594.29 631.198 -2.85455
7000 1595.51 -7162.94 631.433 -2.85386
7010 1738.43 -8655.69 631.554 -2.85338
7020 1878.86 -10350 631.532 -2.85357
7030 1935.65 -9421.9 631.342 -2.85477
7040 1842.67 -4101.97 631.009 -2.85696
7050 1629.44 2869.37 630.619 -2.85945
7060 1452.25 7969.21 630.288 -2.86156
7070 1424.03 8111.63 630.094 -2.86311
7080 1561.49 4281.69 630.041 -2.86436
7090 1624.18 3630.69 630.073 -2.86559
7100 1564.7 3876.02 630.171 -2.86686
7110 1491.24 5915.51 630.344 -2.868
7120 1485.99 4762.99 630.616 -2.86893
7130 1427.04 3903.76 630.969 -2.86963
7140 1271.47 6142.8 631.396 -2.86995
7150 1292.15 4831.55 631.92 -2.86982
7160 1326.77 5643.97 632.527 -2.86922
7170 1319.66 8253.24 633.232 -2.86835
7180 1256.17 9305.72 634.071 -2.86725
7190 1160.8 11238.8 635.066 -2.86595
7200 1121.89 12009.1 636.246 -2.86439
7210 1199.84 9819.86 637.62 -2.86241
7220 1284.33 7405.48 639.152 -2.85994
7230 1287.23 5998.97 640.803 -2.85726
7240 1327.48 4313.8 642.544 -2.8545
7250 1409.73 2230.22 644.345 -2.85161
7260 1492.56 -201.947 646.168 -2.84871
7270 1575.3 -1378.65 647.976 -2.846
7280 1643.38 -3417.35 649.74 -2.84366
7290 1653.93 -3382.76 651.43 -2.84186
7300 1561.82 466.451 653.051 -2.8407
7310 1367.66 5702.69 654.668 -2.84001
7320 1217 7853.64 656.371 -2.83933
7330 1399.14 2947.19 658.191 -2.83828
7340 1528.8 -2550.05 660.047 -2.83669
7350 1481.55 -5163.57 661.844 -2.83514
7360 1454.67 -8764.21 663.525 -2.83365
7370 1497.15 -8256.67 665.032 -2.83217
7380 1527.7 -7035.55 666.368 -2.83084
7390 1461.67 -6068.65 667.559 -2.82968
7400 1334.2 -4808.22 668.623 -2.82863
7410 1206.46 -2561.9 669.588 -2.82745
7420 1155.14 -1484.81 670.494 -2.82598
7430 1170.05 -5018.39 671.353 -2.82407
7440 1112.4 -3213.05 672.12 -2.82177
7450 1093.12 -3522.79 672.813 -2.81925
7460 1199.43 -6439.54 673.426 -2.81626
7470 1313.6 -5927.3 673.917 -2.81284
7480 1450.74 -7562.38 674.287 -2.80927
7490 1603.85 -10848.4 674.507 -2.80581
7500 1673.55 -11308.4 674.523 -2.80288
7510 1634.11 -10236.6 674.328 -2.80079
7520 1545.46 -8617.83 673.943 -2.79938
7530 1531.03 -8572.97 673.401 -2.79833
7540 1644.21 -10443.8 672.703 -2.79752
7550 1777.41 -11463.2 671.821 -2.79718
7560 1787.93 -7665.22 670.748 -2.79753
7570 1717.16 -4482.62 669.549 -2.79847
7580 1611.26 -894.619 668.292 -2.79967
7590 1528.43 3191.56 667.048 -2.80075
7600 1527.22 4397.69 665.885 -2.80163
7610 1565.09 4568.11 664.83 -2.80237
7620 1691.87 -2086.64 663.874 -2.80324
7630 1782.02 -9245.86 662.899 -2.80462
7640 1737.75 -12419.5 661.78 -2.80662
7650 1597.5 -10732.3 660.461 -2.80888
7660 1411.86 -6698.8 658.975 -2.8108
7670 1303.57 -2849.83 657.395 -2.812
7680 1394.8 -3836.97 655.787 -2.81258
7690 1566.06 -6098.73 654.14 -2.81295
7700 1744.78 -6524.07 652.419 -2.81346
7710 1872.14 -7714.32 650.614 -2.81462
7720 1843.11 -5288.04 648.717 -2.81659
7730 1649.1 -445.442 646.768 -2.81891
7740 1430.9 4676.02 644.854 -2.82076
7750 1375.27 6486.48 643.058 -2.82191
7760 1471.24 5863.97 641.413 -2.82259
7770 1598.55 2272.98 639.898 -2.8232
7780 1622.34 1024.2 638.462 -2.82396
7790 1559.95 2790.9 637.08 -2.82481
7800 1582.58 2763.24 635.773 -2.82557
7810 1765.42 -2245.58 634.535 -2.82657
7820 1897.93 -2568.24 633.294 -2.82825
7830 1902.17 2520.73 632.045 -2.83076
7840 1759.42 9975.27 630.871 -2.8337
7850 1546.15 14910.1 629.891 -2.83639
7860 1407.74 16178.1 629.179 -2.83848
7870 1453.09 13999.2 628.755 -2.84002
7880 1695.13 5897.27 628.571 -2.84147
7890 1912.76 -1698.79 628.496 -2.84342
7900 1973.1 -5473.35 628.406 -2.84633
7910 1907.01 -6181.33 628.237 -2.8501
7920 1790.22 -4902.18 627.975 -2.85422
7930 1660.27 -2023.96 627.643 -2.85819
7940 1550.69 1769.41 627.289 -2.86161
7950 1502.13 1720.2 626.972 -2.86443
7960 1443.77 1474.03 626.693 -2.86668
7970 1378.04 2877.03 626.45 -2.86831
7980 1379.68 2248.97 626.263 -2.86937
7990 1451.38 -1514 626.115 -2.87002
8000 1445.27 1615.11 625.962 -2.8704
8010 1460.33 1746.32 625.836 -2.87054
8020 1551.12 183.884 625.746 -2.87055
8030 1661.72 505.67 625.668 -2.87065
8040 1636.26 3114.15 625.61 -2.87104
8050 1457.65 5991.69 625.611 -2.87157
8060 1373.18 6172.8 625.713 -2.87188
8070 1404.74 2133.48 625.915 -2.87186
8080 1382.26 2606.29 626.163 -2.87156
8090 1365.25 3252.03 626.456 -2.87101
8100 1452.76 1066.58 626.799 -2.87022
8110 1534.21 -597.379 627.163 -2.86931
8120 1532.33 -2215.71 627.516 -2.86849
8130 1441.44 -1659.28 627.834 -2.86779
8140 1351.66 2753.23 628.132 -2.86705
8150 1379.96 3200.37 628.471 -2.86613
8160 1417.15 2417.17 628.861 -2.865
8170 1340.54 4788.52 629.298 -2.86378
8180 1301.99 5084.12 629.812 -2.86245
8190 1356.38 4986.27 630.409 -2.86088
8200 1499.16 4358.5 631.086 -2.85909
8210 1556.06 5788.55 631.839 -2.85737
8220 1567.9 3278.05 632.679 -2.85592
8230 1643.64 -132.557 633.567 -2.85476
8240 1647.94 -1850.38 634.451 -2.85393
8250 1610.68 -4250.28 635.295 -2.85351
8260 1482.32 -2385.06 636.067 -2.85332
8270 1362.86 -506.549 636.791 -2.85311
8280 1269.59 2522.05 637.505 -2.85265
8290 1276.58 4453.63 638.256 -2.85184
8300 1372.16 2982.35 639.074 -2.85063
8310 1407.92 1419.93 639.937 -2.84918
8320 1357.03 3588.12 640.826 -2.84766
8330 1395.22 3911.05 641.768 -2.8461
8340 1459.95 1527.39 642.766 -2.84441
8350 1441.07 1639.64 643.788 -2.84273
8360 1389.89 -271.938 644.828 -2.84114
8370 1349.65 -2855.53 645.853 -2.83949
8380 1416.4 -7469.29 646.816 -2.83766
8390 1573.59 -12315.4 647.636 -2.83566
8400 1649.9 -13114.8 648.236 -2.83389
8410 1726.89 -14599.9 648.596 -2.83267
8420 1840.34 -15995.2 648.694 -2.83221
8430 1809.6 -13361.9 648.516 -2.83267
8440 1763 -11257.9 648.105 -2.8339
8450 1666.56 -8730.02 647.505 -2.83555
8460 1581.89 -6575.92 646.765 -2.83726
8470 1523.65 -7010.59 645.92 -2.83883
8480 1447.14 -6345.63 644.969 -2.84014
8490 1403.9 -3252.17 643.932 -2.84105
8500 1473.39 -4069.23 642.852 -2.8416
8510 1552.8 -3619.88 641.725 -2.842
8520 1546.83 -1060.81 640.563 -2.84239
8530 1475.4 1155.44 639.405 -2.84269
8540 1435.3 4508.47 638.294 -2.84277
8550 1520.22 5740.28 637.282 -2.84262
8560 1687.11 3753.7 636.386 -2.84253
8570 1674.25 6014.65 635.584 -2.84281
8580 1521.7 10300.1 634.907 -2.84329
8590 1479.19 12544.7 634.421 -2.8437
8600 1529.68 11425.9 634.159 -2.844
8610 1616.07 10378 634.104 -2.84435
8620 1636.29 10534.2 634.236 -2.84491
8630 1552.98 10043.9 634.552 -2.84567
8640 1457.14 9823.41 635.043 -2.84639
8650 1428.98 10132.9 635.703 -2.8469
8660 1520.74 9612.2 636.535 -2.84722
8670 1616.75 9422.1 637.528 -2.84754
8680 1681.02 9792.97 638.679 -2.84812
8690 1629.25 10016.8 639.992 -2.84905
8700 1526.26 10708.7 641.472 -2.85014
8710 1462.79 10888.9 643.127 -2.85116
8720 1473.51 9046.06 644.959 -2.85196
8730 1562.24 4819.02 646.93 -2.85253
8740 1635 2821.02 648.974 -2.85305
8750 1637.37 883.667 651.051 -2.85371
8760 1567.39 -743.82 653.125 -2.85447
8770 1441.97 865.135 655.174 -2.85516
8780 1381.32 -1332.11 657.21 -2.85557
8790 1393.87 -4413.67 659.202 -2.85551
8800 1387.9 -4315.99 661.097 -2.8551
8810 1404.38 -4190.01 662.891 -2.85446
8820 1456.64 -5167.43 664.587 -2.85362
8830 1511.2 -5575.13 666.17 -2.85268
8840 1521.27 -4754.64 667.633 -2.85181
8850 1494.52 -3396.9 668.992 -2.85106
8860 1462.5 -3075.26 670.271 -2.85037
8870 1426.78 -3198.13 671.479 -2.84964
8880 1411.23 -3722.7 672.614 -2.84879
8890 1427.8 -6013.53 673.662 -2.8478
8900 1449.69 -10104.3 674.58 -2.84665
8910 1471.59 -13056 675.296 -2.84544
8920 1505.18 -14888.5 675.754 -2.84427
8930 1566.09 -16814.3 675.92 -2.84325
8940 1579.9 -16400.3 675.763 -2.84253
8950 1495.91 -12072.3 675.302 -2.84209
8960 1418.22 -9826.58 674.613 -2.84172
8970 1353.45 -4965.21 673.757 -2.84119
8980 1387.95 -3401.52 672.817 -2.84038
8990 1412.18 -4560.25 671.828 -2.83937
9000 1327.16 -2990.1 670.778 -2.83825
9010 1336.26 -4706.04 669.688 -2.83694
9020 1552.45 -10290.4 668.525 -2.83548
9030 1766.11 -13821.2 667.193 -2.83425
9040 1775.4 -11697.3 665.639 -2.83378
9050 1634.92 -7752.84 663.9 -2.834
9060 1445.72 -2337.82 662.053 -2.83435
9070 1344.46 1832.69 660.202 -2.83431
9080 1382.17 1136.24 658.415 -2.83389
9090 1454.35 3530.07 656.694 -2.83318
9100 1503.8 3924.96 655.069 -2.83232
9110 1520.15 3755.42 653.551 -2.83149
9120 1504.12 6248.88 652.14 -2.83072
9130 1485.38 7531.44 650.87 -2.82997
9140 1413.86 10306.1 649.767 -2.82917
9150 1450.71 8692.49 648.869 -2.82826
9160 1648.61 566.111 648.135 -2.8274
9170 1766.14 -5347.24 647.436 -2.82695
9180 1812 -8487.88 646.662 -2.82728
9190 1754.51 -6884.66 645.763 -2.82835
9200 1665.18 -2116.67 644.769 -2.82978
9210 1647.65 -1352.25 643.754 -2.83131
9220 1639.26 -2843.57 642.734 -2.83298
9230 1501.81 709.815 641.697 -2.83458
9240 1411.82 2805.31 640.692 -2.83571
9250 1565.26 1518.13 639.753 -2.83655
9260 1713.22 1373.29 638.865 -2.83746
9270 1727.42 1379.11 638.022 -2.83875
9280 1572.31 4332.37 637.229 -2.84025
9290 1390.78 7940.61 636.529 -2.84146
9300 1328.96 9784.39 635.982 -2.84212
9310 1410.28 10091.3 635.617 -2.84234
9320 1535.23 9982.6 635.436 -2.84231
9330 1674.33 7413.41 635.431 -2.84238
9340 1690.26 7153.2 635.565 -2.8428
9350 1639.03 8880.89 635.831 -2.84358
9360 1585.84 6879.2 636.245 -2.84456
9370 1475.13 6215.48 636.782 -2.84551
9380 1337.1 6910.55 637.426 -2.84617
9390 1295.5 6589.13 638.185 -2.84638
9400 1374.47 5091.76 639.051 -2.84614
9410 1497.66 1166.21 639.994 -2.84557
9420 1573.68 -1968.31 640.953 -2.84489
9430 1603.6 -3940.45 641.87 -2.84435
9440 1634.28 -5499.57 642.713 -2.84405
9450 1640.54 -6760.65 643.452 -2.84403
9460 1591.75 -4376.77 644.072 -2.84429
9470 1515.56 -1236.4 644.613 -2.84467
9480 1572.7 -3213.07 645.121 -2.84504
9490 1597.17 -5115.51 645.57 -2.84544
9500 1538.82 -4641.82 645.932 -2.84593
9510 1523.94 -3689.37 646.212 -2.84639
9520 1606.24 -3054.8 646.427 -2.84683
9530 1753.61 -7069.35 646.582 -2.84749
9540 1751.79 -8375.05 646.62 -2.84866
9550 1538.72 -3512.51 646.522 -2.85013
9560 1295.91 1384.72 646.369 -2.85121
9570 1311.71 -1377.01 646.236 -2.8517
9580 1392.42 -4119.35 646.086 -2.8517
9590 1430.48 -5992.83 645.87 -2.85143
9600 1384.72 -4042.33 645.564 -2.85097
9610 1426.44 -4193.3 645.191 -2.85031
9620 1592.07 -8556.04 644.747 -2.84955
9630 1607.78 -10234.2 644.169 -2.849
9640 1504.75 -8321.08 643.428 -2.84875
9650 1403.4 -4067.97 642.561 -2.8485
9660 1396.73 -1894.06 641.638 -2.84801
9670 1465.85 254.963 640.703 -2.8473
9680 1539.98 1254.02 639.79 -2.84647
9690 1632.66 -510.108 638.915 -2.84578
9700 1688.94 272.228 638.056 -2.84543
9710 1664.27 2699.81 637.224 -2.84548
9720 1537.01 4401.57 636.457 -2.84582
9730 1279.44 10658.1 635.792 -2.84601
9740 1142.46 14629.3 635.322 -2.84567
9750 1265.64 11599.2 635.105 -2.8448
9760 1360.65 12003.7 635.104 -2.84344
9770 1496.3 9749.5 635.309 -2.84191
9780 1583.48 8227.64 635.686 -2.84041
9790 1589.67 7406.53 636.208 -2.83923
9800 1517.33 5436.02 636.855 -2.83838
9810 1432.75 6370.6 637.599 -2.83767
9820 1517.4 2928.35 638.441 -2.83693
9830 1654.29 -3097.89 639.323 -2.83615
9840 1631.1 -3523.65 640.157 -2.83565
9850 1625.41 -8323.65 640.915 -2.83548
9860 1635.15 -11917.3 641.524 -2.83552
9870 1588.39 -9183.42 641.931 -2.83584
9880 1507.59 -5173.77 642.177 -2.83629
9890 1414.75 -2405.19 642.331 -2.83663
9900 1342.89 1787.29 642.45 -2.83667
9910 1425.71 1058.52 642.595 -2.83638
9920 1521.04 -2849.84 642.757 -2.83589
9930 1446.79 -265.229 642.882 -2.83538
9940 1366.67 828.857 643.004 -2.83481
9950 1407.04 -3157.77 643.135 -2.83403
9960 1481.72 -5233.84 643.217 -2.83305
9970 1540.13 -6700.51 643.211 -2.83207
9980 1634.52 -8433.27 643.092 -2.83125
9990 1749.68 -10980.2 642.829 -2.83082
10000 1829.19 -13125.8 642.384 -2.83109
