# Time-averaged data for fix 4
# TimeStep c_mytemp c_mypress v_vmyvol v_avgEtotal
10 2069.51 -13944 654.681 -2.77629
20 1967.13 -12408.9 653.287 -2.77754
30 1933.53 -11139.2 651.736 -2.77897
40 1869.28 -9142.1 650.053 -2.78041
50 1718.31 -3838.14 648.275 -2.78156
60 1594.96 3500.19 646.479 -2.78203
70 1643.99 6828.53 644.767 -2.78171
80 1918.72 2724.5 643.182 -2.78108
90 2126.99 -103.517 641.674 -2.78072
100 2137.96 -609.723 640.199 -2.78114
110 1952.91 3794.03 638.755 -2.7821
120 1778.29 10437.8 637.4 -2.78294
130 1766.17 11721 636.216 -2.7834
140 1851.53 11481.6 635.223 -2.78366
150 1927.6 10249.3 634.416 -2.78392
160 1938.33 8867.49 633.773 -2.78436
170 1901.5 11171.9 633.278 -2.78494
180 1900.56 11391.1 632.95 -2.78558
190 1867.71 13297.7 632.797 -2.78629
200 1820.08 16007.2 632.842 -2.78695
210 1844.5 14733.8 633.111 -2.78755
220 1875.45 14230.8 633.593 -2.78813
230 1896.55 13462.6 634.275 -2.78878
240 1803.84 12313.9 635.143 -2.78946
250 1639.75 12196.4 636.181 -2.78996
260 1601.13 10298 637.382 -2.79005
270 1625.46 8879.76 638.72 -2.78965
280 1623.06 9060.22 640.177 -2.78885
290 1793.74 3172.06 641.741 -2.78771
300 1872.5 84.8851 643.341 -2.7863
310 1742.69 1308.77 644.932 -2.78507
320 1708.1 1064.82 646.525 -2.78391
330 1685.9 1163.23 648.117 -2.78262
340 1629.43 3560.56 649.716 -2.78122
350 1686.32 2444.21 651.346 -2.77962
360 1741.75 490.462 652.996 -2.77777
370 1907.02 -2113.13 654.635 -2.77584
380 1853.37 -331.766 656.232 -2.77411
390 1780.4 -10.7714 657.807 -2.77278
400 1644.12 593.556 659.366 -2.77149
410 1637.81 1193.87 660.919 -2.7701
420 1836.62 -3480.59 662.466 -2.76838
430 1882.67 -4649.95 663.951 -2.76654
440 1943.62 -7642.14 665.346 -2.76501
450 2028.12 -11221.9 666.606 -2.76376
460 2082.99 -11630 667.683 -2.76308
470 2075.05 -13125.8 668.566 -2.76307
480 1981.88 -11545.9 669.241 -2.76362
490 1875.89 -9260.81 669.729 -2.76442
500 1811.3 -6384.04 670.072 -2.76518
510 1808.52 -7335.42 670.306 -2.76578
520 1799.36 -8765.14 670.427 -2.76621
530 1737.7 -8015.68 670.416 -2.76646
540 1603.14 -6464.46 670.284 -2.76642
550 1527.94 -4986.51 670.057 -2.76591
560 1726.54 -9588.7 669.751 -2.7649
570 1868.62 -15333.2 669.302 -2.76368
580 1820.93 -15867.7 668.631 -2.76269
590 1774.46 -12344.9 667.733 -2.76187
600 1938.8 -14154.3 666.653 -2.7611
610 2123.45 -15493.2 665.377 -2.76072
620 2088.07 -11063.7 663.896 -2.76109
630 1848.84 -2720.22 662.28 -2.76179
640 1671.01 3972.63 660.656 -2.76217
650 1618.69 9012.74 659.124 -2.76195
660 1629.91 14748.8 657.764 -2.76116
670 1647.94 17661.1 656.653 -2.75993
680 1671.02 18761.9 655.833 -2.75845
690 1678.83 20507.8 655.318 -2.75683
700 1736.37 20482.7 655.124 -2.75516
710 1768.04 19692.7 655.249 -2.75353
720 1697.86 19327 655.676 -2.75205
730 1713.8 18322.2 656.395 -2.75064
740 1913.67 12723.5 657.382 -2.74915
750 2042.7 8936.5 658.557 -2.74782
760 2083.17 4804.5 659.859 -2.74708
770 2024.34 2481.05 661.227 -2.74695
780 1907.78 909.702 662.622 -2.74723
790 1822.32 -459.743 664.019 -2.74755
800 1957.24 -4589.45 665.391 -2.74779
810 2107.62 -9960.09 666.677 -2.74816
820 2107.96 -10431 667.804 -2.74906
830 2066.26 -12429.9 668.753 -2.7505
840 1958.87 -12768.5 669.502 -2.7522
850 1832.13 -8923.34 670.05 -2.75388
860 1750.85 -7482.77 670.451 -2.75523
870 1776.85 -9011.77 670.728 -2.75623
880 1767.36 -7548.47 670.869 -2.75691
890 1852.7 -5851.69 670.893 -2.75737
900 1948.27 -5671.57 670.826 -2.75783
910 1859.14 -4026.98 670.68 -2.75838
920 1839.05 -4856.47 670.474 -2.75892
930 1831.79 -5214.16 670.201 -2.75935
940 1865.72 -4473.77 669.857 -2.75973
950 1832.57 -3747.73 669.453 -2.76007
960 1731.93 -2035.98 669.003 -2.76028
970 1717.61 -2617.11 668.531 -2.76022
980 1847.31 -5481.15 668.028 -2.75995
990 1967.47 -8203.08 667.451 -2.75972
1000 1967.68 -6382.29 666.767 -2.75982
1010 1815.58 930.085 666.008 -2.76009
1020 1557.19 10271 665.284 -2.76011
1030 1344.46 15670.8 664.733 -2.75946
1040 1614.44 7965.79 664.42 -2.75817
1050 1863.67 -803.833 664.239 -2.75632
1060 1911.49 -1962.79 664.066 -2.75461
1070 1856.42 -2744.8 663.871 -2.75326
1080 1907.6 -4851.16 663.64 -2.75218
1090 1959.52 -6854.12 663.343 -2.75132
1100 2048.66 -13064.3 662.944 -2.75092
1110 2072.12 -16681.3 662.36 -2.75115
1120 2035.51 -14911.4 661.54 -2.75201
1130 2022.52 -12316.3 660.51 -2.75327
1140 2066.6 -11353.8 659.311 -2.75488
1150 2071.44 -6489.77 657.971 -2.75684
1160 1976.76 -971.764 656.561 -2.75895
1170 1785.7 4202.82 655.166 -2.76075
1180 1832.84 2590.87 653.855 -2.76207
1190 2045.11 -901.463 652.608 -2.76343
1200 2112.05 -301.993 651.381 -2.76519
1210 1997.19 3509.33 650.179 -2.76726
1220 1843.41 7291.44 649.057 -2.76914
1230 1895.83 6409.27 648.061 -2.77073
1240 2026.61 3376.07 647.18 -2.77236
1250 2064.24 -756.983 646.367 -2.77433
1260 1943.19 434.884 645.57 -2.77647
1270 1907.15 933.53 644.798 -2.77845
1280 2070.4 -2519.74 644.051 -2.78046
1290 2227.9 -4024.73 643.289 -2.783
1300 2160.81 111.335 642.494 -2.78621
1310 1890.36 8487.87 641.725 -2.78935
1320 1733.01 13476.6 641.094 -2.79177
1330 1794.11 13731.4 640.667 -2.79358
1340 1959.86 12008.3 640.449 -2.79519
1350 1992.23 11520.7 640.415 -2.79697
1360 1797.55 14231.4 640.558 -2.79873
1370 1557.75 19981.8 640.917 -2.80006
1380 1431.07 22766.6 641.56 -2.80069
1390 1608.84 18598 642.521 -2.80071
1400 1740.18 14086.7 643.746 -2.80019
1410 1684.14 16634 645.177 -2.79952
1420 1719.92 13087 646.831 -2.79882
1430 1787.69 6886.05 648.659 -2.79777
1440 1799.84 4477.15 650.58 -2.79662
1450 1850.54 -252.539 652.545 -2.7954
1460 1709.37 -682.803 654.494 -2.79421
1470 1488.21 1152.63 656.418 -2.79304
1480 1308.47 4149.8 658.342 -2.79162
1490 1425.35 248.998 660.3 -2.78963
1500 1648.26 -4887.73 662.24 -2.78664
1510 1704.54 -6304.37 664.091 -2.78325
1520 1784.69 -8773.24 665.823 -2.7799
1530 1843.78 -10070.3 667.402 -2.77668
1540 1865.01 -9284.75 668.809 -2.77384
1550 1841.35 -6165.13 670.061 -2.77149
1560 1836.01 -6181.38 671.198 -2.76951
1570 1837.35 -3966.09 672.23 -2.7678
1580 1789.2 101.385 673.193 -2.76637
1590 1673.49 3600.67 674.148 -2.7651
1600 1573.27 8113.68 675.156 -2.76383
1610 1562.93 10635.8 676.281 -2.76237
1620 1527.46 13795.6 677.57 -2.76069
1630 1544.4 13238.4 679.065 -2.7588
1640 1579.52 11841.9 680.759 -2.75662
1650 1577.88 12664.1 682.634 -2.75427
1660 1638.67 11877.4 684.696 -2.75184
1670 1710.02 7858.14 686.929 -2.7492
1680 1766.91 3066.05 689.27 -2.74646
1690 1854.87 -2754.74 691.637 -2.74363
1700 1858.96 -5302.64 693.939 -2.74095
1710 1779.5 -4476.03 696.131 -2.73865
1720 1652.59 -560.456 698.229 -2.73672
1730 1653.05 1155.97 700.292 -2.73489
1740 1615.86 2581.95 702.351 -2.73294
1750 1504.97 7196.74 704.44 -2.73104
1760 1512.54 7152.7 706.625 -2.72902
1770 1646.11 4884.28 708.91 -2.72654
1780 1797.55 2039.33 711.254 -2.72373
1790 1963.04 -1349.83 713.61 -2.72087
1800 2005.66 -4830.76 715.917 -2.71837
1810 1915.01 -7390.07 718.112 -2.71648
1820 1736.87 -8475.02 720.151 -2.71498
1830 1693.22 -10610.9 722.01 -2.71351
1840 1755.81 -14893.9 723.649 -2.7118
1850 1806.1 -16702.6 725 -2.71
1860 1863.39 -19154 726.025 -2.70833
1870 1974.82 -24375.2 726.679 -2.70693
1880 1996.56 -25822.4 726.882 -2.7061
1890 1877.77 -24354.6 726.611 -2.70594
1900 1693.24 -22107.7 725.9 -2.70605
1910 1613.44 -21421.4 724.793 -2.70608
1920 1608.48 -18559.1 723.319 -2.7058
1930 1688.41 -15979.7 721.536 -2.70515
1940 1797.36 -16701.2 719.493 -2.70433
1950 1717.06 -13511.1 717.199 -2.70353
1960 1569.82 -9062.53 714.714 -2.70259
1970 1565.14 -8615.55 712.115 -2.70129
1980 1733.4 -12955.3 709.413 -2.69974
1990 2024.67 -17683.8 706.543 -2.69827
2000 2258.68 -22239.4 703.43 -2.69769
2010 2229.93 -20569.5 700.014 -2.69855
2020 2022.69 -15723.5 696.331 -2.70031
2030 1870.83 -10114.6 692.472 -2.70207
2040 1856.71 -5927.76 688.538 -2.7034
2050 2009.6 -4762.53 684.599 -2.70452
2060 2162.61 -4486.1 680.682 -2.706
2070 2050.38 -278.241 676.799 -2.70792
2080 1818.79 8061.13 673.019 -2.70945
2090 1651.39 15277.1 669.464 -2.70992
2100 1776.11 16428.2 666.233 -2.70967
2110 1971.87 16321.8 663.341 -2.70935
2120 2009.62 17527.6 660.778 -2.7093
2130 1914.66 17133.8 658.546 -2.70957
2140 1884.03 17011.7 656.635 -2.70994
2150 1987.8 13554.9 655.025 -2.71051
2160 2055.85 13401.9 653.666 -2.71144
2170 2059.84 14753.2 652.545 -2.71278
2180 1957.38 18614.7 651.678 -2.7144
2190 1857.74 21680.1 651.115 -2.71594
2200 1998.11 14973.4 650.878 -2.71752
2210 2071.57 10923.4 650.88 -2.71939
2220 2065.56 9745.26 651.054 -2.72162
2230 2062.91 8785.77 651.377 -2.72413
2240 2081.07 6187.38 651.83 -2.72688
2250 2106.39 2590.75 652.372 -2.72986
2260 2167.15 -1959.6 652.948 -2.73313
2270 2277.89 -9644.05 653.487 -2.73691
2280 2295.75 -14059 653.882 -2.74141
2290 2205.94 -13038.1 654.073 -2.74639
2300 2181.97 -13254.9 654.067 -2.75156
2310 2151.36 -13212 653.869 -2.75684
2320 2023.74 -7329.34 653.49 -2.76193
2330 1896.53 -2654.85 653.013 -2.76628
2340 1879.83 -2379.08 652.504 -2.76996
2350 1887 -192.329 651.98 -2.77308
2360 1900.18 -582.947 651.463 -2.77583
2370 1918.96 1364.39 650.957 -2.77825
2380 1962.55 2513.93 650.486 -2.78052
2390 1927.02 3797.7 650.067 -2.78264
2400 1936.28 2790.23 649.716 -2.78467
2410 1887.22 535.521 649.417 -2.78656
2420 1747.43 -344.108 649.139 -2.78817
2430 1542.27 -189.566 648.867 -2.78922
2440 1373.52 3414.77 648.608 -2.78941
2450 1485.79 1170.38 648.4 -2.78878
2460 1768.02 -5845.75 648.21 -2.78749
2470 1881.5 -5485.84 647.953 -2.78602
2480 1755.72 -626.831 647.63 -2.78473
2490 1743.91 574.326 647.305 -2.78351
2500 1936.57 -2753.03 646.992 -2.78223
2510 2008.62 2060.18 646.663 -2.78121
2520 1891.87 9186.91 646.377 -2.78064
2530 1595.75 17821 646.24 -2.78025
2540 1432.47 21829.1 646.368 -2.77956
2550 1736.82 13702.5 646.803 -2.77835
2560 2069.74 3321.39 647.438 -2.77675
2570 2234.64 -7178.5 648.116 -2.77561
2580 2162.07 -10058.9 648.694 -2.77552
2590 1926.21 -7256.94 649.126 -2.77619
2600 1735.78 -5840.85 649.448 -2.77694
2610 1546.29 -2122.81 649.686 -2.77731
2620 1338.03 3140.25 649.895 -2.77704
2630 1463.58 1178.14 650.142 -2.776
2640 1777.68 -5445.99 650.401 -2.77414
2650 2012.74 -9563.75 650.585 -2.77207
2660 2185.36 -12669.7 650.629 -2.77055
2670 2184.83 -10990.7 650.495 -2.77009
2680 2000.41 -3537.84 650.215 -2.77053
2690 1815.43 4943.04 649.894 -2.77121
2700 1718.18 11010 649.655 -2.77165
2710 1750.41 12420.6 649.582 -2.7718
2720 1831.39 11734.2 649.7 -2.77175
2730 1947.51 6904.34 649.989 -2.7717
2740 2034.13 5236.75 650.389 -2.7719
2750 2077.96 2480.56 650.864 -2.77254
2760 2031.27 3112.33 651.38 -2.77365
2770 1977.78 3562.4 651.941 -2.77503
2780 2093.52 -1291.93 652.545 -2.77666
2790 2104.73 692.956 653.138 -2.77868
2800 2002.72 4343.43 653.739 -2.78105
2810 1858.6 6264.73 654.401 -2.78339
2820 1724.7 7435.68 655.152 -2.78531
2830 1685.6 8648.16 656.012 -2.78671
2840 1662.78 7995.11 656.993 -2.7876
2850 1557.4 9252.93 658.09 -2.78798
2860 1545.13 7027.98 659.312 -2.78779
2870 1714.35 2774.17 660.628 -2.78702
2880 1748.06 -39.7553 661.976 -2.78587
2890 1538.32 2190.93 663.317 -2.78463
2900 1402.89 1901 664.675 -2.78321
2910 1494.47 -2098.36 666.044 -2.78117
2920 1614.5 -5919.57 667.366 -2.77847
2930 1668.7 -8699.14 668.582 -2.77545
2940 1637.04 -9874.38 669.651 -2.77239
2950 1625.93 -7263.87 670.56 -2.76939
2960 1768.38 -6393.32 671.342 -2.76637
2970 1957.12 -8086.05 672.013 -2.76335
2980 1967.84 -8751.82 672.552 -2.76083
2990 1773.46 -5389.89 672.956 -2.75899
3000 1719.89 -4483.23 673.27 -2.75744
3010 1919.22 -10739.1 673.503 -2.75584
3020 2133.56 -16354.8 673.567 -2.75449
3030 2214.36 -18695.5 673.38 -2.75407
3040 2171.35 -19968.2 672.904 -2.75476
3050 2121.82 -18039 672.13 -2.75637
3060 1976.76 -14721 671.087 -2.75846
3070 1746.75 -7915.38 669.842 -2.76037
3080 1644.13 -3790.96 668.494 -2.76157
3090 1711.88 -3486.26 667.11 -2.76222
3100 1636.47 1045.08 665.707 -2.7624
3110 1465.97 5352.02 664.35 -2.76197
3120 1407.42 5197.86 663.098 -2.76091
3130 1461.05 4829.47 661.953 -2.75921
3140 1646.01 3603.47 660.904 -2.75692
3150 1840.56 3895.62 659.938 -2.75427
3160 1943.54 5029.69 659.054 -2.75172
3170 2117.28 1272.2 658.261 -2.74968
3180 2292.4 -3056.19 657.507 -2.7486
3190 2172.91 -1945.52 656.732 -2.74878
3200 1904.69 330.325 655.949 -2.74968
3210 1721.51 1967.52 655.188 -2.75053
3220 1632.87 4872.84 654.479 -2.75088
3230 1767.75 3130.56 653.852 -2.75081
3240 1857.41 2957.34 653.29 -2.75053
3250 1813.34 4721.49 652.79 -2.75026
3260 1795.99 6546.08 652.376 -2.74992
3270 1977.49 3367.91 652.063 -2.74959
3280 2075.69 6215.58 651.822 -2.74959
3290 1960.61 11666.1 651.687 -2.75009
3300 1763.59 16304.9 651.733 -2.75075
3310 1720.98 15082.1 652.022 -2.7512
3320 1903.3 7941.44 652.53 -2.75144
3330 2043.59 1009.85 653.157 -2.7517
3340 2180.97 -8216.52 653.792 -2.75241
3350 2150.68 -12315 654.308 -2.7538
3360 1977.35 -10387.5 654.646 -2.7557
3370 1773.73 -4769.33 654.832 -2.75751
3380 1685.48 -296.723 654.947 -2.7588
3390 1794.64 -2282.93 655.053 -2.75965
3400 1894.6 -5143.46 655.126 -2.76028
3410 1921.2 -5628.92 655.131 -2.76095
3420 1890.99 -5878.97 655.054 -2.76171
3430 1790.37 -1085.32 654.903 -2.76238
3440 1893.08 1339.12 654.742 -2.76288
3450 2053.92 -618.179 654.601 -2.76348
3460 1999.42 2740.79 654.467 -2.76448
3470 1753.16 10282.8 654.387 -2.76558
3480 1497.85 18814.5 654.472 -2.76621
3490 1579.25 17218.6 654.832 -2.76625
3500 1815.57 11449.2 655.447 -2.76577
3510 1938.7 5424.76 656.234 -2.76516
3520 2039.05 -3409.76 657.093 -2.76474
3530 2080.2 -8022.57 657.901 -2.76474
3540 1981.23 -5293.13 658.592 -2.76526
3550 1851.05 -2451.54 659.198 -2.76602
3560 1841.73 -2241.65 659.761 -2.7667
3570 2004.62 -5352.74 660.282 -2.76732
3580 2217.87 -9760.39 660.718 -2.76835
3590 2256.18 -10969.4 661.009 -2.77027
3600 2098.05 -6668.1 661.141 -2.77297
3610 1838.18 -613.475 661.177 -2.77565
3620 1692.07 1978.29 661.203 -2.77771
3630 1729.86 178.827 661.26 -2.77915
3640 1715.47 -1345.61 661.324 -2.78014
3650 1627.82 387.71 661.377 -2.78062
3660 1809.56 -3833.34 661.432 -2.78067
3670 1986.16 -7741.5 661.432 -2.78062
3680 1951.87 -7844.33 661.325 -2.78088
3690 1741.03 -4608.55 661.108 -2.78129
3700 1519.72 831.236 660.831 -2.78136
3710 1434.86 3100.69 660.572 -2.78083
3720 1470.43 3366.41 660.367 -2.77961
3730 1679.48 375.983 660.217 -2.77778
3740 1972.41 -4391.19 660.077 -2.7756
3750 2169.58 -5025.77 659.884 -2.77377
3760 2129.78 -3414.08 659.626 -2.77292
3770 1825 1465.63 659.329 -2.77287
3780 1510.08 7130.74 659.067 -2.7727
3790 1668.5 1432.99 658.906 -2.77207
3800 1858.09 -2677.25 658.779 -2.771
3810 2081.85 -6412.78 658.618 -2.77006
3820 2262.36 -11724.3 658.365 -2.76983
3830 2247.35 -11246.1 657.951 -2.77075
3840 2193.43 -8061.32 657.382 -2.77269
3850 2051.08 -1071.48 656.71 -2.77515
3860 1917.88 3963.96 656.037 -2.77754
3870 1816.31 5927.79 655.435 -2.77964
3880 1732.08 6429.86 654.937 -2.78122
3890 1791.17 -406.209 654.539 -2.78239
3900 1883.19 -5961.95 654.149 -2.78338
3910 1899.5 -9749.05 653.681 -2.78437
3920 1825.57 -8796.77 653.087 -2.78536
3930 1753.82 -8878.89 652.372 -2.78614
3940 1723.09 -6649.98 651.544 -2.78661
3950 1725.17 -4733.59 650.634 -2.78673
3960 1775.37 -4317.38 649.67 -2.78659
3970 1794.26 -1030.17 648.667 -2.78625
3980 1858.26 2144.28 647.67 -2.78579
3990 1909.08 6154.03 646.726 -2.78534
4000 1803.06 12512.6 645.896 -2.78497
4010 1577.25 21490.6 645.274 -2.78444
4020 1557.58 22544.8 644.971 -2.78358
4030 1674.07 17935.2 645.002 -2.78235
4040 1758.18 12824.9 645.299 -2.78092
4050 1722.45 13474.7 645.795 -2.77947
4060 1750.84 9954.72 646.482 -2.77803
4070 1901.77 6132.87 647.313 -2.77652
4080 1975.65 4933.41 648.231 -2.77522
4090 1789.21 11022.3 649.228 -2.77438
4100 1714.44 12916.2 650.377 -2.7738
4110 1854.56 8789.86 651.701 -2.77308
4120 1954.35 4872.01 653.148 -2.77234
4130 1962.3 561.007 654.656 -2.77182
4140 1955.26 -3780.19 656.159 -2.77154
4150 1930.12 -6363.57 657.595 -2.77145
4160 1808.21 -6565.98 658.926 -2.77147
4170 1711.61 -7344.16 660.143 -2.77139
4180 1706.56 -8163.17 661.237 -2.77101
4190 1792.01 -9725.66 662.195 -2.77037
4200 1899.19 -12773.2 662.992 -2.76963
4210 1898.76 -11031.3 663.594 -2.76908
4220 1768.22 -5133.95 664.026 -2.76874
4230 1623.21 2389.07 664.381 -2.76833
4240 1645.18 5310.44 664.767 -2.7676
4250 1799.5 2751.4 665.227 -2.76655
4260 1867.95 1705.56 665.732 -2.7654
4270 1812.77 3633.89 666.268 -2.76443
4280 1715.04 4309.84 666.858 -2.76357
4290 1621.32 4030.98 667.509 -2.7626
4300 1537.41 5416.52 668.225 -2.76136
4310 1673.77 1361.32 669.013 -2.75972
4320 1876.53 -4197.24 669.815 -2.75768
4330 1946.01 -6678.97 670.551 -2.75575
4340 1825.86 -6206.92 671.179 -2.75427
4350 1550.38 -1999.88 671.713 -2.75303
4360 1466.89 -2239.26 672.206 -2.75162
4370 1611.69 -7813.64 672.653 -2.74965
4380 1734.09 -10528 672.978 -2.74728
4390 1648.17 -7860.85 673.145 -2.74488
4400 1858.88 -12666.5 673.176 -2.74254
4410 2111.26 -18110.6 673.009 -2.74024
4420 2108.17 -16802.6 672.572 -2.73886
4430 2088.44 -15615.5 671.879 -2.73847
4440 2042.1 -11760.4 670.959 -2.73879
4450 2008.8 -6714.37 669.874 -2.73955
4460 1982.31 -1904.93 668.707 -2.74052
4470 1906.98 2490.27 667.533 -2.74157
4480 1807.24 8038.62 666.427 -2.74242
4490 1799.84 7411.16 665.46 -2.74301
4500 1918.47 5640.34 664.629 -2.74348
4510 2049.44 468.013 663.901 -2.74416
4520 2061.94 -1780.6 663.2 -2.74531
4530 1928.64 3007.07 662.5 -2.74673
4540 1869.58 5043.27 661.858 -2.74805
4550 1923.91 4223.25 661.307 -2.74927
4560 2015.45 2902.9 660.836 -2.75058
4570 2041.54 96.2229 660.418 -2.75217
4580 1989.1 -107.101 660.02 -2.754
4590 1933.03 1147.14 659.634 -2.75588
4600 1904.77 2217.26 659.278 -2.75767
4610 1886 4771.1 658.967 -2.75932
4620 1828.2 9604.5 658.743 -2.76079
4630 1705.6 15417.4 658.678 -2.76191
4640 1713.57 15209.3 658.847 -2.76265
4650 1739.71 13822.1 659.249 -2.76307
4660 1707.24 15963.4 659.871 -2.76325
4670 1733.31 13681.8 660.728 -2.76324
4680 1621.77 14494.7 661.795 -2.76302
4690 1493.63 14631.3 663.078 -2.76252
4700 1620.34 10691.2 664.571 -2.76153
4710 1862.47 3153.19 666.214 -2.75993
4720 2025.01 -4086.85 667.892 -2.75817
4730 2050.86 -8829.57 669.495 -2.7568
4740 2028.43 -11503.1 670.948 -2.75602
4750 1991.03 -12696.3 672.207 -2.75574
4760 1958.15 -11158 673.257 -2.75586
4770 1938.82 -7537.46 674.124 -2.75629
4780 1804.39 -1559.13 674.868 -2.75688
4790 1681.32 2669.89 675.581 -2.75731
4800 1745.61 -945.834 676.32 -2.75738
4810 1953.29 -6236.67 677.038 -2.75718
4820 2073.62 -8891 677.656 -2.75719
4830 2028.65 -10120.6 678.128 -2.75772
4840 1818.15 -6185.33 678.444 -2.75855
4850 1608.63 -2131.6 678.659 -2.75915
4860 1448.23 3502.63 678.845 -2.75919
4870 1391.08 5572.01 679.086 -2.75853
4880 1482.99 3455.77 679.412 -2.75716
4890 1631.6 2134.96 679.795 -2.75516
4900 1702.6 310.376 680.213 -2.75281
4910 1724.67 -2537.67 680.634 -2.7504
4920 1757.22 -3517.89 681.017 -2.748
4930 1895.92 -4755.62 681.34 -2.74569
4940 1948.12 -3066.38 681.592 -2.74366
4950 1786.07 3343.18 681.803 -2.74214
4960 1588.19 10083.6 682.072 -2.74086
4970 1611.91 10814.9 682.5 -2.73943
4980 1780.98 6104.49 683.097 -2.73765
4990 1853.05 5789.12 683.799 -2.7358
5000 1893.55 3436.81 684.591 -2.73418
5010 1993.35 -2082.35 685.431 -2.73282
5020 2053.48 -4724.47 686.235 -2.73187
5030 2093.89 -7320.66 686.956 -2.73154
5040 2006.02 -5714.34 687.56 -2.73183
5050 1822.28 -2030.56 688.068 -2.73243
5060 1660.6 701.733 688.539 -2.73289
5070 1518.25 3155.69 689.021 -2.73289
5080 1542.98 -1120.84 689.546 -2.73227
5090 1853.08 -10309.1 690.041 -2.73104
5100 2128.51 -16268.8 690.368 -2.72976
5110 2164.48 -17498.1 690.429 -2.72931
5120 1997.9 -15741.5 690.206 -2.72972
5130 2057.99 -18106.8 689.722 -2.73068
5140 2102.68 -18063.9 688.952 -2.73218
5150 2060.91 -15817.3 687.901 -2.73422
5160 1999.03 -13546.6 686.609 -2.73656
5170 1908.77 -9455.77 685.122 -2.73887
5180 1870.31 -6213.46 683.509 -2.7409
5190 1912.57 -6078.75 681.821 -2.74273
5200 1924.65 -3398.15 680.074 -2.74448
5210 1861.03 -335.073 678.306 -2.74603
5220 1724.6 5013.5 676.574 -2.7472
5230 1615.83 9396.01 674.955 -2.74768
5240 1661.05 10440.5 673.515 -2.74756
5250 1760.74 9680.97 672.27 -2.74706
5260 1779.04 8269.77 671.204 -2.74646
5270 1541.6 12466.5 670.299 -2.74572
5280 1378.44 13813.2 669.609 -2.74455
5290 1594.43 6933.7 669.139 -2.74281
5300 1871.18 3236.15 668.797 -2.74055
5310 2087.38 -1052.89 668.516 -2.7384
5320 2195.01 -3938.46 668.232 -2.73704
5330 2126.45 -1961.56 667.903 -2.73672
5340 1983.75 1293.93 667.556 -2.73715
5350 1917.2 3235.59 667.239 -2.7378
5360 2023.11 -726.64 666.975 -2.73864
5370 2022.2 326.437 666.72 -2.73978
5380 1971.54 929.596 666.477 -2.74115
5390 1942.89 697.606 666.257 -2.74264
5400 1892.89 3283.99 666.063 -2.7441
5410 1827.09 4763.91 665.926 -2.74543
5420 1690.11 9545.71 665.878 -2.74644
5430 1651.19 10335.6 665.979 -2.74697
5440 1774.44 4276.78 666.235 -2.7471
5450 1813.44 3158.26 666.569 -2.74698
5460 1832.97 2480.92 666.952 -2.74681
5470 1862.42 1727.67 667.376 -2.74662
5480 1865.55 38.6335 667.824 -2.74647
5490 1865.73 -668.179 668.276 -2.74635
5500 2028.17 -7097.77 668.708 -2.74632
5510 2212.13 -9502.73 669.034 -2.74676
5520 2222.81 -9567.44 669.215 -2.74814
5530 2037.94 -6549.96 669.252 -2.75024
5540 1812.42 -1578.76 669.196 -2.75229
5550 1834.88 -2733.21 669.113 -2.75396
5560 1979.49 -8272.3 668.986 -2.75551
5570 1988.71 -11106.5 668.742 -2.7572
5580 1882.6 -14113.3 668.331 -2.75899
5590 1778.77 -13911.4 667.715 -2.76061
5600 1798.78 -10974 666.899 -2.76187
5610 2018.76 -12901 665.921 -2.76304
5620 2161.51 -12730.1 664.767 -2.76467
5630 2079.01 -7731.21 663.446 -2.76686
5640 1895.39 -1904.44 662.035 -2.76907
5650 1826.68 76.8916 660.618 -2.77088
5660 1864.72 -1237.67 659.228 -2.77242
5670 1916.51 -4254.37 657.844 -2.77388
5680 1922.67 -4670.85 656.429 -2.77537
5690 1892.66 -3364.67 654.974 -2.77682
5700 1845.96 -170.759 653.501 -2.77808
5710 1826 1202.93 652.053 -2.7791
5720 1789.51 2263.6 650.653 -2.77987
5730 1721.19 5617.34 649.319 -2.78032
5740 1649.23 9270.92 648.096 -2.78032
5750 1606.43 11497.3 647.034 -2.77985
5760 1594.16 13776.5 646.164 -2.77894
5770 1671.08 14465.8 645.514 -2.77762
5780 1856.8 10325.8 645.085 -2.77611
5790 1973.36 10114.8 644.827 -2.77471
5800 2082.37 8707.07 644.724 -2.7738
5810 2115 4770.79 644.753 -2.7736
5820 1979.05 6627.87 644.867 -2.77405
5830 1887.5 7178.38 645.081 -2.77476
5840 1991.92 1832.71 645.394 -2.77553
5850 2167.22 -3914.06 645.737 -2.77664
5860 2171.23 -4054.21 646.03 -2.77843
5870 1970.23 172.792 646.271 -2.78069
5880 1728.93 6146.01 646.52 -2.78272
5890 1674.53 7963.86 646.856 -2.78414
5900 1730.2 7188.79 647.306 -2.78505
5910 1789.83 6869.72 647.864 -2.78561
5920 1830.68 6273.76 648.52 -2.786
5930 1784.94 6995.11 649.268 -2.78628
5940 1751.54 8088.92 650.116 -2.78643
5950 1771.64 7739.94 651.078 -2.7864
5960 1762.35 5419.39 652.146 -2.78621
5970 1628.88 6029.22 653.291 -2.78584
5980 1417.67 8580.94 654.52 -2.78518
5990 1472.59 3429.09 655.857 -2.78397
6000 1672.06 -3704.51 657.232 -2.78192
6010 1695.99 -4443.9 658.547 -2.77945
6020 1721.03 -3392.07 659.783 -2.77703
6030 1780.33 -2769.75 660.956 -2.77463
6040 1749.95 1311.02 662.081 -2.77238
6050 1743.52 5826.87 663.219 -2.7704
6060 1685.81 7663.07 664.432 -2.76856
6070 1562.54 11541.3 665.76 -2.76683
6080 1639.36 9353.42 667.248 -2.765
6090 1868.13 2871.18 668.863 -2.7627
6100 1911.75 1784.24 670.518 -2.76044
6110 1889.79 3527.92 672.19 -2.75866
6120 1877.21 5761.19 673.904 -2.75736
6130 1898.58 4041.13 675.69 -2.75637
6140 1822.21 3632.82 677.526 -2.75556
6150 1742.95 3861.05 679.406 -2.75489
6160 1892.94 -5543.5 681.316 -2.75399
6170 2039.99 -11276.4 683.124 -2.75294
6180 2064.35 -12258.2 684.736 -2.75235
6190 2089.3 -14762.2 686.127 -2.75238
6200 2025.91 -14741 687.264 -2.75298
6210 1817.73 -11078.7 688.153 -2.75386
6220 1736.07 -11138.5 688.842 -2.75457
6230 1777.2 -13557.3 689.338 -2.75497
6240 1704.13 -11711.7 689.613 -2.75514
6250 1630.35 -11642.4 689.688 -2.75502
6260 1631.21 -13304.1 689.569 -2.75453
6270 1632.62 -14497.4 689.236 -2.7537
6280 1729.24 -17960.5 688.665 -2.75266
6290 1826.94 -18731.2 687.814 -2.75155
6300 1956.22 -18441.9 686.671 -2.75063
6310 2008.4 -15770.7 685.25 -2.75014
6320 1915.56 -10692.9 683.603 -2.75008
6330 1788.74 -5055.82 681.816 -2.75007
6340 1801.76 -5134.21 679.976 -2.74991
6350 1914.94 -10776 678.082 -2.74983
6360 1944.03 -11701.4 676.063 -2.75006
6370 1970.14 -12363.1 673.898 -2.75061
6380 1985.54 -13101.6 671.582 -2.75153
6390 1974.52 -9417.06 669.115 -2.7527
6400 1967.86 -6454.61 666.552 -2.75392
6410 1955.05 -5051.43 663.941 -2.75524
6420 1870.68 2413.84 661.319 -2.75642
6430 1801.62 8364.62 658.79 -2.75706
6440 1923.79 9171.72 656.438 -2.75742
6450 2022.81 8678.09 654.275 -2.75794
6460 1979.18 9929.38 652.295 -2.75876
6470 1887.23 11782.2 650.507 -2.75966
6480 1838.6 13889.2 648.936 -2.76042
6490 1880.5 13522.5 647.603 -2.76105
6500 1942.33 10680.1 646.497 -2.76176
6510 1937.8 9505.73 645.576 -2.76264
6520 1884.58 10568 644.818 -2.76359
6530 1832.27 12753.4 644.237 -2.76447
6540 1781.67 15622.5 643.859 -2.76519
6550 1671.99 21207.1 643.724 -2.76564
6560 1617.71 25803 643.907 -2.76579
6570 1733.02 23336.6 644.46 -2.76565
6580 1980.74 14691.4 645.344 -2.76539
6590 2098.81 8775.01 646.441 -2.76536
6600 1986.58 7382.29 647.662 -2.76588
6610 1844.44 6666.12 648.983 -2.76666
6620 1780.46 6114.35 650.392 -2.76733
6630 1878.33 -715.398 651.868 -2.76773
6640 2009 -5744.49 653.321 -2.76801
6650 1980.4 -5805.51 654.68 -2.76855
6660 1764.65 -1467.34 655.944 -2.76928
6670 1573.42 2965.06 657.173 -2.76973
6680 1733.11 1064.87 658.425 -2.76973
6690 1784.02 2361.6 659.686 -2.76935
6700 1827.46 3987.63 660.971 -2.76896
6710 1810.87 5069.29 662.304 -2.76858
6720 1755.49 8991.99 663.706 -2.76825
6730 1816.23 11614 665.232 -2.76795
6740 1864.89 13319.7 666.924 -2.76773
6750 1853.82 13147.8 668.806 -2.76768
6760 1882.47 9270.31 670.871 -2.76771
6770 1918.93 4494.35 673.061 -2.76769
6780 1959.22 432.039 675.302 -2.76769
6790 2031.14 -6683.57 677.521 -2.76778
6800 2071.71 -14351.6 679.606 -2.76798
6810 2076.39 -17639.6 681.443 -2.76853
6820 2053 -18945.9 682.973 -2.76954
6830 1967.44 -17862.6 684.178 -2.77093
6840 1720.88 -12500.5 685.083 -2.77232
6850 1474.48 -4414.36 685.776 -2.77317
6860 1451.92 -714.721 686.384 -2.77329
6870 1582.76 -2628.9 686.966 -2.77266
6880 1658.66 -1679.94 687.506 -2.7715
6890 1660.11 -639.707 688.015 -2.77007
6900 1661.66 -1391.15 688.507 -2.76846
6910 1688.57 -4674.87 688.971 -2.76664
6920 1733.45 -7229.93 689.356 -2.76468
6930 1819.95 -10341.7 689.617 -2.76267
6940 1840.55 -11755.7 689.709 -2.76082
6950 1712.48 -7825.95 689.616 -2.75922
6960 1611.23 -2983.43 689.401 -2.75769
6970 1551.49 1533.59 689.143 -2.75595
6980 1523.86 6225 688.922 -2.7539
6990 1592.66 7269.27 688.808 -2.75151
7000 1649.31 7973.88 688.821 -2.74884
7010 1654.83 9723.31 688.976 -2.74611
7020 1720.62 8141.4 689.29 -2.74338
7030 1788.43 5062.01 689.741 -2.74067
7040 1843.03 1848.52 690.275 -2.73812
7050 1886.33 -309.418 690.84 -2.73585
7060 1923.9 -2591.03 691.397 -2.73395
7070 1899.55 -3139.26 691.911 -2.73244
7080 1803.19 -544.05 692.375 -2.73128
7090 1830.1 -1718.62 692.823 -2.73026
7100 1914.89 -4141.05 693.238 -2.72931
7110 1813.91 -1307.72 693.592 -2.72858
7120 1673.36 1698.83 693.925 -2.72792
7130 1791.22 -1359.92 694.276 -2.72706
7140 1913.93 -2295.57 694.609 -2.72609
7150 1856.94 -1625.82 694.907 -2.72533
7160 1752.93 -2912.14 695.174 -2.72473
7170 1613.58 44.1156 695.401 -2.72401
7180 1658.19 931.056 695.626 -2.72301
7190 1746.35 575.952 695.869 -2.72168
7200 1864.75 -2135.6 696.121 -2.72024
7210 1997.79 -5852.46 696.336 -2.71895
7220 2004.95 -7106.65 696.46 -2.71809
7230 2075.57 -9695.56 696.463 -2.7178
7240 2107.83 -10821.2 696.309 -2.71814
7250 2071.09 -10675.6 695.981 -2.71914
7260 1959.5 -8099.59 695.486 -2.72054
7270 1805.58 -3218.74 694.869 -2.72192
7280 1717.39 1407.89 694.215 -2.72287
7290 1817.25 -991.173 693.588 -2.72345
7300 1983.76 -2404.52 692.964 -2.72395
7310 2178.82 -5651.92 692.312 -2.72484
7320 2214.84 -6593.67 691.586 -2.72658
7330 2030.68 -3760.51 690.773 -2.72892
7340 1858.34 -792.311 689.916 -2.73118
7350 1757.14 1197.94 689.064 -2.73301
7360 1692.5 2742.86 688.252 -2.73428
7370 1690.19 3232.18 687.501 -2.73501
7380 1776.67 3323.17 686.823 -2.73532
7390 1918.66 -173.98 686.21 -2.73549
7400 2009.04 -1983.15 685.613 -2.73582
7410 2021.54 -3680.59 684.999 -2.73655
7420 1865.43 573.644 684.35 -2.73751
7430 1666.03 4925.58 683.725 -2.73822
7440 1630.5 4077.88 683.189 -2.73843
7450 1693.37 1874.19 682.733 -2.7382
7460 1772.54 -602.132 682.32 -2.73766
7470 1835.36 -4872.06 681.907 -2.73704
7480 1809.15 -6398.1 681.43 -2.73647
7490 1796.1 -6808.33 680.863 -2.7359
7500 1942.46 -10023.6 680.194 -2.73537
7510 2133.01 -12785.2 679.38 -2.73521
7520 2173.92 -9343.24 678.385 -2.73586
7530 2037.14 -3027.95 677.267 -2.73713
7540 1882.1 1044.49 676.12 -2.73852
7550 1758.06 5718.85 675.017 -2.73959
7560 1808.67 5313.03 674.021 -2.7403
7570 1947.43 5656.95 673.136 -2.7409
7580 2005.66 5580.94 672.358 -2.74167
7590 1976.85 8978.62 671.694 -2.74268
7600 1957.32 11698.6 671.188 -2.74386
7610 1882.7 13413.1 670.881 -2.74509
7620 1778.98 14723.2 670.797 -2.74621
7630 1744.56 14345.3 670.951 -2.74707
7640 1692.46 15125.9 671.339 -2.74766
7650 1601.22 14952.7 671.968 -2.74786
7660 1766.07 6680.29 672.818 -2.74765
7670 1830.27 -511.537 673.771 -2.74707
7680 1631.69 452.22 674.722 -2.74642
7690 1617.47 -1537.58 675.667 -2.74554
7700 1812.33 -8527.43 676.573 -2.74421
7710 1854.52 -10463.7 677.342 -2.74274
7720 1874.16 -9894.98 677.94 -2.7415
7730 1841.28 -8013.19 678.377 -2.74048
7740 1764.51 -3910.18 678.687 -2.73963
7750 1674.86 914.415 678.936 -2.73875
7760 1721.61 954.938 679.195 -2.7377
7770 1828 -1161.44 679.468 -2.73646
7780 1795.23 -1993.8 679.725 -2.73525
7790 1717.02 -1127.37 679.955 -2.7341
7800 1798.06 -2687.69 680.166 -2.73287
7810 1952.83 -4907.19 680.333 -2.73163
7820 2036.56 -4035.16 680.429 -2.73073
7830 1950.09 -387.065 680.468 -2.73036
7840 1856.22 5617.32 680.51 -2.7303
7850 1879.48 6877.4 680.642 -2.73033
7860 1897.09 9949.93 680.894 -2.73044
7870 1930.94 12602.6 681.312 -2.7307
7880 2104.12 7480.69 681.925 -2.73126
7890 2191.77 1098.69 682.658 -2.73237
7900 2111.96 -1778.44 683.411 -2.73415
7910 1930.89 314.914 684.138 -2.73619
7920 1893.13 778.943 684.865 -2.73813
7930 1950.07 -113.429 685.6 -2.73996
7940 1907.65 980.271 686.331 -2.74175
7950 1819.75 4227.54 687.079 -2.74341
7960 1694.21 5204.67 687.889 -2.74474
7970 1555.84 6101 688.782 -2.74551
7980 1510.31 5907.31 689.769 -2.74561
7990 1695.5 -1190.87 690.838 -2.74506
8000 1841.03 -9345.2 691.876 -2.74398
8010 1819.64 -12408.5 692.755 -2.74286
8020 1747.31 -12206.1 693.425 -2.74183
8030 1853.25 -13680 693.88 -2.7408
8040 2078.88 -15253.6 694.102 -2.73991
8050 2140.89 -11360.1 694.076 -2.73971
8060 1962.18 -3614.42 693.87 -2.74023
8070 1674.18 5607.5 693.615 -2.74083
8080 1525.32 10255.8 693.457 -2.74095
8090 1517.88 11838.9 693.475 -2.7405
8100 1438.67 13778 693.701 -2.73949
8110 1496.03 10012.9 694.155 -2.738
8120 1680.73 1026.99 694.768 -2.73587
8130 1730.92 -2522.16 695.406 -2.73341
8140 1632.86 -3614.5 696.001 -2.73101
8150 1569.78 -3421.04 696.533 -2.72863
8160 1671.71 -4781.86 697.001 -2.72605
8170 1881.84 -6797.89 697.387 -2.72324
8180 2022.86 -7497.17 697.658 -2.72065
8190 1993.81 -5997.85 697.806 -2.71875
8200 1882.4 -2861.52 697.858 -2.71752
8210 1847.9 105.333 697.867 -2.71662
8220 1919.12 -284.44 697.878 -2.71586
8230 2027.63 -3511.57 697.886 -2.71536
8240 2042.75 -4042.15 697.845 -2.71534
8250 1938.53 -2739.5 697.743 -2.71578
8260 1772.3 917.115 697.606 -2.71632
8270 1641.61 3873.45 697.493 -2.71658
8280 1734.84 -946.714 697.439 -2.71641
8290 1967.04 -10060.3 697.371 -2.71605
8300 2019.48 -14854.5 697.145 -2.71598
8310 1974.97 -17329.2 696.675 -2.71641
8320 1956.26 -17510.4 695.926 -2.71725
8330 1893.76 -14464.3 694.901 -2.71831
8340 1669.1 -9405.82 693.652 -2.71927
8350 1378.37 -2364.9 692.275 -2.71951
8360 1487.26 -5553.82 690.869 -2.71892
8370 1818 -13472.6 689.389 -2.71782
8380 2043.09 -16473.2 687.721 -2.71681
8390 2045.47 -12990.8 685.823 -2.71642
8400 1886.73 -3862.07 683.757 -2.71638
8410 1828.7 80.0987 681.661 -2.71625
8420 1931.74 -38.8302 679.603 -2.71609
8430 2089.45 525.994 677.59 -2.71611
8440 2255.92 -4316.33 675.617 -2.71694
8450 2170.66 -1113.99 673.63 -2.71878
8460 1919.32 5589.01 671.671 -2.72078
8470 1773.91 9553.09 669.838 -2.72237
8480 1712.27 11284.5 668.192 -2.72333
8490 1886.85 7055.88 666.748 -2.72402
8500 2064.49 2162.7 665.445 -2.7249
8510 2131.4 -1075.63 664.207 -2.72636
8520 2003.68 -48.4758 662.985 -2.72831
8530 1927.43 1274.36 661.789 -2.7302
8540 2053.24 -2517.5 660.632 -2.7322
8550 2079.19 -2895.48 659.468 -2.73452
8560 2041.23 -1584.79 658.287 -2.73707
8570 2056.02 -1237.99 657.106 -2.73975
8580 2116.16 -2083.33 655.932 -2.74267
8590 2114.83 -356.571 654.755 -2.74592
8600 2095.4 4595.97 653.605 -2.74925
8610 2224.55 4986.27 652.544 -2.75284
8620 2314.77 3285.08 651.578 -2.7572
8630 2240.13 4381.73 650.688 -2.76215
8640 2163.96 3479.96 649.885 -2.76725
8650 2211.92 -466.949 649.148 -2.77245
8660 2307.29 -4451.46 648.422 -2.7781
8670 2300.8 -5035.72 647.654 -2.78428
8680 2106.42 -3002.83 646.834 -2.79036
8690 1953.09 -1828.13 645.988 -2.79563
8700 1901.61 -2249.98 645.134 -2.80006
8710 1885 -2029.86 644.266 -2.80384
8720 1816.81 2071.77 643.395 -2.80693
8730 1749.85 2020.44 642.567 -2.8093
8740 1675.42 1397.21 641.787 -2.81102
8750 1529.8 8391.36 641.056 -2.81195
8760 1497.74 9660.97 640.455 -2.81204
8770 1516.78 8235.15 640.003 -2.81152
8780 1485.59 11724.6 639.691 -2.81038
8790 1739.98 6218.23 639.544 -2.80878
8800 1905.86 5269.18 639.501 -2.80692
8810 1851.5 9321.03 639.547 -2.80538
8820 1680.8 11498.3 639.729 -2.80415
8830 1455.4 17426.1 640.085 -2.80294
8840 1429.27 20766.8 640.69 -2.80148
8850 1687.19 16559.3 641.582 -2.79949
8860 1869.77 14372.7 642.712 -2.79713
8870 1833.55 16995.8 644.048 -2.79513
8880 1682.7 20880.8 645.623 -2.79369
8890 1702 20511.5 647.486 -2.79252
8900 1750.24 17107.2 649.633 -2.79127
8910 1727.26 13460 652.015 -2.78998
8920 1750.44 8201.92 654.575 -2.78858
8930 1835.16 1328.12 657.233 -2.7869
8940 1779.98 -1752.39 659.892 -2.78513
8950 1678.15 -4660.39 662.498 -2.78338
8960 1662.04 -6967.61 665.006 -2.78145
8970 1729.02 -9958.25 667.379 -2.77926
8980 1821.07 -13458.6 669.569 -2.77685
8990 1763.2 -10529.6 671.533 -2.7746
9000 1648.11 -8055.35 673.307 -2.77266
9010 1600.99 -8864.11 674.927 -2.77066
9020 1626.24 -8457.69 676.391 -2.76845
9030 1687.56 -10551.2 677.698 -2.76602
9040 1737.26 -12999.8 678.82 -2.76346
9050 1749.93 -14088.5 679.722 -2.76095
9060 1816.33 -15848.7 680.385 -2.75858
9070 1905.14 -19573.8 680.781 -2.75642
9080 1825.05 -16754.1 680.868 -2.7547
9090 1722.19 -15308.1 680.682 -2.75333
9100 1725.19 -15699.6 680.251 -2.75202
9110 1812.29 -16127.5 679.578 -2.75069
9120 1988.18 -18772.5 678.656 -2.74954
9130 2132.96 -19900 677.454 -2.74896
9140 2159.57 -19026.4 675.96 -2.74935
9150 2047.6 -12922.7 674.202 -2.75048
9160 1931.92 -5992.67 672.278 -2.75181
9170 1821.38 -241.775 670.298 -2.75292
9180 1723.92 3275.24 668.355 -2.75358
9190 1687.93 3801.13 666.502 -2.75381
9200 1678.86 4549.3 664.749 -2.75363
9210 1765.95 3582.22 663.103 -2.75309
9220 2035.04 -3114.75 661.54 -2.75258
9230 2260.79 -8573.12 659.967 -2.75277
9240 2271.46 -10188.4 658.303 -2.75421
9250 2041.98 -5809.81 656.53 -2.75647
9260 1793.88 -2439.79 654.707 -2.75852
9270 1848.4 -5383.7 652.879 -2.76019
9280 2019.76 -9657.7 651.009 -2.76194
9290 2092.54 -9467.33 649.044 -2.76407
9300 2008.7 -8542.25 646.983 -2.76654
9310 1820.03 -2113.82 644.85 -2.76882
9320 1684.95 5666.73 642.736 -2.77025
9330 1793.1 5485.59 640.741 -2.77103
9340 1913.77 5388.14 638.87 -2.77167
9350 1836.52 12008.7 637.128 -2.77219
9360 1730.44 16121.2 635.594 -2.77236
9370 1759.69 16421.5 634.318 -2.77226
9380 1761.48 16678.1 633.304 -2.77199
9390 1712.08 18513.5 632.552 -2.77156
9400 1720 18598.6 632.078 -2.77097
9410 1791.49 17658.4 631.877 -2.77026
9420 1895.54 18506.4 631.936 -2.76958
9430 1932.66 19868.6 632.262 -2.76916
9440 1955.54 18268.1 632.865 -2.7691
9450 2064.04 15900.2 633.722 -2.76946
9460 2059.75 15141 634.8 -2.77036
9470 1965.52 12574.1 636.08 -2.77169
9480 1937.74 9969.1 637.529 -2.77314
9490 1995.45 3906.13 639.101 -2.77461
9500 1926.75 1397.56 640.719 -2.77608
9510 1741.6 1327.51 642.343 -2.7774
9520 1643.31 -1115.55 643.964 -2.77819
9530 1714.07 -3698.61 645.551 -2.77844
9540 1665.89 -1506.75 647.075 -2.77826
9550 1780.82 -4642.64 648.55 -2.77777
9560 1968.84 -10133.8 649.938 -2.77706
9570 1943.04 -8626.41 651.17 -2.77657
9580 1778.7 -5128.76 652.263 -2.77639
9590 1736.91 -5689.56 653.262 -2.77617
9600 1644.25 -3212.86 654.17 -2.77571
9610 1479.5 776.084 655.023 -2.77498
9620 1396.81 4076.33 655.88 -2.77381
9630 1431.29 5456.93 656.786 -2.77208
9640 1505.41 6832.87 657.767 -2.76979
9650 1592.35 7367.62 658.841 -2.76708
9660 1711.98 6620.1 660.016 -2.76413
9670 1770.22 7946.38 661.282 -2.76116
9680 1700.21 13022.7 662.666 -2.75856
9690 1733.55 11750.9 664.227 -2.75628
9700 1796.57 7950.22 665.952 -2.75398
9710 1735.16 8477.21 667.79 -2.75187
9720 1740.86 6924.92 669.739 -2.74995
9730 1861.16 1703.36 671.77 -2.74796
9740 1937.47 -1469.92 673.812 -2.746
9750 1981.2 -4057.98 675.809 -2.74438
9760 2030.39 -8674.46 677.715 -2.74317
9770 2086.87 -13992.2 679.46 -2.74239
9780 2082.69 -17025.5 680.961 -2.74218
9790 2005.97 -16166.6 682.174 -2.74258
9800 1879.93 -16167.2 683.107 -2.74331
9810 1676.91 -13885.1 683.769 -2.74396
9820 1500.85 -9655.25 684.201 -2.74414
9830 1625.69 -13658.9 684.458 -2.74375
9840 1778.07 -16101.8 684.492 -2.74291
9850 1815.51 -13141.9 684.274 -2.74202
9860 1906.86 -12010.3 683.846 -2.74122
9870 2041.87 -11347.5 683.232 -2.7407
9880 1973.52 -4318.41 682.459 -2.74063
9890 1909.56 -120.645 681.63 -2.74081
9900 1947.32 2029.64 680.816 -2.74112
9910 1944.06 6828.56 680.061 -2.74156
9920 1856.5 12175.7 679.436 -2.7421
9930 1597.2 19882 679.029 -2.74242
9940 1548.51 24146.5 678.954 -2.74233
9950 1562.07 23027.4 679.27 -2.7418
9960 1591.57 18834.1 679.957 -2.74093
9970 1844.02 8227.67 680.937 -2.73965
9980 2007.4 -1412.51 682.046 -2.73813
9990 2030.98 -5948.8 683.128 -2.73699
10000 1998.12 -7556.07 684.107 -2.73638
