# Time-averaged data for fix 2
# TimeStep c_mytemp c_mypress v_vmyvol v_avgEtotal
10 1059.43 495183 401.597 -2.76089
20 1124.6 528387 401.583 -2.76064
30 1202.67 496444 401.772 -2.76245
40 1045.8 498858 401.964 -2.7643
50 912.867 503874 402.148 -2.76599
60 1015.58 458699 402.319 -2.76714
70 1174.32 471085 402.156 -2.76497
80 1327.44 501052 401.74 -2.76048
90 1278.49 527331 401.344 -2.75652
100 1143.37 530084 401.2 -2.75537
110 1059.08 509161 401.313 -2.75687
120 898.551 530875 401.563 -2.75951
130 955.213 494465 402.042 -2.76403
140 1108.37 439236 402.449 -2.76717
150 1127.43 439310 402.329 -2.76548
160 1062.02 480837 401.677 -2.759
170 994.067 537799 400.875 -2.75047
180 1004.93 585693 400.444 -2.74504
190 1189.03 524188 400.721 -2.74705
200 1230.32 493179 401.251 -2.75143
210 1042.68 525041 401.773 -2.75619
220 991.592 493847 402.464 -2.76263
230 1234.83 426358 403.052 -2.76734
240 1246.46 448039 403.023 -2.76659
250 999.205 516109 402.549 -2.76189
260 1041.61 492622 402.154 -2.75765
270 1251.97 483714 401.714 -2.75313
280 1320.68 532391 401.191 -2.74779
290 1213.99 559863 400.961 -2.74573
300 1103.96 555618 401.267 -2.74955
310 1043.91 522571 402.075 -2.75838
320 966.165 469584 403.067 -2.76814
330 981.353 425837 403.758 -2.774
340 1058.12 458835 403.826 -2.77401
350 1277.1 415492 403.413 -2.77001
360 1234.32 464262 402.303 -2.76044
370 1085.47 604436 400.976 -2.7467
380 1143.05 591106 400.505 -2.74105
390 1169.86 521894 400.853 -2.74474
400 1011.37 556827 401.498 -2.75152
410 1078.28 516840 402.611 -2.76345
420 1311.68 378315 403.767 -2.77341
430 1161.5 409581 403.912 -2.77454
440 1050.7 467406 403.22 -2.76868
450 1158.58 497099 402.213 -2.75932
460 1187.05 532853 401.208 -2.7494
470 1065.08 585619 400.551 -2.74258
480 970.235 596269 400.674 -2.74407
490 1188.55 527444 401.627 -2.75427
500 1401.67 432987 402.801 -2.76532
510 1184.05 433118 403.411 -2.7709
520 853.52 496541 403.443 -2.77156
530 1019.69 465846 403.352 -2.77071
540 1210.9 453458 402.963 -2.76703
550 1124.03 512547 402.218 -2.75984
560 1042.09 532264 401.558 -2.75303
570 1027.29 542203 401.217 -2.74922
580 986.881 556489 401.29 -2.7496
590 1110.1 506246 401.824 -2.75453
600 1246.56 477298 402.442 -2.75976
610 1240.17 463897 402.849 -2.76319
620 1199.42 453201 402.91 -2.76379
630 1067.04 496205 402.588 -2.76091
640 1106.6 492745 402.189 -2.75708
650 1190 508280 401.757 -2.75293
660 1199.98 519591 401.409 -2.74954
670 1179.46 518866 401.239 -2.74815
680 1074.89 551792 401.292 -2.7491
690 1047.31 507181 401.755 -2.75408
700 956.765 480637 402.304 -2.75932
710 907.569 475799 402.679 -2.76248
720 1051.04 469766 402.826 -2.76316
730 1202.32 438707 402.662 -2.76089
740 1186.27 462943 401.975 -2.75426
750 1164.12 540904 401.01 -2.74437
760 1239.87 561362 400.388 -2.73748
770 1175.62 571155 400.357 -2.73719
780 1081.23 530651 400.94 -2.74355
790 1083.8 479671 401.805 -2.75216
800 1171.6 439563 402.468 -2.75807
810 1138.68 460116 402.621 -2.7594
820 1210.51 426249 402.335 -2.75711
830 1209.46 493043 401.459 -2.74969
840 1180.32 569603 400.555 -2.74059
850 1267.12 528362 400.202 -2.73736
860 1145.5 579600 400.216 -2.7384
870 947.588 581974 400.931 -2.74729
880 981.554 469133 402.303 -2.76153
890 1075.11 406296 403.412 -2.77084
900 1088.87 432166 403.704 -2.77288
910 1140.27 427910 403.313 -2.76932
920 1126.32 472064 402.303 -2.76027
930 1189.25 542224 401.075 -2.74787
940 1291.04 551231 400.213 -2.73865
950 1246.58 570811 399.857 -2.73524
960 1032.03 615958 400.202 -2.73994
970 998.448 520544 401.492 -2.75461
980 1018.67 422823 402.967 -2.76804
990 1058.43 407188 403.766 -2.77422
1000 1184.38 404041 403.681 -2.77322
1010 1242.94 424487 402.717 -2.76523
1020 1223.19 482607 401.093 -2.751
1030 1116.4 601032 399.399 -2.73368
1040 1066.03 666793 398.634 -2.72457
1050 1141.33 597528 399.316 -2.7329
1060 1194.42 490628 400.864 -2.74927
1070 1038.45 432255 402.349 -2.76282
1080 935.094 402095 403.195 -2.76974
1090 986.349 419479 403.148 -2.76899
1100 1053.84 460692 402.369 -2.76158
1110 1160.16 499412 401.233 -2.75024
1120 1235.74 557564 400.134 -2.73839
1130 1210.25 606648 399.593 -2.73205
1140 1229.94 581442 399.986 -2.73656
1150 1226.54 540155 401.129 -2.74925
1160 1131.8 472068 402.611 -2.76441
1170 1048.51 395471 403.798 -2.7749
1180 991.694 411237 404.064 -2.77704
1190 1033.35 444213 403.499 -2.77207
1200 1164.91 464286 402.409 -2.76214
1210 1216.41 515095 401.037 -2.74883
1220 1178.22 592393 399.859 -2.73629
1230 1144.25 629277 399.537 -2.73267
1240 1176.38 546003 400.313 -2.7416
1250 1125.69 501478 401.554 -2.75435
1260 1056.39 460909 402.792 -2.76632
1270 1020.49 398166 403.623 -2.77342
1280 1046.06 402078 403.54 -2.77259
1290 1115.65 456674 402.581 -2.76413
1300 1189.38 515752 401.234 -2.75106
1310 1127.28 595574 400.094 -2.73863
1320 1018.82 603750 399.797 -2.73499
1330 1059.03 558398 400.44 -2.74194
1340 1227.8 485063 401.587 -2.75307
1350 1268.48 455351 402.625 -2.76246
1360 1206.72 411902 403.209 -2.7677
1370 1015.67 434255 403.013 -2.76636
1380 922.512 504536 402.253 -2.75932
1390 1074.17 498674 401.477 -2.75134
1400 1154.09 516050 400.73 -2.74358
1410 1089.55 610771 400.227 -2.73785
1420 1149.02 572478 400.644 -2.74231
1430 1260.11 469321 401.676 -2.75236
1440 1100.63 491038 402.528 -2.76021
1450 1037.5 472361 403.244 -2.76708
1460 1111.99 406677 403.644 -2.77044
1470 1145.82 452962 403.259 -2.76699
1480 1211.72 517887 402.463 -2.75916
1490 1338.84 501998 401.774 -2.75248
1500 1213.01 524122 401.158 -2.74695
1510 1080.15 572611 400.807 -2.74398
1520 965.181 564818 401.097 -2.74765
1530 1131.31 481028 401.919 -2.75609
1540 1276.65 464125 402.62 -2.76261
1550 1203.25 453590 402.978 -2.76629
1560 1064.45 440799 402.891 -2.76606
1570 1011.81 490291 402.303 -2.76103
1580 1030.46 535138 401.644 -2.75436
1590 1135.01 506080 401.248 -2.7502
1600 1051.1 574999 401.024 -2.74774
1610 1179.28 544182 401.412 -2.75178
1620 1367.56 447450 402.152 -2.7588
1630 1214.65 490157 402.521 -2.76252
1640 987.237 525640 402.78 -2.76567
1650 1035.78 441776 403.178 -2.7697
1660 1177.07 431080 403.079 -2.76899
1670 1053.69 561156 402.486 -2.76315
1680 1137.17 486390 402.264 -2.76074
1690 1070.08 499283 402.027 -2.75841
1700 1094.54 541256 401.801 -2.75597
1710 1194.72 538265 401.944 -2.75729
1720 1208.54 462813 402.371 -2.76147
1730 1066.64 484247 402.536 -2.76305
1740 991.617 517665 402.574 -2.76341
1750 1189.79 432765 402.655 -2.76404
1760 1143.88 491488 402.249 -2.76022
1770 1077.26 535621 401.75 -2.75508
1780 1137.4 507091 401.538 -2.75278
1790 1041.38 516821 401.428 -2.75156
1800 916.138 586017 401.549 -2.7527
1810 1157.32 479570 402.3 -2.76001
1820 1341.7 441355 402.924 -2.76488
1830 1205.85 535602 403.114 -2.76659
1840 1167.02 473734 403.49 -2.77061
1850 1147.09 391055 403.601 -2.77201
1860 1058.63 472794 402.827 -2.76574
1870 1088.56 558925 401.825 -2.75554
1880 1201.79 498074 401.251 -2.74961
1890 1056.01 555723 400.792 -2.74515
1900 1103.7 563967 400.819 -2.74549
1910 1199.74 477137 401.356 -2.75081
1920 1052.38 525979 401.805 -2.75518
1930 1025.07 533794 402.455 -2.76201
1940 1162.55 422860 403.31 -2.76989
1950 1205.41 394344 403.499 -2.77127
1960 1123.78 488818 402.805 -2.76514
1970 1132.89 479440 401.914 -2.75659
1980 1102.72 511473 400.889 -2.74706
1990 893.654 654704 400.108 -2.73839
2000 1049.88 565664 400.562 -2.74323
2010 1328.54 445528 401.61 -2.75274
2020 1267.63 488170 402.274 -2.75848
2030 1027.76 509223 402.811 -2.76402
2040 1100.65 404003 403.301 -2.76857
2050 1155.73 450076 403.026 -2.76618
2060 1113.22 514878 402.304 -2.75918
2070 1127.88 480376 401.641 -2.75276
2080 1027.36 534877 400.892 -2.74547
2090 936.977 613312 400.515 -2.74114
2100 1137.6 522280 401.043 -2.74638
2110 1363.68 467373 401.817 -2.75318
2120 1368.43 488917 402.347 -2.75827
2130 1219.95 445101 402.7 -2.76223
2140 1117.62 449214 402.583 -2.762
2150 1108.46 487913 402.019 -2.75745
2160 1128.34 515203 401.347 -2.75141
2170 1093.4 536274 400.822 -2.74653
2180 988.12 572279 400.671 -2.74524
2190 1006.06 542769 401.138 -2.7503
2200 1087.5 490709 401.984 -2.75853
2210 1147.71 468975 402.763 -2.76548
2220 1072.61 442445 403.235 -2.76945
2230 1043.7 419370 403.16 -2.76855
2240 1056.61 475423 402.395 -2.76146
2250 1050.97 558511 401.447 -2.75129
2260 1122.63 537052 400.966 -2.74544
2270 1178.77 535608 400.869 -2.74385
2280 1224.9 532872 401.11 -2.74598
2290 1255.61 496585 401.62 -2.75098
2300 1177.2 505553 402.144 -2.75627
2310 1187.03 509132 402.706 -2.76217
2320 1214.02 473415 403.319 -2.76859
2330 1182.41 411941 403.649 -2.77214
2340 1049.22 452069 403.234 -2.7692
2350 1071.76 508083 402.393 -2.76151
2360 1157.96 500069 401.581 -2.75379
2370 1026.14 585107 400.874 -2.74673
2380 974.211 616188 400.938 -2.74757
2390 1092.94 488274 401.943 -2.75797
2400 1002.57 444938 402.908 -2.76617
2410 883.717 483798 403.419 -2.77019
2420 1171.53 428231 403.676 -2.77172
2430 1391.11 404281 403.288 -2.76781
2440 1291.96 493214 402.103 -2.75722
2450 1186.69 569917 400.868 -2.74462
2460 1190.99 569779 400.245 -2.73807
2470 1124.83 576174 400.298 -2.73919
2480 1028.53 534967 401.02 -2.74743
2490 1162.87 456765 402.031 -2.75738
2500 1161.26 436233 402.676 -2.76319
2510 1078.74 450896 402.741 -2.76397
2520 1102.42 458821 402.341 -2.7605
2530 1221.64 478744 401.568 -2.75362
2540 1190.27 562619 400.682 -2.74492
2550 1173.6 545313 400.296 -2.74106
2560 1083.83 542928 400.364 -2.7422
2570 965.259 565770 400.864 -2.74794
2580 1037.71 483037 401.872 -2.75822
2590 1123.71 424823 402.74 -2.76561
2600 1186.28 420837 402.93 -2.76692
2610 1205.43 459596 402.416 -2.76234
2620 1236.54 485738 401.515 -2.75414
2630 1238.26 526472 400.521 -2.74473
2640 1282.64 563168 399.786 -2.73764
2650 1157.35 598021 399.656 -2.73716
2660 1023.8 567776 400.393 -2.74637
2670 980.299 464084 401.684 -2.75971
2680 928.258 424267 402.687 -2.7684
2690 1025.65 419666 402.986 -2.77057
2700 1081.12 446166 402.559 -2.76636
2710 1165.32 458586 401.615 -2.75744
2720 1220.18 521921 400.352 -2.74508
2730 1227.2 611196 399.348 -2.73391
2740 1242.04 591161 399.29 -2.73331
2750 1081.67 568354 400.096 -2.74266
2760 1065.95 497529 401.483 -2.75739
2770 1125.57 418895 402.828 -2.76951
2780 1029.37 391160 403.433 -2.77434
2790 924.412 429109 403.059 -2.7711
2800 924.824 485402 402.044 -2.76139
2810 1174.3 502713 400.874 -2.74924
2820 1395.36 560508 399.794 -2.73741
2830 1343.33 606871 399.293 -2.73167
2840 1203.93 565656 399.715 -2.73694
2850 1050.66 528170 400.756 -2.7485
2860 985.128 476909 402.036 -2.76146
2870 970.433 419796 403.075 -2.77056
2880 892.971 425169 403.401 -2.77286
2890 1003.83 428247 403.014 -2.76892
2900 1165.18 438383 401.96 -2.75917
2910 1106.57 549781 400.445 -2.74388
2920 1155.23 634043 399.405 -2.73118
2930 1343.48 574065 399.504 -2.73162
2940 1275.31 517454 400.3 -2.73989
2950 1072.99 503853 401.291 -2.7501
2960 1073.56 457152 402.271 -2.75954
2970 1152.39 423631 402.854 -2.76467
2980 1174.22 411192 402.724 -2.76379
2990 1024.66 460845 401.814 -2.75623
3000 877.871 564468 400.613 -2.74416
3010 933.455 585365 399.961 -2.73629
3020 1137.46 541685 400.062 -2.73647
3030 1242.1 514468 400.576 -2.74088
3040 1285.99 470316 401.199 -2.7464
3050 1269.23 459182 401.566 -2.74971
3060 1121.42 490786 401.589 -2.75016
3070 1132.78 480953 401.488 -2.7495
3080 1166.44 475571 401.221 -2.7473
3090 1130.61 516059 400.771 -2.7433
3100 1024.49 548522 400.479 -2.7405
3110 1108.1 515758 400.586 -2.74163
3120 1220.85 503064 400.866 -2.74441
3130 1156.89 496998 401.174 -2.74762
3140 1014.6 485738 401.452 -2.75047
3150 1111.13 461215 401.58 -2.75169
3160 1135.49 493064 401.395 -2.7499
3170 1047.51 544238 401.173 -2.7476
3180 1066.65 524975 401.301 -2.74874
3190 991.681 528083 401.693 -2.75246
3200 916.266 512098 402.329 -2.75842
3210 1173.9 456935 403.037 -2.76433
3220 1361.15 429331 403.357 -2.76635
3230 1263.07 438886 403.037 -2.76346
3240 1131.39 482703 402.178 -2.75597
3250 1092.67 553692 401.203 -2.74635
3260 1197.88 567651 400.698 -2.74094
3270 1194.52 546604 400.811 -2.74241
3280 1152.46 512236 401.348 -2.74835
3290 1090.46 492792 402.009 -2.75518
3300 958.908 496953 402.618 -2.76127
3310 1011.07 452851 403.15 -2.76617
3320 1163.08 407157 403.225 -2.76658
3330 1128.38 477348 402.533 -2.76029
3340 1074.43 531458 401.621 -2.75097
3350 1097.33 539390 400.99 -2.74408
3360 1222.03 537303 400.727 -2.74105
3370 1113.38 569099 400.859 -2.74241
3380 1024.35 537345 401.578 -2.75015
3390 1169.84 462265 402.606 -2.75989
3400 1230.07 437970 403.309 -2.76589
3410 1225.82 450376 403.451 -2.7672
3420 1224.75 469298 403.131 -2.76468
3430 1160.01 479370 402.52 -2.75954
3440 1079.27 514482 401.752 -2.75264
3450 1081.07 569257 401.157 -2.74675
3460 1164.59 543509 401.151 -2.74686
3470 1184.38 488852 401.53 -2.75093
3480 1087.91 508222 401.874 -2.75456
3490 1165.63 496226 402.255 -2.75863
3500 1129.5 482756 402.606 -2.76224
3510 1098.36 477640 402.798 -2.76429
3520 1202.75 453029 402.764 -2.76421
3530 1212.2 455792 402.304 -2.7606
3540 990.771 560149 401.544 -2.75348
3550 1082.63 552915 401.254 -2.75039
3560 1256.95 498779 401.433 -2.75224
3570 1148.25 514340 401.666 -2.75481
3580 994.754 506891 402.01 -2.7585
3590 1151.97 448154 402.371 -2.76197
3600 1292.74 443295 402.287 -2.76137
3610 1107.39 526075 401.761 -2.75671
3620 1060.31 512705 401.396 -2.75322
3630 1179.45 497665 401.158 -2.75112
3640 1080.09 558932 400.988 -2.74959
3650 1068.13 517787 401.262 -2.75257
3660 1048.03 503311 401.745 -2.75729
3670 1046.04 479614 402.243 -2.76192
3680 1071.1 423289 402.512 -2.76402
3690 1093.78 449475 402.13 -2.76037
3700 1111.19 521617 401.326 -2.75221
3710 1160.28 530940 400.681 -2.74515
3720 1092.27 552264 400.352 -2.74141
3730 962.401 585004 400.538 -2.74321
3740 1144.42 501053 401.407 -2.75192
3750 1339.12 428035 402.292 -2.75934
3760 1301.17 451959 402.575 -2.76172
3770 1164.54 489340 402.415 -2.76065
3780 1130.8 471430 402.113 -2.75827
3790 1183.32 467757 401.558 -2.75377
3800 1136.16 555657 400.805 -2.74678
3810 1158.36 561051 400.505 -2.74398
3820 1051.85 518166 400.746 -2.74689
3830 1024.34 518724 401.195 -2.75162
3840 1039.97 519765 401.822 -2.75803
3850 1120.66 443268 402.554 -2.76481
3860 1090.76 415542 402.788 -2.76659
3870 953.033 473169 402.302 -2.762
3880 1102.2 504508 401.549 -2.75424
3890 1357.72 502912 400.828 -2.74659
3900 1426.52 525629 400.167 -2.74012
3910 1208.02 594367 399.807 -2.73706
3920 1068.01 572458 400.252 -2.74295
3930 1118.06 481079 401.311 -2.75433
3940 1193.3 431326 402.221 -2.76295
3950 1178.85 426927 402.512 -2.766
3960 1055.38 448927 402.135 -2.76334
3970 964.657 484527 401.3 -2.75601
3980 1002.11 538735 400.35 -2.74661
3990 987.407 606960 399.802 -2.74029
4000 1103.73 550207 400.146 -2.74358
4010 1169.35 496677 400.959 -2.75113
4020 1000.14 518942 401.813 -2.75921
4030 1101.78 437637 402.728 -2.76738
4040 1179.4 403515 403.097 -2.76983
4050 1174.46 451493 402.619 -2.76536
4060 1175.93 505219 401.703 -2.75648
4070 1168.11 523918 400.822 -2.74756
4080 1101.31 568302 400.208 -2.74113
4090 1137.95 566292 400.207 -2.7411
4100 1207.31 516270 400.778 -2.74709
4110 991.114 526819 401.565 -2.75522
4120 1020.57 448942 402.506 -2.76423
4130 1148.16 412434 402.994 -2.76801
4140 1132.1 463934 402.733 -2.76539
4150 1151.49 473384 402.096 -2.7593
4160 1188.56 502715 401.24 -2.75114
4170 1179.56 567880 400.467 -2.74311
4180 1215.56 560385 400.273 -2.74115
4190 1147.09 543180 400.643 -2.74543
4200 1154.18 520358 401.417 -2.75386
4210 1227.48 459178 402.336 -2.7631
4220 1161.5 424457 402.884 -2.76843
4230 1048.74 439581 402.761 -2.76788
4240 1052.57 454737 402.067 -2.76212
4250 953.648 516441 401.006 -2.75224
4260 942.808 591995 400.133 -2.74259
4270 1212.18 548362 400.03 -2.74077
4280 1242.74 510250 400.389 -2.74394
4290 1021.8 547977 400.915 -2.74926
4300 1016.59 496199 401.8 -2.75814
4310 1064.25 430114 402.63 -2.76518
4320 986.515 450799 402.866 -2.76658
4330 1007.31 475579 402.649 -2.76382
4340 1275.58 445263 402.145 -2.7585
4350 1302.59 521334 401.247 -2.74947
4360 1249.51 555493 400.522 -2.74174
4370 1128.01 549839 400.297 -2.73955
4380 974.224 574629 400.576 -2.74284
4390 1071.37 523447 401.486 -2.75258
4400 1314.13 410647 402.55 -2.7622
4410 1298.44 397297 402.845 -2.76478
4420 990.222 482230 402.266 -2.76008
4430 1053.05 475775 401.435 -2.75247
4440 1067 526630 400.457 -2.74312
4450 1007.41 605360 399.774 -2.73549
4460 1167.87 546741 399.959 -2.73715
4470 1245.79 495531 400.594 -2.74325
4480 1226.39 490408 401.222 -2.74939
4490 1190.09 457522 401.724 -2.75439
4500 1127.47 458035 401.857 -2.75596
4510 1083.39 493220 401.626 -2.75416
4520 1012.43 504850 401.318 -2.75132
4530 951.982 498497 401.046 -2.74858
4540 1049.66 517669 400.793 -2.74571
4550 1146 518616 400.695 -2.74418
4560 1112.09 518699 400.774 -2.74449
4570 1142.01 530596 401.048 -2.74691
4580 1321.86 460817 401.527 -2.75131
4590 1321.82 444035 401.684 -2.75291
4600 1091.73 515607 401.4 -2.75075
4610 1115.99 513810 401.199 -2.74916
4620 1227.5 474046 401.105 -2.74871
4630 1063.2 496497 400.822 -2.74661
4640 800.603 582870 400.582 -2.74439
4650 966.667 526143 400.981 -2.74841
4660 1183.5 467481 401.635 -2.75397
4670 1242.17 460676 402.018 -2.75688
4680 1190.52 475461 402.048 -2.75691
4690 1163.67 479014 401.841 -2.75495
4700 1252.32 478103 401.439 -2.75134
4710 1257.6 522846 400.881 -2.74634
4720 1125.86 570378 400.554 -2.74353
4730 1009.28 569875 400.853 -2.74736
4740 1109.83 483418 401.726 -2.7566
4750 1140.59 446390 402.481 -2.76347
4760 1039.85 485373 402.795 -2.7664
4770 1139.8 458748 402.901 -2.76741
4780 1181.84 447703 402.638 -2.76511
4790 1066.51 499909 401.947 -2.75882
4800 998.585 548864 401.264 -2.75176
4810 1131.8 545085 401.011 -2.74876
4820 1260.63 505848 401.153 -2.74997
4830 1119.12 515730 401.394 -2.75237
4840 978.802 537775 401.805 -2.75669
4850 1120.86 452858 402.46 -2.76285
4860 1173.03 423933 402.721 -2.76485
4870 1026.45 491943 402.342 -2.76128
4880 983.869 543185 401.895 -2.75636
4890 1279.46 465938 401.736 -2.75431
4900 1302.2 495188 401.359 -2.75068
4910 1016.3 593990 401.028 -2.74739
4920 1072.83 512568 401.399 -2.75133
4930 1157.04 478474 401.943 -2.75638
4940 1067.75 519281 402.35 -2.76025
4950 1018.72 489862 402.861 -2.76517
4960 1081.42 453706 403.284 -2.76874
4970 1180.73 421366 403.252 -2.76814
4980 1077.49 494554 402.586 -2.76183
4990 1143.54 514601 401.83 -2.75392
5000 1311.04 498598 401.191 -2.74752
5010 1204.35 576097 400.646 -2.74209
5020 1112.05 591204 400.761 -2.7438
5030 1170.08 522991 401.67 -2.75399
5040 1229.03 428720 402.752 -2.76443
5050 1095.63 452551 403.266 -2.76926
5060 976.326 467989 403.307 -2.76996
5070 1039.21 460124 403.036 -2.76754
5080 1163.5 474748 402.405 -2.76171
5090 1076.29 574292 401.635 -2.75384
5100 952.673 577520 401.487 -2.75195
5110 1035.41 502751 402.014 -2.75692
5120 1263.87 449291 402.569 -2.76147
5130 1182.76 494481 402.738 -2.76257
5140 1107.79 513616 402.831 -2.76337
5150 1211.33 455125 402.98 -2.76475
5160 1176.79 460239 402.767 -2.76295
5170 1010.41 523875 402.24 -2.75801
5180 991.5 555482 401.917 -2.75453
5190 1241.94 493311 402.044 -2.75551
5200 1276.52 465673 402.137 -2.75633
5210 981.823 553157 402.017 -2.75534
5220 950.133 547755 402.316 -2.75853
5230 1102.62 466724 402.999 -2.76491
5240 1088.24 424339 403.395 -2.7679
5250 1020.51 476927 403.154 -2.76525
5260 1119.01 510779 402.689 -2.76008
5270 1269.92 496321 402.289 -2.75561
5280 1318.49 517958 401.897 -2.75155
5290 1204.29 557414 401.706 -2.74988
5300 1172.98 509674 401.977 -2.75318
5310 1090.09 479049 402.357 -2.75724
5320 999.826 508082 402.596 -2.75984
5330 1064.94 467484 402.837 -2.76222
5340 1039.7 483671 402.832 -2.76199
5350 1105.37 508385 402.674 -2.7602
5360 1133.04 502505 402.579 -2.75893
5370 1113.16 504379 402.521 -2.75812
5380 1034.94 521732 402.523 -2.75787
5390 1145.04 491789 402.689 -2.75915
5400 1217.95 486708 402.797 -2.75986
5410 1141.92 534770 402.841 -2.76019
5420 1217.88 471569 403.106 -2.76285
5430 1290.28 440884 403.13 -2.76337
5440 1138.41 533701 402.721 -2.75998
5450 1064.87 522021 402.529 -2.75846
5460 1093.28 479296 402.54 -2.75884
5470 1149.03 503956 402.407 -2.75784
5480 1025.37 539646 402.339 -2.75731
5490 1104.82 469839 402.544 -2.75931
5500 1216.53 480381 402.544 -2.75925
5510 1170.62 510311 402.374 -2.75773
5520 1055.79 499227 402.273 -2.7569
5530 1037.1 511238 402.189 -2.75613
5540 1062.81 525598 402.222 -2.75632
5550 1160.72 477018 402.439 -2.75818
5560 1186.59 489057 402.49 -2.7585
5570 1078.8 547137 402.496 -2.75852
5580 1169.27 472551 402.814 -2.76164
5590 1169.84 458367 402.935 -2.76274
5600 1006.27 526624 402.74 -2.76087
5610 1117.42 507028 402.717 -2.76051
5620 1280.06 460095 402.748 -2.76068
5630 1231.32 480744 402.457 -2.75826
5640 1063.21 559019 402.053 -2.75456
5650 1092.54 520239 402.105 -2.75529
5660 1139.47 469556 402.336 -2.75766
5670 974.638 518524 402.382 -2.75815
5680 1003.08 482197 402.518 -2.75931
5690 1200.52 448098 402.491 -2.7587
5700 1315.68 478125 402.038 -2.75435
5710 1174.51 530456 401.402 -2.74838
5720 921.571 578767 401.074 -2.74506
5730 1021.76 514483 401.384 -2.74817
5740 1256.14 467745 401.851 -2.75227
5750 1275.14 491843 402.067 -2.75419
5760 1111.27 530783 402.228 -2.75608
5770 1103.44 471942 402.586 -2.75985
5780 1210.26 438532 402.704 -2.76115
5790 1130.22 495337 402.325 -2.75797
5800 1064.85 521014 401.882 -2.75377
5810 1196.95 495077 401.597 -2.75112
5820 1182.02 536194 401.338 -2.74885
5830 1112.42 558731 401.415 -2.75005
5840 1195.81 483649 401.949 -2.75579
5850 1152.36 469954 402.387 -2.76024
5860 1014.54 484758 402.564 -2.76224
5870 1049.39 476321 402.573 -2.76244
5880 1194.38 486586 402.38 -2.7606
5890 1202.49 523770 402.089 -2.75786
5900 1107.79 534331 402.015 -2.7573
5910 1188.04 480343 402.2 -2.75936
5920 1164.96 487416 402.266 -2.76028
5930 1062.57 491316 402.206 -2.76003
5940 1051.96 495001 402.072 -2.75888
5950 1170.01 499583 401.891 -2.75715
5960 1209.63 515226 401.731 -2.75565
5970 1179.02 486004 401.675 -2.75537
5980 1070.66 503350 401.53 -2.75434
5990 991.294 524352 401.438 -2.75354
6000 1050.61 483643 401.505 -2.7541
6010 1018.36 532161 401.52 -2.75393
6020 1209.06 497085 401.752 -2.75585
6030 1259.5 465232 401.965 -2.75759
6040 1171.31 493947 401.905 -2.75707
6050 1184.22 497588 401.774 -2.75598
6060 1206.09 459595 401.579 -2.75457
6070 1014.49 521561 401.113 -2.7505
6080 1006.07 533856 400.8 -2.74737
6090 1169.49 519873 400.802 -2.74726
6100 1324.76 495428 400.977 -2.74903
6110 1253.06 494131 401.134 -2.75102
6120 1024.19 512530 401.251 -2.75279
6130 893.706 527052 401.491 -2.7555
6140 1124.88 471720 401.915 -2.75955
6150 1178.58 459140 402.117 -2.76113
6160 1211.61 468070 401.949 -2.75955
6170 1262.23 482352 401.489 -2.75552
6180 1189.56 526197 400.904 -2.75023
6190 1093.33 563365 400.566 -2.74723
6200 1018.69 568016 400.808 -2.75028
6210 1128.74 500082 401.622 -2.75886
6220 1246.11 436578 402.429 -2.76641
6230 1129.03 470035 402.727 -2.76927
6240 1076.78 465235 402.694 -2.76928
6250 1090.3 472279 402.353 -2.76638
6260 1034.42 527344 401.801 -2.76103
6270 1045.44 535044 401.478 -2.75752
6280 1151.67 502327 401.454 -2.75697
6290 1266.51 505098 401.49 -2.75714
6300 1279.82 502730 401.576 -2.75815
6310 1188.26 470058 401.651 -2.7594
6320 958.905 529654 401.54 -2.7588
6330 855.931 557512 401.683 -2.76045
6340 997.4 471488 402.261 -2.76587
6350 1088.39 447525 402.626 -2.7684
6360 1143.36 475912 402.542 -2.76687
6370 1317.71 464758 402.194 -2.76311
6380 1310.46 491735 401.56 -2.75714
6390 1176.77 548729 400.888 -2.7507
6400 1144.12 557060 400.646 -2.74852
6410 1124.36 521032 400.901 -2.75159
6420 1021.06 532798 401.404 -2.75706
6430 1108.86 484707 402.152 -2.76469
6440 1146.04 421396 402.74 -2.77
6450 881.731 442200 402.65 -2.76918
6460 804.229 505813 402.065 -2.7633
6470 1073.49 494201 401.47 -2.75656
6480 1279.55 507285 400.861 -2.74953
6490 1246.53 550347 400.359 -2.74363
6500 1249.71 552086 400.303 -2.74273
6510 1292.05 509596 400.699 -2.74689
6520 1225.05 480447 401.196 -2.75216
6530 1179.94 468012 401.52 -2.7558
6540 1148.71 476813 401.561 -2.75687
6550 1114.8 483914 401.386 -2.75583
6560 1109.76 481570 401.055 -2.75327
6570 957.345 542589 400.617 -2.74931
6580 819.749 584133 400.575 -2.74888
6590 954.83 501978 401.207 -2.75499
6600 1037.84 471522 401.905 -2.76059
6610 1037.53 493603 402.372 -2.76396
6620 1169.34 465221 402.734 -2.76633
6630 1350.52 394817 402.722 -2.76547
6640 1274.47 464567 401.844 -2.75792
6650 1047.54 601786 400.728 -2.74625
6660 1160.36 546181 400.392 -2.74231
6670 1190.19 538845 400.556 -2.74403
6680 1145.16 555752 401.103 -2.75012
6690 1126.46 496669 402.1 -2.7606
6700 1129.12 435903 403.055 -2.76947
6710 1131.02 439556 403.454 -2.773
6720 1123.07 438992 403.27 -2.77159
6730 985.11 482023 402.552 -2.76527
6740 1001.4 562335 401.72 -2.75659
6750 1265.61 519456 401.374 -2.75242
6760 1399.79 498894 401.239 -2.75109
6770 1120.9 586144 401.212 -2.75143
6780 1013.8 511977 401.829 -2.75849
6790 1088.13 456350 402.588 -2.7657
6800 1118.33 478322 402.995 -2.76944
6810 1164.33 448860 403.144 -2.77088
6820 1197.06 416622 402.808 -2.76828
6830 1158.4 490229 401.787 -2.75963
6840 1007.93 583480 400.719 -2.74861
6850 1070.02 568780 400.345 -2.74439
6860 1069.49 566599 400.648 -2.74761
6870 996.506 517968 401.524 -2.75667
6880 956.397 468637 402.564 -2.76615
6890 1113.51 438855 403.313 -2.77212
6900 1289.66 431050 403.494 -2.77293
6910 1213.07 453265 403.052 -2.76872
6920 1073.71 494564 402.19 -2.76073
6930 1061.97 566420 401.331 -2.75172
6940 1211.49 557899 401.032 -2.74818
6950 1253.06 542986 401.287 -2.75087
6960 1143.92 514905 401.932 -2.7578
6970 974.104 465652 402.693 -2.76531
6980 981.459 440291 403.142 -2.7692
6990 1134.23 459117 403.063 -2.76813
7000 1122.04 487780 402.607 -2.76353
7010 1043.99 495889 402.032 -2.75762
7020 1200.08 518080 401.44 -2.75145
7030 1311.07 569520 401.06 -2.74724
7040 1273.66 555201 401.284 -2.74996
7050 1126.08 496952 401.987 -2.75767
7060 1006.69 467924 402.685 -2.76464
7070 977.409 459924 403.084 -2.7684
7080 933.307 470176 403.124 -2.76854
7090 998.644 467113 402.87 -2.76571
7100 1108.56 471280 402.318 -2.75991
7110 1155.18 512087 401.54 -2.75171
7120 1222.34 567916 400.907 -2.74448
7130 1286.26 553855 400.861 -2.74363
7140 1250.06 527045 401.311 -2.74844
7150 1059.75 528159 402.048 -2.75642
7160 1061.71 454706 402.962 -2.76546
7170 1001.58 442333 403.504 -2.77014
7180 1020.57 449364 403.508 -2.76991
7190 1171.13 453445 403.031 -2.76532
7200 1226.03 493854 402.16 -2.75696
7210 1136.15 542697 401.253 -2.74775
7220 1046.1 576226 400.76 -2.74234
7230 1199.56 547078 400.924 -2.74399
7240 1328.42 513369 401.541 -2.75042
7250 1235.85 475362 402.264 -2.75787
7260 1022.02 488682 402.805 -2.76354
7270 1045.93 451517 403.178 -2.76737
7280 1070.95 448918 403.125 -2.76704
7290 1026.02 501876 402.643 -2.7625
7300 1163.09 500699 402.146 -2.75734
7310 1274.78 474199 401.636 -2.7525
7320 1169.01 554346 400.995 -2.74636
7330 1076.29 602327 400.85 -2.7451
7340 1048.62 534417 401.565 -2.75309
7350 1074.3 448065 402.581 -2.7628
7360 1025.41 454795 403.18 -2.76778
7370 1094.31 454104 403.342 -2.76892
7380 1208.97 434575 403.045 -2.7661
7390 1137.62 485946 402.207 -2.75828
7400 1053.34 527788 401.244 -2.74869
7410 984.806 576949 400.566 -2.74122
7420 999.038 593291 400.598 -2.74116
7430 1093.85 525857 401.431 -2.74954
7440 1279.83 441697 402.479 -2.75868
7450 1344.72 450704 403.056 -2.76333
7460 1188.18 454557 403.153 -2.76443
7470 1029.03 442690 402.808 -2.76176
7480 1051.92 501434 401.991 -2.75444
7490 1093.85 557244 401.214 -2.74624
7500 1202.94 521052 400.892 -2.74272
7510 1182.07 567362 400.861 -2.7425
7520 1154.2 565501 401.424 -2.74902
7530 1230.69 455395 402.491 -2.75993
7540 1112.23 439740 403.221 -2.7666
7550 1069.17 461784 403.397 -2.76847
7560 1106.56 474796 403.215 -2.76695
7570 1115.86 485183 402.783 -2.76309
7580 1022.13 555772 402.295 -2.75816
7590 1199.55 495979 402.208 -2.75711
7600 1150.26 487694 402.146 -2.75655
7610 915.949 545233 402.032 -2.75538
7620 1131.22 511831 402.261 -2.75747
7630 1362.4 467649 402.599 -2.76037
7640 1341.83 469252 402.662 -2.76126
7650 1137.17 507095 402.487 -2.76025
7660 1078.83 468808 402.298 -2.7591
7670 1032.44 501048 401.894 -2.75573
7680 1086.92 549350 401.526 -2.75214
7690 1190.05 516068 401.551 -2.75248
7700 1117.83 498935 401.747 -2.7546
7710 1012.45 534213 401.986 -2.75715
7720 1085.75 489371 402.464 -2.76191
7730 1109.53 477680 402.88 -2.76556
7740 1045.67 488120 403.098 -2.76742
7750 1057.41 458675 403.168 -2.76776
7760 1195.8 438145 402.854 -2.76465
7770 1247.29 496422 402.039 -2.75704
7780 1117.87 569803 401.217 -2.74852
7790 1067 572305 400.999 -2.74611
7800 1127.47 565698 401.476 -2.75135
7810 1237.5 486547 402.484 -2.76164
7820 1164.46 456150 403.412 -2.77029
7830 1069.29 443084 403.924 -2.77504
7840 1069.99 443214 403.903 -2.77495
7850 1140.17 454029 403.359 -2.77015
7860 1107.75 492502 402.409 -2.76147
7870 1036.4 557105 401.45 -2.75145
7880 1218.23 529965 400.94 -2.74589
7890 1168.31 584367 400.814 -2.7446
7900 1075.24 568600 401.413 -2.75146
7910 1144.62 495550 402.605 -2.7638
7920 1174.03 435580 403.753 -2.77428
7930 1094.89 430812 404.326 -2.77917
7940 1090.9 440696 404.255 -2.77858
7950 1111.44 438653 403.6 -2.77307
7960 1002.33 522117 402.471 -2.76232
7970 1077.89 562137 401.518 -2.752
7980 1128.23 588315 401.172 -2.74775
7990 1144.87 540053 401.581 -2.75183
8000 1115.3 545201 402.432 -2.76053
8010 1254.34 463489 403.608 -2.77214
8020 1188.99 402418 404.45 -2.7793
8030 891.942 455202 404.459 -2.77934
8040 958.931 460923 403.997 -2.77489
8050 1213.04 443991 403.156 -2.767
8060 1200.06 515730 401.876 -2.75477
8070 981.239 653557 400.848 -2.74305
8080 1223.78 567181 401.059 -2.74497
8090 1388.44 495401 401.926 -2.75347
8100 1182.82 526658 402.839 -2.76309
8110 1036.94 478224 403.906 -2.77407
8120 1025.8 425745 404.772 -2.78209
8130 1093.73 362052 404.891 -2.78326
8140 899.571 478761 403.872 -2.77467
8150 1038.3 519414 402.591 -2.76131
8160 1205.57 549351 401.517 -2.74979
8170 1074.97 614598 400.966 -2.74307
8180 1075.19 568184 401.399 -2.74748
8190 1227.62 497664 402.447 -2.75784
8200 1325.93 442565 403.477 -2.76707
8210 1201.48 428474 403.989 -2.77166
8220 1049.59 437049 403.83 -2.77068
8230 1062.8 488754 403.131 -2.76445
8240 1301.32 467394 402.265 -2.75639
8250 1299.27 508003 401.166 -2.74677
8260 951.323 649845 400.266 -2.73751
8270 936.895 621408 400.629 -2.74223
8280 1129.6 478647 402.015 -2.7567
8290 974.827 487037 403.334 -2.76855
8300 823.996 479089 404.499 -2.7794
8310 1140.09 365417 405.347 -2.7858
8320 1362.33 355548 404.998 -2.78248
8330 1204.43 473221 403.395 -2.76903
8340 1121.75 577013 401.556 -2.74994
8350 1311.17 584640 400.407 -2.73675
8360 1371.51 561019 400.037 -2.73312
8370 1165.01 593090 400.301 -2.73711
8380 1101.01 557018 401.372 -2.75009
8390 1121.59 454196 402.906 -2.76597
8400 1067.81 381095 404.021 -2.77573
8410 972.716 394198 404.055 -2.7763
8420 916.935 495154 403.186 -2.76845
8430 1181.13 476267 402.161 -2.75829
8440 1166.39 524897 401.015 -2.74694
8450 1065.39 584021 400.125 -2.73714
8460 1111.04 600387 400.007 -2.73557
8470 1129.82 545093 400.766 -2.74372
8480 1174.76 474048 401.925 -2.75494
8490 1225.41 436918 402.858 -2.7632
8500 1175.93 429815 403.205 -2.76629
8510 1041.81 454483 402.92 -2.76396
8520 1159.6 456809 402.188 -2.75757
8530 1216.72 513480 401.119 -2.74767
8540 1118.76 589470 400.219 -2.73833
8550 1117.91 574686 400.089 -2.73704
8560 1121.09 528756 400.637 -2.74306
8570 996.328 510340 401.478 -2.75169
8580 1089.78 444146 402.355 -2.75985
8590 1151.44 426425 402.745 -2.76294
8600 1132.98 456101 402.474 -2.76043
8610 1143.72 494752 401.811 -2.75413
8620 1245.91 502853 401.082 -2.74702
8630 1238.23 529080 400.415 -2.74065
8640 1089.61 573670 400.052 -2.73726
8650 1021.05 569607 400.345 -2.7408
8660 1283.94 483080 401.212 -2.74992
8670 1287.7 439872 401.948 -2.75693
8680 1013.96 477631 402.188 -2.75965
8690 1044.87 459105 402.158 -2.75977
8700 1168.27 455676 401.765 -2.75648
8710 1149.1 514849 401.019 -2.74968
8720 1093.26 570411 400.431 -2.74367
8730 1151.55 532179 400.424 -2.74371
8740 1119.29 514010 400.744 -2.74712
8750 1019.39 529171 401.225 -2.75213
8760 1083.11 487998 401.92 -2.75902
8770 1130.26 453686 402.505 -2.76417
8780 1103.67 464531 402.688 -2.76562
8790 1096.05 466850 402.527 -2.76396
8800 1133.2 475474 402.066 -2.75951
8810 1209.77 502787 401.403 -2.75302
8820 1209.45 540068 400.785 -2.74684
8830 1111.24 580539 400.571 -2.74474
8840 1178.53 513502 401.01 -2.74961
8850 1096.75 491189 401.62 -2.75574
8860 953.754 513146 402.178 -2.76136
8870 1000.42 470649 402.797 -2.76718
8880 1123.38 430047 403.134 -2.76972
8890 1151.87 478839 402.887 -2.76702
8900 1150.49 520137 402.445 -2.76231
8910 1199.08 500393 402.137 -2.75907
8920 1190.29 524930 401.901 -2.75665
8930 1220.9 521151 401.865 -2.75647
8940 1104.63 529909 402.049 -2.75869
8950 1007.3 509002 402.496 -2.7634
8960 1141.47 450020 402.981 -2.76799
8970 1191.84 436571 403.036 -2.76848
8980 1048.88 486615 402.544 -2.76415
8990 966.808 543370 401.951 -2.75808
9000 1075.49 536274 401.714 -2.75525
9010 1116.3 514665 401.817 -2.75585
9020 1000.36 530281 402.097 -2.75821
9030 1094.19 499240 402.613 -2.76293
9040 1210.9 444502 403.1 -2.76678
9050 1077.32 474653 403.133 -2.76658
9060 1056.65 504697 402.93 -2.76422
9070 1240.48 483504 402.73 -2.76183
9080 1332.93 477318 402.394 -2.75853
9090 1216.65 526894 401.911 -2.75412
9100 1202.62 520749 401.634 -2.75178
9110 1182.13 497757 401.551 -2.75157
9120 1125.92 527476 401.496 -2.75174
9130 940.734 544381 401.696 -2.75432
9140 1026.92 474240 402.228 -2.75974
9150 1139.58 467914 402.577 -2.76274
9160 1172.14 482248 402.641 -2.76321
9170 1184.74 439786 402.483 -2.76188
9180 1135.4 465117 401.826 -2.75626
9190 1162.09 540998 400.901 -2.74735
9200 1203.03 553494 400.321 -2.74136
9210 1014.03 569597 400.256 -2.74099
9220 951.342 561475 400.835 -2.74755
9230 1178.14 451967 401.881 -2.75756
9240 1188.18 448377 402.569 -2.76327
9250 1164.94 455726 402.766 -2.765
9260 1205.84 436090 402.525 -2.76304
9270 1232.79 461016 401.721 -2.75643
9280 1053.68 574642 400.661 -2.74619
9290 1102.05 570538 400.204 -2.74123
9300 1210.09 516739 400.373 -2.74314
9310 1104.49 558542 400.797 -2.74792
9320 1058.32 502477 401.665 -2.75726
9330 1101.8 432221 402.543 -2.76531
9340 1089.07 432916 402.834 -2.76774
9350 1010.9 458511 402.512 -2.76479
9360 1010.93 487770 401.81 -2.75798
9370 1158.58 518621 401.006 -2.74963
9380 1280.89 548239 400.403 -2.74291
9390 1324.55 544948 400.22 -2.74102
9400 1171.89 576570 400.513 -2.74474
9410 1171.32 506236 401.417 -2.75488
9420 1125.82 455026 402.397 -2.76455
9430 1064.67 445153 402.973 -2.77006
9440 1033.08 468843 403.06 -2.77104
9450 1062.86 456715 402.82 -2.7689
9460 1092.88 441792 402.169 -2.76324
9470 981.294 561363 401.117 -2.75286
9480 1086.1 575318 400.558 -2.74609
9490 1216.67 525951 400.661 -2.74662
9500 1149.82 552272 401.087 -2.75084
9510 1253.58 483552 401.905 -2.75909
9520 1401.96 415202 402.566 -2.76519
9530 1314.67 437154 402.498 -2.76552
9540 1073.38 497765 401.878 -2.7609
9550 942.927 515223 401.21 -2.75502
9560 924.089 548545 400.713 -2.75021
9570 943.056 563232 400.67 -2.74963
9580 944.316 525486 401.173 -2.7544
9590 950.055 491047 401.916 -2.761
9600 1125.68 456824 402.568 -2.76597
9610 1360.89 416245 402.796 -2.76696
9620 1348.08 436944 402.29 -2.76232
9630 1231.72 527821 401.264 -2.75284
9640 1111.15 585474 400.492 -2.7449
9650 1052.78 559164 400.461 -2.74478
9660 1137.62 510930 400.965 -2.75015
9670 1072.45 518173 401.628 -2.7569
9680 1091.52 457336 402.381 -2.76417
9690 1137.24 436451 402.767 -2.76746
9700 1042.4 474537 402.602 -2.76586
9710 1017.59 493535 402.185 -2.76167
9720 1175.13 495867 401.702 -2.75664
9730 1235.67 517558 401.209 -2.75151
9740 1157.16 565375 400.921 -2.7485
9750 1234.65 535430 401.174 -2.75134
9760 1280.97 507118 401.772 -2.75777
9770 1144.41 483561 402.432 -2.76486
9780 911.415 465132 402.935 -2.77
9790 935.685 461296 403.118 -2.77171
9800 1062.57 478591 402.953 -2.76985
9810 1105.51 499040 402.594 -2.76592
9820 1121.35 501412 402.219 -2.7618
9830 1081.93 533698 401.895 -2.75813
9840 1064.22 516670 401.855 -2.75725
9850 1121.34 468875 401.941 -2.75757
9860 1166.3 524925 401.838 -2.75608
9870 1251.59 526544 401.918 -2.75662
9880 1244.08 477465 402.212 -2.75948
9890 1213.76 460023 402.316 -2.76076
9900 1159.97 496132 402.096 -2.75917
9910 1067.08 504814 401.819 -2.75689
9920 1000.7 522595 401.607 -2.75502
9930 1087.69 514058 401.584 -2.75478
9940 1054.19 535110 401.732 -2.75614
9950 1007.23 528175 402.181 -2.76063
9960 1069.7 453471 402.834 -2.76644
9970 1184.76 426832 403.089 -2.76811
9980 1271.92 450121 402.687 -2.76431
9990 1222.55 527066 401.878 -2.75657
10000 1304.69 527185 401.269 -2.75051
