# Time-averaged data for fix 2
# TimeStep c_mytemp c_mypress v_vmyvol v_avgEtotal
10 1147.69 433040 402.814 -2.73079
20 1152.58 523085 402.314 -2.72576
30 1252.53 528849 401.944 -2.72133
40 1484.43 471530 401.772 -2.71907
50 1563.08 491008 401.433 -2.71587
60 1363.62 591624 401.106 -2.71299
70 1378.85 521853 401.38 -2.71656
80 1332.85 493932 401.883 -2.72211
90 1236.06 491976 402.336 -2.72715
100 1037.97 501445 402.736 -2.73129
110 1024.34 486953 403.117 -2.73482
120 1142.94 459046 403.382 -2.7366
130 1223.6 463879 403.339 -2.7352
140 1332.3 458818 402.985 -2.73097
150 1314.95 508628 402.361 -2.72414
160 1290.32 513131 401.776 -2.71752
170 1303 549407 401.346 -2.7125
180 1282.97 573123 401.323 -2.7117
190 1430.97 497948 401.809 -2.71627
200 1399.88 489210 402.333 -2.72104
210 1352.66 501735 402.778 -2.72547
220 1317.12 461971 403.195 -2.72967
230 1200.53 433297 403.299 -2.73081
240 1087.06 477028 402.92 -2.7273
250 1247.11 491090 402.34 -2.72135
260 1476.81 482309 401.684 -2.71459
270 1507.21 513933 400.931 -2.70729
280 1225.81 591373 400.347 -2.70141
290 1190.14 578129 400.444 -2.70267
300 1354.57 519097 401.14 -2.70994
310 1334.46 495695 402.011 -2.71858
320 1245.92 457189 402.821 -2.72625
330 1194.74 432780 403.284 -2.73024
340 1192.9 447720 403.219 -2.72943
350 1194.11 502362 402.766 -2.72474
360 1328.24 500285 402.297 -2.71949
370 1484.01 480350 401.832 -2.7146
380 1419.99 528722 401.271 -2.70909
390 1274.2 566752 400.949 -2.7059
400 1201.33 553693 401.14 -2.70809
410 1269.58 523279 401.751 -2.71446
420 1204.58 508501 402.555 -2.72235
430 1094.23 489219 403.424 -2.73056
440 1264.67 415137 404.14 -2.73633
450 1362.37 420172 404.222 -2.73621
460 1350.52 453542 403.658 -2.73085
470 1350.84 514622 402.762 -2.72194
480 1401.82 530190 401.964 -2.71366
490 1336.36 539004 401.431 -2.70816
500 1253.12 554238 401.225 -2.70616
510 1136.46 601413 401.506 -2.70944
520 1255.64 505992 402.48 -2.71971
530 1279.24 446681 403.536 -2.729
540 1326.96 419649 404.155 -2.73389
550 1320.03 448593 404.155 -2.73352
560 1401.9 457393 403.72 -2.72944
570 1415.74 465149 402.94 -2.72263
580 1215.95 572248 401.988 -2.71331
590 1189.98 575780 401.542 -2.70833
600 1279.42 545909 401.718 -2.71008
610 1389.74 478031 402.229 -2.71498
620 1336.04 477397 402.609 -2.71847
630 1336.23 500908 402.822 -2.72062
640 1390.18 468517 402.996 -2.72251
650 1376.15 446328 402.921 -2.72227
660 1287.6 513470 402.489 -2.71866
670 1400.37 510137 402.111 -2.71529
680 1412.75 497024 401.824 -2.71317
690 1194.6 547972 401.578 -2.71138
700 1180.29 528502 401.666 -2.71268
710 1262.97 498565 401.982 -2.71594
720 1207.96 519863 402.329 -2.71931
730 1269.89 477279 402.782 -2.72363
740 1259.35 430890 403.042 -2.72567
750 1328.1 461787 402.8 -2.72322
760 1469.12 485418 402.24 -2.71786
770 1489.55 511360 401.583 -2.71167
780 1475.7 529224 401.025 -2.70673
790 1383.86 562467 400.734 -2.70466
800 1348.27 551550 400.916 -2.70771
810 1275.5 536232 401.522 -2.71513
820 1217.65 475667 402.375 -2.72434
830 1275.11 432707 403.036 -2.73072
840 1212.68 447624 403.184 -2.73227
850 1198.2 468991 402.91 -2.7299
860 1279.43 461898 402.368 -2.72484
870 1446 481604 401.547 -2.71727
880 1380.37 569334 400.65 -2.70836
890 1251.72 585551 400.28 -2.70444
900 1188.39 552582 400.563 -2.70771
910 1021.01 584928 401.342 -2.71636
920 1288.54 453346 402.657 -2.7293
930 1564.87 380815 403.631 -2.73651
940 1577.88 430833 403.707 -2.73703
950 1407.2 465156 403.207 -2.73329
960 1174.5 457472 402.4 -2.72684
970 1061.81 521756 401.322 -2.71706
980 1006 615074 400.469 -2.70753
990 1139.66 578143 400.458 -2.70666
1000 1262.06 533422 401.081 -2.71225
1010 1312.7 511549 401.99 -2.7206
1020 1392.96 422309 402.923 -2.72833
1030 1367.41 426446 403.284 -2.73066
1040 1186.46 491115 403.094 -2.72847
1050 1240.89 456300 402.747 -2.72484
1060 1288.1 515537 402.135 -2.71856
1070 1337.57 588409 401.676 -2.7131
1080 1436.91 507900 401.823 -2.71423
1090 1341.83 479091 402.078 -2.71658
1100 1175.76 569700 402.261 -2.71853
1110 1313.37 496403 402.875 -2.72493
1120 1305.32 436462 403.47 -2.73005
1130 1141.25 491830 403.633 -2.73128
1140 1271.96 468707 403.66 -2.73116
1150 1429.81 442300 403.435 -2.72877
1160 1334.1 488394 402.798 -2.72288
1170 1266.05 530682 402.084 -2.71558
1180 1418.77 524184 401.583 -2.71053
1190 1250.59 621491 401.402 -2.7088
1200 1323.95 495727 402.005 -2.7154
1210 1305.05 455624 402.658 -2.72136
1220 1267.89 505182 403.005 -2.72469
1230 1311.87 486101 403.339 -2.72799
1240 1284.11 425997 403.525 -2.72976
1250 1140.96 445208 403.167 -2.72669
1260 1133.03 528265 402.422 -2.71924
1270 1412.12 506342 401.836 -2.71261
1280 1480.6 493902 401.325 -2.70734
1290 1304.59 597047 400.873 -2.7027
1300 1333.42 575563 401.112 -2.70558
1310 1381.97 498425 401.927 -2.71419
1320 1268.63 487485 402.773 -2.72256
1330 1165.09 488137 403.514 -2.72981
1340 1282.95 452009 404.126 -2.73544
1350 1422.62 414361 404.33 -2.73712
1360 1346.79 464504 403.902 -2.73354
1370 1208.13 511485 403.193 -2.72688
1380 1296.58 477806 402.523 -2.72043
1390 1303.5 534652 401.762 -2.7131
1400 1323.4 572242 401.287 -2.70788
1410 1507.24 537497 401.351 -2.70865
1420 1537.23 533648 401.748 -2.71349
1430 1195.48 512115 402.403 -2.72108
1440 1031.81 481351 403.146 -2.72883
1450 1294.5 435151 403.711 -2.73392
1460 1416.55 436474 403.785 -2.73446
1470 1410.09 425214 403.315 -2.73083
1480 1159.25 524715 402.342 -2.72221
1490 1092.77 557121 401.535 -2.71353
1500 1259.04 522739 401.155 -2.70921
1510 1240.1 570449 401.044 -2.70757
1520 1328.83 526304 401.425 -2.71116
1530 1334.4 486982 402.027 -2.7166
1540 1168.67 535882 402.585 -2.72179
1550 1139.17 515459 403.379 -2.72967
1560 1337.65 402374 404.221 -2.73658
1570 1403.36 392150 404.327 -2.73674
1580 1198.3 493670 403.643 -2.73026
1590 1206.82 469229 402.809 -2.7218
1600 1318.3 490259 401.786 -2.71191
1610 1286.59 628580 400.803 -2.70081
1620 1432.49 604861 400.734 -2.69946
1630 1465.32 568361 401.537 -2.70838
1640 1444.94 505467 402.855 -2.72253
1650 1316.16 449867 404.214 -2.73576
1660 1142.22 419236 405.162 -2.7443
1670 1062.67 413690 405.451 -2.74673
1680 1158.84 431294 405.045 -2.74297
1690 1375.1 458371 404.084 -2.73399
1700 1462.79 540990 402.851 -2.72159
1710 1362.06 561750 401.93 -2.71144
1720 1269.88 523181 401.486 -2.70679
1730 1422.23 551663 401.287 -2.7049
1740 1383.14 608674 401.554 -2.70839
1750 1372.01 488244 402.547 -2.71953
1760 1302.36 432852 403.493 -2.72841
1770 1194.8 491211 403.971 -2.7331
1780 1175.17 448808 404.284 -2.73626
1790 1122.44 409687 404.181 -2.73536
1800 1232.65 469034 403.42 -2.72836
1810 1531.46 495148 402.392 -2.718
1820 1561.31 515938 401.341 -2.70783
1830 1273.66 632098 400.521 -2.69948
1840 1227.72 639941 400.704 -2.70231
1850 1306.92 518341 401.918 -2.71603
1860 1256.04 506292 403.359 -2.73032
1870 1288.47 464593 404.811 -2.74458
1880 1446.43 359885 405.905 -2.75364
1890 1266.48 366346 405.907 -2.75399
1900 903.36 500482 404.904 -2.74555
1910 961.118 556029 403.876 -2.7341
1920 1446.38 424268 403.173 -2.72628
1930 1583.59 470789 402.005 -2.71557
1940 1255.95 687243 400.77 -2.70176
1950 1214.26 628289 400.841 -2.70225
1960 1339.96 514435 401.934 -2.71373
1970 1192.86 525108 403.212 -2.72616
1980 1070.05 516752 404.691 -2.74134
1990 1502.83 343185 406.137 -2.753
2000 1503.91 355104 406.42 -2.75435
2010 1285.82 462052 405.574 -2.74741
2020 1261.09 466804 404.345 -2.73624
2030 1289.85 478262 402.883 -2.72296
2040 1312.63 607849 401.362 -2.70736
2050 1229.06 694364 400.731 -2.69944
2060 1326.2 580737 401.509 -2.70856
2070 1335.05 549909 403.031 -2.72529
2080 1384.93 420265 404.843 -2.7427
2090 1270.73 372833 406.048 -2.75206
2100 1195.33 407979 406.244 -2.75354
2110 1257.9 445143 405.678 -2.74863
2120 1368.79 448741 404.648 -2.73939
2130 1272.95 493458 403.243 -2.72674
2140 1130.37 639334 401.915 -2.71209
2150 1303.15 582099 401.577 -2.70738
2160 1370.32 497847 401.892 -2.71016
2170 1167.04 592445 402.342 -2.71472
2180 1289.02 508669 403.391 -2.72599
2190 1429.67 369157 404.459 -2.73469
2200 1324.22 422579 404.583 -2.73533
2210 1215.6 532591 404.125 -2.73088
2220 1362.38 466661 403.792 -2.72743
2230 1449.1 451662 403.249 -2.7227
2240 1435.88 542577 402.401 -2.71488
2250 1389.82 583747 401.891 -2.70984
2260 1379.02 498896 401.953 -2.71122
2270 1136.36 588045 402.178 -2.71434
2280 1186.43 493707 402.946 -2.72299
2290 1323.97 399348 403.673 -2.72929
2300 1218.67 467431 403.691 -2.72933
2310 1179.34 463217 403.378 -2.7263
2320 1307.44 462879 402.786 -2.72073
2330 1335.7 538034 401.951 -2.71235
2340 1401.67 587596 401.448 -2.70655
2350 1563.23 502258 401.54 -2.70757
2360 1465.08 550772 401.766 -2.71062
2370 1378.99 573787 402.395 -2.71878
2380 1330.79 449568 403.493 -2.73079
2390 1235.19 406699 404.231 -2.73782
2400 1137.15 503160 404.308 -2.73893
2410 1280.89 472870 404.303 -2.73912
2420 1374.09 412375 404.061 -2.73737
2430 1215.86 506168 403.232 -2.73013
2440 1155.57 535631 402.411 -2.72171
2450 1194.72 553716 401.901 -2.71608
2460 1319.78 571911 401.827 -2.71486
2470 1423.04 565539 402.341 -2.72026
2480 1454.93 483853 403.313 -2.73009
2490 1447.43 447167 404.189 -2.73843
2500 1315.88 434139 404.632 -2.74287
2510 1130.82 437601 404.544 -2.7426
2520 1108.86 467671 403.965 -2.73761
2530 1177.58 532651 403.16 -2.72942
2540 1299.2 532724 402.588 -2.72288
2550 1339.54 555875 402.323 -2.7196
2560 1329.78 552559 402.495 -2.7211
2570 1384.14 513100 403.071 -2.72682
2580 1354.98 504983 403.774 -2.73375
2590 1305.95 494181 404.506 -2.74102
2600 1252.56 471535 405.18 -2.74749
2610 1333.51 420167 405.583 -2.75113
2620 1177.78 447125 405.386 -2.74945
2630 1097.25 497069 404.778 -2.74353
2640 1341.65 461627 404.09 -2.73652
2650 1488.05 476822 403.145 -2.72757
2660 1283.02 578953 402.092 -2.71684
2670 1033.59 650057 401.695 -2.71212
2680 1292.43 530179 402.365 -2.71919
2690 1444.46 471737 403.329 -2.72779
2700 1301.84 514460 404.141 -2.73539
2710 1422.46 423558 404.939 -2.74283
2720 1474.72 391545 405.155 -2.7448
2730 1232.07 475437 404.56 -2.74018
2740 1104.99 524107 403.756 -2.7324
2750 1340.97 475803 403.087 -2.72578
2760 1424.07 504936 402.293 -2.71836
2770 1119 627831 401.647 -2.71145
2780 1425.81 513888 401.842 -2.7134
2790 1475.15 513991 402.268 -2.71758
2800 1276.37 525599 402.796 -2.72356
2810 1216.46 471908 403.481 -2.7305
2820 1170.87 481835 403.983 -2.73524
2830 1263.23 467496 404.311 -2.73816
2840 1390.37 437536 404.356 -2.73839
2850 1418.28 432206 403.908 -2.73465
2860 1297.56 526095 402.996 -2.72645
2870 1349.2 517752 402.227 -2.71861
2880 1294.1 528306 401.644 -2.71317
2890 1178.6 633333 401.383 -2.71061
2900 1410.85 541442 402.049 -2.71824
2910 1468.62 444584 403.049 -2.72791
2920 1181.09 495750 403.699 -2.73422
2930 1036.49 499320 404.275 -2.7401
2940 1351.11 401832 404.751 -2.74414
2950 1369.89 430656 404.523 -2.74195
2960 1260.64 484000 403.741 -2.73479
2970 1206.65 533897 402.85 -2.72579
2980 1385.41 521343 402.196 -2.71872
2990 1492.32 542439 401.775 -2.71434
3000 1399.98 534186 401.663 -2.71356
3010 1145.31 599446 401.916 -2.7169
3020 1224.9 522199 402.85 -2.72745
3030 1249.95 431326 403.959 -2.73755
3040 1159.05 430618 404.553 -2.7423
3050 1099.25 482585 404.613 -2.74234
3060 1173.9 469473 404.478 -2.74032
3070 1245.78 461419 404.103 -2.73602
3080 1324.84 516179 403.472 -2.72896
3090 1535.37 513372 402.939 -2.72271
3100 1550.64 515137 402.531 -2.71845
3110 1314.15 578188 402.308 -2.71651
3120 1218.26 599387 402.696 -2.72146
3130 1307.44 486587 403.795 -2.7334
3140 1358.23 399856 404.79 -2.74204
3150 1241.53 436141 405.047 -2.74429
3160 1109.5 458296 404.757 -2.74178
3170 1147.33 461409 404.118 -2.73569
3180 1316.01 489029 403.199 -2.7267
3190 1319.42 566884 402.248 -2.71639
3200 1278.03 555311 401.792 -2.71081
3210 1338.81 555265 401.802 -2.71054
3220 1419.85 569410 402.288 -2.7158
3230 1450.33 476243 403.248 -2.72554
3240 1209.65 484170 404.076 -2.73342
3250 1254.11 458383 404.749 -2.74
3260 1447.08 371691 405.022 -2.74246
3270 1269.53 407057 404.328 -2.73743
3280 1156.78 511609 402.938 -2.72514
3290 1352.02 553364 401.621 -2.71116
3300 1401.53 568550 400.751 -2.70177
3310 1210.05 606741 400.47 -2.69882
3320 1169.1 572194 401.008 -2.705
3330 1344.7 511187 402.095 -2.71605
3340 1280.44 517881 403.333 -2.72836
3350 1355.16 413753 404.601 -2.73996
3360 1357.33 379715 405.208 -2.74458
3370 1303.04 409380 404.862 -2.74191
3380 1304.62 425082 403.764 -2.73307
3390 1304.52 502487 402.128 -2.71851
3400 1331.13 591413 400.554 -2.70179
3410 1379.63 631251 399.719 -2.69206
3420 1419.51 619732 399.911 -2.69476
3430 1216.15 597051 401.076 -2.70911
3440 1133.09 492822 402.939 -2.72916
3450 1073.48 433760 404.771 -2.74548
3460 1209.29 376483 406.028 -2.75507
3470 1400.81 350726 406.27 -2.75613
3480 1457.08 386575 405.32 -2.74876
3490 1372.46 480866 403.5 -2.73336
3500 1319.91 575041 401.57 -2.71343
3510 1377.53 627348 400.25 -2.69842
3520 1266.41 673412 400 -2.69572
3530 1082.38 586131 401.042 -2.70844
3540 1115.97 499256 402.777 -2.72641
3550 1219.37 433653 404.499 -2.74148
3560 1299.14 392498 405.669 -2.75019
3570 1351.61 386806 405.965 -2.75175
3580 1333.33 391232 405.321 -2.74642
3590 1177.36 475708 403.867 -2.7337
3600 1248.84 525691 402.215 -2.71685
3610 1424.59 565969 400.806 -2.7014
3620 1479.11 616236 399.97 -2.69157
3630 1340.21 621441 400.058 -2.69284
3640 1244.96 545675 401.062 -2.70446
3650 1244.96 506050 402.458 -2.71864
3660 1345.67 440916 403.864 -2.73195
3670 1518.81 348835 404.741 -2.73901
3680 1365.1 411480 404.482 -2.73753
3690 1115.94 513147 403.538 -2.72932
3700 1217.21 496240 402.628 -2.72037
3710 1431.58 479229 401.704 -2.71178
3720 1223.83 627997 400.775 -2.70225
3730 1289.28 597107 400.751 -2.7019
3740 1403.54 520858 401.486 -2.70958
3750 1290.32 531826 402.462 -2.72001
3760 1411.27 411339 403.567 -2.73056
3770 1464.39 390906 404.018 -2.73452
3780 1439.86 450671 403.625 -2.73204
3790 1275.82 485381 402.822 -2.72555
3800 1132.26 509330 401.908 -2.71748
3810 1073.5 601133 401.148 -2.70964
3820 1256.31 579066 401.138 -2.70927
3830 1428.72 472148 401.702 -2.71462
3840 1288.31 508651 402.152 -2.71877
3850 1123.58 522012 402.647 -2.72379
3860 1202.64 437744 403.24 -2.72906
3870 1405.77 418404 403.364 -2.72959
3880 1405.76 500300 402.911 -2.72508
3890 1464.29 480046 402.38 -2.71998
3900 1375.21 527023 401.752 -2.71442
3910 1264.97 608462 401.401 -2.71105
3920 1348.98 504883 401.781 -2.71546
3930 1293.49 484379 402.272 -2.7205
3940 1264.07 507415 402.664 -2.72464
3950 1361.08 464845 403.058 -2.72871
3960 1311.45 433215 403.172 -2.73008
3970 1135.18 490117 402.81 -2.72705
3980 1188.62 517897 402.357 -2.7224
3990 1362.55 475647 402.002 -2.71871
4000 1318.89 528321 401.534 -2.714
4010 1192.25 600246 401.323 -2.71166
4020 1255.24 553964 401.845 -2.71727
4030 1440.77 451571 402.75 -2.72573
4040 1328.97 478419 403.362 -2.73107
4050 1341.03 461371 403.742 -2.73471
4060 1296.64 462469 403.826 -2.73559
4070 1183.95 498691 403.626 -2.73376
4080 1251.94 510808 403.409 -2.73147
4090 1349.12 488451 403.255 -2.72977
4100 1309.97 526803 403.066 -2.72778
4110 1364.11 508689 403.055 -2.72761
4120 1313.89 501858 403.127 -2.72836
4130 1189.61 553474 403.267 -2.72993
4140 1239.31 508671 403.77 -2.73502
4150 1238.69 440329 404.322 -2.7399
4160 1241.55 405691 404.401 -2.74027
4170 1148.63 470155 403.786 -2.73453
4180 1188.73 509089 402.917 -2.72537
4190 1459.41 513348 402.114 -2.71661
4200 1524.26 554379 401.471 -2.70945
4210 1348.85 565901 401.255 -2.70722
4220 1158.9 570203 401.581 -2.711
4230 1350.4 516384 402.432 -2.72002
4240 1576.33 435998 403.387 -2.729
4250 1513.93 418110 403.852 -2.73362
4260 1281.13 460788 403.691 -2.73324
4270 1127.41 499389 403.209 -2.72948
4280 1113.18 518393 402.713 -2.72489
4290 1119.42 563296 402.41 -2.72162
4300 1250.36 519461 402.56 -2.72274
4310 1446.86 444245 402.845 -2.72491
4320 1394.87 473765 402.754 -2.72387
4330 1175.59 546643 402.486 -2.72123
4340 1158.9 537972 402.54 -2.72162
4350 1300.46 509049 402.896 -2.72476
4360 1330.84 505774 403.346 -2.72879
4370 1343.34 456567 403.8 -2.73278
4380 1306.3 463779 403.94 -2.73384
4390 1283.37 470789 403.784 -2.73222
4400 1378.13 450126 403.368 -2.72848
4410 1304.58 523359 402.634 -2.72153
4420 1330.12 576803 402.09 -2.71577
4430 1462 510308 402.09 -2.71586
4440 1494.24 468176 402.189 -2.71742
4450 1150.77 575978 402.164 -2.71794
4460 1063.69 549852 402.643 -2.72363
4470 1136.96 460345 403.489 -2.73178
4480 1258.09 408073 404.018 -2.73583
4490 1223.15 491616 403.907 -2.73415
4500 1358.35 462679 403.618 -2.73083
4510 1336.83 484073 403.094 -2.72558
4520 1287.16 570093 402.493 -2.71911
4530 1369.15 561452 402.408 -2.71786
4540 1462.56 469560 402.765 -2.72136
4550 1365.58 486496 402.95 -2.72331
4560 1251.05 552683 403.084 -2.7251
4570 1358.84 447557 403.489 -2.72936
4580 1267.68 470116 403.577 -2.73041
4590 1205.66 503326 403.431 -2.72918
4600 1243.21 460044 403.251 -2.72751
4610 1224.11 486103 402.807 -2.72332
4620 1212.62 545130 402.291 -2.71779
4630 1376.1 498936 402.063 -2.71501
4640 1464.81 500932 401.879 -2.71301
4650 1443.05 537777 401.733 -2.71174
4660 1318.79 521354 401.859 -2.71354
4670 1113.98 513880 402.164 -2.71698
4680 1018.06 530504 402.61 -2.72153
4690 1203.53 465866 403.228 -2.72706
4700 1412.65 434373 403.597 -2.72952
4710 1582.07 433970 403.439 -2.72778
4720 1479.94 505667 402.808 -2.72224
4730 1370.78 549614 402.211 -2.71677
4740 1257.57 565081 402.021 -2.7154
4750 1344.82 504110 402.3 -2.71888
4760 1364.77 455964 402.623 -2.7225
4770 1147.92 529160 402.681 -2.72358
4780 1159.96 518885 402.916 -2.72622
4790 1414.28 431478 403.24 -2.72921
4800 1399.63 479756 403.114 -2.72815
4810 1322.02 533866 402.823 -2.72564
4820 1214.23 527057 402.784 -2.72549
4830 1282.78 467137 402.91 -2.72686
4840 1307.64 522368 402.879 -2.72658
4850 1314.96 491127 402.954 -2.72742
4860 1190.53 465304 402.963 -2.72756
4870 1205.69 541421 402.783 -2.72563
4880 1459.91 485772 402.827 -2.72577
4890 1478.42 468862 402.801 -2.7256
4900 1315.97 520539 402.574 -2.72381
4910 1268.74 545440 402.5 -2.7235
4920 1260.17 509629 402.756 -2.72644
4930 1253.09 478018 403.094 -2.7298
4940 1272.87 493318 403.294 -2.73173
4950 1390.64 457525 403.385 -2.73265
4960 1258.65 476215 403.184 -2.73093
4970 1090.26 516947 402.803 -2.72729
4980 1064.77 551975 402.58 -2.72459
4990 1350.03 456775 402.669 -2.72473
5000 1357.21 478406 402.506 -2.72252
5010 1294.71 539780 402.208 -2.71901
5020 1404.31 516659 402.169 -2.71822
5030 1372.63 519253 402.292 -2.71931
5040 1295.62 527525 402.58 -2.72232
5050 1307.24 476736 403.054 -2.72707
5060 1416.04 412445 403.312 -2.72952
5070 1207.03 472487 402.957 -2.72659
5080 1184.23 500631 402.356 -2.72086
5090 1370.86 488426 401.741 -2.7148
5100 1413.27 540114 401.098 -2.70844
5110 1371 548749 400.762 -2.70501
5120 1420.75 515495 400.792 -2.70575
5130 1272.47 566241 401.023 -2.70882
5140 1149.49 542991 401.73 -2.71695
5150 1324.08 460623 402.738 -2.72692
5160 1408.83 435242 403.455 -2.73327
5170 1241.58 462504 403.683 -2.73549
5180 1217.19 446085 403.555 -2.73456
5190 1236.98 481871 403.047 -2.72987
5200 1332.32 466790 402.35 -2.72323
5210 1158.9 518220 401.452 -2.71467
5220 964.286 614867 400.759 -2.7067
5230 1157.53 583945 400.91 -2.70755
5240 1468.7 489082 401.691 -2.7144
5250 1545.03 485760 402.451 -2.72061
5260 1508.25 481051 403.087 -2.72661
5270 1498.06 420869 403.517 -2.73096
5280 1391.34 434509 403.351 -2.73049
5290 1123.82 536288 402.734 -2.72539
5300 1279.62 481034 402.286 -2.72121
5310 1383.61 464238 401.74 -2.71668
5320 1223.86 569244 401.005 -2.70973
5330 1161.83 593735 400.781 -2.7074
5340 1166.47 533716 401.266 -2.71254
5350 1215.2 488077 402.021 -2.71956
5360 1212.05 511062 402.747 -2.72615
5370 1340.11 444634 403.458 -2.73216
5380 1352.94 471314 403.805 -2.73465
5390 1387.48 461963 403.871 -2.73497
5400 1251.73 480391 403.656 -2.73285
5410 1292.61 489370 403.285 -2.72913
5420 1445.56 480037 402.806 -2.72459
5430 1327.4 552864 402.255 -2.71919
5440 1172.61 571792 402.093 -2.71762
5450 1182.16 535574 402.488 -2.72181
5460 1253.62 465722 403.146 -2.72791
5470 1217.34 436014 403.548 -2.73102
5480 1326.94 445023 403.446 -2.72966
5490 1415.73 488918 402.932 -2.72449
5500 1421.38 497008 402.306 -2.71836
5510 1284.83 527525 401.691 -2.71242
5520 1219.76 541928 401.303 -2.70845
5530 1283.72 521592 401.232 -2.70767
5540 1318.51 526851 401.365 -2.70894
5550 1317.96 537248 401.72 -2.71257
5560 1298.51 508923 402.346 -2.71903
5570 1331.83 451434 403.02 -2.72537
5580 1332.45 440230 403.325 -2.72808
5590 1341.8 458792 403.162 -2.72678
5600 1302.05 488201 402.675 -2.72249
5610 1258.76 521209 402.109 -2.71707
5620 1315.07 524612 401.695 -2.71299
5630 1210.39 592730 401.561 -2.71169
5640 1231.64 522692 402.06 -2.71702
5650 1254.51 477695 402.77 -2.72355
5660 1197.29 513766 403.356 -2.72887
5670 1301.16 460226 403.978 -2.73445
5680 1432.5 382718 404.247 -2.73639
5690 1283.36 446527 403.662 -2.73146
5700 1190.17 536040 402.675 -2.72168
5710 1273.47 523785 401.909 -2.71345
5720 1213.96 587032 401.427 -2.70795
5730 1356.68 586188 401.609 -2.7096
5740 1620.2 485287 402.413 -2.7177
5750 1443.39 481216 403.169 -2.72513
5760 1121.56 499894 403.784 -2.73173
5770 1220.52 440582 404.327 -2.73703
5780 1277.35 435948 404.416 -2.73783
5790 1130.85 515815 404.059 -2.73433
5800 1286.68 475176 403.728 -2.73073
5810 1478.96 470076 403.246 -2.72603
5820 1330.08 543409 402.579 -2.71952
5830 1113.76 608378 402.284 -2.71633
5840 1313.54 540311 402.773 -2.72154
5850 1458.48 474588 403.591 -2.72928
5860 1336.55 486822 404.263 -2.73567
5870 1299.51 451891 404.772 -2.7406
5880 1326.96 439345 404.905 -2.74197
5890 1323.83 440765 404.542 -2.73911
5900 1212.09 496867 403.747 -2.73206
5910 1212.52 546949 402.941 -2.72381
5920 1348.42 516765 402.468 -2.7187
5930 1359.95 511948 402.167 -2.71565
5940 1242.97 568396 402.016 -2.7142
5950 1246.06 566048 402.391 -2.71839
5960 1409.89 456775 403.206 -2.72636
5970 1217.76 495319 403.787 -2.73159
5980 1189.31 492324 404.286 -2.73645
5990 1302.26 440697 404.679 -2.73974
6000 1325.49 443785 404.635 -2.73903
6010 1438.34 423005 404.094 -2.73446
6020 1329.35 526684 403.051 -2.72485
6030 1345.15 533084 402.149 -2.71564
6040 1188.23 574119 401.58 -2.70983
6050 1163.35 558130 401.574 -2.70972
6060 1225.45 520193 402.033 -2.71414
6070 1344.27 482389 402.645 -2.71978
6080 1378.56 468570 403.138 -2.72399
6090 1421.38 439906 403.347 -2.72583
6100 1366.44 464740 403.109 -2.72396
6110 1237.53 524337 402.622 -2.71948
6120 1331.67 497459 402.268 -2.71611
6130 1390.68 523806 401.952 -2.71328
6140 1237.8 564435 401.849 -2.71254
6150 1246.23 516411 402.201 -2.71643
6160 1295.41 510113 402.725 -2.72167
6170 1201.4 499599 403.322 -2.72761
6180 1129.77 444929 403.876 -2.73255
6190 1270.06 423877 404.002 -2.73314
6200 1551.24 435756 403.526 -2.72865
6210 1498.74 519944 402.591 -2.72007
6220 1357.94 552358 401.802 -2.71215
6230 1352.9 531844 401.406 -2.70867
6240 1293.29 585294 401.349 -2.70875
6250 1323.14 539599 401.898 -2.71535
6260 1049.51 533049 402.808 -2.72517
6270 1038.66 490259 403.947 -2.73661
6280 1325.76 402269 404.962 -2.74498
6290 1470.89 364309 405.195 -2.74627
6300 1362.44 415378 404.372 -2.73983
6310 1189.95 533524 402.935 -2.7264
6320 1328.32 542615 401.694 -2.71313
6330 1332.83 625430 400.899 -2.70429
6340 1213.88 650380 401.094 -2.70682
6350 1263.04 545051 402.404 -2.7216
6360 1373.72 459823 404.092 -2.73797
6370 1470.95 388038 405.435 -2.74906
6380 1317.19 425321 405.927 -2.75311
6390 1218.17 417551 405.757 -2.75197
6400 1294.93 408430 404.905 -2.7455
6410 1323.18 499115 403.407 -2.73213
6420 1378.3 519331 401.866 -2.7169
6430 1249.72 603174 400.57 -2.7033
6440 1134.38 676584 400.127 -2.69807
6450 1159.94 597399 401.005 -2.70861
6460 1245.7 485752 402.641 -2.7252
6470 1219.5 428829 404.186 -2.73833
6480 1302.67 385225 405.129 -2.74525
6490 1347.02 402879 405.166 -2.74484
6500 1362.92 460039 404.43 -2.73812
6510 1416.47 504716 403.379 -2.7279
6520 1437.09 493944 402.342 -2.71788
6530 1240.25 578560 401.352 -2.70823
6540 1148.94 619346 400.994 -2.70415
6550 1289.56 530798 401.508 -2.70958
6560 1203.68 542373 402.345 -2.71799
6570 1219.87 519460 403.499 -2.72989
6580 1350.51 394736 404.713 -2.74037
6590 1248.26 381871 405.134 -2.74312
6600 1227.87 433687 404.631 -2.73855
6610 1417.95 422795 403.533 -2.72896
6620 1352.14 501747 401.907 -2.71429
6630 1231.72 630943 400.368 -2.69736
6640 1328.94 617469 399.806 -2.69016
6650 1275.45 588444 400.197 -2.69449
6660 1113.51 597565 401.328 -2.70758
6670 1190.16 490978 403.15 -2.72669
6680 1417.28 367278 404.866 -2.74044
6690 1452.47 379049 405.562 -2.74488
6700 1213.48 486188 405.342 -2.74269
6710 1353.36 409171 404.849 -2.73829
6720 1508.23 394938 403.682 -2.72962
6730 1266.21 556556 401.82 -2.71286
6740 1137.8 615754 400.372 -2.6962
6750 1295.03 593884 399.83 -2.68977
6760 1372.98 613102 400.101 -2.69295
6770 1382.78 519834 401.183 -2.70499
6780 1255.79 468667 402.457 -2.7173
6790 1310.62 438701 403.469 -2.72648
6800 1497.31 407373 403.966 -2.73087
6810 1505.1 408853 403.723 -2.7296
6820 1406.16 464538 402.784 -2.72265
6830 1258.4 535126 401.585 -2.71202
6840 1077.94 593286 400.697 -2.70301
6850 1074.91 581105 400.519 -2.70112
6860 1131.47 571209 401.018 -2.70645
6870 1283.56 484513 402.022 -2.71626
6880 1420.62 428983 402.91 -2.72347
6890 1386.09 463720 403.286 -2.72636
6900 1464.18 424683 403.292 -2.7265
6910 1396.08 450271 402.743 -2.72225
6920 1187.37 535307 401.849 -2.71406
6930 1183.29 554125 401.206 -2.70736
6940 1359.87 541835 400.999 -2.70509
6950 1457.92 509463 401.118 -2.7064
6960 1303.72 524405 401.359 -2.70917
6970 1365.25 498099 401.756 -2.71359
6980 1434.5 480742 402.147 -2.71784
6990 1284.09 487775 402.397 -2.72091
7000 1240.9 471090 402.528 -2.72269
7010 1340.51 466468 402.431 -2.72225
7020 1223.24 525639 402.118 -2.71961
7030 1133.47 535938 401.987 -2.71836
7040 1224.09 483833 402.096 -2.71925
7050 1251.91 529472 402.167 -2.7196
7060 1323.3 486118 402.395 -2.72148
7070 1387.06 468837 402.54 -2.72247
7080 1513.45 491636 402.457 -2.72167
7090 1408.81 534089 402.33 -2.72083
7100 1337.31 502120 402.43 -2.72248
7110 1301.79 450595 402.527 -2.72407
7120 1153.1 530380 402.339 -2.72271
7130 1185.68 502228 402.309 -2.72252
7140 1258.21 456919 402.291 -2.72227
7150 1260.83 505282 402.001 -2.71931
7160 1284.07 525125 401.736 -2.71634
7170 1300.14 508618 401.653 -2.71523
7180 1238.26 548840 401.696 -2.71544
7190 1271.34 504224 402.068 -2.71898
7200 1342.06 453485 402.469 -2.72233
7210 1301.76 493650 402.559 -2.72289
7220 1270.51 493561 402.567 -2.72274
7230 1360.91 460219 402.497 -2.72195
7240 1251.84 535549 402.194 -2.71893
7250 1281.88 536884 402.137 -2.71816
7260 1441.6 449437 402.308 -2.71969
7270 1236.99 517447 402.196 -2.71869
7280 1088.23 560330 402.207 -2.7188
7290 1286.94 475619 402.614 -2.72259
7300 1427.51 422259 402.846 -2.72421
7310 1187.64 516328 402.556 -2.72129
7320 1165.9 542022 402.352 -2.71884
7330 1441.49 475924 402.429 -2.71906
7340 1552.6 467265 402.353 -2.7182
7350 1372.67 537518 402.081 -2.71593
7360 1302.1 523260 402.053 -2.71613
7370 1336.3 488063 402.204 -2.71809
7380 1221.67 516149 402.309 -2.71955
7390 1236.51 499855 402.513 -2.7218
7400 1387.28 466969 402.702 -2.7237
7410 1368.87 488899 402.663 -2.72361
7420 1189.96 519393 402.551 -2.72277
7430 1337.95 475518 402.535 -2.72276
7440 1476.3 488617 402.374 -2.72148
7450 1306.41 540387 402.151 -2.7198
7460 1117.07 562646 402.253 -2.72131
7470 1264.7 475078 402.767 -2.72658
7480 1287.73 480016 403.159 -2.73005
7490 1221.01 472431 403.367 -2.7319
7500 1204.46 448224 403.34 -2.73142
7510 1224.84 476797 402.932 -2.72729
7520 1358.05 491782 402.334 -2.72106
7530 1516.55 488228 401.667 -2.71435
7540 1532.05 534099 400.959 -2.70759
7550 1398.74 584669 400.544 -2.70387
7560 1259.48 586727 400.789 -2.70749
7570 1273.56 535042 401.697 -2.71805
7580 1319.95 453448 402.858 -2.72979
7590 1145.22 424317 403.664 -2.73701
7600 1053.84 452676 403.891 -2.7389
7610 1336.13 429897 403.681 -2.73673
7620 1482.99 456840 402.945 -2.73007
7630 1321.3 531033 401.912 -2.72009
7640 1213.84 560922 401.111 -2.71168
7650 1248.43 595806 400.833 -2.70855
7660 1323.25 577543 401.292 -2.71364
7670 1312.77 520120 402.356 -2.72492
7680 1262.02 448102 403.557 -2.73613
7690 1218.59 424790 404.362 -2.74286
7700 1297.65 404666 404.534 -2.74401
7710 1387.28 439549 403.968 -2.73907
7720 1281.44 481141 402.922 -2.72948
7730 1143.55 569274 401.779 -2.71792
7740 1198 588385 401.174 -2.71053
7750 1382.72 550809 401.252 -2.71076
7760 1509.65 544105 401.781 -2.71618
7770 1592.44 463082 402.59 -2.72431
7780 1305.64 487345 403.188 -2.73065
7790 1024.88 467297 403.625 -2.73537
7800 927.468 491978 403.841 -2.73735
7810 1114.27 470117 403.939 -2.73769
7820 1196.81 494345 403.84 -2.73569
7830 1317.07 487871 403.675 -2.73291
7840 1328.1 444602 403.385 -2.72928
7850 1149.79 504041 402.732 -2.7224
7860 1202.33 560131 402.115 -2.71506
7870 1338.42 559134 401.972 -2.71236
7880 1532.52 488235 402.247 -2.7142
7890 1482.7 525136 402.521 -2.71654
7900 1335.92 556043 402.989 -2.72175
7910 1456.66 453742 403.811 -2.73035
7920 1527.06 393089 404.277 -2.73495
7930 1170.69 519177 404.005 -2.73338
7940 1030.07 545771 403.826 -2.73192
7950 1244.69 452696 403.925 -2.73287
7960 1290.19 499429 403.763 -2.73111
7970 1301.73 501894 403.552 -2.72884
7980 1184.06 487673 403.36 -2.72674
7990 1286.69 497605 403.089 -2.72379
8000 1465.38 483584 402.786 -2.72049
8010 1438.29 477152 402.362 -2.71661
8020 1286.42 563276 401.841 -2.71167
8030 1342.38 546287 401.758 -2.71104
8040 1412.05 490652 402.032 -2.71414
8050 1428.1 474194 402.261 -2.71691
8060 1313.02 538736 402.339 -2.71848
8070 1302.27 494836 402.64 -2.72235
8080 1135.95 483927 402.945 -2.72565
8090 1077.38 515274 403.142 -2.72774
8100 1273.81 442555 403.381 -2.72975
8110 1289.35 453562 403.217 -2.72792
8120 1310.62 511758 402.711 -2.72273
8130 1435.39 526919 402.292 -2.71816
8140 1539.35 492507 402.042 -2.71585
8150 1316.79 575734 401.854 -2.71453
8160 1257.47 522576 402.169 -2.71845
8170 1362.5 447078 402.65 -2.72341
8180 1224.93 507379 402.811 -2.72526
8190 1183.8 483212 402.955 -2.7269
8200 1232.78 445323 402.96 -2.72693
8210 1302.14 480538 402.573 -2.72327
8220 1231.45 554302 402.071 -2.71801
8230 1219.04 528883 401.94 -2.71627
8240 1339.55 503869 402.055 -2.717
8250 1445.89 524750 402.244 -2.71861
8260 1519.39 469958 402.567 -2.7219
8270 1381.11 471089 402.692 -2.7236
8280 1195.58 532315 402.627 -2.7236
8290 1237.85 500463 402.765 -2.72534
8300 1371.57 410642 402.852 -2.72645
8310 1219.73 505913 402.363 -2.72232
8320 1162.96 569301 401.908 -2.71752
8330 1267.3 511295 401.926 -2.71747
8340 1227.41 499776 402.089 -2.71877
8350 1184.16 497494 402.245 -2.71985
8360 1351.93 500506 402.396 -2.72078
8370 1605.13 463506 402.511 -2.7215
8380 1484.56 503509 402.4 -2.72075
8390 1340.04 496178 402.277 -2.72029
8400 1244.62 515345 402.158 -2.7198
8410 1314.92 494552 402.133 -2.72005
8420 1401.32 476941 402.071 -2.72002
8430 1218.64 513016 401.872 -2.71865
8440 1138.68 505883 401.744 -2.71769
8450 1214.6 495179 401.67 -2.71693
8460 1262.21 506976 401.576 -2.7158
8470 1254.01 514033 401.546 -2.71517
8480 1325.86 473528 401.587 -2.71526
8490 1285.99 513401 401.487 -2.71399
8500 1256.48 540755 401.486 -2.71373
8510 1368.78 499945 401.77 -2.71633
8520 1439.95 468366 402.06 -2.71896
8530 1335.3 493538 402.135 -2.71984
8540 1218.96 512294 402.155 -2.72027
8550 1184.5 501255 402.254 -2.72132
8560 1062.43 491006 402.37 -2.72217
8570 1299.34 452242 402.386 -2.72177
8580 1527 465249 402.062 -2.71823
8590 1470 509822 401.481 -2.71262
8600 1305.58 543896 400.991 -2.70788
8610 1389.08 527820 400.821 -2.70649
8620 1399.13 554668 400.926 -2.70814
8630 1326.53 534621 401.437 -2.7143
8640 1274.28 463784 402.185 -2.72219
8650 1161.35 456003 402.681 -2.72703
8660 1116.02 478234 402.838 -2.72853
8670 1186.44 463081 402.787 -2.72777
8680 1392.1 448098 402.437 -2.72425
8690 1347.68 500317 401.729 -2.71737
8700 1321.78 527471 401.016 -2.71001
8710 1374.17 533682 400.525 -2.7049
8720 1456.95 537583 400.317 -2.70289
8730 1409.04 526202 400.408 -2.70431
8740 1381.95 530672 400.722 -2.70827
8750 1272.66 529873 401.284 -2.71488
8760 1163.61 486453 402.051 -2.72303
8770 1280.23 429883 402.691 -2.72905
8780 1309.87 440328 402.8 -2.73008
8790 1205.63 505287 402.477 -2.72707
8800 1407.92 446007 402.094 -2.72352
8810 1355.75 475613 401.356 -2.71724
8820 1032.73 603383 400.517 -2.70861
8830 1107.36 567443 400.392 -2.70679
8840 1333.86 517315 400.818 -2.7105
8850 1362.87 503369 401.407 -2.71577
8860 1224.3 481588 402.012 -2.72115
8870 1192.69 461692 402.464 -2.72485
8880 1365.72 443902 402.601 -2.7255
8890 1298.25 460915 402.307 -2.7224
8900 1226.57 503016 401.723 -2.71649
8910 1307.31 524283 401.161 -2.71037
8920 1407.23 517665 400.783 -2.70614
8930 1319.46 575075 400.612 -2.7042
8940 1425.58 577602 401.011 -2.70882
8950 1439.34 482608 401.961 -2.71888
8960 1140.26 458118 402.823 -2.7271
8970 1188.34 446998 403.335 -2.73178
8980 1399.69 445367 403.424 -2.73242
8990 1456.79 438764 403.057 -2.72937
9000 1311.49 487645 402.243 -2.72249
9010 1106.77 561414 401.366 -2.71384
9020 1029.75 559530 400.947 -2.70908
9030 1188.2 521808 400.99 -2.70897
9040 1194.36 526817 401.25 -2.71078
9050 1104.99 510738 401.709 -2.71453
9060 1269.85 456293 402.221 -2.71824
9070 1418.49 466214 402.423 -2.71878
9080 1488.54 478303 402.355 -2.71728
9090 1445.17 463962 402.083 -2.71458
9100 1235.62 543685 401.612 -2.71
9110 1264.36 555289 401.444 -2.70819
9120 1408.79 515978 401.699 -2.71076
9130 1401.79 499581 402.097 -2.71483
9140 1256.56 507301 402.52 -2.71935
9150 1314.52 423711 402.914 -2.72329
9160 1298.02 444854 402.774 -2.7223
9170 1255.31 488640 402.199 -2.71716
9180 1216.39 522007 401.539 -2.71071
9190 1315.1 535099 401.055 -2.70559
9200 1423.45 525472 400.85 -2.70342
9210 1312.44 541257 400.878 -2.7039
9220 1248.24 544045 401.233 -2.70788
9230 1314.34 514215 401.926 -2.71514
9240 1448.64 443230 402.686 -2.72243
9250 1439.11 451485 403.047 -2.72596
9260 1377.08 457301 402.999 -2.72628
9270 1225.44 452313 402.602 -2.72349
9280 1194.08 478700 401.849 -2.71712
9290 1313.01 525244 400.954 -2.70858
9300 1360.15 555899 400.27 -2.70157
9310 1356.05 561169 400.033 -2.6993
9320 1309.6 567304 400.295 -2.7026
9330 1266.56 548534 401.085 -2.7116
9340 1325.87 485296 402.227 -2.72336
9350 1331.65 443365 403.256 -2.73296
9360 1255.01 429342 403.831 -2.73814
9370 1170.82 442062 403.839 -2.73832
9380 1227.54 455776 403.38 -2.73412
9390 1380.57 454621 402.553 -2.72661
9400 1249.35 528578 401.432 -2.71586
9410 1155.04 601217 400.571 -2.70615
9420 1245.76 568265 400.454 -2.7043
9430 1267.86 571179 400.93 -2.70901
9440 1313.61 549876 401.963 -2.7199
9450 1415.33 455961 403.335 -2.73294
9460 1508.74 378246 404.344 -2.74118
9470 1438.74 402440 404.419 -2.74208
9480 1193.86 474842 403.732 -2.73658
9490 1162.34 477489 402.795 -2.72813
9500 1213.09 496185 401.71 -2.71787
9510 1223.33 591081 400.675 -2.70689
9520 1356.97 598109 400.322 -2.70236
9530 1424.34 584637 400.769 -2.7072
9540 1363.34 547392 401.881 -2.7198
9550 1314.09 423644 403.298 -2.73346
9560 1209.71 380507 404.134 -2.74022
9570 1092.91 425504 404.047 -2.73937
9580 1207.99 449356 403.336 -2.73281
9590 1324.86 461870 402.212 -2.72239
9600 1243.29 589545 400.9 -2.70862
9610 1291.41 621355 400.255 -2.70039
9620 1392.61 583663 400.563 -2.70339
9630 1488.42 516544 401.519 -2.71345
9640 1385.57 474973 402.622 -2.72424
9650 1258.23 453700 403.528 -2.73293
9660 1205.53 391341 404.003 -2.73725
9670 1064.13 425147 403.663 -2.73446
9680 1094.34 493924 402.74 -2.72565
9690 1235.31 529189 401.765 -2.71504
9700 1351.15 565467 401.044 -2.7065
9710 1469.32 561063 400.838 -2.70345
9720 1514.46 560588 401.151 -2.70657
9730 1477.18 502496 401.894 -2.71468
9740 1305.08 467471 402.677 -2.72264
9750 1240.77 461118 403.207 -2.72801
9760 1409.8 436510 403.398 -2.73019
9770 1330.38 451539 403.1 -2.72822
9780 1024.94 495805 402.435 -2.72248
9790 1098.51 545128 401.76 -2.71555
9800 1314.05 524769 401.406 -2.71135
9810 1314.89 503986 401.269 -2.70943
9820 1465.75 517377 401.194 -2.70837
9830 1486.49 516095 401.252 -2.709
9840 1430.29 499745 401.43 -2.71131
9850 1158.61 529952 401.649 -2.7141
9860 1247.8 490201 402.051 -2.71848
9870 1382.17 462825 402.384 -2.72171
9880 1336.82 479581 402.449 -2.72259
9890 1288.47 467211 402.319 -2.72176
9900 1228.58 512384 401.984 -2.71877
9910 1368.03 489004 401.693 -2.71604
9920 1288.82 509279 401.363 -2.71307
9930 1251.71 529214 401.115 -2.71065
9940 1474.8 515011 401.078 -2.71045
9950 1287.66 552706 401.216 -2.71228
9960 1162.18 540202 401.739 -2.71819
9970 1283.4 475409 402.55 -2.72632
9980 1289.11 445202 403.173 -2.73178
9990 1206.32 480118 403.401 -2.73369
10000 1433.04 431595 403.392 -2.73348
