# Time-averaged data for fix 2
# TimeStep c_mytemp c_mypress v_vmyvol v_avgEtotal
10 1679.29 2628.65 647.819 -2.79925
20 1679.72 4890.47 647.869 -2.79906
30 1636.19 7078.64 647.998 -2.79868
40 1616.28 6186.45 648.235 -2.79811
50 1666.92 1346.64 648.563 -2.7973
60 1747.53 -4604.95 648.909 -2.79633
70 1793.85 -6989.23 649.188 -2.79539
80 1798.19 -6234.62 649.363 -2.79462
90 1732.03 -3864.76 649.446 -2.79403
100 1553.1 1618.52 649.477 -2.79344
110 1430.95 4792.96 649.536 -2.79257
120 1441.3 2868.37 649.663 -2.79126
130 1429.11 6041.11 649.847 -2.78948
140 1519.02 4229.38 650.117 -2.7873
150 1769.88 -2312.28 650.447 -2.78471
160 1874.52 -5772.65 650.745 -2.78212
170 1766.39 -4303.02 650.96 -2.78008
180 1693.07 -2652.94 651.11 -2.77845
190 1784.45 -2964.22 651.218 -2.77692
200 1907.36 -4557.57 651.282 -2.77555
210 1925.17 -2730.56 651.285 -2.77463
220 1772.83 4156.34 651.259 -2.77416
230 1673.86 6667.17 651.297 -2.7738
240 1758.53 4311.5 651.437 -2.77334
250 1907.67 1163.04 651.647 -2.77289
260 1917.39 1792.24 651.882 -2.77277
270 1805.59 4737.86 652.151 -2.77298
280 1715.76 7486.72 652.494 -2.77328
290 1635.6 10187 652.955 -2.77343
300 1587.81 9978.71 653.568 -2.77334
310 1550.63 10266.3 654.335 -2.7729
320 1592.94 9113.13 655.253 -2.77215
330 1671.95 6125.66 656.303 -2.77108
340 1749.6 3025.42 657.439 -2.76984
350 1860.86 -2389.16 658.607 -2.76858
360 1949.71 -5983.28 659.727 -2.76755
370 1867.11 -5021.51 660.746 -2.767
380 1650.43 -772.314 661.678 -2.76677
390 1523.32 637.957 662.584 -2.7664
400 1589.9 1221.27 663.491 -2.76564
410 1817.22 -306.51 664.405 -2.76453
420 2087.27 -3835.94 665.303 -2.76354
430 2138.4 -4782.2 666.134 -2.76334
440 2055.27 -1374.34 666.887 -2.76415
450 1967 -407.458 667.608 -2.76557
460 1974.91 -1794.38 668.315 -2.76732
470 1978.84 -2492.26 668.988 -2.76933
480 1953.78 -3749.89 669.615 -2.77157
490 1870.13 -6453.17 670.175 -2.77385
500 1730.1 -6952.93 670.628 -2.77592
510 1579.99 -4886.76 670.969 -2.77742
520 1594.31 -5087.66 671.224 -2.77832
530 1663.12 -5265.95 671.396 -2.77873
540 1727.25 -5444.68 671.484 -2.77888
550 1684.65 -3248.92 671.489 -2.77887
560 1609.67 -2813.77 671.442 -2.77867
570 1586.91 -2970.53 671.356 -2.77815
580 1642.18 -5821 671.221 -2.77736
590 1587.22 -3548.5 671.007 -2.77633
600 1654.15 -5737.41 670.735 -2.7751
610 1863.73 -14406.1 670.369 -2.77378
620 1859.36 -16491.8 669.788 -2.7728
630 1760.42 -16555 668.952 -2.77227
640 1750.63 -14954.6 667.869 -2.77195
650 1732.05 -13507.4 666.565 -2.77168
660 1671.41 -11033.4 665.073 -2.77138
670 1733.95 -10835.3 663.43 -2.77096
680 1853.78 -11486.1 661.649 -2.77057
690 1834.21 -10236 659.726 -2.77042
700 1783.6 -7100.73 657.685 -2.77044
710 1788.51 -4326.57 655.576 -2.77042
720 1828.48 -3616.4 653.443 -2.7704
730 1822.14 -899.778 651.305 -2.77045
740 1842.88 370.278 649.199 -2.77051
750 1971.84 -2760.87 647.141 -2.77082
760 2154.69 -6501.43 645.086 -2.77184
770 2204.55 -4256.58 642.989 -2.77387
780 2072.44 2954.26 640.883 -2.77659
790 1807.12 12794 638.873 -2.7791
800 1603.14 22638.7 637.102 -2.78064
810 1752.38 21807.2 635.694 -2.78154
820 2076.36 13700.1 634.632 -2.78274
830 2151.05 9469.75 633.803 -2.78484
840 1923.95 11226.4 633.145 -2.78746
850 1725.85 13556.3 632.67 -2.78983
860 1606.22 15699.3 632.407 -2.79163
870 1553.59 19533 632.389 -2.79279
880 1646.08 17422.4 632.654 -2.79351
890 1609.64 18335.9 633.181 -2.79391
900 1529.73 21812 633.979 -2.79404
910 1749.03 14477.7 635.077 -2.79389
920 1842.51 10450.1 636.383 -2.79349
930 1890.68 10752.8 637.839 -2.79335
940 2084.69 4552.94 639.429 -2.79358
950 2065.13 5487.65 641.083 -2.79447
960 1828.5 10747.7 642.809 -2.79602
970 1614.42 13781.9 644.677 -2.79758
980 1553.12 13352.3 646.731 -2.79871
990 1680.36 7119.01 648.959 -2.79925
1000 1813.87 1588.65 651.275 -2.79932
1010 1800.14 -1968.96 653.591 -2.79925
1020 1660.36 -4883.95 655.852 -2.79908
1030 1580.12 -8514.38 658.008 -2.79855
1040 1584.37 -10579.4 660.004 -2.79758
1050 1606.49 -9258.95 661.813 -2.79632
1060 1635.07 -10453.1 663.447 -2.79486
1070 1629.46 -10534.7 664.893 -2.79323
1080 1612.46 -6137.89 666.159 -2.79157
1090 1669.96 -4987.24 667.305 -2.78988
1100 1727.47 -6637.89 668.352 -2.7881
1110 1653.13 -7029.02 669.283 -2.7864
1120 1528.72 -9132.72 670.085 -2.78474
1130 1486.93 -12328.5 670.727 -2.78288
1140 1561.3 -16116.9 671.158 -2.78073
1150 1651.05 -19187 671.32 -2.77835
1160 1764.46 -20364.7 671.172 -2.77603
1170 2002.37 -23910.5 670.691 -2.77402
1180 2218.11 -26083.5 669.831 -2.77293
1190 2225 -24092.3 668.57 -2.7734
1200 1972.9 -15806.1 666.953 -2.77505
1210 1623.08 -3804.42 665.124 -2.77653
1220 1589.31 -2421.54 663.257 -2.77726
1230 1713.64 -4059.32 661.39 -2.77761
1240 1802.84 -3220.12 659.504 -2.77775
1250 1982.14 -4606.76 657.606 -2.77805
1260 2004.54 -4696.69 655.681 -2.77886
1270 1825 -65.7657 653.733 -2.78002
1280 1666.99 5171.98 651.83 -2.78081
1290 1771.8 4431.36 650.041 -2.78126
1300 1854.1 5699.25 648.367 -2.78165
1310 1847.87 6912.22 646.819 -2.78211
1320 1815.14 7227.96 645.411 -2.78263
1330 1792.56 8184.57 644.147 -2.78317
1340 1727.25 12031.7 643.042 -2.78361
1350 1604.44 17006.6 642.147 -2.78376
1360 1602.72 18375 641.528 -2.78353
1370 1819.77 11556.2 641.19 -2.78311
1380 1987.75 5540.97 641.04 -2.78286
1390 2031.75 4476.65 640.989 -2.7832
1400 1973.05 8267.27 641.019 -2.78414
1410 1853.22 15039.6 641.183 -2.78544
1420 1705.3 21126.1 641.578 -2.78677
1430 1664.26 23686.2 642.286 -2.78793
1440 1721.24 24396.9 643.346 -2.78893
1450 1832.9 21512.6 644.764 -2.78993
1460 1942.05 17434.9 646.494 -2.79107
1470 1912.06 15537.6 648.477 -2.7925
1480 1812.19 16393.3 650.685 -2.79419
1490 1684.56 16341.3 653.123 -2.79588
1500 1566.89 14700.9 655.79 -2.79722
1510 1605.25 10502.3 658.657 -2.79796
1520 1869.51 1496.97 661.653 -2.79808
1530 2094.27 -5694.51 664.643 -2.79791
1540 2138.59 -9384.28 667.512 -2.79831
1550 2028.86 -12124.3 670.196 -2.79937
1560 1847.97 -10250.6 672.656 -2.80078
1570 1620.75 -6442.31 674.919 -2.80208
1580 1397.17 -2349.29 677.047 -2.80285
1590 1381.22 -3980.3 679.099 -2.80285
1600 1498.29 -7890.53 681.055 -2.802
1610 1539.59 -7879.88 682.857 -2.80055
1620 1586.04 -8662.89 684.5 -2.79881
1630 1640.51 -11150.6 685.969 -2.7968
1640 1620.71 -10934.2 687.233 -2.7947
1650 1582.98 -10066.2 688.292 -2.79262
1660 1600.69 -8943.65 689.164 -2.79049
1670 1704.09 -8446.33 689.87 -2.78826
1680 1763.24 -7603.52 690.422 -2.78608
1690 1666.84 250.15 690.849 -2.7842
1700 1512.17 6228.62 691.275 -2.78252
1710 1518.01 6155.84 691.8 -2.78074
1720 1580.9 5585.4 692.428 -2.77864
1730 1648.92 7131.05 693.154 -2.77639
1740 1704.72 7290.89 693.997 -2.77416
1750 1714.16 7321.66 694.962 -2.77206
1760 1742.71 6886.21 696.047 -2.77018
1770 1806.03 3873.14 697.239 -2.76844
1780 1915.77 837.449 698.488 -2.76693
1790 1842.63 -174.692 699.742 -2.76582
1800 1687.38 -84.8941 700.983 -2.76509
1810 1652.42 -3087.9 702.203 -2.76428
1820 1824.99 -9864.51 703.347 -2.76326
1830 1894.81 -14414.6 704.305 -2.76227
1840 1818 -15106.8 704.997 -2.76166
1850 1783.65 -16609.1 705.406 -2.76132
1860 1828.17 -18558.6 705.509 -2.76114
1870 1889.06 -19549.3 705.279 -2.76123
1880 1908.08 -18892.9 704.706 -2.76173
1890 1802.95 -15411.7 703.808 -2.76255
1900 1651.96 -11185.9 702.654 -2.76331
1910 1555.48 -7303.8 701.324 -2.76365
1920 1615.17 -6395.52 699.887 -2.76352
1930 1728.05 -8080.99 698.364 -2.76311
1940 1688.64 -7890.05 696.734 -2.76268
1950 1557.84 -4444.44 695.006 -2.76207
1960 1666.07 -7146.03 693.227 -2.76119
1970 1867.11 -11507 691.361 -2.76029
1980 1931.1 -11959.8 689.34 -2.75979
1990 1839.92 -7014.17 687.166 -2.75969
2000 1699.32 -1037.99 684.921 -2.75961
2010 1572.03 5541.6 682.71 -2.75913
2020 1545.62 9392.88 680.64 -2.75811
2030 1615.55 9588.18 678.77 -2.75669
2040 1636.38 10026.7 677.104 -2.75509
2050 1550.92 13458.9 675.651 -2.7533
2060 1659.56 8692.48 674.444 -2.75139
2070 1823 -327.494 673.403 -2.74949
2080 1829.4 -2655.44 672.392 -2.74796
2090 1736.19 -1090.48 671.367 -2.74678
2100 1613.01 2031.06 670.352 -2.74568
2110 1531.19 3813.04 669.392 -2.74442
2120 1675.19 2096.81 668.512 -2.74287
2130 1897.43 -5174.12 667.678 -2.74122
2140 2067.71 -8869.48 666.788 -2.74007
2150 2077.01 -7826.78 665.784 -2.73977
2160 2131.05 -10377.3 664.67 -2.74046
2170 2189.42 -10523.5 663.419 -2.74216
2180 2205.15 -9536.1 662.029 -2.74489
2190 2056.02 -4554.26 660.526 -2.74832
2200 1723.86 5364.75 658.991 -2.75141
2210 1507.85 14845.2 657.577 -2.75323
2220 1652.03 14353.5 656.414 -2.75425
2230 1756.59 14075.8 655.507 -2.75496
2240 1840.97 13761.7 654.844 -2.75559
2250 1950.9 11345 654.412 -2.75643
2260 1978.74 10353.5 654.174 -2.75765
2270 1852.24 12034 654.113 -2.75918
2280 1730.28 10375.8 654.245 -2.7606
2290 1769.87 2555.05 654.533 -2.76176
2300 1936.69 -4372.4 654.866 -2.76279
2310 2206.57 -11870.7 655.128 -2.76426
2320 2382.85 -13877.6 655.215 -2.76698
2330 2302.92 -10567.1 655.094 -2.77122
2340 1999.02 -3276.71 654.823 -2.77593
2350 1771.12 186.618 654.505 -2.77998
2360 1722.78 761.673 654.197 -2.78321
2370 1793.49 859.386 653.912 -2.78589
2380 1859 1152.62 653.65 -2.78832
2390 1775.99 3969.65 653.421 -2.79055
2400 1596.24 9123.72 653.266 -2.79224
2410 1627.52 8815.93 653.255 -2.79329
2420 1881.16 2277.03 653.378 -2.79405
2430 1959.88 1156.61 653.551 -2.79497
2440 1881.18 -2439.56 653.741 -2.79615
2450 1801.45 -6685.14 653.894 -2.79738
2460 1763.05 -7489.8 653.951 -2.79846
2470 1824.97 -9143.87 653.892 -2.79945
2480 1836.81 -8990.71 653.7 -2.80043
2490 1794.5 -7834.35 653.376 -2.80143
2500 1712.43 -5008.33 652.944 -2.8023
2510 1669.14 -4434.32 652.441 -2.80288
2520 1740.3 -5406.17 651.881 -2.80321
2530 1852.53 -7715.09 651.25 -2.80347
2540 1861.03 -8306.11 650.516 -2.80392
2550 1730.72 -5510.04 649.676 -2.80445
2560 1637.94 -4394.48 648.768 -2.8048
2570 1620.79 -3021.06 647.812 -2.80482
2580 1643.1 -2.93524 646.834 -2.80448
2590 1669.88 1944.14 645.876 -2.80385
2600 1721.39 1972.97 644.966 -2.80303
2610 1839.85 -401.587 644.104 -2.80223
2620 1830.77 -819.542 643.259 -2.80162
2630 1714.61 3104.61 642.426 -2.80123
2640 1504.07 11282.2 641.665 -2.80064
2650 1463.92 16896.5 641.09 -2.79964
2660 1550.53 18368.6 640.777 -2.79822
2670 1593.22 21266.7 640.755 -2.79649
2680 1901.81 18094.3 641.052 -2.79471
2690 2099.91 12647.8 641.619 -2.79324
2700 1953.83 14991.3 642.389 -2.79274
2710 1740.92 17669.9 643.382 -2.79296
2720 1605.97 19164.3 644.634 -2.79327
2730 1629.67 18031.8 646.167 -2.79341
2740 1727.63 11406.6 647.954 -2.79324
2750 1749.68 6025.35 649.903 -2.79281
2760 1704 4358.21 651.932 -2.79227
2770 1707.19 4323.22 654.012 -2.79171
2780 1726.99 4084.81 656.139 -2.79109
2790 1658.79 6949.79 658.316 -2.79049
2800 1612.16 7756.22 660.579 -2.78991
2810 1682.39 4363.45 662.937 -2.78908
2820 1754.1 2998.77 665.346 -2.78802
2830 1716.73 3895.46 667.785 -2.78705
2840 1616.7 2335.23 670.258 -2.78611
2850 1522.2 877.376 672.744 -2.78498
2860 1523.62 -833.932 675.219 -2.7835
2870 1661.1 -5105.87 677.649 -2.78155
2880 1770.82 -8155.5 679.97 -2.77927
2890 1734.09 -10849.4 682.124 -2.77708
2900 1586.07 -8320.46 684.08 -2.77512
2910 1679.94 -12615.6 685.859 -2.77315
2920 1849.67 -19745.9 687.396 -2.77091
2930 1925.1 -24769.7 688.575 -2.76893
2940 1865.99 -24998.2 689.319 -2.76762
2950 1795.51 -21657.3 689.625 -2.76692
2960 1708.57 -15589.3 689.557 -2.76652
2970 1539.74 -7695.25 689.227 -2.76609
2980 1397.33 -1754.6 688.771 -2.76529
2990 1482.19 -561.692 688.29 -2.76394
3000 1616.74 -1698.11 687.808 -2.76208
3010 1616.31 -980.333 687.314 -2.76004
3020 1465.97 2483.99 686.821 -2.75798
3030 1491.16 1429.13 686.377 -2.75575
3040 1703.18 -2756.95 685.965 -2.75314
3050 1736.22 -3864.89 685.524 -2.75049
3060 1771.86 -4903.22 685.029 -2.74816
3070 1870.92 -7529.18 684.46 -2.74615
3080 1858.05 -6920.95 683.783 -2.74459
3090 1770.96 -5152.34 683.007 -2.74348
3100 1745.74 -3390.98 682.161 -2.74254
3110 1932.76 -5006.83 681.273 -2.74172
3120 2152.32 -8346.78 680.319 -2.74143
3130 2201.68 -8590.09 679.251 -2.74225
3140 2109.32 -6264.98 678.067 -2.7441
3150 1975.32 -1133.65 676.809 -2.7465
3160 1739.36 6319.6 675.565 -2.74863
3170 1658.02 10462.5 674.449 -2.75015
3180 1634.34 11681.8 673.529 -2.75113
3190 1578.59 15360.8 672.829 -2.75165
3200 1491.3 15691.5 672.396 -2.7517
3210 1477.4 13415.3 672.233 -2.75125
3220 1637.99 6553.07 672.293 -2.75034
3230 1840.43 -528.853 672.466 -2.74917
3240 1895.61 -4414.15 672.638 -2.74819
3250 1729.32 -1702.34 672.75 -2.74757
3260 1607.61 2567.05 672.84 -2.74702
3270 1615.26 959.652 672.968 -2.74624
3280 1624.72 441.936 673.118 -2.74521
3290 1664.71 -134.46 673.278 -2.74399
3300 1797.05 -4415.97 673.433 -2.74266
3310 1902.11 -7158.17 673.52 -2.74146
3320 1978.07 -10167 673.492 -2.74072
3330 1886.54 -9623.32 673.305 -2.74059
3340 1649.68 -2671.35 672.978 -2.74065
3350 1749.89 -6414.96 672.601 -2.74055
3360 1960.99 -11840.6 672.126 -2.7405
3370 1947.38 -10863 671.479 -2.74086
3380 2105.54 -13861.8 670.662 -2.74179
3390 2328.03 -19302.5 669.632 -2.74388
3400 2277.61 -17820.1 668.32 -2.74749
3410 2021.46 -12502.9 666.751 -2.75177
3420 1877.5 -9630.71 665.008 -2.75578
3430 1782.24 -6516.94 663.147 -2.75928
3440 1687.2 -1370.1 661.223 -2.76202
3450 1649.77 3927.11 659.317 -2.76394
3460 1603.91 10555.7 657.517 -2.76506
3470 1588.07 15037.6 655.92 -2.76541
3480 1799.75 13308.1 654.585 -2.76538
3490 2095.95 7880.48 653.483 -2.76563
3500 2139.72 5642.55 652.536 -2.76676
3510 1986.23 6812.87 651.704 -2.76862
3520 1804.83 8381.39 650.999 -2.77058
3530 1729.29 6982.94 650.438 -2.77223
3540 1794.07 3565.18 649.998 -2.77364
3550 1780.92 2538.59 649.629 -2.7749
3560 1739.97 1837.51 649.311 -2.77598
3570 1757.9 273.645 649.032 -2.77684
3580 1842.14 -4318.06 648.761 -2.7776
3590 1907.97 -8094.8 648.436 -2.77848
3600 1896.61 -7949.94 648.002 -2.77963
3610 1792.4 -3562.62 647.464 -2.7808
3620 1904.51 -2149.36 646.881 -2.78194
3630 1999.7 -2341.15 646.278 -2.7833
3640 1977.3 -2928.12 645.655 -2.78505
3650 1905.52 -2854.09 645.005 -2.78703
3660 1809.45 -172.699 644.33 -2.789
3670 1709.28 4201.9 643.673 -2.79057
3680 1852.2 2641.66 643.086 -2.79188
3690 1908.83 2367.46 642.558 -2.79326
3700 1833.09 6060.74 642.085 -2.7947
3710 1800.89 7653.28 641.714 -2.79604
3720 1822.02 9075.24 641.47 -2.79729
3730 1725.35 11055.6 641.374 -2.79842
3740 1579.75 12575.6 641.453 -2.79925
3750 1532.05 10365 641.72 -2.7996
3760 1537.31 8140.71 642.145 -2.79945
3770 1503.83 7902.76 642.695 -2.79885
3780 1508.82 7173.59 643.363 -2.79784
3790 1623.88 3376.97 644.13 -2.79641
3800 1779.58 1537.83 644.947 -2.7947
3810 1809.52 1449.62 645.784 -2.79311
3820 1733.78 1316.05 646.636 -2.7918
3830 1606.52 5918.38 647.511 -2.79068
3840 1620.84 8098.95 648.467 -2.78952
3850 1837.44 2482.2 649.529 -2.78818
3860 1926.87 1889.48 650.63 -2.7869
3870 1902.29 2708.47 651.753 -2.78617
3880 1924.62 -1221.61 652.903 -2.78586
3890 1900.56 -2894.59 654.027 -2.78588
3900 1730.65 2857.07 655.109 -2.78619
3910 1585.34 6635.93 656.223 -2.78645
3920 1635.26 5816.68 657.427 -2.78639
3930 1862.56 792.708 658.708 -2.786
3940 2007.43 -1619.38 659.993 -2.78573
3950 1911.65 2268.76 661.252 -2.78602
3960 1758 5568.36 662.535 -2.78669
3970 1654.45 8728.47 663.898 -2.78729
3980 1709.98 6644.91 665.382 -2.78768
3990 1780.2 2727.12 666.959 -2.7878
4000 1786.07 1470.34 668.571 -2.78783
4010 1755.1 464.008 670.192 -2.78788
4020 1641.19 2949.02 671.812 -2.78786
4030 1569.27 1967.62 673.46 -2.78764
4040 1558.8 -551.292 675.122 -2.78697
4050 1645.06 -3570.84 676.759 -2.78589
4060 1672.68 -5818.92 678.32 -2.78451
4070 1562.28 -5714.47 679.771 -2.78307
4080 1417.27 -4313.23 681.113 -2.78149
4090 1519.47 -7221.4 682.361 -2.77953
4100 1628.22 -11381.7 683.471 -2.77706
4110 1574.31 -9395.73 684.385 -2.77453
4120 1516.19 -6998.03 685.13 -2.7721
4130 1524.31 -4353.43 685.749 -2.76956
4140 1512.82 -1090.86 686.289 -2.76693
4150 1439.69 3636.07 686.811 -2.76425
4160 1480.19 2912.56 687.385 -2.76145
4170 1750.72 -4764.04 687.995 -2.75821
4180 1890.82 -8453.05 688.526 -2.75489
4190 1933.05 -10302.1 688.91 -2.75221
4200 1909.98 -8837.17 689.12 -2.75032
4210 1840.09 -7809.46 689.178 -2.7491
4220 1694.54 -4971.56 689.11 -2.74825
4230 1593.29 -4310.89 688.956 -2.74742
4240 1629.42 -6151.85 688.731 -2.74639
4250 1633.59 -6901.22 688.41 -2.74518
4260 1627.97 -8671.75 687.977 -2.74388
4270 1612.42 -7919.72 687.409 -2.74247
4280 1691.23 -5553.23 686.721 -2.74094
4290 1837.91 -5886.89 685.948 -2.73935
4300 1987.53 -8272.17 685.09 -2.73808
4310 2031.31 -9136.73 684.112 -2.73751
4320 1937.85 -5919.57 683.006 -2.73766
4330 1770.15 -1030.38 681.824 -2.73813
4340 1619.53 4233.22 680.653 -2.73834
4350 1686.84 1229.12 679.565 -2.73823
4360 1781.26 -2919.99 678.521 -2.73802
4370 1731.44 -3494.76 677.456 -2.73783
4380 1689.12 -5147.96 676.353 -2.73763
4390 1680.2 -7095.93 675.188 -2.73733
4400 1765.84 -8918.53 673.928 -2.73695
4410 1893.69 -9951.63 672.549 -2.73666
4420 2041.58 -11114.8 671.033 -2.73678
4430 2169.15 -13563.8 669.364 -2.73776
4440 2117.6 -11435.7 667.516 -2.73977
4450 1925.63 -2796.1 665.529 -2.74218
4460 1787.31 6141 663.54 -2.74412
4470 1867.36 8904.41 661.683 -2.74569
4480 1896.51 12660.5 660.01 -2.74719
4490 1844.04 17395.8 658.578 -2.74862
4500 1859.05 15438.8 657.443 -2.75
4510 1909.32 12750.3 656.579 -2.75154
4520 1962.12 12099.9 655.941 -2.75329
4530 2029.42 7945.09 655.504 -2.75543
4540 1918.58 9858.55 655.217 -2.75785
4550 1817.4 11218.7 655.094 -2.76017
4560 1836.67 9642.91 655.152 -2.7623
4570 1920.97 6427.97 655.365 -2.76438
4580 1990 3284.18 655.684 -2.76662
4590 1990.99 1196.55 656.056 -2.76911
4600 1920.96 1813.45 656.453 -2.77173
4610 1855.09 -502.932 656.875 -2.77427
4620 1807.07 -3014.57 657.288 -2.77655
4630 1773.89 -4707.87 657.655 -2.77851
4640 1800.37 -6402.57 657.947 -2.78021
4650 1776.43 -6224.56 658.139 -2.78174
4660 1602.76 503.593 658.246 -2.78293
4670 1579.63 1830.88 658.357 -2.78357
4680 1785.3 -3566.27 658.49 -2.7838
4690 1936.95 -4926.98 658.576 -2.78403
4700 1884.6 -5062.31 658.59 -2.78457
4710 1756.05 -2575.77 658.533 -2.78527
4720 1676.06 2683.8 658.445 -2.78579
4730 1682.57 6672.86 658.406 -2.78605
4740 1669.19 7676.2 658.474 -2.78608
4750 1572.58 9396.22 658.67 -2.78587
4760 1521.9 10144.7 659.019 -2.78534
4770 1600.99 7291.69 659.523 -2.78442
4780 1785.64 3159.16 660.142 -2.7832
4790 1852.38 -144.036 660.809 -2.78199
4800 1794.19 -2570.29 661.472 -2.78106
4810 1785.57 -6187 662.088 -2.78031
4820 1847.63 -7947.61 662.604 -2.77967
4830 1868.39 -6930.99 662.994 -2.77928
4840 1783.32 -5185.53 663.274 -2.77912
4850 1746.3 -3563.39 663.472 -2.77906
4860 1759.83 -2930.96 663.613 -2.77895
4870 1779.46 -1901.53 663.71 -2.77883
4880 1734.11 610.844 663.784 -2.77872
4890 1661.23 1472.34 663.869 -2.77853
4900 1616.32 152.876 663.98 -2.77813
4910 1637.17 -5009.22 664.092 -2.77746
4920 1748.42 -11348.2 664.125 -2.77657
4930 1951.12 -17559.3 663.978 -2.77575
4940 2100.68 -20961.8 663.559 -2.77555
4950 2053.24 -19811.6 662.82 -2.77635
4960 1803 -12386.4 661.788 -2.77772
4970 1518.96 -2623.47 660.583 -2.7787
4980 1493.16 -366.629 659.349 -2.77891
4990 1692.7 -5733.1 658.124 -2.77863
5000 1807.95 -8194.73 656.838 -2.77825
5010 1820.3 -5985.41 655.454 -2.77799
5020 1788.54 -625.386 654.011 -2.7778
5030 1733.6 5488.81 652.588 -2.77752
5040 1695.29 10003.3 651.278 -2.77704
5050 1738.86 10345.5 650.147 -2.77641
5060 1835.13 7202.31 649.194 -2.77581
5070 1994.25 2836.44 648.374 -2.77549
5080 2172.83 -4478.45 647.612 -2.77592
5090 2219.51 -8440.61 646.804 -2.7775
5100 2096.37 -5920.32 645.896 -2.7801
5110 1901.96 -1234.94 644.92 -2.78294
5120 1744.7 3458.24 643.948 -2.78542
5130 1680.99 6718.33 643.047 -2.78729
5140 1770.34 5906.88 642.264 -2.78866
5150 2049.19 -425.456 641.581 -2.79015
5160 2116.03 -1261.13 640.916 -2.79232
5170 1943.13 3808.56 640.257 -2.79488
5180 1772.34 7608.94 639.67 -2.79729
5190 1626.94 7031.31 639.206 -2.79911
5200 1686.44 2284.72 638.854 -2.80041
5210 1804.95 19.9978 638.55 -2.80144
5220 1809.66 2154.87 638.263 -2.8024
5230 1806.78 3108.78 638.018 -2.80329
5240 1813.17 1669.49 637.824 -2.80414
5250 1808.61 1252.99 637.665 -2.80496
5260 1832.73 3285.49 637.537 -2.80576
5270 1869.93 3618.55 637.462 -2.80663
5280 1777.73 7003.75 637.453 -2.80755
5290 1641.18 10900.7 637.556 -2.80831
5300 1577.64 10462.7 637.818 -2.80871
5310 1527.05 13541.4 638.244 -2.80869
5320 1560.34 13604 638.869 -2.80829
5330 1652.91 11326.6 639.691 -2.80752
5340 1660.23 10916.6 640.681 -2.8066
5350 1562.17 10687.1 641.829 -2.80559
5360 1648.76 5549.6 643.124 -2.80438
5370 1846.33 -2782.05 644.487 -2.80278
5380 1902.97 -4845.67 645.804 -2.80129
5390 1843.01 -5838.09 647.038 -2.80026
5400 1755.8 -7374.66 648.171 -2.79952
5410 1676.63 -5680.67 649.185 -2.79886
5420 1665.41 -4613.94 650.102 -2.79812
5430 1717.1 -1493.59 650.944 -2.79728
5440 1823.89 77.7789 651.754 -2.79643
5450 1944.35 -790.501 652.556 -2.7958
5460 1871.7 3709.33 653.35 -2.79562
5470 1642.58 9170.4 654.198 -2.79575
5480 1447.29 13160.3 655.184 -2.79573
5490 1514.8 10451.5 656.36 -2.79525
5500 1645.58 4875.14 657.688 -2.79419
5510 1695.93 1432.99 659.085 -2.79283
5520 1721.09 -2447.21 660.492 -2.79136
5530 1671.29 -1660.08 661.855 -2.78991
5540 1609.78 -3200.63 663.174 -2.78848
5550 1539.34 -4062.17 664.431 -2.7869
5560 1422 -882.676 665.618 -2.78516
5570 1414.75 -3221.43 666.77 -2.78314
5580 1482.3 -6681.99 667.857 -2.78058
5590 1635.49 -9480.51 668.826 -2.77762
5600 1837.64 -15097.8 669.626 -2.77444
5610 1918 -17916.9 670.178 -2.7716
5620 1877.17 -20270.2 670.43 -2.76955
5630 1710.35 -17711 670.358 -2.76817
5640 1639.91 -14968.5 669.999 -2.76707
5650 1683.65 -11881 669.405 -2.7659
5660 1751.83 -12104.8 668.625 -2.76471
5670 1785.65 -11665.6 667.665 -2.76366
5680 1799.16 -7904 666.542 -2.76277
5690 1881.96 -7246.64 665.308 -2.76207
5700 1928.78 -4427.7 663.986 -2.76169
5710 1921.99 1764.18 662.627 -2.76161
5720 1978.89 2769.78 661.316 -2.76184
5730 2062.26 2317.85 660.078 -2.76261
5740 2099.83 458.246 658.901 -2.76409
5750 2057.5 194.52 657.761 -2.76625
5760 1951.57 1658.54 656.651 -2.76874
5770 1896.92 4182.09 655.594 -2.77122
5780 1848.9 5596.65 654.625 -2.77356
5790 1780.34 6930.36 653.766 -2.77564
5800 1734 9950.65 653.038 -2.77737
5810 1749.4 10610.5 652.48 -2.77873
5820 1828.42 5821.02 652.094 -2.77995
5830 1816.21 3351.6 651.815 -2.78114
5840 1795.99 1210.79 651.599 -2.78226
5850 1858.1 -2281.54 651.408 -2.78333
5860 1951.21 -3964.76 651.193 -2.78453
5870 2003.01 -2381.56 650.93 -2.78605
5880 2017.39 1385.91 650.644 -2.78795
5890 2101.3 -24.0361 650.382 -2.7903
5900 2151.8 -1884.99 650.131 -2.79332
5910 2083.93 -3423.42 649.862 -2.79692
5920 1950.98 -4452.36 649.55 -2.80067
5930 1824.33 -5120.27 649.18 -2.8041
5940 1772.9 -3872.11 648.746 -2.80703
5950 1765.65 -3185.98 648.263 -2.80952
5960 1702.39 -1531.08 647.745 -2.81156
5970 1567.98 2741 647.22 -2.81301
5980 1464.92 7705.72 646.751 -2.8137
5990 1495.23 8160.98 646.408 -2.81367
6000 1656.73 4296.74 646.193 -2.81316
6010 1747.78 2461.95 646.056 -2.8124
6020 1733.72 1209.06 645.965 -2.81165
6030 1706.2 -799.647 645.898 -2.81092
6040 1746.36 -2015.39 645.827 -2.81015
6050 1824.11 -4742.65 645.729 -2.80944
6060 1736.01 -3328.86 645.572 -2.80887
6070 1621.75 -184.706 645.373 -2.80832
6080 1573.54 -230.942 645.175 -2.80757
6090 1560.06 730.552 644.983 -2.8065
6100 1625.72 -1668.1 644.805 -2.80515
6110 1704.79 -5929.25 644.606 -2.80362
6120 1659.5 -4005 644.335 -2.80209
6130 1690.89 -4562.79 644.007 -2.80057
6140 1820.54 -4202.62 643.622 -2.79905
6150 1838.99 -2015.28 643.187 -2.79772
6160 1762.64 233.92 642.732 -2.79672
6170 1596.68 4002.55 642.296 -2.79583
6180 1467.35 7074.96 641.932 -2.79476
6190 1461.3 7961.35 641.682 -2.79331
6200 1594.89 7156.68 641.558 -2.79142
6210 1747.51 6191.35 641.55 -2.78927
6220 1782.4 7050.52 641.642 -2.78723
6230 1622.18 13505.4 641.855 -2.7855
6240 1637.87 15231.2 642.268 -2.78395
6250 1828.6 10739.7 642.903 -2.78229
6260 1906.21 9431.87 643.704 -2.78085
6270 1858.49 10308.5 644.648 -2.77992
6280 1971.51 4816.87 645.734 -2.77942
6290 2046.93 1651.69 646.891 -2.77936
6300 2016.27 1656.16 648.069 -2.77998
6310 1955.71 2808.48 649.265 -2.78114
6320 1894.66 5138.72 650.498 -2.78263
6330 1795.69 6289.4 651.801 -2.78425
6340 1503.36 10493.7 653.196 -2.78557
6350 1335.79 11625.6 654.74 -2.78626
6360 1552.23 3003.24 656.439 -2.78607
6370 1720.82 -343.726 658.18 -2.78515
6380 1753.41 -4128.01 659.896 -2.78407
6390 1681.82 -5552.01 661.537 -2.78296
6400 1684.08 -7948.86 663.07 -2.7818
6410 1763.81 -9151.65 664.464 -2.78051
6420 1836.71 -10864.5 665.695 -2.7793
6430 1875.79 -12908.4 666.738 -2.77834
6440 1848.17 -14852.6 667.563 -2.7777
6450 1833.11 -16961.5 668.137 -2.77736
6460 1782.74 -17225 668.433 -2.77724
6470 1681.29 -16588.6 668.448 -2.77724
6480 1562.5 -14570.7 668.199 -2.77709
6490 1569.51 -14978.7 667.715 -2.77666
6500 1522.43 -12469.5 667.003 -2.7759
6510 1468.59 -9065.74 666.104 -2.7748
6520 1498.84 -5242.83 665.078 -2.77327
6530 1680.13 -3331.56 663.984 -2.77126
6540 1860.91 -2175.47 662.86 -2.76909
6550 1890.43 567.227 661.726 -2.76725
6560 1775.39 5314.88 660.63 -2.76581
6570 1810.08 4846.28 659.635 -2.76465
6580 1844.01 3662.35 658.738 -2.76372
6590 1695.93 4908.99 657.925 -2.76302
6600 1552.67 6481.7 657.208 -2.76228
6610 1646.91 3306.31 656.603 -2.76127
6620 1778.55 1614.73 656.069 -2.76006
6630 1879.35 1074.05 655.575 -2.75895
6640 2070.28 2.11297 655.111 -2.75827
6650 2133.5 290.175 654.663 -2.7584
6660 1994.78 3854.46 654.237 -2.75941
6670 1710.9 10698.6 653.89 -2.76062
6680 1608.16 12001.7 653.714 -2.76147
6690 1667.87 8758.16 653.728 -2.76191
6700 1799.62 3831.36 653.884 -2.76211
6710 1910.09 -425.301 654.104 -2.76235
6720 1845.81 -1156.75 654.324 -2.76284
6730 1610.42 4161.31 654.538 -2.76333
6740 1517.88 7353.75 654.817 -2.76344
6750 1760.38 2101.19 655.2 -2.7631
6760 2029.1 -1135.88 655.622 -2.76269
6770 2044.38 -1039.77 656.029 -2.76291
6780 1821.91 2267.12 656.426 -2.76369
6790 1610.55 6756.45 656.86 -2.76445
6800 1583.46 10104.3 657.401 -2.76481
6810 1778.62 6254.56 658.088 -2.76482
6820 1932.46 4035.54 658.875 -2.7648
6830 1816.04 8326.73 659.733 -2.76511
6840 1662.42 11742.5 660.717 -2.76553
6850 1786.2 7563.89 661.87 -2.76583
6860 1826.93 5183.58 663.14 -2.766
6870 1817.74 4131.82 664.487 -2.76628
6880 1806.26 780.57 665.884 -2.76658
6890 1724.52 3700.05 667.293 -2.76688
6900 1649.33 4669.05 668.749 -2.76711
6910 1686.76 146.8 670.26 -2.76702
6920 1733.07 -1055.33 671.765 -2.76666
6930 1856.64 -4419.02 673.236 -2.76621
6940 2034.16 -8735.13 674.619 -2.76591
6950 2069.66 -9860.97 675.849 -2.76624
6960 1921.22 -6678.68 676.912 -2.76724
6970 1740.48 -4452.85 677.851 -2.7684
6980 1652.63 -3005.73 678.708 -2.76932
6990 1656.23 -5425.04 679.502 -2.76981
7000 1745 -7725.13 680.199 -2.76999
7010 1856.42 -12437.5 680.756 -2.77005
7020 2033.5 -21188.9 681.093 -2.77036
7030 2054.2 -26313.6 681.076 -2.77138
7040 1959.6 -27495 680.622 -2.77317
7050 1859.59 -24385.4 679.72 -2.77535
7060 1832.36 -21019.1 678.425 -2.77759
7070 1823.68 -18620.6 676.8 -2.77979
7080 1787.1 -15147.8 674.898 -2.78186
7090 1769.98 -11077.8 672.784 -2.78364
7100 1817.91 -10883.1 670.524 -2.78521
7110 1840.2 -12242.6 668.129 -2.78682
7120 1772.7 -11202.5 665.589 -2.78846
7130 1669.7 -9484.09 662.922 -2.78979
7140 1747.26 -12560.5 660.151 -2.7909
7150 1838.92 -12996.2 657.245 -2.79205
7160 1831.24 -10048.4 654.201 -2.79324
7170 1694.46 -2509.58 651.074 -2.79418
7180 1452.91 8513.36 647.983 -2.79419
7190 1366.15 15802.1 645.088 -2.79305
7200 1575.03 13041.8 642.484 -2.79118
7210 1771.96 9448.43 640.135 -2.78913
7220 1838.38 10907.1 637.989 -2.78724
7230 1824.96 12801.9 636.055 -2.78562
7240 1816.19 14145.1 634.353 -2.78433
7250 1745.31 19566.7 632.905 -2.7832
7260 1681.96 24772.9 631.778 -2.78209
7270 1738.43 24290.1 631.031 -2.78103
7280 1837.91 21776.9 630.658 -2.78014
7290 1928.44 15930.4 630.61 -2.77963
7300 1938.85 13257.1 630.807 -2.77961
7310 1902.57 11375 631.201 -2.78004
7320 1853.38 10950.9 631.762 -2.78079
7330 1756.25 11585 632.484 -2.7816
7340 1790.22 9467.37 633.367 -2.78236
7350 1836.15 6870.9 634.381 -2.78306
7360 1857.33 4227.91 635.487 -2.78379
7370 1908.2 1380.68 636.645 -2.78463
7380 1859 2553.63 637.818 -2.78563
7390 1835.2 1567.87 639.015 -2.78672
7400 1903.78 -2233.89 640.219 -2.78779
7410 1917.28 -3755.95 641.382 -2.78897
7420 1949.71 -5991.44 642.475 -2.79036
7430 1902.25 -6806.7 643.469 -2.79192
7440 1812.06 -4188.34 644.355 -2.79352
7450 1828.7 -3765.03 645.166 -2.795
7460 1901.45 -3207.07 645.914 -2.79651
7470 1863.79 -3499.31 646.606 -2.79806
7480 1840.06 -3514.43 647.241 -2.79962
7490 1839.62 -4415.56 647.815 -2.80108
7500 1874.03 -5421.8 648.318 -2.80254
7510 1858.3 -4651.26 648.738 -2.80403
7520 1786.74 -1072.43 649.088 -2.80546
7530 1779.22 1053.21 649.421 -2.80675
7540 1769.74 3718.56 649.772 -2.80788
7550 1741.32 5075.02 650.178 -2.80885
7560 1719.1 1434.34 650.656 -2.80962
7570 1598.19 1515.3 651.159 -2.81008
7580 1509.29 2875.52 651.686 -2.81011
7590 1557.85 -2052.32 652.245 -2.80965
7600 1557.83 -4886.55 652.773 -2.80871
7610 1623.73 -6868.59 653.222 -2.80744
7620 1777.31 -9537.19 653.56 -2.80596
7630 1836.16 -9381.12 653.753 -2.80457
7640 1803.35 -7265.59 653.804 -2.80351
7650 1715.85 -4031.01 653.746 -2.8027
7660 1626.66 -1274.19 653.632 -2.80188
7670 1673.17 -4512.26 653.496 -2.80092
7680 1773.41 -7345.35 653.297 -2.79984
7690 1829.5 -6302.65 652.998 -2.79886
7700 1863.79 -7721.39 652.607 -2.79815
7710 1860.17 -8597.46 652.107 -2.79777
7720 1835.63 -8912.12 651.489 -2.79767
7730 1900.28 -11464.9 650.744 -2.79781
7740 2054.27 -14363.5 649.838 -2.79841
7750 2099.07 -14370.8 648.735 -2.79978
7760 2002.8 -9441.87 647.442 -2.80178
7770 1965.1 -4072.87 646.034 -2.804
7780 1942.13 896.892 644.593 -2.80628
7790 1884.91 4778.57 643.195 -2.80851
7800 1770.38 7287.08 641.901 -2.81046
7810 1811.85 5003.67 640.737 -2.81214
7820 1839.53 1687.57 639.673 -2.81379
7830 1727.92 3228.73 638.665 -2.81528
7840 1619.82 6971.87 637.732 -2.81633
7850 1542.97 9132.91 636.919 -2.81681
7860 1578.82 10733.8 636.263 -2.81673
7870 1837.27 4435.59 635.771 -2.81633
7880 2091.08 -2538.64 635.357 -2.81622
7890 2011.25 -2219.46 634.929 -2.81686
7900 1678.28 4702.55 634.49 -2.81783
7910 1450.04 11760.9 634.133 -2.8183
7920 1543.93 9964.38 633.947 -2.81817
7930 1619.52 7348.33 633.918 -2.81755
7940 1647.18 3625.49 633.999 -2.81668
7950 1653.54 2537.07 634.143 -2.81563
7960 1764.73 -257.771 634.324 -2.81447
7970 1862.52 -3455.84 634.503 -2.81336
7980 1789.78 -1911.74 634.64 -2.81255
7990 1622.25 1139.54 634.755 -2.8119
8000 1542.76 4688.29 634.891 -2.8111
8010 1659.81 1245.32 635.089 -2.80997
8020 1776.27 -1435.12 635.309 -2.80865
8030 1740.77 -777.478 635.516 -2.80742
8040 1654.19 1144.28 635.715 -2.80632
8050 1699.32 -1077.77 635.927 -2.80515
8060 1934.65 -6802.12 636.121 -2.80393
8070 2103.29 -11637.3 636.219 -2.80315
8080 2114.04 -12145.4 636.153 -2.80333
8090 1969.1 -7134.75 635.921 -2.80437
8100 1737.81 457.719 635.596 -2.80562
8110 1584.6 4828.99 635.284 -2.80648
8120 1562.87 7314.94 635.051 -2.80683
8130 1538.23 9067.75 634.934 -2.80667
8140 1552.34 9865.96 634.957 -2.80611
8150 1515.68 10832.9 635.131 -2.80518
8160 1545.37 10931.2 635.468 -2.80392
8170 1704.73 8656.41 635.964 -2.80236
8180 1737.29 6328.25 636.587 -2.80069
8190 1680.12 4752.73 637.302 -2.79918
8200 1672.04 5157.46 638.088 -2.79772
8210 1779.26 2098.04 638.939 -2.79625
8220 1794.29 2035.64 639.821 -2.79485
8230 1847.49 3537.2 640.73 -2.79373
8240 1988.34 481.523 641.68 -2.79292
8250 2049.88 -1616.35 642.631 -2.79266
8260 2021.75 -206.385 643.557 -2.79313
8270 1990.22 620.177 644.473 -2.79422
8280 1914.81 1967.13 645.393 -2.79568
8290 1854.56 3417.27 646.338 -2.79727
8300 1900.67 27.2741 647.323 -2.79886
8310 1995.88 -5965.6 648.296 -2.80054
8320 2037.63 -8229.05 649.177 -2.80254
8330 2016.2 -7536.12 649.928 -2.80494
8340 1966.1 -5651.77 650.56 -2.80762
8350 1838.83 -2926.04 651.102 -2.81031
8360 1652.62 1779.49 651.6 -2.81256
8370 1644.47 1920.06 652.117 -2.81419
8380 1757.92 50.8768 652.66 -2.81537
8390 1856.7 1050 653.207 -2.81641
8400 1870.85 826.355 653.765 -2.81752
8410 1771.32 3456.74 654.341 -2.81866
8420 1684 3762.05 654.965 -2.81963
8430 1579.18 3194.08 655.643 -2.82023
8440 1380.08 5226.16 656.372 -2.82031
8450 1347.29 3147.95 657.174 -2.81975
8460 1493.63 -4701.38 658.01 -2.8184
8470 1609.23 -10791.1 658.768 -2.81643
8480 1618.41 -12081.9 659.356 -2.81425
8490 1560.74 -11363.5 659.749 -2.81208
8500 1569.62 -11212.6 659.958 -2.80989
8510 1581.87 -5746.41 659.999 -2.80756
8520 1729.23 -5685.21 659.943 -2.80513
8530 1851.1 -8007.66 659.8 -2.80275
8540 1828.9 -7476.26 659.539 -2.80081
8550 1765.18 -4444.94 659.174 -2.79931
8560 1763.79 -3617.51 658.745 -2.79806
8570 1732.07 -1264.94 658.272 -2.79696
8580 1620.71 3321.1 657.795 -2.79588
8590 1609.34 3626.6 657.377 -2.79467
8600 1732.86 -940.555 657.022 -2.79327
8610 1945.09 -6882.66 656.661 -2.79193
8620 2082.46 -8459.84 656.209 -2.79112
8630 2076.78 -5366.99 655.643 -2.79121
8640 1949.63 461.71 655.009 -2.79202
8650 1722.33 11584.5 654.408 -2.79296
8660 1577.5 19267.5 654 -2.79349
8670 1675.44 17782.8 653.891 -2.79368
8680 1765.11 16840.6 654.073 -2.79372
8690 1724.61 14526.2 654.52 -2.79379
8700 1553.43 11960.2 655.195 -2.79374
8710 1546.46 6667.62 656.052 -2.79334
8720 1624.42 -76.4197 657.006 -2.79241
8730 1690.7 -4503.04 657.956 -2.79116
8740 1721.45 -6322.96 658.83 -2.78979
8750 1729.13 -5549.59 659.601 -2.78846
8760 1751.12 -7919.43 660.273 -2.78721
8770 1703.06 -8901.75 660.817 -2.78603
8780 1582.04 -3254.79 661.226 -2.78491
8790 1552.7 -678.85 661.577 -2.78365
8800 1714.3 -1991.52 661.912 -2.78211
8810 1780.13 1098.91 662.221 -2.78049
8820 1647.77 11165.4 662.561 -2.77912
8830 1611.44 15608.5 663.073 -2.77788
8840 1710.56 14302.3 663.83 -2.77656
8850 1793.66 9843.39 664.808 -2.77523
8860 1767.11 8112.61 665.947 -2.77405
8870 1781.74 4379.48 667.205 -2.77305
8880 1882.21 676.91 668.525 -2.77212
8890 1941.33 -1627.46 669.848 -2.77148
8900 1951.28 -3213.16 671.135 -2.77125
8910 1985.98 -5721.68 672.358 -2.7715
8920 1958.17 -8966.95 673.476 -2.77215
8930 1868.41 -12153.4 674.434 -2.77308
8940 1761.65 -12815.9 675.187 -2.77403
8950 1744.77 -14028.9 675.72 -2.77483
8960 1820.97 -18375 676.01 -2.77553
8970 1808.87 -19798.5 675.998 -2.77632
8980 1728.27 -18433.1 675.662 -2.77714
8990 1729.97 -18324 675.026 -2.77788
9000 1783.34 -18959 674.098 -2.77859
9010 1773.07 -17968.9 672.875 -2.77934
9020 1741.96 -16491.9 671.381 -2.78009
9030 1730.49 -15221.5 669.643 -2.78078
9040 1756.8 -15381.1 667.688 -2.78139
9050 1832.85 -15483.3 665.522 -2.78203
9060 1922.05 -16399.1 663.148 -2.78291
9070 1969.53 -15993.9 660.56 -2.78424
9080 1971.78 -12117.5 657.777 -2.78591
9090 1953.47 -8473.75 654.86 -2.78781
9100 1846.32 -205.258 651.882 -2.78956
9110 1849.75 1489.3 648.957 -2.7909
9120 2058.35 -3851.77 646.109 -2.79255
9130 2136.25 -6388.7 643.271 -2.79509
9140 1955.66 -3356.76 640.407 -2.79815
9150 1663.71 4144.53 637.563 -2.80064
9160 1417.23 10698.8 634.844 -2.80183
9170 1449.38 11879.1 632.337 -2.8019
9180 1714.74 9318.14 630.055 -2.80144
9190 1874.75 9212 627.963 -2.80093
9200 1802.85 14712 626.06 -2.80052
9210 1805.73 16598.8 624.406 -2.80012
9220 1859.61 14325.6 623.022 -2.79992
9230 1887.89 15035.8 621.879 -2.79997
9240 1946.49 15505.7 620.975 -2.80034
9250 1909.9 14184.7 620.311 -2.8011
9260 1785.16 17006.9 619.871 -2.80206
9270 1685.32 19463.6 619.683 -2.80291
9280 1705.12 18054.1 619.773 -2.80354
9290 1747.23 16938.8 620.123 -2.80405
9300 1718.66 16588 620.712 -2.80449
9310 1689.24 17808 621.536 -2.80487
9320 1659.76 17463.1 622.604 -2.80512
9330 1624.38 15406.8 623.906 -2.80521
9340 1565.34 18048.8 625.424 -2.80509
9350 1602.75 16587.3 627.18 -2.80477
9360 1786.97 9277.48 629.148 -2.80408
9370 1845.69 7385.75 631.239 -2.80327
9380 1759.43 7943.59 633.418 -2.80275
9390 1699.8 8120.53 635.691 -2.8024
9400 1735.17 6578.35 638.057 -2.802
9410 1735.99 5211.18 640.495 -2.80151
9420 1643.51 6236.65 642.99 -2.80104
9430 1547.32 5854.19 645.548 -2.80046
9440 1490.4 7452.95 648.171 -2.79962
9450 1575.95 5621.5 650.874 -2.79845
9460 1721.17 1677.07 653.631 -2.79678
9470 1757.7 543.506 656.387 -2.79496
9480 1696.46 2173.52 659.122 -2.79337
9490 1668.03 3489.72 661.859 -2.79201
9500 1733.01 1999.59 664.617 -2.79062
9510 1742.44 -235.047 667.373 -2.7892
9520 1596.61 -467.083 670.093 -2.78782
9530 1436.21 -598.676 672.774 -2.78642
9540 1512.51 -7101.05 675.4 -2.78451
9550 1673.32 -13904.5 677.872 -2.78181
9560 1765.16 -15965.6 680.085 -2.77889
9570 1804.25 -17301.9 681.997 -2.77622
9580 1666.14 -13365.7 683.597 -2.774
9590 1515.36 -9393.01 684.948 -2.77214
9600 1594.37 -12652.1 686.106 -2.77015
9610 1679.87 -12374.7 687.038 -2.76789
9620 1731.71 -12972.6 687.742 -2.76571
9630 1719.39 -11805.6 688.219 -2.76372
9640 1771.91 -11300.3 688.485 -2.76195
9650 1838.82 -13198.2 688.551 -2.76042
9660 1688.1 -7820.27 688.405 -2.75919
9670 1678.98 -4689.88 688.128 -2.7581
9680 1768.03 -5490.1 687.773 -2.75692
9690 1789.12 -4324.33 687.339 -2.75585
9700 1779.43 -1121.83 686.847 -2.75495
9710 1794.16 1169.5 686.349 -2.75415
9720 1872.78 130.971 685.88 -2.75353
9730 1806.99 3180.31 685.438 -2.75311
9740 1915.43 -16.7787 685.053 -2.75294
9750 2035.97 -1937.1 684.685 -2.75313
9760 2134.34 -3234.67 684.296 -2.75404
9770 2178.91 -4991.58 683.864 -2.75593
9780 1968.09 -524.577 683.374 -2.75847
9790 1691.75 3424.16 682.885 -2.76084
9800 1478.04 6513.98 682.471 -2.76235
9810 1595.13 529.244 682.168 -2.76312
9820 1930.82 -8316.7 681.881 -2.76359
9830 2169.49 -13814.9 681.467 -2.76455
9840 2128.59 -13693.4 680.839 -2.76654
9850 1892.17 -7694.19 680.006 -2.76902
9860 1716.76 -777.234 679.065 -2.77116
9870 1686.83 4339.76 678.129 -2.77274
9880 1651.34 10437.4 677.292 -2.77376
9890 1627.63 12807.2 676.647 -2.77431
9900 1665.1 11410.5 676.229 -2.77452
9910 1726.73 8818.29 676.012 -2.77453
9920 1690.13 9960.12 675.961 -2.77441
9930 1728.64 5861.02 676.074 -2.77417
9940 1912.44 -3509.17 676.282 -2.77389
9950 2022.45 -8589.83 676.441 -2.77392
9960 2031.78 -9354.07 676.464 -2.7746
9970 1997.43 -8738 676.339 -2.77586
9980 1983.9 -9112.61 676.074 -2.77756
9990 1965.12 -9135.01 675.669 -2.77959
10000 1949.24 -12277.6 675.118 -2.78186
