# Time-averaged data for fix 4
# TimeStep c_mytemp c_mypress v_vmyvol v_avgEtotal
10 1963.39 -1352.02 674.254 -2.76515
20 1822.34 -277.542 673.723 -2.76721
30 1703.27 -499.072 673.199 -2.7691
40 1689.17 -657.222 672.683 -2.77064
50 1774.38 -4199.11 672.163 -2.77198
60 1813.13 -5992.19 671.59 -2.7733
70 1851.32 -9224.93 670.926 -2.77473
80 1897.07 -12382.8 670.124 -2.77642
90 1826.59 -14233.9 669.133 -2.77838
100 1642.54 -11965.6 667.929 -2.78025
110 1608.97 -10775.3 666.548 -2.78162
120 1801.61 -15129.3 665.007 -2.78283
130 1945.67 -16505.2 663.251 -2.78432
140 1955.31 -15654.1 661.263 -2.78633
150 1839.9 -12467.5 659.062 -2.78867
160 1655.53 -5744.03 656.71 -2.7907
170 1483.47 2189.26 654.317 -2.79189
180 1435.27 6096.96 652.003 -2.79212
190 1475.41 6962.88 649.833 -2.79166
200 1610.92 6515.17 647.819 -2.79072
210 1769.13 4042.1 645.949 -2.78965
220 1818.13 2616.12 644.185 -2.78881
230 1792.53 6314.99 642.508 -2.78824
240 1790.49 8889.71 640.965 -2.7878
250 1827.93 8192.69 639.588 -2.78759
260 1806.47 8415.6 638.372 -2.78761
270 1788.02 6562.45 637.31 -2.78785
280 1843.81 3853.63 636.373 -2.78826
290 1988.42 -634.108 635.513 -2.78905
300 2071.93 -2339.21 634.669 -2.79058
310 1889.35 5718.13 633.823 -2.79265
320 1624.38 15405.5 633.088 -2.79442
330 1551.58 19495 632.596 -2.79562
340 1640.96 19311.1 632.407 -2.79634
350 1889.38 13371.1 632.512 -2.79704
360 1952.73 10766.2 632.828 -2.79811
370 1783.7 13202 633.315 -2.79957
380 1558.29 15887.1 634.001 -2.80092
390 1443.49 17924.2 634.923 -2.8018
400 1553.23 17550.9 636.108 -2.80222
410 1738.86 15850.2 637.549 -2.8023
420 1870.71 14492.4 639.221 -2.80248
430 1868.09 12910.1 641.101 -2.80302
440 1855.75 6996.69 643.158 -2.80383
450 1850.59 2718.14 645.307 -2.80468
460 1809.79 2637.09 647.483 -2.80568
470 1803.01 -1637.26 649.673 -2.80667
480 1942.63 -8323.77 651.811 -2.80759
490 2072.17 -13970.5 653.795 -2.80878
500 2063.29 -16106.5 655.537 -2.81066
510 1898 -15005.6 657.004 -2.81304
520 1680.58 -10639.5 658.216 -2.8153
530 1679.86 -11906.5 659.233 -2.81713
540 1704.13 -14058.3 660.042 -2.81858
550 1690.6 -12434.3 660.619 -2.81981
560 1666.18 -9790.57 660.988 -2.82084
570 1565.67 -3836.76 661.2 -2.82157
580 1498.2 -388.991 661.346 -2.82187
590 1504.85 1011.15 661.486 -2.82168
600 1597.57 579.677 661.643 -2.82108
610 1664.52 958.425 661.815 -2.82025
620 1674.65 670.585 662.003 -2.81936
630 1629.57 -606.978 662.204 -2.81848
640 1572.68 508.036 662.402 -2.81752
650 1627.89 -522.347 662.605 -2.81642
660 1648.14 559.623 662.806 -2.8152
670 1538.65 2898.68 663.02 -2.81398
680 1366.9 8187.44 663.288 -2.81266
690 1333.94 12030.5 663.692 -2.81107
700 1402.93 13878.5 664.291 -2.80904
710 1428.42 17935.1 665.124 -2.80673
720 1440.18 15545.7 666.238 -2.8043
730 1531.77 10503.3 667.601 -2.80164
740 1678.62 4686.62 669.127 -2.79869
750 1785.83 285.652 670.72 -2.79572
760 1796.42 -3005.97 672.303 -2.79314
770 1724.91 -5863.64 673.82 -2.79103
780 1605.94 -3666.45 675.229 -2.78928
790 1522.17 -78.1654 676.562 -2.78772
800 1533.29 209.895 677.875 -2.78607
810 1640.34 -2217.04 679.177 -2.7842
820 1785.36 -7611.34 680.423 -2.78219
830 1831.51 -10178.3 681.527 -2.78038
840 1748.93 -8302.43 682.45 -2.77907
850 1580.92 -2402.07 683.226 -2.77811
860 1450.41 2245.24 683.951 -2.77715
870 1390.36 3152.48 684.703 -2.77591
880 1362.7 4732.52 685.508 -2.77428
890 1347.88 6596.98 686.389 -2.77229
900 1298.58 9765.06 687.384 -2.77002
910 1264.08 10049 688.539 -2.76751
920 1378.34 6948.53 689.858 -2.76457
930 1568.04 2400.16 691.287 -2.76103
940 1776.88 -5031.81 692.74 -2.75714
950 1845.29 -8233.11 694.095 -2.7535
960 1726.97 -6777.07 695.295 -2.75069
970 1595.78 -5097.99 696.36 -2.74852
980 1719.54 -8313.09 697.313 -2.74649
990 1765.36 -7326.66 698.114 -2.74456
1000 1672.76 -4213.44 698.777 -2.74306
1010 1508.06 -153.925 699.359 -2.74176
1020 1494.95 -125.725 699.93 -2.74037
1030 1652.4 -5505.64 700.485 -2.73864
1040 1738.96 -5446.3 700.946 -2.73681
1050 1773.48 -7926.68 701.3 -2.73523
1060 1742.06 -9062.01 701.51 -2.73397
1070 1639.93 -8467.58 701.556 -2.73296
1080 1588.83 -9874.39 701.447 -2.73199
1090 1586.56 -11713 701.16 -2.73094
1100 1568.72 -12212.1 700.668 -2.72978
1110 1606.21 -14363.1 699.959 -2.72855
1120 1740.28 -16762 699.002 -2.72732
1130 1807.89 -17736.4 697.759 -2.72635
1140 1844.89 -18738.3 696.216 -2.72587
1150 1865.42 -17517.8 694.368 -2.72591
1160 1877.96 -17622.8 692.237 -2.72646
1170 1824.28 -14299.9 689.84 -2.72741
1180 1724.25 -9931.32 687.24 -2.72842
1190 1596.75 -6426.03 684.516 -2.72915
1200 1497.95 -2903.33 681.739 -2.72938
1210 1528.73 -759.541 678.969 -2.72899
1220 1773.47 -5144.78 676.237 -2.72831
1230 2067 -10085 673.476 -2.72807
1240 2160.7 -10884.8 670.611 -2.72897
1250 1987.11 -4149.95 667.641 -2.73075
1260 1858.53 1106.17 664.665 -2.73259
1270 1886.42 5047.82 661.775 -2.73429
1280 1877.9 6646.81 659.034 -2.736
1290 1776.37 6039.8 656.461 -2.7377
1300 1832.03 4471.71 654.047 -2.73932
1310 2034.29 -1157.66 651.754 -2.74134
1320 2060.14 -2877.35 649.502 -2.74423
1330 1832 4522.19 647.272 -2.74721
1340 1795.16 8978.74 645.16 -2.74958
1350 1931.69 8312.71 643.23 -2.75185
1360 2053.86 9962.27 641.482 -2.75447
1370 2150.88 8204 639.923 -2.75781
1380 2041.3 12415.7 638.538 -2.76177
1390 1948.25 16726.9 637.379 -2.76557
1400 2007.14 15599.5 636.496 -2.76962
1410 1780.49 21647.5 635.886 -2.7734
1420 1719.62 25351.7 635.621 -2.7766
1430 1659.98 22579.3 635.742 -2.77935
1440 1540.86 21902.4 636.218 -2.78155
1450 1551 14081.3 637.015 -2.78313
1460 1536.2 9994.46 638.027 -2.78409
1470 1540 9754.26 639.187 -2.78452
1480 1772.93 4054.72 640.477 -2.78461
1490 1788.68 2224.15 641.822 -2.78461
1500 1562.21 4777.71 643.192 -2.78474
1510 1372.67 6664.64 644.622 -2.78462
1520 1529.83 1268.04 646.129 -2.78393
1530 1896.61 -8629.96 647.632 -2.78257
1540 2069.13 -7973.15 648.998 -2.78148
1550 1967.82 -2003.57 650.229 -2.78145
1560 1747.41 4496.08 651.416 -2.78213
1570 1629.86 9813.17 652.663 -2.78289
1580 1712.57 11556.7 654.049 -2.78354
1590 1834.61 8200.34 655.6 -2.78417
1600 1750.58 5968.83 657.271 -2.78487
1610 1609.68 3541.87 659.02 -2.78544
1620 1689.03 -4026.67 660.8 -2.78563
1630 1728.06 -9122.53 662.497 -2.78545
1640 1682.25 -9834.13 664.029 -2.78519
1650 1655.18 -10575.8 665.379 -2.78487
1660 1612.52 -10595.7 666.537 -2.78442
1670 1575.9 -8882.52 667.508 -2.7838
1680 1684.64 -10778.5 668.314 -2.783
1690 1773.53 -12190.5 668.931 -2.78216
1700 1720.86 -9634.55 669.344 -2.78152
1710 1568.43 -3733.29 669.597 -2.781
1720 1419.15 2680.27 669.788 -2.78031
1730 1372.7 6707.11 670.025 -2.77923
1740 1425.35 6948.56 670.37 -2.77766
1750 1616.69 3120.11 670.826 -2.77563
1760 1831.62 -1712.18 671.333 -2.77334
1770 1935.66 -2061.22 671.815 -2.7714
1780 1868.16 -505.923 672.263 -2.77021
1790 1731.56 385.394 672.701 -2.76956
1800 1757.1 -1389.78 673.141 -2.76909
1810 1975.67 -6380.85 673.551 -2.76879
1820 2071.08 -7553.8 673.857 -2.76913
1830 1903.62 -5210.17 674.04 -2.77028
1840 1603.54 -680.569 674.141 -2.77154
1850 1378.92 5260.51 674.236 -2.77225
1860 1412.49 5093.51 674.416 -2.77224
1870 1633.62 313.354 674.677 -2.77164
1880 1737.12 -328.931 674.955 -2.77078
1890 1752.83 -3945.77 675.221 -2.77004
1900 1661.45 -4622.02 675.426 -2.76942
1910 1590.81 -5413.27 675.554 -2.76879
1920 1568.63 -5045.33 675.593 -2.76799
1930 1577.69 -3231.09 675.553 -2.76697
1940 1650.06 -6136.36 675.455 -2.76578
1950 1698.56 -9771.32 675.257 -2.76455
1960 1722.13 -10125.4 674.905 -2.76344
1970 1796.75 -10435.6 674.389 -2.7625
1980 1880.86 -10515.8 673.709 -2.76189
1990 1899.82 -8730.46 672.869 -2.76175
2000 1840.25 -6485.41 671.901 -2.76204
2010 1792.37 -5774.71 670.843 -2.7626
2020 1814.41 -5314.51 669.71 -2.76324
2030 1939.21 -5574.2 668.512 -2.76412
2040 2040.5 -5541.02 667.248 -2.76552
2050 2049.38 -3745.45 665.922 -2.7676
2060 1974.76 -936.035 664.564 -2.7702
2070 1837.61 2995.38 663.224 -2.77281
2080 1847.35 3576.66 661.957 -2.77529
2090 1774.47 4406.79 660.779 -2.77762
2100 1707.29 6065.83 659.701 -2.77963
2110 1679.23 6840.48 658.746 -2.78124
2120 1738.44 5274.88 657.922 -2.78256
2130 1779.4 4429.36 657.205 -2.78378
2140 1776.16 3800.51 656.579 -2.78497
2150 1804.23 893.287 656.027 -2.78614
2160 1847.09 -1914.24 655.505 -2.78741
2170 1844.01 -2116.23 654.97 -2.78883
2180 1784.71 418.867 654.419 -2.79029
2190 1782.9 1637.81 653.889 -2.79166
2200 1819.66 689.236 653.395 -2.793
2210 1828.66 3513.42 652.932 -2.79441
2220 1779.16 10059 652.545 -2.7958
2230 1707.37 14121.3 652.328 -2.79709
2240 1595.95 16695.8 652.346 -2.79813
2250 1508.12 19550.6 652.639 -2.79881
2260 1571.16 14424.4 653.237 -2.79909
2270 1694.99 6488.78 654.061 -2.799
2280 1746.03 1829.22 654.989 -2.79875
2290 1760.41 -2897.77 655.939 -2.79851
2300 1738.2 -4980.07 656.837 -2.79831
2310 1669.58 -4156.86 657.653 -2.79815
2320 1632.34 -4374.18 658.392 -2.79791
2330 1556.41 -1763.27 659.059 -2.79748
2340 1580.26 -3217.43 659.687 -2.79682
2350 1702.16 -8339.91 660.252 -2.79587
2360 1836.37 -11739.3 660.68 -2.79492
2370 1895.92 -13462.3 660.916 -2.79432
2380 1864.72 -12735.9 660.935 -2.79426
2390 1792.57 -7695.56 660.756 -2.79456
2400 1717.99 -656.608 660.462 -2.79499
2410 1627.69 5881.6 660.166 -2.79527
2420 1599.91 7667.34 659.97 -2.7953
2430 1636.43 6565.52 659.906 -2.79507
2440 1683.95 2246.53 659.951 -2.7947
2450 1637.37 -666.033 660.04 -2.79425
2460 1565.87 -2813.77 660.123 -2.79369
2470 1477.72 -1601.37 660.169 -2.79288
2480 1461.33 -2317.18 660.19 -2.79174
2490 1512.18 -4279.23 660.176 -2.79022
2500 1594.07 -5874.74 660.097 -2.78843
2510 1626.65 -5916.2 659.929 -2.78652
2520 1617.47 -4600.48 659.674 -2.78466
2530 1618.08 -4815.34 659.35 -2.78283
2540 1586.25 -3426.81 658.959 -2.78104
2550 1569.25 580.357 658.527 -2.77921
2560 1614.19 2405.22 658.113 -2.7773
2570 1642.14 1856.65 657.747 -2.77535
2580 1676.45 -906.864 657.419 -2.77348
2590 1746.63 -6232.17 657.083 -2.77175
2600 1825.78 -9682.56 656.659 -2.77029
2610 1867.19 -11069.9 656.092 -2.7693
2620 1812.42 -9268.55 655.364 -2.76881
2630 1696.6 -6296.61 654.505 -2.76862
2640 1600.08 -2777.78 653.564 -2.76836
2650 1717.39 -3123.17 652.593 -2.7679
2660 1943.15 -5868.45 651.589 -2.76753
2670 2061.57 -6269.63 650.516 -2.76777
2680 2015.64 849.93 649.38 -2.7688
2690 2028.8 4719.27 648.276 -2.77034
2700 2128.66 2272.86 647.262 -2.77265
2710 2047.7 5974.25 646.317 -2.77572
2720 1825.51 14157.7 645.494 -2.77884
2730 1710.04 18342.6 644.907 -2.78146
2740 1742.78 19208.9 644.621 -2.78374
2750 1783.41 17556.6 644.642 -2.78588
2760 1773.49 17425.2 644.949 -2.78795
2770 1788.6 16116 645.53 -2.78995
2780 1803.75 13181.2 646.36 -2.79191
2790 1818.69 9648.69 647.394 -2.79383
2800 1790.72 6616.6 648.573 -2.79569
2810 1676.84 6307.35 649.854 -2.79735
2820 1597.19 3394.48 651.221 -2.79861
2830 1550.98 2136.95 652.634 -2.79935
2840 1549.24 -1643.69 654.064 -2.79959
2850 1559.7 -6837.88 655.452 -2.7993
2860 1590.22 -8243.77 656.723 -2.79861
2870 1596.33 -8868.91 657.848 -2.7977
2880 1523.53 -5359.78 658.825 -2.79664
2890 1535.17 -5731.38 659.699 -2.7954
2900 1635.56 -8642.8 660.468 -2.79386
2910 1671.16 -4970.72 661.101 -2.79226
2920 1710.44 -3600.92 661.643 -2.79077
2930 1753.68 -3041.04 662.122 -2.78944
2940 1719.71 11.9237 662.554 -2.78833
2950 1602.28 3089.36 662.986 -2.78741
2960 1455.12 6633.09 663.469 -2.78646
2970 1398.55 9167.08 664.06 -2.78526
2980 1458.37 6696.33 664.793 -2.78365
2990 1568.4 2855.02 665.632 -2.78161
3000 1665.19 -824.12 666.513 -2.77934
3010 1742.85 -4252.95 667.374 -2.77709
3020 1783.48 -6307.29 668.159 -2.77507
3030 1771.74 -5445.82 668.838 -2.77344
3040 1714.5 -5104.94 669.42 -2.77218
3050 1569.19 -2195.3 669.916 -2.77112
3060 1436.73 -241.456 670.373 -2.76998
3070 1594.73 -2634.39 670.819 -2.76851
3080 1892.21 -9162.23 671.21 -2.76673
3090 2042.93 -12576.5 671.451 -2.7654
3100 1920.11 -11028.7 671.49 -2.76501
3110 1702.06 -7081.29 671.349 -2.76519
3120 1618.55 -4601.45 671.092 -2.76533
3130 1655.89 -4666.62 670.763 -2.76525
3140 1681.86 -4667.77 670.365 -2.76502
3150 1730.48 -5078.67 669.9 -2.76473
3160 1838.78 -8951.65 669.355 -2.76453
3170 1933.09 -11705.5 668.675 -2.76472
3180 1957.45 -11905.3 667.817 -2.76549
3190 1877.62 -7095.5 666.786 -2.76675
3200 1777.07 -456.886 665.662 -2.76805
3210 1723.23 1761.04 664.548 -2.7692
3220 1656.87 3139.1 663.485 -2.7701
3230 1617.7 6089.51 662.499 -2.77068
3240 1612.64 6934.85 661.632 -2.77089
3250 1608.13 6871.7 660.9 -2.77086
3260 1517.93 5566.7 660.294 -2.77055
3270 1524.16 2262.42 659.793 -2.76991
3280 1704.79 -4679.05 659.336 -2.76899
3290 1911.42 -10340.3 658.817 -2.76811
3300 2022.94 -12972.1 658.145 -2.76786
3310 1924.96 -8401.07 657.29 -2.76838
3320 1793.07 -2145.84 656.317 -2.76926
3330 1731.87 4698.72 655.333 -2.77005
3340 1738.95 9013.61 654.443 -2.77068
3350 1690.86 12616.1 653.718 -2.77115
3360 1701.22 13518.5 653.211 -2.77153
3370 1646.01 11643.3 652.932 -2.77179
3380 1658.98 5979.76 652.843 -2.7719
3390 1802.97 -204.599 652.859 -2.77192
3400 1862.77 -2384.98 652.882 -2.77207
3410 1963.4 -3245.74 652.875 -2.7726
3420 2123.47 -7089.58 652.816 -2.77379
3430 2200.83 -7823.66 652.656 -2.77604
3440 2125.34 -6305.56 652.381 -2.77936
3450 1887.57 -116.938 652.024 -2.78303
3460 1604.7 4159.22 651.673 -2.78609
3470 1487.63 3549.06 651.393 -2.78817
3480 1578.23 -478.229 651.174 -2.78949
3490 1801.04 -7607.31 650.952 -2.79048
3500 2021.73 -13409.3 650.618 -2.79173
3510 2056.74 -14662.7 650.088 -2.79372
3520 1941.38 -13516.6 649.341 -2.79631
3530 1764.27 -7751.03 648.403 -2.79894
3540 1619.95 -1418.88 647.362 -2.80099
3550 1633.86 2419.47 646.317 -2.80243
3560 1643.96 6618.92 645.333 -2.8034
3570 1575.49 10577.9 644.474 -2.80394
3580 1553.55 10565.3 643.795 -2.80406
3590 1643.29 6843.46 643.292 -2.80388
3600 1792.95 1267.1 642.907 -2.80358
3610 1929.37 -3969.01 642.554 -2.80351
3620 2010.9 -7642.36 642.152 -2.80404
3630 1939.54 -5562.81 641.651 -2.80523
3640 1763.34 -1720.52 641.079 -2.80668
3650 1571.2 3375.62 640.496 -2.80788
3660 1464.8 11388.1 639.985 -2.8084
3670 1628.91 9931.74 639.649 -2.80842
3680 1766.01 7654.16 639.477 -2.80822
3690 1862.37 3215.1 639.427 -2.80817
3700 1841.72 2266.17 639.441 -2.80843
3710 1747.16 3930.79 639.498 -2.80894
3720 1625.65 4992.01 639.619 -2.80936
3730 1669.97 3829.05 639.819 -2.80958
3740 1748.72 2430.11 640.08 -2.80965
3750 1748.92 3499.96 640.385 -2.80975
3760 1688.66 6690.71 640.748 -2.80989
3770 1689.72 7550.58 641.212 -2.81
3780 1722.77 9030.6 641.795 -2.81004
3790 1795.76 7571.77 642.513 -2.81012
3800 1943.05 1025.66 643.338 -2.81038
3810 2042.85 -3319.06 644.179 -2.8111
3820 2004.21 -3521.72 644.968 -2.81253
3830 1853.06 -2278.67 645.7 -2.8144
3840 1760.75 -3719.4 646.388 -2.81622
3850 1807.35 -6261.81 647.013 -2.81787
3860 1914.28 -6956.61 647.539 -2.81958
3870 1935.14 -5362.28 647.956 -2.8216
3880 1788.01 244.023 648.294 -2.82379
3890 1552.47 5345.4 648.636 -2.82563
3900 1351 10940.6 649.066 -2.82673
3910 1316.54 12630.6 649.664 -2.82704
3920 1480.89 8533.38 650.452 -2.82664
3930 1647.85 5048.64 651.372 -2.82568
3940 1725.13 2134.39 652.368 -2.82457
3950 1699.94 -1301.48 653.391 -2.8235
3960 1668.68 -4242.57 654.385 -2.8225
3970 1734.03 -9372.61 655.3 -2.82144
3980 1884.69 -12739.5 656.061 -2.82048
3990 1984.83 -15847.4 656.607 -2.82
4000 1873.94 -13697.9 656.903 -2.8202
4010 1705.75 -11881.8 656.976 -2.82079
4020 1508.94 -9994.78 656.86 -2.82122
4030 1408.26 -7676.51 656.588 -2.82118
4040 1477.42 -8112.24 656.195 -2.82058
4050 1655.3 -10804.6 655.677 -2.81957
4060 1722.99 -8386.39 655.005 -2.81847
4070 1658.58 -3272.09 654.216 -2.81744
4080 1604.71 1409.05 653.391 -2.81642
4090 1439.46 7633.99 652.608 -2.8152
4100 1245.94 14805.6 651.968 -2.81368
4110 1273.83 14700.9 651.569 -2.81169
4120 1578.01 6666.22 651.405 -2.80903
4130 1692.56 2020.42 651.361 -2.806
4140 1546.88 1158.35 651.361 -2.8033
4150 1452.8 -1738.62 651.382 -2.80087
4160 1591.97 -6206.41 651.377 -2.79828
4170 1702.8 -9159.54 651.279 -2.79557
4180 1588.84 -4124.18 651.053 -2.79314
4190 1450.4 1953.49 650.77 -2.79096
4200 1580.63 -1103.76 650.513 -2.78864
4210 1725.68 -3982.68 650.249 -2.78614
4220 1787.6 -1302.25 649.939 -2.78386
4230 1840.45 33.7626 649.616 -2.782
4240 1895.26 2183.51 649.306 -2.78066
4250 1877.44 3873.01 649.04 -2.77989
4260 1822.94 4537.85 648.843 -2.77962
4270 1719.76 11183.8 648.739 -2.77958
4280 1779.9 9049.29 648.808 -2.77962
4290 1982.33 351.357 649.014 -2.77987
4300 2113.43 -4348.12 649.238 -2.78074
4310 2165.82 -10168.3 649.393 -2.78266
4320 1968.14 -9057.68 649.401 -2.78542
4330 1627.74 -573.258 649.281 -2.78801
4340 1418.42 5758.05 649.155 -2.78973
4350 1299.23 10177.4 649.125 -2.79051
4360 1313.77 11836.6 649.259 -2.79043
4370 1550.28 5901.85 649.574 -2.78969
4380 1638.4 1730.62 649.986 -2.78849
4390 1589.93 1519.47 650.432 -2.78723
4400 1577.98 691.367 650.9 -2.7859
4410 1651.28 -537.395 651.378 -2.78442
4420 1834.53 -2736.69 651.845 -2.7829
4430 1961.97 -4870.51 652.267 -2.78171
4440 1930.87 -4903.7 652.615 -2.78121
4450 1811.15 -2346.36 652.889 -2.78129
4460 1776.73 -3350.22 653.122 -2.78161
4470 1800.18 -6222.72 653.3 -2.78202
4480 1793.73 -5998.83 653.387 -2.78254
4490 1781.79 -5817.02 653.38 -2.78318
4500 1713.32 -1286.27 653.292 -2.78384
4510 1660.95 2380.87 653.188 -2.78435
4520 1653.53 5954.23 653.13 -2.78467
4530 1613.03 11490.4 653.178 -2.78476
4540 1687.29 10355.1 653.406 -2.78469
4550 1786.51 6389.55 653.8 -2.78455
4560 1839.68 5159.39 654.303 -2.78456
4570 1920.64 704.252 654.884 -2.78487
4580 1932.26 370.648 655.481 -2.7856
4590 1891.07 1403.72 656.085 -2.78676
4600 1833 2631.88 656.711 -2.78816
4610 1783.04 3780.79 657.377 -2.78962
4620 1801.28 4088.07 658.102 -2.79105
4630 1911.23 847.185 658.885 -2.79255
4640 1945.26 -139.286 659.681 -2.79435
4650 1812.28 4167.82 660.479 -2.79637
4660 1754.65 4386.76 661.337 -2.7983
4670 1869.85 -2947.13 662.251 -2.80008
4680 1937.56 -9832.07 663.112 -2.80195
4690 1828.38 -11736.7 663.81 -2.80397
4700 1643.38 -9842.24 664.315 -2.80576
4710 1647.12 -12315.3 664.648 -2.80714
4720 1705.06 -14531.4 664.776 -2.8082
4730 1750.3 -14795.2 664.668 -2.80914
4740 1805.32 -16071.5 664.318 -2.81014
4750 1767.61 -15274.9 663.714 -2.81127
4760 1640.04 -11943.4 662.874 -2.81233
4770 1562.39 -9794.54 661.851 -2.81305
4780 1579.1 -7925.54 660.687 -2.81336
4790 1622.69 -6456.22 659.416 -2.81332
4800 1608.31 -3128.22 658.066 -2.81304
4810 1507.33 1996.07 656.696 -2.81241
4820 1516.11 2347.53 655.378 -2.81141
4830 1612.49 -384.288 654.12 -2.81012
4840 1652.2 563.777 652.887 -2.80872
4850 1663.06 3101.04 651.691 -2.80726
4860 1680.48 2585.53 650.565 -2.80584
4870 1688.46 2076.91 649.504 -2.8045
4880 1730.58 -267.613 648.496 -2.80327
4890 1821.28 -1724.93 647.507 -2.80225
4900 1903.86 -1338.63 646.514 -2.80156
4910 1935.01 -833.728 645.522 -2.80143
4920 1785.71 3610.29 644.544 -2.8017
4930 1767.84 4417.38 643.64 -2.80206
4940 1874.98 -199.712 642.816 -2.80256
4950 1889.5 765.733 642.018 -2.80339
4960 1883.16 1024.24 641.248 -2.80449
4970 1907.5 266.004 640.511 -2.80589
4980 1860.76 3825.84 639.802 -2.80752
4990 1753.02 7828.28 639.17 -2.80913
5000 1630.69 9282.12 638.67 -2.81045
5010 1585.33 11357.1 638.329 -2.81136
5020 1606.35 10751.2 638.169 -2.81187
5030 1594.24 8476.3 638.179 -2.8121
5040 1460.2 9070.22 638.328 -2.81202
5050 1343.75 12060.5 638.626 -2.81148
5060 1505.54 5776.93 639.096 -2.81039
5070 1764.47 -1921.84 639.651 -2.80877
5080 1826.06 -2820.66 640.184 -2.80723
5090 1619.58 3676.25 640.684 -2.80611
5100 1468.25 6629.51 641.233 -2.80513
5110 1561.5 4265.67 641.875 -2.80387
5120 1674.58 4586.82 642.585 -2.80233
5130 1731.7 3609.81 643.361 -2.8008
5140 1719.75 1802.63 644.188 -2.79945
5150 1667.98 1714.16 645.041 -2.79828
5160 1664.15 1537.08 645.914 -2.79719
5170 1642.42 4600.77 646.811 -2.79613
5180 1651.99 5492.06 647.771 -2.79511
5190 1764.62 574.296 648.804 -2.79403
5200 1862.45 -4676.27 649.837 -2.79304
5210 1809.07 -5619.64 650.795 -2.79239
5220 1676.97 -1943.76 651.662 -2.79204
5230 1675.57 74.7109 652.49 -2.79174
5240 1734.5 469 653.31 -2.7914
5250 1697.87 4513.36 654.139 -2.79112
5260 1608.18 7301.56 655.033 -2.79089
5270 1483.54 11388.7 656.043 -2.79055
5280 1403.16 16870.1 657.233 -2.79001
5290 1489.37 14307.5 658.678 -2.78911
5300 1804.8 2307.44 660.331 -2.78762
5310 2046.73 -8282.3 662.01 -2.78588
5320 2067.11 -12983.3 663.546 -2.78488
5330 1908.61 -11432.6 664.864 -2.78485
5340 1770.43 -11296.5 665.975 -2.7853
5350 1735.51 -10846 666.889 -2.78581
5360 1743.82 -10913.4 667.613 -2.78631
5370 1652.34 -8929.94 668.151 -2.78678
5380 1427.04 -2940.51 668.543 -2.78698
5390 1323.62 -271.746 668.879 -2.78666
5400 1309.97 110.842 669.205 -2.78568
5410 1396.68 518.492 669.536 -2.78409
5420 1527.91 -2784.14 669.869 -2.78194
5430 1628.24 -5213.98 670.156 -2.77951
5440 1686.35 -5135.88 670.36 -2.77709
5450 1749.7 -6754.75 670.477 -2.77486
5460 1872.78 -10151 670.48 -2.77294
5470 1909.06 -6463.48 670.327 -2.77159
5480 1837.2 -656.638 670.076 -2.77085
5490 1805.4 3638.29 669.821 -2.77051
5500 1810.34 5831.69 669.636 -2.77039
5510 1942.91 3864.83 669.552 -2.77059
5520 1985.98 3488.95 669.544 -2.77131
5530 1860.07 4913.84 669.605 -2.77256
5540 1658.18 6480.85 669.755 -2.77384
5550 1631.69 7265.67 670.018 -2.77478
5560 1753 5279.22 670.401 -2.77548
5570 1834.92 7068.34 670.882 -2.77617
5580 1915.18 7580.69 671.479 -2.77713
5590 1924.08 8621.26 672.206 -2.7785
5600 1794.25 9827.16 673.078 -2.78016
5610 1636.59 9850 674.111 -2.78172
5620 1490.16 11745.1 675.31 -2.78287
5630 1357.58 12645.2 676.699 -2.78344
5640 1504.4 7808.09 678.288 -2.78336
5650 1693.4 -728.921 679.993 -2.78259
5660 1707.91 -3788.12 681.679 -2.78156
5670 1636.63 -2390.98 683.29 -2.78061
5680 1606.13 -2537.86 684.841 -2.77967
5690 1573.87 -3166.29 686.333 -2.77858
5700 1541.22 -2251.14 687.757 -2.77731
5710 1523.5 -862.463 689.13 -2.77591
5720 1557.69 -1815.4 690.469 -2.77427
5730 1646.57 -5852.36 691.761 -2.77242
5740 1724.07 -11225.3 692.932 -2.7704
5750 1758.32 -12625.6 693.896 -2.76856
5760 1838.22 -13651.5 694.623 -2.76704
5770 1859.17 -12182.7 695.101 -2.76599
5780 1748.2 -8113.29 695.36 -2.76545
5790 1562.01 -2444.27 695.475 -2.76508
5800 1437.38 -138.211 695.544 -2.76448
5810 1435.08 -1415.8 695.609 -2.76347
5820 1503.08 -3298.76 695.651 -2.762
5830 1632.17 -7249.25 695.634 -2.7602
5840 1741.91 -12416.6 695.488 -2.75833
5850 1796.24 -14078.8 695.129 -2.75674
5860 1812.88 -16668.5 694.522 -2.7556
5870 1804.43 -19503.7 693.627 -2.755
5880 1693.24 -19333 692.401 -2.75485
5890 1566.23 -17346.6 690.855 -2.75481
5900 1681.11 -19685.3 689.019 -2.75469
5910 1874.78 -20260.6 686.873 -2.75472
5920 1938.82 -17523.9 684.415 -2.75521
5930 1869.94 -12072.4 681.704 -2.75611
5940 1803 -8096.33 678.838 -2.75713
5950 1828.69 -7698.69 675.885 -2.75817
5960 1973.25 -6137.88 672.868 -2.75946
5970 2022.11 -419.448 669.818 -2.76115
5980 1821.39 10844.5 666.838 -2.76273
5990 1543.8 21849.1 664.107 -2.76351
6000 1376.97 26737.3 661.789 -2.76323
6010 1527.33 21846.8 659.95 -2.76246
6020 1788.29 12761 658.505 -2.76168
6030 1960.38 6503.07 657.306 -2.76136
6040 1920.34 7013.43 656.25 -2.76166
6050 1802.43 6372.31 655.33 -2.76238
6060 1672.65 9225.24 654.544 -2.76309
6070 1810.84 7174.67 653.917 -2.76366
6080 2042.06 2301.76 653.419 -2.76457
6090 1983.08 4265.62 652.983 -2.76615
6100 1857.44 7661.1 652.633 -2.76801
6110 2025.49 3505.95 652.405 -2.77016
6120 2123.28 1824.03 652.249 -2.77301
6130 1943.47 8149.8 652.143 -2.7764
6140 1691.47 14440.3 652.176 -2.7795
6150 1601.01 14428.2 652.437 -2.78194
6160 1655.75 12126.6 652.93 -2.78383
6170 1798.09 9463.86 653.617 -2.78543
6180 1970.54 3731.45 654.447 -2.78716
6190 1899 1521.55 655.337 -2.7892
6200 1584.88 4236.14 656.252 -2.7911
6210 1491.21 3100.17 657.223 -2.79234
6220 1687.73 -4225.18 658.227 -2.79295
6230 1810.96 -7839.54 659.157 -2.7933
6240 1785.63 -5972.65 659.96 -2.79378
6250 1695.78 -4031.97 660.658 -2.79434
6260 1613.67 -2012.85 661.287 -2.79474
6270 1625.8 -3200.12 661.872 -2.79487
6280 1728.52 -5421.03 662.401 -2.79477
6290 1815.7 -8682.23 662.834 -2.79466
6300 1817.72 -10990.2 663.126 -2.79476
6310 1801.34 -14062.7 663.234 -2.79508
6320 1836.74 -17360.7 663.112 -2.79565
6330 1765.54 -16895.2 662.714 -2.79647
6340 1586.91 -12595.9 662.053 -2.79726
6350 1441.61 -8425.48 661.2 -2.79765
6360 1402.58 -4533.46 660.226 -2.79741
6370 1530.7 -4676.97 659.193 -2.79656
6380 1711.16 -7575.71 658.101 -2.79541
6390 1660.21 -3681.74 656.921 -2.79427
6400 1489.9 2686.45 655.709 -2.79308
6410 1511.79 4793.79 654.56 -2.79159
6420 1738.27 2566.46 653.507 -2.7898
6430 1869.84 3431.17 652.524 -2.78808
6440 1880.88 6481.43 651.622 -2.78684
6450 1866.75 8289.06 650.843 -2.78611
6460 1833.69 11759.5 650.22 -2.78581
6470 1819.72 13740 649.798 -2.78584
6480 1772.87 14433.9 649.606 -2.78613
6490 1656.48 14597.9 649.654 -2.7865
6500 1657.65 10344.4 649.933 -2.78672
6510 1884.79 1515 650.372 -2.78687
6520 1965.26 -1586.61 650.843 -2.78732
6530 1803.07 2942.67 651.299 -2.78824
6540 1582.02 8753.84 651.804 -2.78916
6550 1551.43 8654.19 652.439 -2.78972
6560 1659.01 6169.77 653.207 -2.78987
6570 1804.75 2987.34 654.069 -2.78986
6580 1908.95 -902.544 654.972 -2.78999
6590 1928.95 -4648.04 655.855 -2.79048
6600 1926.55 -9273.21 656.654 -2.79139
6610 1865.06 -10475.4 657.301 -2.79261
6620 1808.59 -7998.47 657.78 -2.79399
6630 1813.75 -7620.83 658.122 -2.79544
6640 1771.79 -3627.48 658.347 -2.79688
6650 1693.69 1100.11 658.516 -2.79821
6660 1629.49 3466.38 658.702 -2.79925
6670 1625.63 1820.41 658.943 -2.79995
6680 1631.17 -852.704 659.214 -2.80032
6690 1645.97 -3674.45 659.473 -2.80042
6700 1711.74 -8677.75 659.669 -2.80034
6710 1789.86 -15165.1 659.723 -2.80025
6720 1835.11 -21753 659.532 -2.8004
6730 1838.78 -24886.8 658.998 -2.80098
6740 1841.66 -27032.5 658.069 -2.80203
6750 1809.28 -22477.9 656.729 -2.80345
6760 1743.43 -15385 655.054 -2.80488
6770 1698.5 -9930.57 653.162 -2.80612
6780 1551.19 -353.777 651.157 -2.80683
6790 1435.26 4604.69 649.179 -2.80679
6800 1470.29 4775.5 647.31 -2.80613
6810 1578.52 4364.06 645.553 -2.80503
6820 1709.64 2263.9 643.9 -2.80371
6830 1822.39 -1189.1 642.315 -2.80254
6840 1836.9 -2772.54 640.748 -2.80178
6850 1786.72 -2511.76 639.173 -2.80141
6860 1717.49 1134.23 637.599 -2.8012
6870 1708.11 4777.58 636.075 -2.8009
6880 1747.8 7236.45 634.655 -2.80053
6890 1776.36 11543.4 633.379 -2.80017
6900 1800.86 14742.4 632.304 -2.79992
6910 1744.74 18526.2 631.477 -2.79984
6920 1626.83 20103.3 630.945 -2.79978
6930 1586.73 18697.2 630.726 -2.79964
6940 1662.98 15746.1 630.797 -2.79933
6950 1828.49 11676.7 631.106 -2.79901
6960 1877.87 12139.1 631.599 -2.79896
6970 1825.89 14076.2 632.277 -2.79934
6980 1813.41 13349.6 633.16 -2.80003
6990 1894.88 10931.6 634.238 -2.80093
7000 1938.8 9282.54 635.474 -2.8022
7010 1830.59 12047.6 636.847 -2.80384
7020 1727.05 13978.5 638.394 -2.8056
7030 1731.65 10608.6 640.134 -2.80723
7040 1650.1 8601.26 642.026 -2.80857
7050 1557.73 6020.43 644.032 -2.8095
7060 1616.26 1688.6 646.112 -2.80991
7070 1699.45 -1997.98 648.198 -2.80989
7080 1753.38 -6447.78 650.23 -2.80965
7090 1698.91 -6977.23 652.145 -2.80934
7100 1686.71 -7069.01 653.927 -2.80903
7110 1805.28 -10556.2 655.573 -2.80865
7120 1882.7 -11348.8 657.033 -2.80841
7130 1812.28 -7612.27 658.301 -2.8086
7140 1631.24 -4456.48 659.431 -2.80898
7150 1466.12 -2359.19 660.475 -2.80913
7160 1394.43 -1780.4 661.469 -2.80878
7170 1427.29 -2926.66 662.421 -2.80786
7180 1505.27 -5507.28 663.313 -2.80642
7190 1536.63 -7434.41 664.106 -2.80463
7200 1566.36 -10926.4 664.767 -2.80263
7210 1638.28 -15134.5 665.239 -2.80052
7220 1581.82 -15666 665.461 -2.79848
7230 1582.19 -16710 665.421 -2.79654
7240 1814.51 -19378.7 665.105 -2.79462
7250 1975.8 -19599.3 664.48 -2.79307
7260 1970.38 -17478.3 663.546 -2.79243
7270 1845.58 -13048.9 662.349 -2.79255
7280 1754.67 -9118.95 660.961 -2.79297
7290 1718.9 -6785.52 659.451 -2.79338
7300 1676.46 -4294.57 657.862 -2.79369
7310 1544.3 1919.45 656.243 -2.79371
7320 1475 6013.61 654.686 -2.7932
7330 1570.15 5371.94 653.253 -2.79224
7340 1664.99 6492.93 651.94 -2.79101
7350 1689.86 10085.6 650.763 -2.7897
7360 1734.63 11212.3 649.771 -2.78842
7370 1862.37 8831.18 648.975 -2.78736
7380 1941.95 7571.41 648.342 -2.78677
7390 1872.46 7575.01 647.846 -2.7868
7400 1584.84 13510.9 647.494 -2.78709
7410 1355.87 18882.8 647.367 -2.78705
7420 1360.24 17530 647.536 -2.7865
7430 1390.43 14157.3 647.983 -2.78539
7440 1462.78 11026.3 648.653 -2.78381
7450 1649.33 4906.34 649.49 -2.7818
7460 1857.97 -2871.65 650.397 -2.77956
7470 1883.39 -6521.69 651.256 -2.77768
7480 1760.05 -3787.26 652.014 -2.77641
7490 1848.1 -6276.88 652.697 -2.77554
7500 2045.76 -12123.6 653.269 -2.77503
7510 2049.85 -9771.19 653.658 -2.77538
7520 1913.81 -6947.42 653.889 -2.77652
7530 1814.91 -4612.82 654.009 -2.77794
7540 1871.3 -4619.22 654.057 -2.77944
7550 1965.63 -6545.4 654.032 -2.78118
7560 2007.89 -10200.4 653.906 -2.78341
7570 1895.34 -10462.6 653.629 -2.78603
7580 1708.72 -7939.06 653.194 -2.78853
7590 1602.34 -3472.19 652.649 -2.79043
7600 1786.41 -4414.82 652.054 -2.79191
7610 1999.88 -7447.51 651.4 -2.79359
7620 1967.88 -5926.27 650.65 -2.79579
7630 1711.97 547.093 649.832 -2.79806
7640 1523.3 3807.45 649.035 -2.79961
7650 1607.33 4041.72 648.314 -2.8006
7660 1591.71 6112.98 647.677 -2.80112
7670 1609.79 5985.42 647.149 -2.80129
7680 1746.08 3716.81 646.726 -2.80124
7690 1864.47 184.9 646.373 -2.80127
7700 1903.84 -3664.16 646.035 -2.80165
7710 1891.22 -6247.3 645.65 -2.80246
7720 1814.99 -5833.05 645.183 -2.80359
7730 1555.48 4203.3 644.653 -2.8046
7740 1302.96 12880.4 644.198 -2.80489
7750 1378.95 11654.3 643.944 -2.80446
7760 1520.12 10411.7 643.882 -2.80342
7770 1526.32 8466.62 643.986 -2.80204
7780 1456.54 10472.9 644.234 -2.8005
7790 1482.34 10002 644.644 -2.79873
7800 1700.24 5215.55 645.204 -2.79663
7810 1882.21 -98.5057 645.843 -2.79446
7820 1871.5 823.103 646.488 -2.7928
7830 1797.58 3280.66 647.145 -2.79179
7840 1735.92 3022.54 647.847 -2.79115
7850 1738.2 190.207 648.589 -2.79064
7860 1815.14 -3226.7 649.329 -2.79022
7870 1809.61 -1888.12 650.02 -2.79
7880 1744.59 340.179 650.679 -2.79003
7890 1642.02 1695.39 651.338 -2.79013
7900 1483.21 7324.6 652.027 -2.79003
7910 1564.76 8336.42 652.824 -2.78963
7920 1674.44 5979.71 653.744 -2.7889
7930 1670.57 6917.35 654.76 -2.78811
7940 1735.69 4279.04 655.876 -2.78734
7950 1889.77 -2021.95 657.046 -2.78662
7960 1825.77 1064.45 658.189 -2.78624
7970 1661.12 4867.65 659.342 -2.78625
7980 1607.08 4687.69 660.558 -2.78622
7990 1501.97 7306.83 661.847 -2.78596
8000 1455.19 6181.85 663.239 -2.78539
8010 1493.38 5500.17 664.724 -2.78439
8020 1669.88 2897.17 666.284 -2.78298
8030 1918.31 -1979.59 667.875 -2.7814
8040 1947.28 -5136.23 669.422 -2.78021
8050 1731 -3564.3 670.877 -2.77968
8060 1559.88 -4853.18 672.253 -2.77929
8070 1660.81 -11931.2 673.523 -2.77857
8080 1870.2 -17974.1 674.579 -2.77764
8090 1970.93 -19886.1 675.323 -2.77712
8100 1915.78 -17326.1 675.726 -2.77735
8110 1781.16 -12645.6 675.833 -2.77808
8120 1654.95 -7380.59 675.727 -2.77884
8130 1653.97 -4488.42 675.497 -2.77934
8140 1818.78 -7604.91 675.191 -2.77971
8150 1946.81 -11901.4 674.761 -2.78034
8160 1920.99 -13179.4 674.145 -2.78151
8170 1795.76 -13667.6 673.32 -2.78301
8180 1757.41 -15353.5 672.278 -2.78457
8190 1812.53 -16890 670.995 -2.78618
8200 1824.66 -13324.9 669.462 -2.7879
8210 1776.37 -7314.52 667.738 -2.78956
8220 1683.07 -640.098 665.928 -2.7909
8230 1524.11 6146.67 664.146 -2.79165
8240 1494.74 8853.14 662.497 -2.79169
8250 1576.6 8806.01 661.024 -2.79126
8260 1601.43 8135.78 659.727 -2.79054
8270 1605.69 6560.97 658.59 -2.78965
8280 1751.38 5097.85 657.584 -2.78869
8290 1894.11 3803.47 656.686 -2.78782
8300 2033.95 -722.883 655.866 -2.78755
8310 2108.06 -5058.68 655.054 -2.78823
8320 2001.37 -3456.01 654.189 -2.78984
8330 1800.55 555.949 653.292 -2.79177
8340 1582.94 4843.51 652.424 -2.79336
8350 1445.12 10436.4 651.658 -2.79423
8360 1467.24 11813.7 651.068 -2.7944
8370 1580.09 10221.8 650.678 -2.79408
8380 1645.37 10359.9 650.468 -2.79349
8390 1736.79 7470.4 650.426 -2.79282
8400 1866.33 3746.25 650.51 -2.79226
8410 1933.48 2748.9 650.662 -2.79211
8420 1910.67 4886.39 650.868 -2.79249
8430 1828.45 6803.46 651.154 -2.79329
8440 1731.91 5938.12 651.547 -2.79423
8450 1605.46 6320.48 652.038 -2.79498
8460 1659.26 2680.63 652.624 -2.79543
8470 1742.97 -4225.19 653.244 -2.79563
8480 1673.16 -5045.24 653.802 -2.79575
8490 1558.87 -2771.3 654.282 -2.79572
8500 1611.54 -6012.67 654.706 -2.79542
8510 1647.1 -7503.37 655.035 -2.79484
8520 1615.03 -6318.35 655.246 -2.79418
8530 1580.64 -5247.03 655.357 -2.79337
8540 1707.63 -5863.97 655.383 -2.79241
8550 1817.6 -5294.98 655.32 -2.79146
8560 1758.63 -1845.15 655.183 -2.79081
8570 1608.74 1452.64 655.024 -2.79032
8580 1531.56 1306.69 654.891 -2.7897
8590 1623.35 -1956.36 654.782 -2.7888
8600 1740.6 -4594.44 654.649 -2.78774
8610 1778.81 -5711.14 654.451 -2.78682
8620 1697.04 -1778.06 654.178 -2.78611
8630 1618.27 423.751 653.881 -2.78547
8640 1582.97 2912.9 653.603 -2.78469
8650 1632.96 4087.4 653.379 -2.78372
8660 1740.98 1721.74 653.225 -2.78265
8670 1824.93 -1295.6 653.105 -2.78172
8680 1774.07 -752.956 652.978 -2.78111
8690 1671.41 2139.82 652.849 -2.7807
8700 1592.23 2956.79 652.758 -2.78024
8710 1607.98 4454.74 652.725 -2.7796
8720 1688.83 2393.41 652.763 -2.77879
8730 1730.95 -1444.43 652.843 -2.77795
8740 1757.59 -3263.97 652.906 -2.77722
8750 1822.02 -4299.02 652.924 -2.77668
8760 1901.08 -3984.48 652.879 -2.77644
8770 1952.57 -2840.24 652.777 -2.77668
8780 1865.78 750.623 652.64 -2.77744
8790 1780.91 4704.52 652.526 -2.77836
8800 1842.14 4536.08 652.488 -2.77939
8810 1764.58 5430.7 652.531 -2.7805
8820 1689.19 5262.11 652.667 -2.78149
8830 1831.63 164.912 652.884 -2.78239
8840 1957.35 -2615.7 653.109 -2.78345
8850 2000.67 -1257.64 653.303 -2.78502
8860 1962.93 -3142.85 653.474 -2.7871
8870 1845.89 -3848.52 653.601 -2.78941
8880 1727.75 -3532.23 653.672 -2.79155
8890 1668.56 -5205.71 653.686 -2.79335
8900 1580.52 -2727.67 653.628 -2.7947
8910 1536.22 -959.055 653.53 -2.79551
8920 1576.4 131.336 653.423 -2.79583
8930 1733.8 -2990.92 653.319 -2.79583
8940 1860.99 -7736.01 653.17 -2.79586
8950 1843.31 -6147.28 652.915 -2.7962
8960 1792.66 -4838.21 652.569 -2.79678
8970 1744.27 -4013.75 652.155 -2.79744
8980 1720.63 307.066 651.694 -2.79803
8990 1730.28 3865.71 651.249 -2.79851
9000 1708.73 5234.48 650.875 -2.79891
9010 1620.05 6865.99 650.597 -2.7992
9020 1515.27 8267.87 650.439 -2.79919
9030 1546.7 4299.44 650.412 -2.79881
9040 1699.93 -1954.96 650.457 -2.79811
9050 1791.59 -4740.08 650.481 -2.79737
9060 1803.87 -4089.47 650.438 -2.79685
9070 1819.94 -6123.45 650.333 -2.79661
9080 1790.2 -7561.27 650.136 -2.79664
9090 1671.56 -2669.6 649.838 -2.79678
9100 1594 913.041 649.504 -2.7968
9110 1511.23 2888.9 649.193 -2.79648
9120 1548.84 2875.1 648.935 -2.79583
9130 1524.42 3424.73 648.732 -2.79485
9140 1544.64 1424.91 648.588 -2.79361
9150 1697.86 -325.746 648.474 -2.79215
9160 1799.99 3462.06 648.37 -2.79068
9170 1750.26 7406.71 648.328 -2.78954
9180 1448.67 17899.9 648.421 -2.78865
9190 1296.17 24960.3 648.797 -2.78771
9200 1476.63 20901.1 649.555 -2.78634
9210 1704.56 17216 650.645 -2.78451
9220 1898.4 10034.8 651.997 -2.78265
9230 1896.17 7498.9 653.509 -2.78125
9240 1819.97 6293.8 655.132 -2.7805
9250 1839.43 2040.44 656.84 -2.78011
9260 1845.56 -1001.54 658.57 -2.77992
9270 1816.26 -2142.73 660.27 -2.77999
9280 1689.81 595.828 661.929 -2.78025
9290 1540.63 3587.03 663.583 -2.78047
9300 1478.15 3653.55 665.276 -2.78037
9310 1434.93 4932.52 667.019 -2.77984
9320 1449.46 5289.89 668.828 -2.77889
9330 1557.95 3434.19 670.706 -2.7775
9340 1647.21 2474.56 672.628 -2.77581
9350 1660.76 3617.98 674.577 -2.77412
9360 1690.41 5229.01 676.573 -2.77261
9370 1795.08 1503.99 678.632 -2.77117
9380 1890.1 766.177 680.704 -2.76995
9390 1831.25 3872.11 682.778 -2.7693
9400 1737.75 2499.93 684.893 -2.76909
9410 1632.32 3553.95 687.037 -2.76893
9420 1590.37 4011.34 689.224 -2.76871
9430 1727.24 -4271.9 691.448 -2.76812
9440 1927.47 -14881.5 693.568 -2.76717
9450 1989.81 -20841.4 695.405 -2.7665
9460 1934.31 -25355.3 696.844 -2.7665
9470 1833.72 -28548.1 697.806 -2.76705
9480 1742.84 -30816.6 698.235 -2.76793
9490 1686.53 -30397.5 698.099 -2.76899
9500 1676.22 -28953.7 697.413 -2.77012
9510 1765.16 -30273.9 696.206 -2.7714
9520 1784.31 -30537.3 694.474 -2.77303
9530 1684.05 -27411.1 692.229 -2.77491
9540 1571.89 -21153.5 689.542 -2.77656
9550 1558.68 -17468.1 686.528 -2.77769
9560 1632.39 -15456.9 683.269 -2.77842
9570 1648.85 -9907.69 679.817 -2.7788
9580 1562.9 -1052.88 676.277 -2.77854
9590 1467.28 4926.12 672.796 -2.77753
9600 1486.13 5055.1 669.472 -2.77598
9610 1625.82 3165.57 666.307 -2.77417
9620 1769.1 2933 663.274 -2.77227
9630 1878.93 564.641 660.356 -2.77069
9640 1759.69 3338.47 657.526 -2.76964
9650 1495.21 13317.9 654.829 -2.7685
9660 1469.16 16945.1 652.401 -2.76679
9670 1685.86 12716.8 650.291 -2.7648
9680 1799.97 10833.9 648.437 -2.76295
9690 1772.25 13445.8 646.805 -2.76142
9700 1771.98 14172.6 645.423 -2.76019
9710 1871.6 8819.83 644.286 -2.75935
9720 1872.74 8581.02 643.325 -2.75899
9730 1834.76 9884.46 642.525 -2.75901
9740 1959.19 6074.32 641.891 -2.75943
9750 2020.98 4589.04 641.375 -2.76044
9760 2040.71 4866.06 640.948 -2.76215
9770 2004.42 5079.33 640.61 -2.76447
9780 1970.82 5825.65 640.366 -2.76718
9790 1974.08 6013.58 640.22 -2.77013
9800 2126.97 4529.97 640.176 -2.77355
9810 2165.43 6104.95 640.212 -2.77781
9820 1940.6 13571 640.357 -2.78244
9830 1619.2 22798.2 640.721 -2.78643
9840 1490.38 24539.4 641.428 -2.78942
9850 1578.96 17200.2 642.497 -2.79166
9860 1662.37 11813.4 643.828 -2.79334
9870 1708.88 6586.03 645.33 -2.79461
9880 1791.84 476.501 646.917 -2.79559
9890 1894.74 -4147.43 648.496 -2.7965
9900 1974.1 -8557.06 649.992 -2.79763
9910 1961.18 -9931.14 651.338 -2.79917
9920 1856.63 -7681.97 652.517 -2.80101
9930 1808.85 -8393.08 653.556 -2.8029
9940 1716.51 -6590.11 654.452 -2.80464
9950 1635.2 -3241.22 655.235 -2.80607
9960 1608.89 -2675.3 655.955 -2.80712
9970 1529.63 -1153.64 656.627 -2.80773
9980 1411.76 -281.307 657.273 -2.80785
9990 1350.19 -756.652 657.907 -2.80737
10000 1409.41 -4604.45 658.518 -2.80627
