# Time-averaged data for fix 4
# TimeStep c_mytemp c_mypress v_vmyvol v_avgEtotal
10 1188.32 454186 406.127 -2.73903
20 1341.79 376501 406.774 -2.74416
30 1430.94 347892 406.485 -2.74185
40 1345.5 397482 405.061 -2.73137
50 1155.76 521823 402.929 -2.71182
60 1371.5 576041 400.961 -2.6899
70 1465.69 653704 399.624 -2.67382
80 1237.05 745508 399.512 -2.67231
90 1307.07 635369 401.124 -2.69315
100 1503.19 468134 403.717 -2.72034
110 1504.2 365290 406.08 -2.73893
120 1350.54 378325 407.442 -2.7486
130 1350.64 366897 407.809 -2.75133
140 1380.45 336982 407.103 -2.74668
150 1251.65 418368 405.226 -2.73261
160 1384.52 523559 402.754 -2.70994
170 1280.97 694633 400.599 -2.68422
180 1408.99 684136 399.817 -2.67312
190 1434.26 678880 400.505 -2.68202
200 1556.6 491717 402.374 -2.70305
210 1262.43 468312 404.308 -2.7208
220 1223.9 425681 405.936 -2.73536
230 1457.76 371884 406.961 -2.74315
240 1479.82 353683 406.986 -2.74328
250 1340.91 370489 405.888 -2.73567
260 1308.31 457549 403.857 -2.71933
270 1466.89 597933 401.591 -2.6961
280 1575.5 658149 400.065 -2.67749
290 1371.95 728697 399.797 -2.67478
300 1366.68 609069 401.136 -2.69301
310 1437.27 433188 403.265 -2.71429
320 1340 403220 404.943 -2.72834
330 1137.68 420364 405.875 -2.73601
340 1080.27 423156 406.16 -2.73815
350 1287.63 395237 405.817 -2.73477
360 1407.07 423799 404.709 -2.72505
370 1445.74 492143 403.067 -2.70947
380 1473.3 570036 401.41 -2.69194
390 1461.76 633467 400.319 -2.67896
400 1389.16 669844 400.259 -2.67832
410 1422.1 592240 401.411 -2.69256
420 1442.45 500057 403.255 -2.71211
430 1449.69 408439 405.062 -2.72864
440 1291.85 378149 406.178 -2.73746
450 1283.49 397721 406.359 -2.73893
460 1456.75 389111 405.712 -2.73401
470 1376.83 459742 404.279 -2.72239
480 1182.44 536466 402.579 -2.7056
490 1204.67 559717 401.152 -2.69026
500 1364.79 632616 400.273 -2.67949
510 1592.13 580387 400.311 -2.67924
520 1505.93 574813 401.022 -2.68712
530 1426.58 506010 402.238 -2.70027
540 1456.95 432485 403.48 -2.71201
550 1394.15 417568 404.228 -2.71869
560 1350.87 427885 404.338 -2.72004
570 1373.2 446715 403.902 -2.7166
580 1423.7 435324 403.036 -2.70957
590 1340.09 518240 401.768 -2.69826
600 1336.31 579228 400.658 -2.68645
610 1377.66 572964 400.118 -2.68061
620 1159.19 629245 400.213 -2.68185
630 1348.24 548669 401.178 -2.69268
640 1482.19 467923 402.517 -2.70543
650 1447.5 423980 403.607 -2.71478
660 1354.75 424233 404.128 -2.71912
670 1216.05 448355 404.071 -2.71858
680 1188.93 449676 403.603 -2.7141
690 1416.46 445916 402.748 -2.70616
700 1458.88 562883 401.594 -2.69439
710 1514.5 585807 400.881 -2.68587
720 1621.41 529794 400.773 -2.68483
730 1330.53 636236 401.039 -2.68864
740 1280.83 557936 402.197 -2.70279
750 1411.42 416474 403.742 -2.71752
760 1268.71 431589 404.736 -2.72567
770 1206.46 442081 405.179 -2.72946
780 1301.73 373835 405.104 -2.72866
790 1421.78 388066 404.112 -2.72097
800 1310.44 524182 402.369 -2.70508
810 1184.85 585153 400.795 -2.68727
820 1231.98 625830 399.894 -2.67619
830 1394.66 659648 399.977 -2.67643
840 1634.7 530126 401.15 -2.68896
850 1572.04 478081 402.6 -2.70268
860 1403.65 482896 403.905 -2.7153
870 1464.51 403451 404.989 -2.7253
880 1409.57 374673 405.348 -2.72856
890 1331.86 422872 404.783 -2.72451
900 1449.84 458332 403.618 -2.71487
910 1350.94 505765 402.179 -2.70172
920 1253.88 552733 400.797 -2.68806
930 1086.81 711040 399.969 -2.67824
940 1430.85 583813 400.518 -2.68444
950 1472.92 505391 401.767 -2.69681
960 1368.03 484924 403.076 -2.70936
970 1398.48 413447 404.208 -2.71931
980 1381.97 365218 404.673 -2.72287
990 1309.98 381101 404.124 -2.71886
1000 1197.44 497932 402.753 -2.70675
1010 1345.4 522905 401.316 -2.69174
1020 1401.07 598241 400.136 -2.67864
1030 1349.47 670776 399.734 -2.67336
1040 1480.63 575933 400.516 -2.6823
1050 1588.58 493353 401.881 -2.69621
1060 1481.6 464330 403.219 -2.70912
1070 1452.34 390140 404.222 -2.7183
1080 1374.69 399488 404.415 -2.72041
1090 1200.21 498433 403.907 -2.71624
1100 1186.53 481365 403.3 -2.7105
1110 1257.43 481220 402.585 -2.70352
1120 1442.95 534182 401.784 -2.69514
1130 1622.67 544177 401.226 -2.68889
1140 1528.45 551777 401.023 -2.68704
1150 1278.67 580850 401.249 -2.69013
1160 1366.68 489264 401.991 -2.69822
1170 1349.69 475046 402.707 -2.70503
1180 1321.62 483810 403.24 -2.7102
1190 1638.44 396074 403.563 -2.71331
1200 1508.52 421344 403.163 -2.71083
1210 1102.49 577981 402.272 -2.70278
1220 1170.66 542651 401.845 -2.69804
1230 1289.81 510690 401.775 -2.69698
1240 1366.65 548618 401.838 -2.69716
1250 1526.39 529741 402.239 -2.70095
1260 1635.56 451065 402.816 -2.70649
1270 1442.45 452554 403.071 -2.70922
1280 1255.58 509927 403.002 -2.7091
1290 1280.23 491253 402.949 -2.70886
1300 1308.17 487388 402.856 -2.70797
1310 1457.69 478394 402.66 -2.70602
1320 1556.04 485042 402.316 -2.70292
1330 1384.54 543914 401.902 -2.69929
1340 1172.86 594888 401.842 -2.69905
1350 1303.88 510044 402.405 -2.70502
1360 1418.97 492574 403.098 -2.71147
1370 1389.14 464926 403.717 -2.71725
1380 1355.25 404965 404.03 -2.71992
1390 1253.53 451539 403.682 -2.71682
1400 1292.95 512816 402.979 -2.70979
1410 1402.63 493630 402.335 -2.7029
1420 1513.54 482662 401.652 -2.69623
1430 1334.26 624015 400.986 -2.68915
1440 1361.03 590347 401.131 -2.69076
1450 1438.31 537018 401.975 -2.69972
1460 1501.24 494785 403.102 -2.71128
1470 1383.34 419778 404.142 -2.72089
1480 1196.57 448619 404.634 -2.72513
1490 1406.93 433179 404.672 -2.72546
1500 1457.64 460734 404.237 -2.72164
1510 1291.31 501322 403.512 -2.71484
1520 1190.47 541242 402.82 -2.70775
1530 1374.74 516998 402.409 -2.70304
1540 1468.76 530234 402.164 -2.70019
1550 1490.1 576719 402.201 -2.7005
1560 1565.34 500672 402.723 -2.70606
1570 1394.47 502055 403.319 -2.71242
1580 1259.07 469307 403.884 -2.71827
1590 1223.18 481420 404.252 -2.72183
1600 1361.01 433066 404.418 -2.72328
1610 1306.21 428927 404.103 -2.72045
1620 1275.19 485529 403.283 -2.71284
1630 1222.42 554111 402.382 -2.70319
1640 1333.39 568552 401.882 -2.69698
1650 1406.55 538482 401.88 -2.69613
1660 1423.86 527000 402.203 -2.69887
1670 1539.18 508834 402.72 -2.70361
1680 1493.18 493048 403.303 -2.70939
1690 1348.84 457847 403.814 -2.71437
1700 1295.08 460633 404.019 -2.71636
1710 1389.89 485919 403.942 -2.71563
1720 1556.21 448617 403.699 -2.71355
1730 1438.2 519195 403.156 -2.70894
1740 1322.57 556308 402.755 -2.70509
1750 1466.07 476566 402.698 -2.70494
1760 1246.83 574954 402.612 -2.70452
1770 1140.4 573721 403.025 -2.70938
1780 1411.91 457985 403.924 -2.71805
1790 1488.89 452886 404.572 -2.72339
1800 1336.79 478156 404.869 -2.72604
1810 1400.07 436115 404.941 -2.72667
1820 1599.35 438251 404.552 -2.72349
1830 1481.77 497005 403.735 -2.71652
1840 1307.25 524146 402.883 -2.70864
1850 1252.58 582291 402.268 -2.70253
1860 1374.46 567023 402.244 -2.70235
1870 1463.63 488341 402.699 -2.70708
1880 1375.5 483533 403.106 -2.71112
1890 1365.83 514678 403.422 -2.71448
1900 1483.62 427124 403.746 -2.71782
1910 1242.43 491628 403.622 -2.71699
1920 1114.22 557736 403.442 -2.71515
1930 1355.85 476153 403.606 -2.71634
1940 1485.12 432597 403.614 -2.71594
1950 1458.7 479431 403.167 -2.71176
1960 1292.82 550934 402.595 -2.70591
1970 1371.85 517533 402.342 -2.7031
1980 1487.34 523042 402.27 -2.70226
1990 1390.18 568195 402.41 -2.70389
2000 1397.25 509048 402.998 -2.71026
2010 1473.42 428154 403.633 -2.7163
2020 1328.1 457149 403.791 -2.71792
2030 1267.32 483529 403.613 -2.71645
2040 1301.56 461692 403.272 -2.71333
2050 1214.43 495734 402.694 -2.70767
2060 1421.77 513774 402.076 -2.70113
2070 1468.46 542567 401.589 -2.69572
2080 1418.34 564190 401.44 -2.69398
2090 1426.61 509268 401.729 -2.69698
2100 1499.28 466882 402.101 -2.70065
2110 1544.99 477231 402.253 -2.70249
2120 1471.65 480932 402.224 -2.703
2130 1297.23 483159 402.052 -2.70223
2140 1115.77 531368 401.786 -2.70009
2150 1205.5 574529 401.777 -2.69997
2160 1453.27 477147 402.229 -2.70421
2170 1405.84 462644 402.568 -2.70694
2180 1292.31 525298 402.681 -2.70786
2190 1371.79 462792 402.887 -2.70964
2200 1384.65 450627 402.847 -2.709
2210 1420.65 551680 402.513 -2.70555
2220 1487.38 548625 402.512 -2.70545
2230 1576.62 451169 402.817 -2.70865
2240 1432.88 497769 402.855 -2.70961
2250 1308.99 514069 402.855 -2.71024
2260 1330.06 491503 402.932 -2.71147
2270 1147.88 533104 403.004 -2.71238
2280 1227.91 497350 403.273 -2.71486
2290 1470.64 435555 403.499 -2.71648
2300 1437.92 461577 403.29 -2.71432
2310 1222.6 530910 402.829 -2.7096
2320 1186.02 505877 402.533 -2.70623
2330 1279.97 536372 402.349 -2.70366
2340 1465.19 519263 402.405 -2.70336
2350 1503.05 512313 402.626 -2.70491
2360 1542.11 498006 402.932 -2.7077
2370 1575.72 500407 403.237 -2.71091
2380 1437.39 487878 403.542 -2.71453
2390 1305.48 436551 403.705 -2.71675
2400 1029.3 523367 403.497 -2.71504
2410 1088.73 528841 403.403 -2.71377
2420 1314.43 488786 403.515 -2.71402
2430 1466.6 425703 403.514 -2.71308
2440 1449.66 480469 403.03 -2.70812
2450 1326.75 569955 402.437 -2.70153
2460 1386.05 540014 402.3 -2.69955
2470 1491.34 520855 402.487 -2.70112
2480 1347.29 572494 402.898 -2.70539
2490 1435.62 495982 403.764 -2.71458
2500 1546.54 412244 404.593 -2.72188
2510 1420.46 462441 404.826 -2.72419
2520 1254.39 465239 404.731 -2.72373
2530 1200.9 449896 404.354 -2.72056
2540 1353.06 500504 403.65 -2.71375
2550 1504.52 523985 402.939 -2.70639
2560 1540.34 518766 402.417 -2.70103
2570 1566.74 505149 402.033 -2.69778
2580 1415.23 567694 401.768 -2.69586
2590 1376.75 522654 401.941 -2.69847
2600 1384.49 498954 402.31 -2.7028
2610 1297.52 508811 402.694 -2.70721
2620 1195.64 486663 403.126 -2.71169
2630 1284.16 453218 403.424 -2.71441
2640 1109.07 547972 403.472 -2.7145
2650 1180.66 520789 403.795 -2.71725
2660 1311.42 455360 404.256 -2.72051
2670 1385.16 430934 404.396 -2.7206
2680 1409.56 459533 404.032 -2.71646
2690 1351.54 527289 403.405 -2.70943
2700 1571.62 495833 402.91 -2.70385
2710 1575.43 585428 402.498 -2.6994
2720 1602.37 580105 402.684 -2.70195
2730 1584.33 489915 403.429 -2.71047
2740 1380.08 480120 404.149 -2.71845
2750 1247.17 472106 404.713 -2.72469
2760 1228.58 420408 405.008 -2.72787
2770 1181.23 471605 404.774 -2.72589
2780 1276.03 466795 404.271 -2.72098
2790 1272.62 464612 403.528 -2.71387
2800 1182.8 549879 402.59 -2.70407
2810 1180.83 593240 402.028 -2.6969
2820 1265.13 544032 402.119 -2.69666
2830 1407.81 534156 402.586 -2.70021
2840 1589.37 511826 403.313 -2.70652
2850 1685.51 432250 404.075 -2.71302
2860 1655.31 415429 404.352 -2.71566
2870 1523.01 470387 404.021 -2.71376
2880 1383.66 508862 403.463 -2.70944
2890 1469.69 480398 402.925 -2.7054
2900 1418.89 541404 402.328 -2.70062
2910 1321.74 562826 402.023 -2.69837
2920 1197.29 554250 402.197 -2.7009
2930 1250.32 524739 402.762 -2.70707
2940 1178.6 536370 403.56 -2.71525
2950 1306.59 478631 404.57 -2.7249
2960 1491.62 423816 405.418 -2.73185
2970 1619.34 392526 405.666 -2.73366
2980 1415.36 459068 405.157 -2.7296
2990 1340.5 466011 404.283 -2.72197
3000 1507.64 501960 403.19 -2.71216
3010 1455.29 604722 402.188 -2.70202
3020 1351.45 602960 401.932 -2.69958
3030 1287.65 528692 402.425 -2.70535
3040 1313.95 504069 403.179 -2.71314
3050 1367.88 458952 403.936 -2.7204
3060 1261.56 414792 404.369 -2.72412
3070 1207.87 452985 404.192 -2.72238
3080 1291.21 498267 403.667 -2.71685
3090 1502.64 459336 403.073 -2.71069
3100 1547.75 489019 402.227 -2.70266
3110 1448.34 629284 401.408 -2.69403
3120 1543.48 555513 401.418 -2.69432
3130 1445.58 512659 401.899 -2.69979
3140 1313.26 545394 402.534 -2.70714
3150 1416.32 452770 403.413 -2.7163
3160 1422.53 402283 403.951 -2.72136
3170 1112.34 464191 403.81 -2.72047
3180 1130.33 465682 403.347 -2.71607
3190 1496.5 437609 402.612 -2.70919
3200 1552.2 482910 401.462 -2.6986
3210 1248.22 595042 400.252 -2.68613
3220 1186.19 637921 399.741 -2.6798
3230 1480.65 610356 400.246 -2.68542
3240 1549.22 524482 401.548 -2.69963
3250 1310.24 466020 403.046 -2.71386
3260 1255.37 438290 404.288 -2.72503
3270 1421.42 387571 405.018 -2.73074
3280 1457.9 391978 404.906 -2.72974
3290 1456.41 413863 403.962 -2.72243
3300 1304.92 516589 402.436 -2.70888
3310 1249.99 586718 401.047 -2.69375
3320 1469.71 584689 400.288 -2.68502
3330 1353.97 661411 400.269 -2.68496
3340 1368.24 577438 401.355 -2.69815
3350 1461.53 450991 402.999 -2.71433
3360 1323.73 461348 404.355 -2.72629
3370 1281.7 385503 405.316 -2.73465
3380 1302.28 345829 405.406 -2.73521
3390 1371.72 421932 404.378 -2.72698
3400 1494.51 486795 402.752 -2.71223
3410 1411.41 560486 401.075 -2.69509
3420 1343.2 605463 399.866 -2.68151
3430 1348.17 649699 399.501 -2.67717
3440 1334.95 585413 400.188 -2.68525
3450 1187.13 562166 401.564 -2.70034
3460 1186.9 489075 403.366 -2.71866
3470 1353.68 359631 405.017 -2.73167
3480 1421.3 338189 405.632 -2.73497
3490 1367.56 395131 405.033 -2.7298
3500 1485.38 420628 403.604 -2.71778
3510 1578.38 484150 401.623 -2.7003
3520 1568.22 626873 399.627 -2.67927
3530 1517.61 696201 398.585 -2.66661
3540 1432.78 659468 398.976 -2.67264
3550 1245.42 597976 400.563 -2.69292
3560 1074.87 476712 402.835 -2.71721
3570 1015.71 394039 404.927 -2.73455
3580 1132.51 376973 406.21 -2.74342
3590 1205.94 384894 406.532 -2.74449
3600 1342.55 387059 405.938 -2.73851
3610 1467.79 424782 404.507 -2.72567
3620 1449.42 497053 402.549 -2.70692
3630 1427.32 591368 400.63 -2.68587
3640 1507.18 698389 399.469 -2.67108
3650 1585.64 645376 399.723 -2.67409
3660 1547.42 551506 401.058 -2.68958
3670 1399.66 521237 402.817 -2.70877
3680 1169.12 459566 404.691 -2.72736
3690 1083.18 368153 406.203 -2.73991
3700 1245.41 336424 406.702 -2.74292
3710 1285.38 409438 405.992 -2.73674
3720 1468.71 438625 404.551 -2.72381
3730 1552.19 501388 402.7 -2.70642
3740 1517.28 588661 400.923 -2.6874
3750 1430.98 652998 399.85 -2.67485
3760 1332.02 643874 399.908 -2.6759
3770 1268.26 620517 401.067 -2.69024
3780 1483.32 494526 403.047 -2.71206
3790 1569.66 394172 404.986 -2.72886
3800 1353.45 377165 406.13 -2.73805
3810 1158.34 376652 406.303 -2.73971
3820 1165.14 395791 405.527 -2.73376
3830 1216.66 453331 403.984 -2.72059
3840 1293.93 558471 402.152 -2.70179
3850 1359.21 626131 400.796 -2.68518
3860 1394.7 635358 400.375 -2.67924
3870 1509.55 603931 400.998 -2.68625
3880 1678.92 456580 402.3 -2.6991
3890 1308.08 504404 403.409 -2.70965
3900 1191.96 456715 404.453 -2.71997
3910 1284.48 372933 405.125 -2.72535
3920 1315.89 380130 404.861 -2.72304
3930 1339.73 461255 403.725 -2.71324
3940 1358.33 518153 402.305 -2.69891
3950 1283.09 575539 401.053 -2.68543
3960 1236.76 673987 400.45 -2.67769
3970 1451.93 599695 401.054 -2.68429
3980 1571.64 501158 402.406 -2.69805
3990 1573.05 447476 403.778 -2.71063
4000 1444.49 436100 404.756 -2.7195
4010 1358.82 401565 405.201 -2.72375
4020 1293.24 405041 404.899 -2.72181
4030 1264.01 487435 403.931 -2.71344
4040 1431.85 511007 402.844 -2.7026
4050 1524.57 528561 401.859 -2.69292
4060 1324.51 647722 401.206 -2.68599
4070 1322.18 586005 401.555 -2.69033
4080 1378.68 517611 402.568 -2.70101
4090 1376.15 484620 403.725 -2.71253
4100 1438.96 419212 404.723 -2.72143
4110 1450.81 416412 405.12 -2.72487
4120 1219.33 479903 404.918 -2.72325
4130 1268.63 464361 404.5 -2.71932
4140 1428.16 468834 403.834 -2.71314
4150 1403.96 542855 402.996 -2.70471
4160 1420.04 590554 402.498 -2.69916
4170 1695 479629 402.576 -2.70011
4180 1621.92 482237 402.596 -2.70122
4190 1279.83 591010 402.565 -2.7022
4200 1272.18 506569 403.084 -2.7086
4210 1378.94 431801 403.669 -2.71444
4220 1421.6 440545 403.77 -2.71578
4230 1253.93 518550 403.464 -2.71334
4240 1132.61 547762 403.281 -2.71151
4250 1306.64 450881 403.374 -2.71212
4260 1350.99 461246 403.168 -2.70985
4270 1195.21 573468 402.757 -2.70513
4280 1500.6 478533 402.745 -2.70426
4290 1526.86 494514 402.676 -2.70305
4300 1467.9 557364 402.601 -2.70224
4310 1567.25 491122 402.872 -2.70525
4320 1412.2 475370 403.12 -2.70812
4330 1464.11 459506 403.164 -2.70922
4340 1444.68 509311 402.954 -2.70801
4350 1305.63 552772 402.815 -2.70731
4360 1386.6 505123 403.026 -2.71005
4370 1283.1 464274 403.285 -2.71294
4380 1131.21 477324 403.295 -2.71317
4390 1165.68 547413 403.192 -2.71183
4400 1491.99 458396 403.325 -2.71246
4410 1575.54 433459 403.193 -2.71092
4420 1312.09 535886 402.648 -2.70568
4430 1440.49 527655 402.306 -2.70202
4440 1627.01 467006 402.154 -2.70074
4450 1576.66 507150 401.825 -2.69842
4460 1390.23 550803 401.565 -2.69682
4470 1177.52 536396 401.663 -2.69864
4480 1205.92 498298 402.021 -2.70258
4490 1373.71 475919 402.376 -2.70591
4500 1445.55 476864 402.563 -2.70756
4510 1565.85 445302 402.545 -2.70759
4520 1532.17 454532 402.14 -2.70466
4530 1343.81 515953 401.433 -2.69877
4540 1220.63 573135 400.857 -2.69328
4550 1218.39 591500 400.834 -2.69324
4560 1262.34 524269 401.449 -2.69974
4570 1264.64 484995 402.266 -2.70725
4580 1297.82 478567 402.985 -2.71349
4590 1453.63 423016 403.491 -2.71734
4600 1559.07 396058 403.416 -2.71639
4610 1359.21 458751 402.609 -2.7096
4620 1195.3 538102 401.513 -2.69881
4630 1288.35 565190 400.693 -2.68964
4640 1451.89 583749 400.389 -2.68575
4650 1471.88 564152 400.7 -2.6889
4660 1335.96 520929 401.492 -2.69718
4670 1331.68 445870 402.408 -2.70576
4680 1320.99 418386 402.931 -2.70995
4690 1237.43 453033 402.862 -2.70899
4700 1261.82 478928 402.432 -2.70448
4710 1469.67 469454 401.818 -2.69815
4720 1480.72 528470 401.039 -2.69016
4730 1311.94 579367 400.488 -2.68398
4740 1364.07 561394 400.502 -2.68389
4750 1463.99 549728 401.006 -2.6891
4760 1600.45 479427 401.831 -2.69744
4770 1481.6 467551 402.54 -2.70442
4780 1343.77 463767 402.997 -2.70928
4790 1329.68 426465 403.141 -2.71109
4800 1329.77 451650 402.767 -2.70824
4810 1312.65 506195 402.051 -2.70167
4820 1386.71 508508 401.357 -2.69482
4830 1297.77 546373 400.772 -2.68893
4840 1244.61 584118 400.56 -2.68646
4850 1363.37 549867 400.937 -2.69021
4860 1395.21 514232 401.702 -2.69782
4870 1418.85 462214 402.55 -2.70552
4880 1408.57 458909 403.136 -2.71064
4890 1437.18 458604 403.398 -2.71293
4900 1371.26 473072 403.353 -2.71259
4910 1247.93 468778 403.085 -2.71018
4920 1201.91 511290 402.632 -2.7056
4930 1442.59 483222 402.205 -2.70097
4940 1478.44 521381 401.724 -2.69587
4950 1523.03 545833 401.399 -2.69243
4960 1486.02 562074 401.438 -2.69317
4970 1433.17 517131 401.906 -2.69861
4980 1511.17 462930 402.497 -2.70488
4990 1472.08 473862 402.846 -2.70891
5000 1265.22 493039 402.994 -2.71116
5010 1183.29 486075 403.076 -2.7124
5020 1319.31 457276 403.027 -2.71211
5030 1159.41 503515 402.717 -2.709
5040 1236.43 492616 402.39 -2.70534
5050 1269.11 529469 402.054 -2.7013
5060 1276.5 542680 401.943 -2.69921
5070 1438.17 463994 402.086 -2.69962
5080 1284.11 535450 402.075 -2.69863
5090 1300.21 535832 402.281 -2.70004
5100 1462.42 461021 402.709 -2.7033
5110 1402.34 484531 402.905 -2.70438
5120 1353.37 529709 403.006 -2.70491
5130 1670.14 436365 403.228 -2.70673
5140 1684.81 415144 403.011 -2.70544
5150 1225.73 559744 402.274 -2.69929
5160 1133.67 571946 401.909 -2.69555
5170 1434.96 483749 402.034 -2.69676
5180 1473 519162 402.132 -2.69775
5190 1332.64 526981 402.357 -2.70028
5200 1354.31 479083 402.747 -2.70421
5210 1428.24 487963 403.021 -2.70683
5220 1572.1 462420 403.166 -2.70848
5230 1462.79 478529 403.063 -2.70814
5240 1325.39 499363 402.792 -2.70624
5250 1273.96 521985 402.536 -2.70416
5260 1205.41 500632 402.415 -2.70316
5270 1059.63 510274 402.337 -2.70215
5280 1272.06 481746 402.306 -2.70117
5290 1422.57 477810 402.157 -2.69882
5300 1366.62 548136 401.898 -2.69541
5310 1433.8 539826 401.963 -2.69542
5320 1708.93 446671 402.271 -2.69798
5330 1667.88 466954 402.25 -2.69824
5340 1297.29 557265 402.036 -2.69701
5350 1350.15 513872 402.161 -2.69901
5360 1396.57 475831 402.405 -2.7019
5370 1177.83 524945 402.531 -2.70353
5380 1181.62 496253 402.787 -2.70609
5390 1400.85 464415 403.013 -2.70785
5400 1439.52 473936 402.998 -2.70734
5410 1405.86 471831 402.769 -2.7051
5420 1332.52 529640 402.378 -2.70121
5430 1480.28 532128 402.186 -2.6991
5440 1497.81 485097 402.208 -2.69946
5450 1300.31 513718 402.181 -2.6995
5460 1274.39 526425 402.247 -2.70034
5470 1394.86 482459 402.477 -2.70257
5480 1452.08 464365 402.593 -2.70362
5490 1359.9 496588 402.473 -2.70259
5500 1341.31 490748 402.301 -2.70102
5510 1357.39 477594 402.061 -2.69875
5520 1447.98 498025 401.674 -2.69514
5530 1308.67 585653 401.344 -2.69179
5540 1454.87 516678 401.548 -2.69398
5550 1484.5 472436 401.911 -2.6976
5560 1206.07 526743 402.132 -2.70002
5570 1177.17 504959 402.498 -2.70372
5580 1298.4 461775 402.888 -2.70697
5590 1304.38 461131 403.015 -2.70748
5600 1491.99 442639 402.824 -2.7052
5610 1501.83 475325 402.236 -2.69958
5620 1413.27 541003 401.493 -2.69219
5630 1411.34 570371 401.055 -2.68757
5640 1298.94 561057 401.136 -2.68859
5650 1175.66 575714 401.719 -2.69501
5660 1426.24 481638 402.787 -2.70575
5670 1565.07 417841 403.73 -2.71363
5680 1476.11 439739 404.089 -2.71671
5690 1402.81 464832 403.98 -2.71609
5700 1413.52 463428 403.583 -2.71289
5710 1455.17 457219 402.909 -2.70735
5720 1456.17 507991 401.962 -2.69911
5730 1390.08 558290 401.094 -2.69072
5740 1416.83 559207 400.654 -2.68658
5750 1287.14 559279 400.677 -2.6874
5760 1158.59 580677 401.179 -2.6933
5770 1350.79 488403 402.204 -2.70399
5780 1366.17 424336 403.156 -2.71211
5790 1188.38 462322 403.589 -2.71548
5800 1388.12 437428 403.674 -2.71579
5810 1538.34 414814 403.284 -2.71213
5820 1474.2 462691 402.291 -2.70357
5830 1264.33 561036 401.072 -2.69153
5840 1317.02 607954 400.302 -2.68269
5850 1455.72 587375 400.329 -2.68276
5860 1413.83 543168 401.01 -2.69017
5870 1426.51 481299 402.005 -2.70023
5880 1448.04 444336 402.858 -2.70811
5890 1265.28 471409 403.327 -2.71253
5900 1265.04 447664 403.527 -2.71439
5910 1481.56 434760 403.331 -2.71262
5920 1469.48 486021 402.688 -2.70686
5930 1336.42 538691 401.944 -2.69967
5940 1311.35 555355 401.496 -2.69496
5950 1458.55 501449 401.426 -2.69424
5960 1394.87 522320 401.431 -2.69447
5970 1216.09 555267 401.615 -2.69658
5980 1299.35 527265 402.185 -2.70247
5990 1510.98 470652 402.937 -2.70949
6000 1570 445455 403.482 -2.7144
6010 1468.6 438515 403.61 -2.716
6020 1250.32 455173 403.278 -2.71368
6030 1095.55 508458 402.643 -2.70782
6040 1350.81 505662 402.035 -2.70147
6050 1522.35 527368 401.51 -2.69582
6060 1389.78 562372 401.211 -2.69258
6070 1259.46 569281 401.384 -2.69446
6080 1401.71 516215 402.041 -2.70123
6090 1397.94 489770 402.844 -2.70886
6100 1376.46 449751 403.548 -2.71531
6110 1370.91 408395 403.852 -2.71784
6120 1343.92 437598 403.498 -2.71475
6130 1505.53 474236 402.671 -2.70729
6140 1578.38 508257 401.664 -2.69784
6150 1379.02 551403 400.744 -2.68908
6160 1051.39 627330 400.267 -2.68415
6170 1105.54 600097 400.698 -2.68916
6180 1424.43 486599 401.826 -2.70027
6190 1529.67 457894 402.905 -2.70939
6200 1440.1 458477 403.672 -2.71605
6210 1457.89 390017 404.05 -2.71936
6220 1310.87 409622 403.638 -2.71635
6230 1154.78 498352 402.591 -2.70685
6240 1195.71 540047 401.511 -2.69553
6250 1335.95 554718 400.747 -2.68654
6260 1500 558253 400.41 -2.68211
6270 1439.75 554507 400.515 -2.68276
6280 1407.61 554773 401.051 -2.6883
6290 1538.31 506546 401.962 -2.69772
6300 1521.7 458071 402.918 -2.70699
6310 1356.59 445525 403.564 -2.71324
6320 1221.57 445672 403.794 -2.71564
6330 1256.57 432682 403.589 -2.71398
6340 1325.53 450912 402.893 -2.70778
6350 1405.72 498135 401.855 -2.69786
6360 1402.2 541785 400.817 -2.68716
6370 1232.53 594232 400.133 -2.67945
6380 1321.29 596055 400.143 -2.67922
6390 1482.56 560939 400.866 -2.68687
6400 1565.9 487280 402.021 -2.69856
6410 1453.8 436389 403.079 -2.70829
6420 1261.23 461327 403.697 -2.71402
6430 1340.43 419260 403.951 -2.71641
6440 1518.21 405542 403.603 -2.71379
6450 1379.01 486121 402.598 -2.70539
6460 1084.09 578763 401.522 -2.69432
6470 1211.68 548017 400.975 -2.6879
6480 1371.85 543506 400.832 -2.68575
6490 1317.71 569335 401.053 -2.68752
6500 1396.08 520195 401.745 -2.69422
6510 1555.6 456463 402.582 -2.7017
6520 1607.34 423350 403.09 -2.70603
6530 1358.09 475841 403.067 -2.70618
6540 1256.12 509275 402.845 -2.70436
6550 1419.84 489207 402.666 -2.70272
6560 1538.46 470158 402.408 -2.70055
6570 1472.83 526391 401.986 -2.69704
6580 1350.81 548394 401.754 -2.69523
6590 1332.01 489842 401.837 -2.69657
6600 1249.82 517831 401.912 -2.69759
6610 1322.77 544365 402.124 -2.69989
6620 1479.35 482281 402.611 -2.70472
6630 1423.22 454066 402.984 -2.70824
6640 1417.75 473778 403.037 -2.70896
6650 1360.99 492813 402.885 -2.70783
6660 1282.21 501790 402.68 -2.70602
6670 1385.11 474508 402.468 -2.70403
6680 1383.55 488604 402.092 -2.70059
6690 1250.19 561738 401.691 -2.69645
6700 1409.76 521415 401.682 -2.69613
6710 1523.92 476986 401.844 -2.69757
6720 1417.6 511252 401.883 -2.69812
6730 1251.55 569203 402.032 -2.70002
6740 1271.23 505842 402.629 -2.70631
6750 1476.44 412064 403.237 -2.71158
6760 1371.03 474327 403.28 -2.71179
6770 1248.56 512205 403.103 -2.71001
6780 1256.76 502727 402.994 -2.70865
6790 1422.38 479667 402.907 -2.70733
6800 1550.88 457314 402.656 -2.70481
6810 1333.1 545047 402.18 -2.70013
6820 1433.78 519673 401.965 -2.69786
6830 1572.87 478056 401.903 -2.6975
6840 1308.67 536986 401.747 -2.69647
6850 1213.08 581280 401.878 -2.69828
6860 1452.91 486362 402.526 -2.70498
6870 1590.06 444690 403.108 -2.71039
6880 1547.55 480783 403.315 -2.71287
6890 1406.8 468384 403.334 -2.71403
6900 1204.15 453677 403.111 -2.71282
6910 1165.63 507859 402.589 -2.70823
6920 1252.02 535451 402.118 -2.70325
6930 1407.32 510795 401.89 -2.70054
6940 1349.97 539131 401.794 -2.69923
6950 1369.48 541659 401.988 -2.70101
6960 1471.91 471817 402.443 -2.7052
6970 1414.09 492639 402.751 -2.70798
6980 1402.08 501207 402.994 -2.71043
6990 1570.57 421217 403.175 -2.71237
7000 1404.71 463282 402.835 -2.71003
7010 1143.03 553244 402.264 -2.70468
7020 1232.23 513828 402.016 -2.70203
7030 1347.57 500067 401.899 -2.70057
7040 1293.35 534774 401.827 -2.69944
7050 1294.88 511878 401.983 -2.70053
7060 1382.11 483019 402.222 -2.70222
7070 1494.46 509278 402.383 -2.70323
7080 1644.69 459333 402.546 -2.70468
7090 1466.79 484539 402.463 -2.70433
7100 1403.61 512937 402.265 -2.70298
7110 1553.16 464667 402.116 -2.7023
7120 1389.77 488576 401.752 -2.69995
7130 1187.18 553499 401.351 -2.69652
7140 1344.82 496247 401.263 -2.69594
7150 1296.2 542712 401.239 -2.69584
7160 1202.96 577816 401.533 -2.69912
7170 1243.14 519064 402.358 -2.70757
7180 1403.87 435727 403.306 -2.71585
7190 1415.91 412755 403.787 -2.71927
7200 1314.99 472042 403.655 -2.71763
7210 1410.69 458554 403.244 -2.7135
7220 1436.84 470025 402.553 -2.70696
7230 1409.24 508631 401.661 -2.69831
7240 1430.85 565782 400.867 -2.69001
7250 1594.75 572761 400.558 -2.68673
7260 1621.53 525548 400.774 -2.68973
7270 1308.69 531609 401.226 -2.6954
7280 1175.97 531797 401.916 -2.70335
7290 1290.5 451118 402.783 -2.71198
7300 1377.8 405758 403.289 -2.71627
7310 1225.36 461155 403.136 -2.71483
7320 1172.81 527966 402.698 -2.71025
7330 1369.61 499037 402.412 -2.70668
7340 1550.44 471444 402.13 -2.70339
7350 1494.76 539109 401.706 -2.69907
7360 1312.9 558187 401.558 -2.69751
7370 1313.83 499655 401.804 -2.69998
7380 1315.54 514465 402.106 -2.70275
7390 1439.35 503052 402.497 -2.70643
7400 1584.73 443739 402.871 -2.70987
7410 1504.46 472232 402.877 -2.7103
7420 1347.73 490073 402.661 -2.70884
7430 1263.56 501037 402.369 -2.70653
7440 1273.75 526113 402.109 -2.70405
7450 1380.39 490479 402.008 -2.70303
7460 1302.2 488401 401.866 -2.70156
7470 1343.83 514065 401.658 -2.69934
7480 1395.2 532642 401.562 -2.69811
7490 1334.04 502178 401.684 -2.69909
7500 1441.15 487589 401.838 -2.70036
7510 1603.48 488894 401.909 -2.701
7520 1608.83 483429 401.891 -2.7014
7530 1483.61 487304 401.758 -2.70115
7540 1429.08 492012 401.532 -2.70012
7550 1455.07 524831 401.276 -2.69873
7560 1302.29 524738 401.188 -2.69895
7570 1020.92 525259 401.302 -2.70067
7580 1161.91 498464 401.588 -2.7035
7590 1296.6 472211 401.86 -2.70553
7600 1269.98 483871 401.951 -2.70567
7610 1277.38 465574 401.891 -2.70433
7620 1226.03 480981 401.597 -2.70073
7630 1249.64 538235 401.197 -2.69569
7640 1583.58 526430 401.045 -2.69287
7650 1770.34 495771 401.093 -2.69258
7660 1680.95 503608 401.137 -2.69341
7670 1456.07 538871 401.233 -2.6955
7680 1247.33 526828 401.594 -2.70027
7690 1177.26 490439 402.145 -2.70626
7700 1167.38 469335 402.628 -2.71086
7710 1241.45 456874 402.875 -2.71273
7720 1416.39 464719 402.806 -2.71151
7730 1486.44 447226 402.449 -2.70785
7740 1342.9 478895 401.727 -2.70123
7750 1216.2 575975 400.911 -2.69259
7760 1450.37 568734 400.612 -2.68876
7770 1528.78 529338 400.825 -2.69068
7780 1302.58 550749 401.312 -2.69577
7790 1310.72 520723 402.146 -2.70458
7800 1517.25 421326 403.082 -2.71308
7810 1510.77 411811 403.464 -2.71629
7820 1225.67 486944 403.224 -2.71441
7830 1115.17 529222 402.864 -2.71085
7840 1249.17 505461 402.695 -2.70865
7850 1387.42 472928 402.561 -2.70668
7860 1376.87 524299 402.292 -2.70338
7870 1383.04 527277 402.178 -2.70161
7880 1358.99 497072 402.257 -2.70193
7890 1225.85 498883 402.339 -2.70226
7900 1193.87 517512 402.426 -2.70249
7910 1227.49 523777 402.641 -2.70375
7920 1482.07 495162 403.014 -2.70633
7930 1728.16 449614 403.338 -2.70847
7940 1730.39 442667 403.296 -2.70824
7950 1520.34 510518 402.875 -2.70526
7960 1449.88 495602 402.476 -2.70247
7970 1333.82 517336 402.083 -2.69986
7980 1107.07 583778 401.874 -2.69838
7990 1191.45 517674 402.213 -2.70213
8000 1345.3 463038 402.693 -2.70645
8010 1213.27 499806 402.959 -2.70853
8020 1198.71 478412 403.168 -2.71001
8030 1192.42 480474 403.239 -2.70979
8040 1338.98 457007 403.137 -2.70775
8050 1507.94 445477 402.713 -2.70294
8060 1551.06 516162 401.942 -2.69488
8070 1652.06 597144 401.318 -2.68802
8080 1764.96 559961 401.368 -2.68915
8090 1676.07 472736 401.844 -2.69548
8100 1325.25 545389 402.228 -2.7011
8110 1207.66 518366 402.882 -2.70946
8120 1203.38 416144 403.627 -2.71699
8130 1168.18 421527 403.786 -2.71857
8140 1096.78 496723 403.389 -2.71476
8150 1213.91 511501 402.933 -2.70957
8160 1412.43 468733 402.529 -2.7048
8170 1427.32 529240 401.973 -2.69861
8180 1381.28 573602 401.645 -2.69444
8190 1458.85 524663 401.817 -2.69573
8200 1465.17 531407 402.228 -2.69968
8210 1506.98 479799 402.832 -2.70575
8220 1529.7 441573 403.292 -2.71019
8230 1532.94 431664 403.307 -2.71105
8240 1416.04 477721 402.842 -2.70785
8250 1333.36 518172 402.21 -2.7025
8260 1315.89 531438 401.711 -2.69811
8270 1184.68 554489 401.477 -2.69598
8280 1296.34 521282 401.626 -2.69751
8290 1396.05 493219 401.94 -2.7004
8300 1304.56 515476 402.243 -2.70316
8310 1327.53 492286 402.628 -2.70671
8320 1443.04 440865 402.93 -2.70917
8330 1439.72 460724 402.826 -2.70808
8340 1310 537333 402.466 -2.70453
8350 1350.02 519680 402.333 -2.70301
8360 1435.21 469311 402.335 -2.70287
8370 1444.76 494496 402.16 -2.70122
8380 1343.58 521012 401.95 -2.69924
8390 1269.68 498961 401.868 -2.69844
8400 1326.77 506542 401.81 -2.69774
8410 1290 519429 401.808 -2.69741
8420 1322.35 499069 401.934 -2.69827
8430 1372.85 476810 402.054 -2.69893
8440 1344.76 489836 402.021 -2.69816
8450 1410.51 510978 401.923 -2.69676
8460 1599.01 483677 401.873 -2.69602
8470 1594.55 500989 401.745 -2.69505
8480 1514.07 504979 401.608 -2.69453
8490 1285.3 556139 401.557 -2.69495
8500 1289.42 531855 401.888 -2.69908
8510 1479.46 448421 402.416 -2.70452
8520 1338.22 489905 402.635 -2.70693
8530 1178.89 559779 402.801 -2.70899
8540 1297.96 486159 403.322 -2.7143
8550 1443.88 400493 403.719 -2.71757
8560 1300.54 490396 403.482 -2.71521
8570 1393.32 533978 403.125 -2.71141
8580 1636.41 486558 402.99 -2.7099
8590 1652.47 468795 402.767 -2.70848
8600 1396.82 566501 402.41 -2.70593
8610 1263.89 532717 402.46 -2.70734
8620 1126.19 533894 402.804 -2.71132
8630 1133.99 519315 403.398 -2.71745
8640 1357.27 446199 404.085 -2.7234
8650 1466.2 435121 404.407 -2.72558
8660 1458.41 413318 404.198 -2.72364
8670 1213.47 496888 403.415 -2.71644
8680 1339.97 502530 402.548 -2.70755
8690 1494.29 524431 401.749 -2.69916
8700 1449.81 543738 401.136 -2.69267
8710 1219.03 622138 400.931 -2.69047
8720 1365.83 556902 401.55 -2.6974
8730 1544.19 483022 402.603 -2.7076
8740 1472.93 475859 403.569 -2.71681
8750 1406.74 453095 404.315 -2.72391
8760 1379.47 419453 404.695 -2.72762
8770 1409.04 389749 404.435 -2.72615
8780 1169.75 494741 403.441 -2.71758
8790 1327.8 483201 402.32 -2.70669
8800 1447.37 522625 401.14 -2.69515
8810 1183.18 625256 400.204 -2.68467
8820 1223.33 617587 400.16 -2.68371
8830 1530.3 535748 400.964 -2.69193
8840 1472.25 503030 402.077 -2.70278
8850 1234.49 447560 403.176 -2.71293
8860 1215.53 426167 403.891 -2.71867
8870 1465.94 425657 404.034 -2.71929
8880 1512.66 458556 403.627 -2.71534
8890 1485.9 502358 402.921 -2.70862
8900 1528.57 500100 402.211 -2.70196
8910 1372.17 534489 401.543 -2.69588
8920 1282.37 578102 401.172 -2.69228
8930 1434.03 527356 401.325 -2.69414
8940 1447.13 519644 401.733 -2.69861
8950 1388.81 495229 402.27 -2.70438
8960 1281.48 490814 402.786 -2.7097
8970 1282.31 454978 403.202 -2.71374
8980 1255.64 456025 403.291 -2.71443
8990 1233.16 516096 403.089 -2.71213
9000 1417.25 507924 402.965 -2.71033
9010 1604.69 466465 402.885 -2.70915
9020 1592.79 473752 402.588 -2.70662
9030 1373.29 518227 402.118 -2.70271
9040 1097.46 581516 401.822 -2.7
9050 1273.13 535961 402.074 -2.70263
9060 1581.47 454668 402.583 -2.70722
9070 1462.93 457070 402.792 -2.70916
9080 1153.86 531293 402.734 -2.70876
9090 1319.43 469184 402.808 -2.70938
9100 1346.77 448871 402.686 -2.70801
9110 1166.71 511712 402.231 -2.70334
9120 1214.71 561168 401.868 -2.69891
9130 1444.02 527652 401.923 -2.69852
9140 1478.18 510528 402.208 -2.70055
9150 1392.3 505469 402.585 -2.70383
9160 1529.4 457157 402.963 -2.70715
9170 1495.7 492345 403.082 -2.70826
9180 1472.06 456707 403.072 -2.70857
9190 1424.54 477858 402.789 -2.70656
9200 1375.19 523051 402.352 -2.70284
9210 1349.55 538222 402.09 -2.70062
9220 1307.86 495826 402.075 -2.70083
9230 1164.06 532885 402.101 -2.7012
9240 1187.83 523214 402.345 -2.70347
9250 1356.6 475577 402.739 -2.70664
9260 1441.9 475423 402.982 -2.70822
9270 1506.77 452445 403.011 -2.70807
9280 1492.42 482664 402.72 -2.70533
9290 1472.17 495157 402.285 -2.70134
9300 1471.68 506733 401.826 -2.69737
9310 1332.35 537557 401.445 -2.69401
9320 1287.07 542704 401.34 -2.6933
9330 1243.4 558563 401.579 -2.69598
9340 1425.8 504040 402.215 -2.70254
9350 1546.74 442190 402.871 -2.70854
9360 1461.08 475254 403.148 -2.71132
9370 1377.43 466773 403.2 -2.71234
9380 1252.23 432980 402.974 -2.71084
9390 1193.98 510338 402.326 -2.70494
9400 1422.51 532062 401.723 -2.69848
9410 1495.63 535913 401.371 -2.69469
9420 1405.87 543228 401.308 -2.69411
9430 1444.39 523668 401.554 -2.6969
9440 1297.34 560105 402.038 -2.7023
9450 1390.65 485303 402.886 -2.71119
9460 1443.88 429907 403.636 -2.71801
9470 1279.94 442475 403.883 -2.72027
9480 1206.54 475340 403.695 -2.71855
9490 1231.77 496613 403.315 -2.71459
9500 1296.81 486436 402.893 -2.70995
9510 1291.63 526884 402.412 -2.70454
9520 1345.87 573168 402.163 -2.70106
9530 1717.75 498659 402.385 -2.70263
9540 1672.36 503256 402.664 -2.70538
9550 1458.58 533638 402.986 -2.70947
9560 1445.12 481210 403.506 -2.71559
9570 1471.91 419234 403.868 -2.71982
9580 1351.33 446976 403.669 -2.71914
9590 1117.21 506588 403.085 -2.71434
9600 1100.22 511939 402.53 -2.70882
9610 1377.89 477669 402.044 -2.70378
9620 1377.11 546073 401.477 -2.69775
9630 1185.33 584465 401.251 -2.69484
9640 1240.92 551105 401.628 -2.69829
9650 1488.83 504141 402.392 -2.70532
9660 1542.81 463095 403.176 -2.71197
9670 1409.09 482221 403.726 -2.71684
9680 1629.47 408864 404.052 -2.7199
9690 1613.59 411796 403.732 -2.71807
9700 1349.48 484870 402.788 -2.71073
9710 1284.3 531066 401.718 -2.70093
9720 1311.64 580180 400.923 -2.69282
9730 1279.76 579146 400.708 -2.69071
9740 1051.03 602839 401.146 -2.69579
9750 1223.73 486272 402.243 -2.70694
9760 1405.71 464424 403.311 -2.71572
9770 1451.44 446976 404.088 -2.72196
9780 1550.34 401889 404.423 -2.72433
9790 1479.29 424043 404.048 -2.72121
9800 1365.35 460801 403.098 -2.71321
9810 1279.96 520480 401.886 -2.70173
9820 1425.57 536137 400.821 -2.69063
9830 1535.61 589197 400.078 -2.68283
9840 1415.11 634981 400.04 -2.68289
9850 1360.61 557574 400.933 -2.69348
9860 1276.91 515506 402.295 -2.70812
9870 1259.59 431843 403.726 -2.7215
9880 1225.52 411077 404.667 -2.72895
9890 1393.84 364808 404.875 -2.73029
9900 1323.49 386517 404.082 -2.72421
9910 1110.9 498270 402.5 -2.70977
9920 1371.3 536761 400.866 -2.6925
9930 1510.55 646162 399.619 -2.67748
9940 1581.7 634123 399.407 -2.67424
9950 1498.71 588195 400.206 -2.68359
9960 1375.6 563029 401.69 -2.70072
9970 1288.2 450459 403.574 -2.7198
9980 1212.11 361308 405.076 -2.7318
9990 1251.67 348648 405.526 -2.73464
10000 1289.88 390233 404.836 -2.72897
