# Time-averaged data for fix 4
# TimeStep c_mytemp c_mypress v_vmyvol v_avgEtotal
10 1140.47 579110 401.825 -2.71014
20 1288.88 549544 401.917 -2.71085
30 1486.27 444998 402.355 -2.71463
40 1383.1 526142 402.49 -2.71581
50 1345.73 550798 402.797 -2.7193
60 1528.89 431831 403.394 -2.72536
70 1392 422596 403.527 -2.72711
80 1106.58 505007 403.108 -2.72378
90 1320.5 479277 402.656 -2.71947
100 1524.4 448187 402.04 -2.71431
110 1279.89 571051 401.154 -2.70598
120 1245.63 575516 400.742 -2.70163
130 1261.14 572683 400.95 -2.70408
140 1166.65 549395 401.714 -2.71241
150 1124.9 499566 402.854 -2.72373
160 1333.96 410393 403.939 -2.7328
170 1384.42 401697 404.361 -2.73538
180 1369.11 423553 404.002 -2.73195
190 1336.71 477349 403.059 -2.72338
200 1272.76 531421 401.96 -2.71219
210 1266.7 547809 401.097 -2.7029
220 1270.09 607077 400.678 -2.69787
230 1502.57 574494 401.039 -2.70159
240 1507.55 519725 401.983 -2.7116
250 1178.27 475706 403.079 -2.72251
260 1157.2 452139 403.994 -2.73085
270 1523.39 384892 404.467 -2.73465
280 1537.51 413057 404.085 -2.73183
290 1302.72 496697 403.056 -2.72307
300 1217.05 520805 401.968 -2.71271
310 1254.15 579727 401.106 -2.70373
320 1465.69 571884 400.838 -2.70071
330 1442.8 563292 401.154 -2.70449
340 1187.59 531606 401.954 -2.7136
350 1034.54 507653 403.004 -2.72411
360 1120.97 477179 404.106 -2.73456
370 1394.61 370984 404.945 -2.74084
380 1412.52 391575 404.834 -2.73922
390 1331.46 466541 403.888 -2.73074
400 1379.82 500980 402.664 -2.71876
410 1507.64 516288 401.456 -2.70675
420 1430.22 587914 400.452 -2.69641
430 1272.53 621432 400.131 -2.69315
440 1209.44 581076 400.73 -2.7004
450 1311.79 522186 401.959 -2.71359
460 1406.11 435904 403.322 -2.72646
470 1168.11 418565 404.21 -2.7338
480 1105.76 459237 404.482 -2.73588
490 1331.36 411822 404.34 -2.73421
500 1259.99 457791 403.577 -2.72717
510 1240.08 528247 402.505 -2.71608
520 1434.71 544116 401.64 -2.70633
530 1527.19 548142 401.14 -2.70053
540 1540.03 542107 401.024 -2.69942
550 1428.11 581492 401.287 -2.70299
560 1335.8 529033 402.127 -2.713
570 1279.21 454566 403.174 -2.72356
580 1106.26 470209 403.915 -2.73061
590 1107.07 463721 404.393 -2.73492
600 1276.43 428233 404.549 -2.73584
610 1418.7 415125 404.144 -2.73196
620 1414.53 448010 403.096 -2.72287
630 1218.32 562448 401.719 -2.70927
640 1209.89 629826 400.834 -2.69872
650 1343.38 559960 400.885 -2.69866
660 1374 561124 401.493 -2.70479
670 1433.57 522969 402.531 -2.71561
680 1406.17 457200 403.734 -2.72719
690 1385.1 408336 404.586 -2.73463
700 1308.71 414792 404.732 -2.73608
710 1274.46 444104 404.208 -2.7319
720 1212.86 461419 403.234 -2.72331
730 1208.38 503719 401.991 -2.71154
740 1271.91 611893 400.852 -2.69903
750 1285.74 645663 400.578 -2.69522
760 1341.89 533028 401.347 -2.70333
770 1333.84 516835 402.454 -2.71403
780 1284.62 476455 403.666 -2.72576
790 1329.21 368741 404.616 -2.73332
800 1489.81 391610 404.596 -2.73281
810 1482.35 494077 403.765 -2.72559
820 1367.23 507841 402.835 -2.71676
830 1233.26 505782 401.983 -2.70885
840 1318.8 568572 401.235 -2.70144
850 1323.22 608010 401.051 -2.69949
860 1414.35 513918 401.608 -2.7056
870 1399.13 503515 402.359 -2.71338
880 1404.64 456133 403.08 -2.72065
890 1246.66 490876 403.517 -2.72515
900 1238.74 461670 403.826 -2.7284
910 1366.86 406810 403.799 -2.72843
920 1281.18 493147 403.148 -2.72279
930 1220.02 530513 402.398 -2.71526
940 1329.57 547283 401.909 -2.70996
950 1297.21 553831 401.795 -2.70856
960 1295.85 546501 402.114 -2.7118
970 1471.19 475530 402.742 -2.71785
980 1383.61 500363 403.257 -2.72277
990 1266.26 464053 403.709 -2.72734
1000 1155.93 450719 403.894 -2.729
1010 1298.91 460859 403.701 -2.727
1020 1439.99 455998 403.18 -2.72209
1030 1404.97 522127 402.381 -2.71441
1040 1358.8 544041 401.735 -2.70781
1050 1288.72 567139 401.465 -2.70511
1060 1372.01 513401 401.668 -2.70739
1070 1271.13 505317 402.029 -2.71103
1080 1288.95 490180 402.408 -2.71482
1090 1362.64 493296 402.733 -2.71787
1100 1422.47 468667 402.978 -2.72029
1110 1398.32 442351 402.963 -2.72051
1120 1135.75 551827 402.604 -2.71734
1130 1177 517011 402.549 -2.71664
1140 1418.45 446525 402.614 -2.71695
1150 1440.79 511220 402.355 -2.71435
1160 1265.42 570432 402.187 -2.71273
1170 1153.91 520092 402.508 -2.71609
1180 1250.84 471173 402.985 -2.72028
1190 1311.65 512999 403.306 -2.72286
1200 1359.92 482821 403.663 -2.72589
1210 1293.54 459071 403.896 -2.72762
1220 1470.81 431302 403.791 -2.72645
1230 1554.94 436435 403.158 -2.72128
1240 1164.45 553559 402.126 -2.71177
1250 1170.63 583992 401.466 -2.70444
1260 1416.01 545935 401.445 -2.70399
1270 1415.15 531876 401.809 -2.70775
1280 1272.45 542369 402.45 -2.71461
1290 1360.33 466523 403.355 -2.72376
1300 1397.63 418266 404.003 -2.72941
1310 1150.11 480953 404.071 -2.73008
1320 1177.87 469973 403.93 -2.72863
1330 1312.08 452614 403.549 -2.72486
1340 1345.19 504851 402.844 -2.71782
1350 1437.51 560627 402.206 -2.71083
1360 1544.46 520201 401.985 -2.70845
1370 1349.75 543958 401.986 -2.70892
1380 1187.78 562693 402.34 -2.71325
1390 1347.59 488899 403.12 -2.72134
1400 1315.59 470718 403.85 -2.72823
1410 1238.06 477135 404.352 -2.7329
1420 1350.99 455731 404.65 -2.7356
1430 1379.45 401200 404.553 -2.73489
1440 1170.22 473229 403.769 -2.72821
1450 1234.44 524897 402.768 -2.71802
1460 1464.63 497238 401.923 -2.70924
1470 1366.29 545185 401.136 -2.70122
1480 1291.18 606534 400.735 -2.6968
1490 1420.1 550357 401.1 -2.70087
1500 1382.27 498548 401.865 -2.7087
1510 1247 506984 402.673 -2.71693
1520 1366.55 414576 403.428 -2.72397
1530 1381.15 430819 403.589 -2.72537
1540 1255.45 475253 403.208 -2.72218
1550 1175.45 473016 402.602 -2.71655
1560 1322.78 508810 401.822 -2.70902
1570 1368.54 606261 401.186 -2.70193
1580 1520.08 531258 401.259 -2.70255
1590 1450.64 514240 401.646 -2.70674
1600 1326.74 546323 402.175 -2.71288
1610 1275.17 515125 403.026 -2.72225
1620 1209.51 439164 403.953 -2.73125
1630 1252.28 396159 404.408 -2.73504
1640 1268.15 443448 404.086 -2.73222
1650 1254.41 494940 403.321 -2.72479
1660 1359.84 483746 402.483 -2.71646
1670 1374.88 528740 401.573 -2.70737
1680 1190.03 629990 400.962 -2.70044
1690 1322.32 580447 401.277 -2.70378
1700 1495.72 488734 402.206 -2.71296
1710 1421.99 482670 403.098 -2.72138
1720 1281.76 497034 403.857 -2.72893
1730 1331.02 438438 404.532 -2.73541
1740 1392.07 366948 404.689 -2.737
1750 1368.21 410870 403.863 -2.73102
1760 1247.57 523155 402.385 -2.71786
1770 1142.91 585974 401.088 -2.70374
1780 1225.86 577062 400.446 -2.69618
1790 1235.19 592447 400.451 -2.69581
1800 1206.14 579678 401.169 -2.70343
1810 1378.47 478526 402.451 -2.71607
1820 1391.85 392922 403.556 -2.72476
1830 1270.33 412612 403.87 -2.72671
1840 1380.06 428263 403.468 -2.723
1850 1412.43 472654 402.528 -2.71446
1860 1435.28 512941 401.384 -2.70337
1870 1527.71 553082 400.368 -2.69321
1880 1405.46 601380 399.802 -2.68759
1890 1336.01 588948 400.007 -2.69074
1900 1378.69 514223 400.866 -2.70067
1910 1260.96 473177 401.859 -2.71085
1920 1088.55 458029 402.644 -2.71839
1930 1060.43 443105 403.083 -2.72215
1940 1201.01 436020 403.07 -2.72147
1950 1354.9 435260 402.548 -2.71622
1960 1415.65 507116 401.577 -2.7066
1970 1516.55 575101 400.684 -2.69669
1980 1606.4 557236 400.336 -2.69295
1990 1515.28 556701 400.47 -2.69523
2000 1282.08 565947 401.062 -2.70279
2010 1256.65 514598 402.131 -2.71498
2020 1359.91 419304 403.268 -2.72593
2030 1321.35 409100 403.81 -2.73083
2040 1139.72 462975 403.662 -2.72989
2050 1018.94 464157 403.18 -2.72543
2060 1056.68 479380 402.435 -2.71815
2070 1138.99 544255 401.579 -2.70856
2080 1240.15 578128 401.069 -2.70166
2090 1403.32 580394 401.166 -2.70133
2100 1536.39 538356 401.881 -2.70794
2110 1563.62 459026 402.86 -2.7169
2120 1447.8 441547 403.55 -2.723
2130 1446.97 454808 403.787 -2.72554
2140 1424.08 428860 403.629 -2.72488
2150 1336.82 447687 402.934 -2.71988
2160 1172.27 567741 401.924 -2.71047
2170 1313.28 546201 401.352 -2.70439
2180 1224.81 563857 401.201 -2.70297
2190 1067.17 606906 401.585 -2.70744
2200 1204.56 497538 402.708 -2.71911
2210 1334.41 399070 403.801 -2.72775
2220 1253.92 426148 404.167 -2.72987
2230 1224.41 436574 403.917 -2.727
2240 1288.33 453075 403.167 -2.7197
2250 1477.26 509722 402.097 -2.70872
2260 1652.31 530440 401.087 -2.69814
2270 1550.46 586836 400.383 -2.69094
2280 1487.18 579893 400.321 -2.69125
2290 1278.4 595079 400.928 -2.6994
2300 1188.27 505703 402.196 -2.71392
2310 1218.35 438329 403.522 -2.72636
2320 1302.54 411334 404.364 -2.73358
2330 1313.05 392601 404.485 -2.73465
2340 1115.44 422565 403.776 -2.72896
2350 973.911 492471 402.492 -2.71708
2360 1224.18 546107 401.16 -2.70262
2370 1416.71 593245 400.216 -2.69103
2380 1413.08 638862 400.036 -2.68799
2390 1562.23 569380 400.877 -2.6973
2400 1667.68 467107 402.233 -2.71095
2410 1433.34 456192 403.382 -2.72208
2420 1169.17 459082 404.177 -2.73009
2430 1221.46 417235 404.595 -2.73424
2440 1232.2 407774 404.371 -2.73263
2450 1179.51 449796 403.439 -2.72483
2460 1173.99 554508 402.188 -2.71215
2470 1345.65 547597 401.296 -2.70185
2480 1467.68 560348 400.831 -2.69632
2490 1448.78 578789 400.858 -2.69649
2500 1361.52 548554 401.476 -2.7034
2510 1342.03 490782 402.457 -2.71359
2520 1381.86 446727 403.364 -2.72212
2530 1294.65 438216 403.858 -2.72672
2540 1120.44 450241 403.862 -2.72688
2550 1213.93 477493 403.49 -2.72322
2560 1547.43 447404 402.887 -2.71746
2570 1506.53 533519 401.977 -2.70896
2580 1279.42 610983 401.345 -2.70236
2590 1303.98 584977 401.538 -2.70487
2600 1497.45 479209 402.34 -2.71352
2610 1251.16 490664 403.066 -2.7207
2620 1081 489030 403.697 -2.72717
2630 1235.18 417079 404.176 -2.73128
2640 1261.86 420308 404.044 -2.72977
2650 1235.75 467155 403.304 -2.72284
2660 1384.09 496031 402.304 -2.71271
2670 1542.93 521079 401.291 -2.70234
2680 1549.06 573011 400.491 -2.69393
2690 1525.92 585807 400.253 -2.69203
2700 1290.37 604970 400.717 -2.6985
2710 1181.02 515382 401.923 -2.71248
2720 1200.33 414596 403.234 -2.72466
2730 1182.39 395853 403.903 -2.72993
2740 1161.18 433406 403.767 -2.72846
2750 1203.85 453794 403.09 -2.72193
2760 1339.17 454804 402.04 -2.71192
2770 1470.09 544363 400.721 -2.69856
2780 1448.82 618171 399.772 -2.68744
2790 1493.3 585765 399.695 -2.68652
2800 1454.22 573207 400.319 -2.69399
2810 1344.92 529488 401.497 -2.7075
2820 1231.52 428145 402.848 -2.72072
2830 1057.31 416118 403.677 -2.7277
2840 1002.44 442899 403.851 -2.72884
2850 1221.4 427806 403.531 -2.72532
2860 1380.43 444474 402.664 -2.71692
2870 1455.17 528924 401.423 -2.70431
2880 1444.71 604099 400.437 -2.69294
2890 1360.93 579686 400.21 -2.69011
2900 1279.9 602075 400.676 -2.69548
2910 1364.21 528992 401.866 -2.70866
2920 1394.29 433320 403.26 -2.72166
2930 1188.21 431537 404.174 -2.72934
2940 1104.87 427738 404.523 -2.73213
2950 1290.06 386970 404.253 -2.72957
2960 1372.14 462853 403.167 -2.7201
2970 1246.68 581846 401.856 -2.70592
2980 1418.44 531018 401.076 -2.69684
2990 1560.62 561677 400.631 -2.69193
3000 1555.01 630608 400.726 -2.69358
3010 1380.23 527789 401.718 -2.70562
3020 1236.11 460616 402.949 -2.71794
3030 1090.82 525187 403.967 -2.72814
3040 1287.04 424839 405.027 -2.73824
3050 1413.36 352519 405.502 -2.74181
3060 1349.52 393347 404.857 -2.73708
3070 1401.34 486608 403.408 -2.72457
3080 1535.37 505497 401.823 -2.70939
3090 1382.85 588950 400.364 -2.69509
3100 1202.2 697451 399.678 -2.68736
3110 1285.51 580861 400.375 -2.69607
3120 1280.46 547852 401.786 -2.7115
3130 1148.2 553284 403.592 -2.73114
3140 1202.67 406191 405.684 -2.75107
3150 1372.68 287789 407.012 -2.75967
3160 1208.06 363344 406.735 -2.75714
3170 1065.23 464184 405.371 -2.74518
3180 1252.76 477818 403.682 -2.72857
3190 1487.77 501290 401.863 -2.7103
3200 1438.41 611837 400.16 -2.6915
3210 1230.87 729345 399.399 -2.68159
3220 1331.4 613855 400.259 -2.69215
3230 1363.98 520582 402.067 -2.71154
3240 1429.63 420855 403.989 -2.72891
3250 1308.69 403400 405.317 -2.73951
3260 1237.86 386632 405.841 -2.74359
3270 1335.49 379269 405.445 -2.74055
3280 1297.95 449249 404.142 -2.72984
3290 1246.17 538109 402.475 -2.71347
3300 1375 595678 401.135 -2.69838
3310 1409.94 608235 400.544 -2.69127
3320 1365.24 585750 400.806 -2.69432
3330 1358.58 531001 401.721 -2.7043
3340 1312.28 507030 402.897 -2.71635
3350 1259.23 460723 404.1 -2.72795
3360 1364.25 388048 404.94 -2.735
3370 1459.89 409627 404.947 -2.73506
3380 1482.88 459119 404.231 -2.72943
3390 1304.04 527519 403.24 -2.72033
3400 1301.06 506335 402.402 -2.71249
3410 1256.06 599429 401.741 -2.70592
3420 1323.99 580426 401.794 -2.70675
3430 1322.04 496659 402.447 -2.71358
3440 1395.22 476616 403.115 -2.72009
3450 1507.36 489207 403.606 -2.72503
3460 1390.97 501767 404.013 -2.72969
3470 1345.4 456932 404.375 -2.73387
3480 1149.27 503286 404.473 -2.7353
3490 1269.23 456867 404.514 -2.73593
3500 1413.33 450371 404.248 -2.73371
3510 1368.15 534040 403.654 -2.72823
3520 1307.7 547383 403.303 -2.72473
3530 1358 466639 403.26 -2.72457
3540 1205.81 543442 403.081 -2.72306
3550 1196.52 536611 403.19 -2.72421
3560 1388.34 463181 403.545 -2.7273
3570 1381.88 533470 403.713 -2.72875
3580 1255.44 558968 404.113 -2.73307
3590 1275.47 464943 404.899 -2.7409
3600 1345.96 400268 405.412 -2.74502
3610 1216.65 473865 405.219 -2.74303
3620 1269.52 475568 404.765 -2.73837
3630 1337.44 468077 404.111 -2.73208
3640 1258.63 580955 403.316 -2.72361
3650 1377.8 559344 403.088 -2.72051
3660 1576.4 464871 403.283 -2.72217
3670 1380.15 540925 403.318 -2.72282
3680 1036.75 625233 403.728 -2.72813
3690 1386.38 398210 404.861 -2.73934
3700 1317.81 396909 405.351 -2.74268
3710 1030.52 567473 405.135 -2.74032
3720 1329.38 493264 405.267 -2.7411
3730 1572.91 387093 405.337 -2.74118
3740 1479.46 475409 404.639 -2.73524
3750 1281.26 574559 403.768 -2.72652
3760 1288.38 499851 403.381 -2.72247
3770 1328.02 484173 403.046 -2.71954
3780 1148.74 617996 402.722 -2.7162
3790 1314.81 523176 403.157 -2.72078
3800 1369.93 445637 403.797 -2.72635
3810 1150.91 573156 404.158 -2.72966
3820 1259.25 488850 404.927 -2.73754
3830 1453 383545 405.594 -2.74256
3840 1257.78 492754 405.474 -2.74101
3850 1250.1 512277 405.229 -2.73817
3860 1567.98 415059 404.999 -2.73583
3870 1498.14 441597 404.187 -2.72933
3880 1076.87 593209 403.015 -2.71804
3890 1177.02 597530 402.509 -2.71184
3900 1569.37 485178 402.694 -2.71335
3910 1380.92 556956 402.931 -2.71583
3920 1392.95 484170 403.481 -2.72183
3930 1264.11 473720 403.967 -2.72661
3940 1210.95 507215 404.261 -2.72961
3950 1219.54 495415 404.585 -2.73277
3960 1273.85 426423 404.82 -2.73464
3970 1402.26 444407 404.525 -2.73183
3980 1362.09 551307 403.868 -2.7252
3990 1496.25 531710 403.521 -2.72148
4000 1456.02 519739 403.468 -2.7213
4010 1235.23 530352 403.579 -2.72302
4020 1151.16 512833 403.931 -2.72692
4030 1378.02 447530 404.331 -2.7306
4040 1365.57 503972 404.416 -2.73132
4050 1337.6 463173 404.44 -2.7317
4060 1217.4 480298 404.231 -2.72984
4070 1247.8 506641 403.866 -2.7262
4080 1336.79 513828 403.553 -2.72281
4090 1393.19 500397 403.347 -2.72051
4100 1342.09 530179 403.17 -2.71875
4110 1232.57 571321 403.278 -2.71994
4120 1419.81 450540 403.816 -2.72513
4130 1389.18 459623 404.057 -2.72721
4140 1256.34 516403 404.005 -2.72682
4150 1237.87 530622 404.062 -2.7274
4160 1337.63 456874 404.299 -2.72957
4170 1356.5 422899 404.214 -2.72879
4180 1281.03 509347 403.615 -2.72314
4190 1322.56 536087 403.044 -2.7172
4200 1315.37 538011 402.771 -2.71412
4210 1363.13 500659 402.767 -2.71396
4220 1335.37 546955 402.852 -2.71479
4230 1400.55 497670 403.228 -2.71868
4240 1314.51 476665 403.615 -2.72246
4250 1231.45 470703 403.823 -2.72447
4260 1344.5 455680 403.775 -2.72403
4270 1318.42 512548 403.453 -2.72081
4280 1395.58 461447 403.134 -2.71779
4290 1318.73 487513 402.586 -2.71285
4300 1229.95 563252 401.981 -2.70678
4310 1310.82 568610 401.851 -2.70518
4320 1560.68 474035 402.183 -2.70845
4330 1338.66 537547 402.448 -2.71134
4340 1257.22 514699 402.929 -2.71674
4350 1472.26 434598 403.492 -2.72226
4360 1418.34 426186 403.575 -2.72347
4370 1193.44 499995 403.128 -2.71996
4380 1197.12 526272 402.656 -2.71538
4390 1421.74 493995 402.357 -2.71244
4400 1406.51 531320 402.087 -2.70988
4410 1440.21 502138 402.006 -2.70942
4420 1438.9 508099 401.983 -2.70979
4430 1358.06 530948 402.04 -2.71117
4440 1220.71 509760 402.316 -2.71462
4450 1199.96 481486 402.656 -2.71826
4460 1173.53 525553 402.916 -2.7208
4470 1476.86 448859 403.273 -2.7241
4480 1517.96 426357 403.265 -2.72419
4490 1176.37 538329 402.775 -2.71995
4500 1131.56 525976 402.5 -2.71708
4510 1303.26 478567 402.417 -2.71603
4520 1201.73 560411 402.272 -2.7142
4530 1205.65 554323 402.541 -2.71665
4540 1366.64 449917 403.176 -2.72217
4550 1465.56 425218 403.456 -2.72396
4560 1253.01 544336 403.271 -2.7218
4570 1394.42 444771 403.23 -2.72121
4580 1265.76 496305 402.906 -2.71805
4590 1165.5 559659 402.557 -2.71419
4600 1297.54 512680 402.611 -2.71422
4610 1455.68 476749 402.78 -2.71529
4620 1487.52 507045 402.813 -2.71539
4630 1439.47 499314 402.88 -2.71627
4640 1338.61 441309 402.899 -2.71697
4650 1137.26 490505 402.541 -2.71402
4660 1209.39 524858 402.095 -2.70954
4670 1391.3 505130 401.82 -2.70648
4680 1427.77 531206 401.627 -2.70445
4690 1305.45 568239 401.706 -2.70542
4700 1342.72 484426 402.232 -2.71092
4710 1244.96 477580 402.689 -2.71514
4720 1229.01 500375 402.996 -2.71802
4730 1380.46 422774 403.213 -2.71983
4740 1301.96 464521 402.91 -2.71698
4750 1269.85 533852 402.35 -2.7113
4760 1381.51 506434 401.998 -2.70742
4770 1432.65 491230 401.715 -2.70462
4780 1279.17 569552 401.447 -2.70201
4790 1321.62 532459 401.642 -2.70415
4800 1414.33 516877 402.126 -2.70903
4810 1365.27 525669 402.751 -2.71568
4820 1281.05 474177 403.544 -2.72374
4830 1349.11 396168 404.088 -2.72865
4840 1173.45 465770 403.909 -2.72717
4850 1049.69 521754 403.453 -2.72243
4860 1408.87 435913 403.065 -2.71821
4870 1643 451729 402.258 -2.7109
4880 1604.77 561065 401.149 -2.70031
4890 1397.34 610735 400.503 -2.6939
4900 1293.04 570182 400.682 -2.69685
4910 1212.57 531303 401.425 -2.70544
4920 1174.96 486546 402.408 -2.71562
4930 1143.54 432263 403.254 -2.72317
4940 1006.02 481446 403.641 -2.72612
4950 1154.65 457863 403.807 -2.72686
4960 1301.74 427703 403.639 -2.72421
4970 1309.31 460777 402.931 -2.71695
4980 1266.33 564343 401.997 -2.70643
4990 1512.53 517659 401.461 -2.69963
5000 1490.6 546190 401.146 -2.69584
5010 1395.77 601034 401.231 -2.69683
5020 1402.31 541274 402.031 -2.70583
5030 1421.87 448626 403.128 -2.71678
5040 1359.12 435048 403.871 -2.72352
5050 1311.95 442370 404.088 -2.72587
5060 1267.54 457589 403.851 -2.72412
5070 1340.05 488747 403.291 -2.71917
5080 1353.03 505637 402.641 -2.71308
5090 1229.22 554237 402.079 -2.70755
5100 1315.58 537406 401.908 -2.70571
5110 1410.77 520701 402.043 -2.70708
5120 1335.25 523195 402.364 -2.71054
5130 1291.69 485601 402.835 -2.7153
5140 1105.01 486538 403.223 -2.719
5150 1179.48 426377 403.443 -2.72069
5160 1373.5 446864 403.141 -2.71747
5170 1586.88 494124 402.437 -2.71042
5180 1640.16 514994 401.679 -2.70324
5190 1372.16 558609 401.078 -2.69786
5200 1249.09 576012 400.939 -2.69717
5210 1282.43 532934 401.362 -2.70226
5220 1361.49 480044 402.035 -2.70931
5230 1352.29 481931 402.59 -2.7149
5240 1383.96 461501 402.974 -2.71895
5250 1369.11 440669 403.05 -2.72017
5260 1270.09 464359 402.68 -2.71745
5270 1111.48 540813 402.088 -2.71187
5280 1328.84 491078 401.719 -2.70798
5290 1451.2 498621 401.344 -2.70431
5300 1330.67 582809 401.028 -2.70114
5310 1358.2 544184 401.276 -2.70402
5320 1459.05 483956 401.868 -2.71016
5330 1363.46 491806 402.38 -2.71548
5340 1308.91 455578 402.783 -2.71979
5350 1360.92 446776 402.851 -2.72083
5360 1313.08 509585 402.554 -2.7184
5370 1429.01 465846 402.251 -2.7159
5380 1397.25 483868 401.735 -2.71187
5390 1060.95 575139 401.161 -2.70644
5400 1124.52 551303 401.109 -2.70579
5410 1432.76 484868 401.433 -2.70861
5420 1412.39 507397 401.707 -2.71099
5430 1263.13 508417 402.02 -2.7141
5440 1311.52 479739 402.379 -2.71746
5450 1386.87 474796 402.593 -2.71936
5460 1308.49 462584 402.598 -2.71942
5470 1162.69 471366 402.321 -2.71686
5480 1186.73 514381 401.854 -2.71202
5490 1400.05 504947 401.469 -2.70757
5500 1503.68 489963 401.128 -2.7039
5510 1339.4 554311 400.776 -2.7004
5520 1224.12 580861 400.84 -2.70123
5530 1386.87 492138 401.458 -2.70756
5540 1398.08 458211 402.054 -2.71304
5550 1362.2 468643 402.341 -2.71578
5560 1355.1 495872 402.39 -2.71649
5570 1284.84 482309 402.376 -2.71664
5580 1173.12 473508 402.232 -2.7154
5590 1219.69 505027 401.907 -2.71215
5600 1273.71 537897 401.64 -2.70899
5610 1464.25 487189 401.61 -2.70825
5620 1426.9 498951 401.533 -2.70737
5630 1309.72 548627 401.484 -2.70698
5640 1379.33 518901 401.759 -2.70998
5650 1301.74 505805 402.207 -2.71459
5660 1311.51 465215 402.673 -2.71919
5670 1295.57 455535 402.88 -2.72113
5680 1123.94 506763 402.78 -2.72009
5690 1155.22 492872 402.689 -2.7188
5700 1361.09 456453 402.523 -2.71663
5710 1391.35 518675 402.097 -2.71192
5720 1460.53 518374 401.778 -2.70825
5730 1521 493613 401.594 -2.70648
5740 1414.28 541266 401.427 -2.70527
5750 1362.92 528826 401.542 -2.70707
5760 1345.8 514332 401.894 -2.71124
5770 1374.24 491876 402.351 -2.71637
5780 1184.54 494581 402.759 -2.72078
5790 1053.76 480897 403.111 -2.72433
5800 1120.02 438077 403.281 -2.72554
5810 1121.99 475441 403.022 -2.72243
5820 1245.5 479157 402.537 -2.71684
5830 1350.08 496090 401.911 -2.70971
5840 1535.25 521723 401.277 -2.70232
5850 1649.56 531794 400.81 -2.69718
5860 1416.2 582931 400.647 -2.69582
5870 1348.93 564544 401.093 -2.70144
5880 1273.91 504404 402.019 -2.71158
5890 1177.97 464419 402.989 -2.72102
5900 1269.09 447869 403.68 -2.72716
5910 1399.29 441887 403.955 -2.72943
5920 1379.59 435545 403.759 -2.72779
5930 1259.89 463327 403.073 -2.72193
5940 1252.06 530948 402.148 -2.71287
5950 1424.3 519074 401.413 -2.70516
5960 1434.29 563864 400.902 -2.69994
5970 1373.1 578678 400.879 -2.70004
5980 1199.74 567254 401.47 -2.70693
5990 1115.43 531589 402.579 -2.71895
6000 1287.7 426377 403.874 -2.7308
6010 1316.26 392160 404.618 -2.73621
6020 1313.36 412102 404.522 -2.73495
6030 1435.89 426086 403.715 -2.72798
6040 1449.13 461531 402.35 -2.71604
6050 1367.39 554079 400.741 -2.70058
6060 1313.66 664923 399.618 -2.68762
6070 1402.28 618819 399.697 -2.68868
6080 1412.6 546219 400.698 -2.70022
6090 1259.49 519037 402.1 -2.71531
6100 1234.87 430744 403.586 -2.72951
6110 1210.71 374330 404.523 -2.73699
6120 915.491 409213 404.506 -2.73647
6130 984.164 431484 403.747 -2.72935
6140 1376.5 451343 402.446 -2.71685
6150 1402.94 564769 400.865 -2.69972
6160 1392.66 613111 399.771 -2.68599
6170 1423.12 628338 399.577 -2.68293
6180 1396.99 578596 400.352 -2.69158
6190 1397.6 514308 401.737 -2.70596
6200 1428.2 462727 403.227 -2.72023
6210 1425 409202 404.402 -2.73059
6220 1305.88 375160 404.843 -2.73445
6230 1233.48 407207 404.321 -2.73072
6240 1368.71 473261 403.091 -2.72012
6250 1569.24 501208 401.64 -2.70657
6260 1367.62 579373 400.27 -2.69315
6270 1012.78 689098 399.583 -2.68551
6280 1152.7 645008 400.295 -2.69481
6290 1419.76 469915 402.043 -2.71311
6300 1295.97 422047 403.638 -2.72646
6310 1086.45 404954 404.598 -2.73399
6320 1278.04 379299 404.778 -2.73481
6330 1636.17 372100 403.991 -2.72846
6340 1554.59 467668 402.274 -2.71445
6350 1386.38 583216 400.353 -2.69523
6360 1308.38 647292 399.092 -2.68095
6370 1185.91 672079 399.001 -2.6803
6380 1424.15 556505 400.151 -2.6941
6390 1435.48 487520 401.781 -2.7108
6400 1003.08 463608 403.325 -2.72555
6410 986.967 394597 404.517 -2.73555
6420 1327.93 374593 404.88 -2.73746
6430 1500.97 432202 404.287 -2.73176
6440 1493.59 475607 403.146 -2.72119
6450 1356.45 532361 401.858 -2.70854
6460 1356.89 556701 400.82 -2.69771
6470 1431.87 619325 400.292 -2.69207
6480 1396.05 640616 400.696 -2.69762
6490 1401.15 506412 402.085 -2.71372
6500 1188.21 445768 403.573 -2.72777
6510 929.162 468000 404.672 -2.73771
6520 1154.09 417617 405.43 -2.74391
6530 1290.07 393205 405.54 -2.7439
6540 1270.06 402652 404.806 -2.73727
6550 1429.43 471588 403.35 -2.72394
6560 1542.1 568104 401.716 -2.70687
6570 1432.3 635512 400.655 -2.6943
6580 1366.93 592076 400.588 -2.69365
6590 1164.82 622061 401.336 -2.70283
6600 1257.24 519324 402.932 -2.72072
6610 1544.07 385452 404.647 -2.73573
6620 1546.88 353076 405.487 -2.74207
6630 1335.78 412841 405.199 -2.74047
6640 1300.83 432462 404.176 -2.73263
6650 1250.73 470257 402.649 -2.71983
6660 1218.57 588370 400.985 -2.70312
6670 1291.77 639193 400.008 -2.6914
6680 1243.07 619211 400.102 -2.69238
6690 1365 548954 401.101 -2.70359
6700 1418.54 495831 402.499 -2.71748
6710 1421.04 450946 403.841 -2.73011
6720 1360.58 419041 404.785 -2.73844
6730 1249.9 402102 405.073 -2.74111
6740 1244.53 401899 404.579 -2.73739
6750 1370.38 444377 403.339 -2.72712
6760 1402.39 520982 401.71 -2.71188
6770 1261.04 598364 400.28 -2.69657
6780 1210.82 656785 399.655 -2.68907
6790 1266.64 626689 400.213 -2.6958
6800 1250.5 540100 401.736 -2.71279
6810 1418.14 420971 403.52 -2.72903
6820 1357.54 418261 404.748 -2.73868
6830 1381.1 373253 405.253 -2.74272
6840 1433.92 370809 404.76 -2.73936
6850 1358.96 509574 403.35 -2.72745
6860 1380.69 570228 401.989 -2.71317
6870 1362.96 541620 401.152 -2.70453
6880 1174.74 598160 400.728 -2.70038
6890 1170.3 623938 401.088 -2.70492
6900 1411.4 458507 402.258 -2.71688
6910 1179.45 480416 403.25 -2.72544
6920 1235.87 458270 404.018 -2.73236
6930 1461.7 406058 404.428 -2.7354
6940 1421.29 396622 404.106 -2.73271
6950 1194.55 456481 403.009 -2.72366
6960 1202.12 560554 401.635 -2.70969
6970 1501.21 560128 400.677 -2.6988
6980 1480.5 596298 400.265 -2.69417
6990 1369.2 596972 400.59 -2.69832
7000 1296.73 546106 401.649 -2.71056
7010 1332.06 459226 403.031 -2.72434
7020 1172.03 472523 404.15 -2.73453
7030 1162.8 421769 404.978 -2.74195
7040 1320.48 359255 405.154 -2.74303
7050 1354.28 430100 404.295 -2.73587
7060 1284.68 536691 402.917 -2.72249
7070 1380.42 568167 401.808 -2.71002
7080 1575.19 550577 401.237 -2.70364
7090 1526.24 593643 401.12 -2.70296
7100 1270.38 586748 401.73 -2.71092
7110 1289.46 480050 402.937 -2.72384
7120 1264.8 492074 404.07 -2.73489
7130 1311.37 426816 405.054 -2.74424
7140 1260.19 391653 405.457 -2.7476
7150 1098.44 467513 405.074 -2.74415
7160 1176.44 452789 404.352 -2.73721
7170 1297.59 474499 403.306 -2.72713
7180 1383.06 545475 402.118 -2.71459
7190 1398.92 586600 401.292 -2.70494
7200 1413.65 574125 401.139 -2.70287
7210 1431.4 567913 401.581 -2.70769
7220 1380.42 554856 402.566 -2.71893
7230 1457.69 435691 403.888 -2.73205
7240 1318.49 428782 404.765 -2.73984
7250 1110.71 465174 405.087 -2.74301
7260 1101.67 454631 405.091 -2.743
7270 1197.26 392612 404.686 -2.73928
7280 1247.94 425396 403.497 -2.72936
7290 1237.91 588310 401.845 -2.71219
7300 1413.5 603147 400.807 -2.69897
7310 1472.42 594269 400.605 -2.69594
7320 1351.01 593615 401.162 -2.7022
7330 1290.87 540560 402.432 -2.71616
7340 1536.61 401050 403.921 -2.72987
7350 1478.56 403651 404.722 -2.73631
7360 1295.33 405299 404.717 -2.73691
7370 1159.22 441279 403.984 -2.73129
7380 1250.77 504259 402.82 -2.72048
7390 1347.64 530563 401.679 -2.70896
7400 1191.69 593934 400.853 -2.69982
7410 1202.4 566288 400.699 -2.6977
7420 1255.17 584860 401.14 -2.70214
7430 1495.66 500298 402.155 -2.7123
7440 1445.28 443589 403.188 -2.72148
7450 1179.22 461163 403.81 -2.72691
7460 1149.96 449699 404.093 -2.72929
7470 1252.83 393300 403.928 -2.72756
7480 1235.5 442123 402.994 -2.71931
7490 1270.63 544229 401.662 -2.70565
7500 1484.13 544694 400.627 -2.69369
7510 1570 565191 399.991 -2.68655
7520 1451.49 622596 399.919 -2.68609
7530 1428.85 542516 400.71 -2.69565
7540 1276.03 477176 401.845 -2.7074
7550 1031.35 475651 402.835 -2.71699
7560 1151.02 420847 403.572 -2.72338
7570 1416.7 380250 403.674 -2.72375
7580 1448.76 436543 402.886 -2.71716
7590 1165.96 557978 401.666 -2.7051
7600 1301.66 546438 400.822 -2.69555
7610 1345.53 600405 400.426 -2.69094
7620 1273.67 616053 400.812 -2.69541
7630 1497.53 466285 401.979 -2.70725
7640 1516.49 453970 402.983 -2.71615
7650 1591.83 422096 403.579 -2.72206
7660 1460.45 395831 403.548 -2.72311
7670 1156.03 461016 402.753 -2.71757
7680 1029.71 542622 401.68 -2.70754
7690 1179.74 550376 400.913 -2.69924
7700 1303.33 531094 400.544 -2.69496
7710 1315.78 561345 400.472 -2.69381
7720 1375.37 540541 400.849 -2.69753
7730 1500.38 478688 401.515 -2.70392
7740 1405.02 482038 402.053 -2.70914
7750 1185.65 488959 402.447 -2.71319
7760 1284.94 446229 402.707 -2.71567
7770 1352.74 460861 402.583 -2.71448
7780 1357.03 485911 402.161 -2.7105
7790 1433.79 472204 401.601 -2.7054
7800 1422.26 540608 400.9 -2.69893
7810 1250.55 601860 400.538 -2.69536
7820 1348.96 517250 400.872 -2.69922
7830 1326.47 512265 401.41 -2.70474
7840 1184.37 549692 402.074 -2.71194
7850 1252.37 475232 403.037 -2.72155
7860 1266.11 423284 403.812 -2.72808
7870 1296.88 427901 404.004 -2.72931
7880 1348.07 448165 403.622 -2.72564
7890 1473.11 479332 402.847 -2.71834
7900 1550.81 513181 401.922 -2.70957
7910 1422.95 569974 401.146 -2.70206
7920 1366.47 573712 400.9 -2.70006
7930 1485.37 546213 401.229 -2.70449
7940 1410.86 504570 401.908 -2.71257
7950 1125.87 503617 402.655 -2.7208
7960 1172.53 469602 403.388 -2.72829
7970 1299.33 421953 403.87 -2.73261
7980 1418.95 386535 403.717 -2.73159
7990 1212.5 473118 402.755 -2.72367
8000 1092.71 544865 401.591 -2.71176
8010 1363.73 518510 400.72 -2.70232
8020 1342.66 649812 400.155 -2.69577
8030 1403.13 598974 400.636 -2.70141
8040 1468.38 488026 401.864 -2.7138
8050 1243.52 516649 403.092 -2.72602
8060 1197.65 454765 404.361 -2.73827
8070 1235.58 385479 405.248 -2.74539
8080 1200.44 392982 405.256 -2.74497
8090 1308.36 434134 404.422 -2.73756
8100 1397.81 481203 403.079 -2.72493
8110 1356.44 578377 401.66 -2.71002
8120 1370.1 599634 400.829 -2.7001
8130 1280.99 593624 400.795 -2.69954
8140 1206.68 599175 401.519 -2.70785
8150 1267.42 525334 402.964 -2.72333
8160 1286.88 424774 404.58 -2.73788
8170 1315.36 366398 405.594 -2.7452
8180 1292.63 407808 405.592 -2.74454
8190 1347.71 411996 404.811 -2.73771
8200 1332.81 438041 403.353 -2.7255
8210 1215.63 588626 401.535 -2.70711
8220 1379.25 620604 400.364 -2.69257
8230 1498.81 595405 400.129 -2.68947
8240 1215.01 648232 400.735 -2.69703
8250 1236.73 516737 402.356 -2.71551
8260 1309.68 399290 404.109 -2.73058
8270 1208.05 423020 405.134 -2.73825
8280 1294.31 425388 405.507 -2.74089
8290 1501.01 382582 405.23 -2.73836
8300 1428.61 440705 404.099 -2.72913
8310 1416.91 489980 402.501 -2.71463
8320 1393.14 567806 400.884 -2.69867
8330 1311.79 662120 399.854 -2.68693
8340 1239.94 666668 400.071 -2.69014
8350 1324.87 524906 401.485 -2.70658
8360 1481.05 430053 403.125 -2.7218
8370 1430.03 425944 404.245 -2.73157
8380 1196.43 434650 404.769 -2.73651
8390 1268.65 397313 404.711 -2.73645
8400 1332.39 454357 403.915 -2.72988
8410 1474.61 508531 402.751 -2.71909
8420 1394.4 589557 401.72 -2.70859
8430 1265.45 585162 401.352 -2.7048
8440 1200.17 547921 401.654 -2.70837
8450 1228.03 532209 402.348 -2.71562
8460 1358.16 467137 403.254 -2.72448
8470 1255.7 438867 403.916 -2.73
8480 1135.77 471439 404.126 -2.73156
8490 1344.71 424178 404.037 -2.73031
8500 1421.11 454838 403.403 -2.72443
8510 1278.39 540350 402.472 -2.71495
8520 1284.12 561562 401.826 -2.70775
8530 1459.28 540446 401.655 -2.70556
8540 1421.38 564520 401.86 -2.70773
8550 1255.99 528127 402.525 -2.71507
8560 1447.36 443613 403.368 -2.72312
8570 1363.98 476149 403.85 -2.72761
8580 1289.16 455042 404.079 -2.73009
8590 1269.17 458948 403.975 -2.72938
8600 1294.45 460796 403.538 -2.7255
8610 1323.73 505134 402.833 -2.71895
8620 1378.32 512133 402.159 -2.71208
8630 1321.98 495789 401.573 -2.70658
8640 1158.74 601430 401.071 -2.70136
8650 1205.96 596423 401.293 -2.70375
8660 1235.32 501460 402.222 -2.71316
8670 1243.98 446590 403.179 -2.72121
8680 1408 448864 403.743 -2.72545
8690 1501.14 415768 403.857 -2.72597
8700 1387.89 449575 403.349 -2.72162
8710 1325.29 509009 402.463 -2.71339
8720 1409.31 549946 401.662 -2.70528
8730 1468.88 540359 401.236 -2.70105
8740 1347.31 555929 401.16 -2.70085
8750 1282.28 572719 401.542 -2.70571
8760 1369.83 495466 402.423 -2.71527
8770 1368.35 458662 403.294 -2.72377
8780 1361.42 445433 403.839 -2.72912
8790 1297.45 422920 403.932 -2.73045
8800 1142.99 435155 403.43 -2.72658
8810 1100.71 498851 402.459 -2.71761
8820 1215.16 563677 401.499 -2.70722
8830 1309.02 580134 401.037 -2.70127
8840 1444.97 540740 401.173 -2.70201
8850 1473.6 539649 401.678 -2.707
8860 1443.92 483359 402.434 -2.71456
8870 1279.94 491250 403.114 -2.72125
8880 1300 466936 403.681 -2.7268
8890 1246.01 462675 403.999 -2.72973
8900 1192.33 467352 404.016 -2.72978
8910 1229.18 479303 403.783 -2.72727
8920 1273.54 494136 403.391 -2.72305
8930 1290.39 485333 402.941 -2.71814
8940 1242.18 541353 402.44 -2.71262
8950 1246.56 565809 402.253 -2.70992
8960 1442.77 515976 402.545 -2.71218
8970 1592.3 486068 402.976 -2.71595
8980 1465.21 507254 403.336 -2.71963
8990 1412.87 494488 403.726 -2.72407
9000 1323.96 480272 404.064 -2.72797
9010 1078.26 486313 404.269 -2.73035
9020 1203.99 410556 404.287 -2.73063
9030 1270.1 458804 403.686 -2.72528
9040 1215.36 531454 402.791 -2.71601
9050 1263.97 511207 402.084 -2.70827
9060 1472.26 524568 401.521 -2.70191
9070 1637.87 539343 401.156 -2.69799
9080 1417.69 554118 401.129 -2.69819
9090 1178.34 525071 401.486 -2.70244
9100 1177.74 543479 402.095 -2.70911
9110 1371.34 456534 402.952 -2.71745
9120 1350.12 433957 403.506 -2.72215
9130 1364.29 453775 403.558 -2.72259
9140 1581.02 424305 403.196 -2.71983
9150 1396.09 485278 402.312 -2.71282
9160 1230.75 547874 401.325 -2.70344
9170 1397.46 571110 400.713 -2.69733
9180 1353.48 585648 400.678 -2.69753
9190 1256.22 534086 401.273 -2.70447
9200 1339.18 484742 402.136 -2.71336
9210 1344.96 470663 402.897 -2.72077
9220 1168.73 462535 403.418 -2.72576
9230 1097.1 443861 403.626 -2.72751
9240 1390.69 418413 403.376 -2.72501
9250 1501.81 459801 402.525 -2.71742
9260 1372.15 556248 401.42 -2.70644
9270 1378.75 579092 400.718 -2.69889
9280 1283.96 591874 400.672 -2.69864
9290 1218.58 525657 401.279 -2.7053
9300 1076.1 554329 402.178 -2.71454
9310 1299.54 466172 403.399 -2.72653
9320 1604.44 368958 404.332 -2.73351
9330 1456.58 436067 404.323 -2.73329
9340 1249.19 497571 403.794 -2.72863
9350 1403.11 472823 403.197 -2.72319
9360 1336.98 462381 402.401 -2.71641
9370 1040.5 562060 401.416 -2.70677
9380 1317.44 563005 400.858 -2.70029
9390 1581.77 511275 400.783 -2.69914
9400 1409.26 524380 400.845 -2.70004
9410 1117.33 561638 401.131 -2.70345
9420 1258.61 500647 401.816 -2.71051
9430 1236.18 499673 402.563 -2.7175
9440 1358.93 454406 403.256 -2.72367
9450 1563.8 414784 403.585 -2.72626
9460 1537.03 440782 403.272 -2.72403
9470 1170.61 507424 402.527 -2.71769
9480 1171.15 515799 401.811 -2.71075
9490 1416.16 532702 401.244 -2.70502
9500 1381.33 575098 400.973 -2.70224
9510 1297.75 537895 401.242 -2.70535
9520 1311.78 497226 401.812 -2.71119
9530 1290.96 494901 402.39 -2.7169
9540 1267.67 449300 402.878 -2.72145
9550 1173.89 460672 403.009 -2.72241
9560 1223.48 481699 402.824 -2.72031
9570 1277.95 494194 402.497 -2.71659
9580 1297.84 497814 402.125 -2.71233
9590 1452.73 501111 401.745 -2.70802
9600 1495.49 500603 401.38 -2.70418
9610 1372.58 528251 401.045 -2.70104
9620 1101.76 609506 400.996 -2.70077
9630 1294.4 534978 401.696 -2.70848
9640 1573.66 421971 402.645 -2.71701
9650 1492.14 432048 403.052 -2.72059
9660 1365.55 477192 402.932 -2.72016
9670 1249.78 485661 402.614 -2.71769
9680 1324.89 457725 402.154 -2.71396
9690 1270.49 527724 401.45 -2.70755
9700 1341.23 575196 400.956 -2.70245
9710 1325.02 573131 401.04 -2.70357
9720 1267.81 515985 401.667 -2.71037
9730 1225.3 488273 402.438 -2.71778
9740 1196.04 490072 403.131 -2.72426
9750 1344.79 432336 403.691 -2.72894
9760 1467.64 403998 403.724 -2.7289
9770 1376.22 447877 403.039 -2.72317
9780 1182.14 534337 401.989 -2.71308
9790 1414.8 514437 401.149 -2.70417
9800 1523.49 538434 400.471 -2.69752
9810 1249.3 656638 400.204 -2.69501
9820 1388.65 551435 400.992 -2.70447
9830 1507.24 488052 402.233 -2.71724
9840 1357.39 466401 403.391 -2.72883
9850 1101.71 451212 404.271 -2.73725
9860 1080.08 412979 404.733 -2.74136
9870 1203.25 393002 404.495 -2.73922
9880 1162.3 490869 403.495 -2.72983
9890 1214.16 541537 402.402 -2.71782
9900 1400.11 526401 401.619 -2.70855
9910 1484.44 536126 401.08 -2.70221
9920 1399.84 583767 400.871 -2.69961
9930 1338.06 572940 401.288 -2.70421
9940 1372.53 504600 402.245 -2.71425
9950 1391.15 449199 403.236 -2.72346
9960 1370.85 452581 403.857 -2.72912
9970 1374.79 423592 404.062 -2.73124
9980 1365.14 418277 403.668 -2.72844
9990 1299.41 489971 402.687 -2.72014
10000 1170.16 529316 401.622 -2.70964
