# Time-averaged data for fix 2
# TimeStep c_mytemp c_mypress v_vmyvol v_avgEtotal
10 1818.07 -11805.1 642.079 -2.83166
20 1758.61 -7479.85 641.87 -2.83253
30 1830.98 -7040.69 641.531 -2.83404
40 1900.24 -3603.9 641.085 -2.83631
50 1889.54 781.296 640.592 -2.83933
60 1815.66 2533.38 640.126 -2.84288
70 1643.24 2706.88 639.719 -2.84645
80 1446.43 2807.09 639.373 -2.84942
90 1401.49 2588.39 639.091 -2.85162
100 1439.66 646.534 638.86 -2.85332
110 1345.66 4751 638.662 -2.85453
120 1354.18 4427.39 638.55 -2.8552
130 1566.1 -1956.51 638.512 -2.85559
140 1661.85 -2421.64 638.458 -2.85608
150 1614.87 -410.662 638.371 -2.85688
160 1525.71 1120.56 638.283 -2.85779
170 1487.16 2857.05 638.222 -2.85862
180 1508.25 2886.52 638.216 -2.85931
190 1538.4 767.595 638.264 -2.85995
200 1471.57 -602.139 638.331 -2.86056
210 1325.22 3273.8 638.401 -2.86095
220 1281.65 2436.21 638.524 -2.86095
230 1345.09 -2704.69 638.686 -2.86052
240 1431.44 -5803.45 638.806 -2.85979
250 1522.5 -8435.29 638.827 -2.85896
260 1611.09 -9825.45 638.705 -2.85829
270 1682.46 -10422.7 638.418 -2.858
280 1716.26 -8416.91 637.962 -2.85824
290 1729.88 -6988.18 637.371 -2.85904
300 1736.67 -6873.5 636.672 -2.86036
310 1747.5 -8502.97 635.868 -2.8622
320 1707.14 -9497.21 634.938 -2.8645
330 1552.1 -7100.05 633.871 -2.8669
340 1321.24 -859.982 632.712 -2.86877
350 1161.27 4003.9 631.562 -2.86972
360 1137.8 6773.69 630.506 -2.86982
370 1237.67 8655.24 629.59 -2.86922
380 1379.4 9297.68 628.842 -2.86814
390 1465.16 10848.8 628.275 -2.86684
400 1586.86 8535.95 627.904 -2.86563
410 1632.79 6443.96 627.692 -2.86474
420 1581.42 6843.22 627.603 -2.8643
430 1484.5 6985.63 627.639 -2.86413
440 1378.62 9015.54 627.801 -2.86398
450 1304.93 11748.9 628.123 -2.86366
460 1316.54 9165.18 628.638 -2.86308
470 1389.8 3965.78 629.303 -2.86215
480 1566.37 -330.122 630.032 -2.86103
490 1616.69 -1889.82 630.753 -2.86004
500 1530.45 1061.12 631.444 -2.85945
510 1524.9 552.736 632.142 -2.85908
520 1699.48 -3570.88 632.837 -2.85884
530 1846.33 -5758.96 633.47 -2.85911
540 1846.62 -8803.36 633.998 -2.86028
550 1730.09 -8243.14 634.375 -2.86218
560 1581.67 -3622.61 634.615 -2.86429
570 1491.49 -1645.6 634.788 -2.86621
580 1368.47 -802.695 634.933 -2.86774
590 1205.16 4467.22 635.075 -2.86864
600 1192.97 6674.68 635.293 -2.86887
610 1325.43 2795.29 635.617 -2.86851
620 1452.46 2588.98 635.999 -2.86779
630 1540.66 1338.96 636.422 -2.867
640 1602.96 -1503.65 636.866 -2.86636
650 1669.42 -5874.78 637.281 -2.86603
660 1727.77 -9970.84 637.591 -2.86616
670 1759.96 -12617.3 637.728 -2.86689
680 1737.11 -12969.9 637.65 -2.86827
690 1626.71 -8770.46 637.357 -2.87005
700 1471.7 -4994.25 636.919 -2.87176
710 1374.31 -3338.31 636.403 -2.87305
720 1377.71 -3084.81 635.84 -2.87388
730 1478.72 -4841.94 635.233 -2.87439
740 1582.23 -4984.26 634.561 -2.87485
750 1619.57 -5102.54 633.818 -2.87547
760 1535.03 -3017.84 633.008 -2.87627
770 1330.17 1927.5 632.169 -2.8769
780 1142.12 7085.93 631.384 -2.87696
790 1160.7 7805.57 630.732 -2.87638
800 1329.73 4837.88 630.225 -2.87523
810 1427.25 1820.25 629.815 -2.87379
820 1373.43 3573.4 629.456 -2.87231
830 1389.96 4331.55 629.167 -2.87082
840 1480.04 4422.14 628.962 -2.86926
850 1561.86 4073.1 628.841 -2.86778
860 1570.16 7153.58 628.803 -2.86661
870 1565.74 10598.7 628.894 -2.86579
880 1586.49 9674.07 629.166 -2.86529
890 1542.1 9838.77 629.608 -2.86509
900 1450.27 12468.7 630.224 -2.86505
910 1496.13 10354.3 631.044 -2.86505
920 1526.97 6814.61 632.034 -2.86502
930 1391.66 8687.44 633.146 -2.86502
940 1408.25 6533.25 634.392 -2.8649
950 1695.78 -3238.68 635.728 -2.86452
960 1926.5 -9004.16 637.003 -2.86447
970 1894.91 -11814.3 638.112 -2.86552
980 1644.97 -10547.4 639.009 -2.86733
990 1384.03 -7866.16 639.713 -2.86904
1000 1231.14 -4800.21 640.272 -2.87012
1010 1214.98 -2175.9 640.742 -2.87052
1020 1378.78 -4431.24 641.163 -2.87038
1030 1512.52 -5910.13 641.505 -2.86994
1040 1476.68 -5215.1 641.744 -2.86954
1050 1341.67 -4935.79 641.892 -2.86915
1060 1256.04 -4753.26 641.954 -2.86853
1070 1361.32 -9378.75 641.926 -2.86757
1080 1564.96 -15799.8 641.733 -2.86639
1090 1649.04 -18078 641.272 -2.8655
1100 1579.23 -16626.7 640.507 -2.86517
1110 1452.95 -12519.7 639.468 -2.86515
1120 1403.83 -11314.8 638.225 -2.8651
1130 1432.02 -9466.58 636.809 -2.86491
1140 1481.34 -6387.72 635.258 -2.86457
1150 1507.72 -2431.63 633.629 -2.86415
1160 1475.94 3905.08 631.996 -2.86365
1170 1446.83 9547.78 630.465 -2.86296
1180 1536.08 9845.18 629.124 -2.8622
1190 1634.12 8525.59 627.978 -2.86163
1200 1639.26 9928.26 627.009 -2.86143
1210 1649.58 9411.41 626.229 -2.86162
1220 1683.29 4640.44 625.621 -2.86224
1230 1668.29 857.222 625.111 -2.86328
1240 1602.67 1082.33 624.636 -2.86459
1250 1574.22 -191.144 624.19 -2.86592
1260 1712.62 -3094.33 623.751 -2.8674
1270 1830.73 -5616.51 623.273 -2.8694
1280 1773.75 -3214.29 622.722 -2.87205
1290 1564.86 3457.87 622.138 -2.87479
1300 1365.71 10997.3 621.629 -2.87687
1310 1376.03 13087.2 621.31 -2.87834
1320 1318.68 16972.5 621.224 -2.87934
1330 1211.27 21081.7 621.43 -2.87986
1340 1255.72 17839.8 621.981 -2.87993
1350 1446 11441.4 622.825 -2.87958
1360 1602.73 5044.01 623.855 -2.87901
1370 1691.94 1156.98 624.968 -2.87865
1380 1706.71 -787.023 626.093 -2.87876
1390 1653.69 133.568 627.2 -2.87938
1400 1508.07 2375.32 628.301 -2.88026
1410 1300 7220.74 629.439 -2.88102
1420 1272.8 7185.62 630.685 -2.88138
1430 1379.6 964.331 632.033 -2.88119
1440 1421.71 -2707.63 633.388 -2.88061
1450 1304.69 2075.46 634.699 -2.87992
1460 1263.54 3810.39 636.029 -2.8791
1470 1512.88 -3925.35 637.396 -2.87787
1480 1606.14 -8479.61 638.687 -2.87642
1490 1527.92 -8050.47 639.825 -2.87533
1500 1513.13 -11967.1 640.801 -2.8745
1510 1534.07 -14322.9 641.557 -2.87378
1520 1428.44 -10972.9 642.061 -2.87324
1530 1328.68 -10618.3 642.361 -2.87271
1540 1259.39 -9685.08 642.47 -2.87196
1550 1213.32 -5274.07 642.416 -2.8709
1560 1323.1 -4560.78 642.265 -2.86947
1570 1410.3 -3832.85 642.039 -2.86773
1580 1357.79 923.353 641.76 -2.86598
1590 1245.15 6643.21 641.508 -2.86424
1600 1223.02 9405.04 641.38 -2.86237
1610 1264.12 9262.44 641.421 -2.86026
1620 1276.92 10663.1 641.637 -2.85795
1630 1387.78 6696.13 642.037 -2.85552
1640 1590.36 -895.27 642.55 -2.85292
1650 1615.28 -4487.11 643.053 -2.85063
1660 1472.12 -3188.02 643.481 -2.84896
1670 1361.2 -2304.61 643.849 -2.84763
1680 1409.46 -2594.26 644.175 -2.84627
1690 1583.53 -5155.9 644.45 -2.84484
1700 1733.24 -8161.65 644.633 -2.84367
1710 1799.42 -12877.1 644.67 -2.84324
1720 1785.73 -16962.9 644.48 -2.84372
1730 1753.47 -17899.1 643.998 -2.84501
1740 1783.06 -20187 643.205 -2.84701
1750 1724.63 -18786.9 642.075 -2.84964
1760 1610.64 -14397.5 640.637 -2.85243
1770 1576.93 -10843.9 638.972 -2.85504
1780 1572.54 -6924.01 637.149 -2.85745
1790 1521.98 -309.982 635.247 -2.85948
1800 1534.77 4233.9 633.377 -2.86105
1810 1672.82 1752.36 631.608 -2.86259
1820 1684.74 3129.33 629.915 -2.86442
1830 1571.67 7293.37 628.316 -2.86625
1840 1503.39 7612 626.869 -2.86781
1850 1488.35 7076.55 625.583 -2.86915
1860 1481.33 7524.4 624.445 -2.87028
1870 1411.32 9675.08 623.463 -2.87111
1880 1406.93 8155.15 622.661 -2.87163
1890 1463.47 5109.59 622.012 -2.87192
1900 1600.7 2034.25 621.466 -2.8722
1910 1611.35 2425.96 620.973 -2.87268
1920 1564.1 4073.7 620.537 -2.87331
1930 1562.59 4009.93 620.178 -2.87404
1940 1524.14 4322.97 619.9 -2.87477
1950 1534.82 3155.88 619.7 -2.87549
1960 1550.63 3590.13 619.564 -2.87619
1970 1590.61 2694.9 619.494 -2.87697
1980 1568.13 2113.5 619.476 -2.87784
1990 1520.55 1388.49 619.499 -2.87875
2000 1418.29 4603.16 619.557 -2.87952
2010 1326.23 6907.36 619.694 -2.87999
2020 1368.83 5924.01 619.944 -2.88005
2030 1555.7 4260.68 620.295 -2.8799
2040 1623.84 2455.18 620.717 -2.87982
2050 1618.59 584.788 621.18 -2.88004
2060 1573.82 1886.4 621.656 -2.88051
2070 1547.15 4185.5 622.165 -2.88112
2080 1521.91 4167.11 622.739 -2.88178
2090 1458.86 4791.11 623.383 -2.8824
2100 1384.09 7809.67 624.108 -2.88285
2110 1326.41 10201.4 624.959 -2.88308
2120 1220.34 13368.6 625.98 -2.883
2130 1259.39 10484.5 627.209 -2.88255
2140 1454.16 3113.72 628.601 -2.88155
2150 1537.07 917.816 630.042 -2.88032
2160 1484.92 2762.04 631.493 -2.8793
2170 1432.96 4134.16 632.977 -2.87849
2180 1397.95 8190.84 634.525 -2.87776
2190 1480.65 7956.41 636.195 -2.87706
2200 1618.49 3668.62 637.984 -2.87631
2210 1659.02 2603.07 639.828 -2.87582
2220 1578.09 568.888 641.699 -2.87574
2230 1436.17 -1891.98 643.563 -2.87577
2240 1356.28 -4896.13 645.373 -2.87558
2250 1360.37 -8869.22 647.076 -2.875
2260 1431.41 -14131.1 648.597 -2.87407
2270 1447.81 -16293.1 649.849 -2.87298
2280 1437.79 -17669.1 650.79 -2.87194
2290 1475.82 -18734.3 651.398 -2.87094
2300 1591.02 -19546.5 651.657 -2.87012
2310 1669.01 -19837.2 651.557 -2.8697
2320 1608.36 -16836.7 651.103 -2.86986
2330 1403.33 -10251.3 650.358 -2.87026
2340 1203.5 -4280.92 649.442 -2.87034
2350 1160.68 -2559.98 648.46 -2.86985
2360 1249.64 -3373.23 647.447 -2.86882
2370 1337.92 -2618.3 646.399 -2.86735
2380 1397.53 -4391.65 645.322 -2.86568
2390 1421.2 -6381.19 644.187 -2.86402
2400 1441.18 -7419.07 642.964 -2.86245
2410 1458.65 -6452.35 641.638 -2.86099
2420 1467.1 -3560.32 640.228 -2.8596
2430 1476.28 -1854.15 638.782 -2.8583
2440 1380.27 2344.77 637.338 -2.85704
2450 1296.04 4728.76 635.964 -2.85568
2460 1363.2 2916.68 634.695 -2.85413
2470 1565.11 -2628.57 633.499 -2.85248
2480 1754.62 -7258.31 632.284 -2.85118
2490 1828.31 -8443.49 630.977 -2.85069
2500 1874.35 -8989.02 629.553 -2.85131
2510 1674.88 -1009.15 628.019 -2.85272
2520 1286.18 12349 626.51 -2.85376
2530 1199.49 17552.1 625.23 -2.85389
2540 1454.55 13943 624.263 -2.85354
2550 1692.49 7615.75 623.55 -2.85323
2560 1729.47 5442.82 622.991 -2.85346
2570 1695.49 4665.56 622.54 -2.85427
2580 1651.78 5525.66 622.185 -2.85546
2590 1640.02 7185.24 621.935 -2.85686
2600 1678.38 7517.35 621.813 -2.85848
2610 1681.83 7894.41 621.826 -2.86037
2620 1629.68 8404.89 621.979 -2.86243
2630 1692.76 6608.25 622.274 -2.8646
2640 1761.76 3716.75 622.678 -2.86712
2650 1609.45 7246.7 623.158 -2.86983
2660 1442.59 9406.17 623.755 -2.87224
2670 1398.91 9540.14 624.506 -2.87412
2680 1409.19 9437.79 625.414 -2.87558
2690 1391.12 8386.15 626.474 -2.87666
2700 1327.77 6964.76 627.667 -2.87734
2710 1331.87 4995.12 628.969 -2.87758
2720 1415.87 383.542 630.34 -2.87741
2730 1435.01 -3270.73 631.707 -2.87693
2740 1407.23 -5493.86 633.004 -2.87629
2750 1400.43 -4326.7 634.2 -2.87552
2760 1556.55 -6676.25 635.303 -2.87466
2770 1675.65 -7034.36 636.281 -2.87394
2780 1561.28 -976.063 637.14 -2.87372
2790 1377.38 2863.05 637.97 -2.87375
2800 1320.2 2188.88 638.838 -2.87358
2810 1417.4 -2091.32 639.732 -2.87306
2820 1522.71 -6643 640.583 -2.87229
2830 1627.97 -12465.4 641.305 -2.8716
2840 1603.08 -13671 641.807 -2.87123
2850 1475.84 -10562.5 642.068 -2.87118
2860 1406.35 -7547.92 642.142 -2.87115
2870 1440.05 -6433.98 642.082 -2.87096
2880 1526.32 -7382.87 641.908 -2.87069
2890 1556.04 -8567.21 641.611 -2.8705
2900 1527.57 -10366.6 641.169 -2.87051
2910 1507.83 -10237.2 640.559 -2.87062
2920 1521.34 -10785.9 639.779 -2.87083
2930 1457.79 -8770.77 638.829 -2.87106
2940 1344.85 -2445.95 637.753 -2.87112
2950 1262.31 1633.38 636.651 -2.87075
2960 1277.4 2592.74 635.597 -2.86996
2970 1307.32 2516.73 634.61 -2.86879
2980 1361.07 2321.76 633.688 -2.86736
2990 1491.08 524.167 632.824 -2.86577
3000 1656.46 -3670.95 631.984 -2.8643
3010 1716.79 -4259.27 631.108 -2.86336
3020 1672.79 -2699.22 630.181 -2.86308
3030 1587.01 -1962.24 629.226 -2.86327
3040 1469.47 1550.07 628.265 -2.86357
3050 1426.28 3557.81 627.348 -2.86373
3060 1436.24 6606.56 626.515 -2.86368
3070 1398.82 9761.15 625.813 -2.86343
3080 1370.11 13412.4 625.294 -2.86299
3090 1366.24 16056 625.016 -2.86236
3100 1353.84 17381.3 625.018 -2.86161
3110 1313.01 18258.1 625.32 -2.86076
3120 1291.03 18192.3 625.933 -2.85981
3130 1263.65 17697 626.853 -2.85872
3140 1292.33 15492.9 628.064 -2.85744
3150 1359.84 12237 629.529 -2.85593
3160 1412.93 9685.74 631.195 -2.85427
3170 1443.93 3358.72 633.006 -2.85252
3180 1428.19 -1582.99 634.862 -2.8507
3190 1410.29 -2815.79 636.68 -2.84889
3200 1539.53 -7904.32 638.421 -2.84703
3210 1717.12 -10613 640.011 -2.84526
3220 1747.89 -10134.7 641.402 -2.84414
3230 1628.47 -7278.6 642.601 -2.84385
3240 1458.47 -1159.5 643.665 -2.84397
3250 1422.82 1184.41 644.693 -2.84409
3260 1511.84 864.798 645.731 -2.84409
3270 1518.62 491.518 646.774 -2.84408
3280 1386.1 418.269 647.819 -2.84408
3290 1265.75 -2007.26 648.858 -2.84382
3300 1295.32 -5344.02 649.851 -2.84313
3310 1403.54 -11278 650.73 -2.842
3320 1449.33 -13611.7 651.401 -2.84069
3330 1479.91 -14061.9 651.819 -2.83945
3340 1567.1 -17104.2 651.972 -2.83836
3350 1653.66 -21234 651.809 -2.83765
3360 1651.62 -21314.4 651.271 -2.83754
3370 1589.56 -18841.8 650.357 -2.83798
3380 1518.73 -13679.9 649.122 -2.83864
3390 1475.48 -6548.36 647.667 -2.83921
3400 1507.51 -700.287 646.121 -2.8395
3410 1626.94 157.102 644.588 -2.83972
3420 1753.83 -199.389 643.09 -2.84027
3430 1828.97 1096.15 641.623 -2.84147
3440 1778.41 3512.52 640.208 -2.84336
3450 1512.3 11160.6 638.898 -2.84535
3460 1344.39 13984.5 637.806 -2.84668
3470 1491.48 7569.51 636.97 -2.84766
3480 1611.23 2076.43 636.288 -2.84868
3490 1578.22 840.314 635.668 -2.84984
3500 1510.82 -35.008 635.078 -2.851
3510 1479.03 868.456 634.506 -2.852
3520 1470.92 1778.88 633.964 -2.85282
3530 1413.28 2956.78 633.467 -2.8534
3540 1359.37 2351.58 633.032 -2.8537
3550 1321.74 50.6837 632.648 -2.85364
3560 1473.92 -2752.01 632.274 -2.8533
3570 1636.01 -6088.78 631.863 -2.85294
3580 1622.46 -6689.18 631.362 -2.85293
3590 1483.99 -3387.13 630.765 -2.85318
3600 1427.16 -404.347 630.125 -2.85334
3610 1504.15 -736.984 629.487 -2.85335
3620 1527.07 2154.22 628.859 -2.85333
3630 1536.49 5308.97 628.283 -2.85333
3640 1591.04 4450.41 627.807 -2.85345
3650 1523.71 7026.76 627.426 -2.85375
3660 1415.29 11699.2 627.18 -2.85398
3670 1538.21 9932.5 627.134 -2.8541
3680 1741.88 5941.87 627.261 -2.85437
3690 1857.29 3372.81 627.496 -2.85531
3700 1729.45 6206.99 627.801 -2.85702
3710 1561.57 10266.2 628.216 -2.85897
3720 1578.9 11807.9 628.803 -2.86088
3730 1653.55 12926.7 629.591 -2.86287
3740 1634.1 14375.7 630.599 -2.8651
3750 1517.05 16530.3 631.85 -2.86738
3760 1453.85 17332.8 633.376 -2.86947
3770 1560.4 12431.4 635.183 -2.87136
3780 1583.87 8442.07 637.194 -2.87308
3790 1465.71 9283.6 639.345 -2.87473
3800 1321.39 9031.58 641.638 -2.87608
3810 1210.45 7596.46 644.071 -2.87685
3820 1200.95 6513.49 646.618 -2.87699
3830 1269.81 5568.09 649.259 -2.87657
3840 1449.96 -678.007 651.968 -2.87558
3850 1532.18 -5248.22 654.641 -2.87415
3860 1502.72 -6803.72 657.193 -2.87281
3870 1466.1 -8607.6 659.591 -2.87159
3880 1440 -9586.2 661.803 -2.87039
3890 1401.55 -10355 663.808 -2.86919
3900 1294.85 -8265.95 665.597 -2.86797
3910 1174.58 -4614.51 667.209 -2.86667
3920 1235.5 -3755.23 668.71 -2.86509
3930 1325.01 -4367.65 670.118 -2.86307
3940 1358.43 -4155.19 671.427 -2.86087
3950 1372.85 -4109.42 672.641 -2.85866
3960 1425.69 -6152.03 673.757 -2.85643
3970 1493.58 -7531.32 674.743 -2.85423
3980 1623.73 -10176.4 675.568 -2.85223
3990 1716.06 -15027 676.179 -2.85068
4000 1670.78 -18250.8 676.492 -2.84987
4010 1531.16 -17026.8 676.452 -2.84969
4020 1489.55 -16607.5 676.077 -2.84976
4030 1512.32 -18292 675.38 -2.84997
4040 1432.84 -18054.5 674.344 -2.85027
4050 1436 -19518.9 672.969 -2.85062
4060 1389.98 -18469.9 671.246 -2.85096
4070 1304.7 -14596.7 669.204 -2.85112
4080 1234.4 -11793.7 666.921 -2.85093
4090 1184.8 -8092.02 664.462 -2.85024
4100 1320.41 -9182.52 661.894 -2.84907
4110 1548.96 -14560.2 659.2 -2.84776
4120 1569.65 -15000.6 656.304 -2.84679
4130 1624.66 -15776.6 653.193 -2.84636
4140 1634.74 -16313.6 649.863 -2.84647
4150 1553.38 -14608.6 646.32 -2.84706
4160 1474.33 -11402.1 642.601 -2.84776
4170 1433.79 -7130.4 638.773 -2.84817
4180 1446.22 -4752.57 634.913 -2.84824
4190 1447.14 63.201 631.074 -2.84798
4200 1520.88 2126.45 627.331 -2.84735
4210 1674.55 1029.46 623.716 -2.84687
4220 1726.65 3046.9 620.22 -2.8468
4230 1754.64 6179.64 616.869 -2.84717
4240 1753.44 10684.7 613.712 -2.84791
4250 1766.33 15739.4 610.814 -2.84896
4260 1745.52 20666.7 608.248 -2.85033
4270 1662.91 27598.7 606.083 -2.85185
4280 1568.86 33390.3 604.414 -2.85329
4290 1610.48 32562.4 603.307 -2.85485
4300 1675.51 30145.5 602.743 -2.85682
4310 1702.86 28681.6 602.673 -2.85927
4320 1720.18 25107.3 603.06 -2.86218
4330 1765.73 22269 603.844 -2.86548
4340 1850.84 17246.8 604.97 -2.86931
4350 1777.83 15482.5 606.36 -2.8736
4360 1569.74 18273.9 607.988 -2.87781
4370 1399.02 19441.6 609.885 -2.88144
4380 1305.68 19193.3 612.07 -2.88433
4390 1305.38 14230.9 614.529 -2.88645
4400 1351.19 11009.4 617.192 -2.88784
4410 1465.27 4936.71 619.996 -2.88868
4420 1547.56 -1972.07 622.844 -2.88902
4430 1474.68 -6339.29 625.621 -2.88909
4440 1303.3 -7288.02 628.258 -2.8889
4450 1224 -10074 630.728 -2.88826
4460 1265.69 -15014.2 632.983 -2.88701
4470 1239.64 -14605.6 634.951 -2.88533
4480 1203.22 -13553.8 636.634 -2.88346
4490 1341.38 -16548.6 638.045 -2.88128
4500 1574.65 -19641 639.143 -2.87877
4510 1736.53 -18724.8 639.883 -2.87661
4520 1725.88 -13617.1 640.289 -2.87535
4530 1597.16 -7975.86 640.45 -2.87495
4540 1396.61 -340.509 640.477 -2.87485
4550 1292.22 4191.84 640.498 -2.87459
4560 1360.08 3100.74 640.589 -2.87399
4570 1456.27 2399.21 640.739 -2.87315
4580 1474.94 915.162 640.933 -2.87225
4590 1433.15 996.916 641.149 -2.87142
4600 1374.05 1292.28 641.383 -2.87058
4610 1364.09 301.897 641.638 -2.86961
4620 1419.01 -622.956 641.901 -2.86848
4630 1559.45 -2540.39 642.149 -2.86727
4640 1665.41 -1059.52 642.361 -2.86628
4650 1673.5 -578.582 642.552 -2.86579
4660 1595.3 -912.083 642.735 -2.86579
4670 1560.26 -2409.08 642.902 -2.86603
4680 1630.42 -6026.95 643.025 -2.86642
4690 1719.44 -10094.8 643.044 -2.86713
4700 1674.68 -10206.9 642.892 -2.86833
4710 1502.57 -6343.8 642.573 -2.86971
4720 1405.09 -5565.57 642.147 -2.87082
4730 1413.84 -4590.44 641.635 -2.8716
4740 1398.86 -2839.24 641.057 -2.87206
4750 1350.86 -3718.88 640.44 -2.87225
4760 1272.1 -2316.98 639.778 -2.87207
4770 1342 -3113 639.088 -2.87151
4780 1456.11 -3751.81 638.36 -2.87066
4790 1510.97 -1821.32 637.591 -2.86977
4800 1495.67 -1011.86 636.807 -2.86898
4810 1396.99 1111.11 636.028 -2.86827
4820 1258.92 4170.81 635.29 -2.86746
4830 1172.68 6023.61 634.642 -2.86632
4840 1270.72 3503.38 634.109 -2.86478
4850 1453.74 2302.59 633.653 -2.86284
4860 1632.59 1819.7 633.253 -2.86085
4870 1686.94 -560.592 632.894 -2.85932
4880 1600.84 1765.2 632.547 -2.85844
4890 1544.67 1950.81 632.238 -2.85797
4900 1555.99 1755.33 631.974 -2.85772
4910 1464.65 5942.56 631.758 -2.85759
4920 1315.11 10917.5 631.655 -2.8574
4930 1283.14 13783 631.745 -2.85693
4940 1436.35 10917.8 632.068 -2.85616
4950 1508.86 9345.11 632.584 -2.85524
4960 1547.16 10340.4 633.264 -2.85452
4970 1561.61 9401.99 634.115 -2.85404
4980 1513.62 10618 635.127 -2.85382
4990 1423.51 12166.2 636.316 -2.85376
5000 1378.02 9135.4 637.702 -2.85364
5010 1434.38 1242.23 639.226 -2.85319
5020 1570.22 -7071 640.755 -2.85241
5030 1696.94 -11152.2 642.148 -2.85169
5040 1755.36 -12961 643.328 -2.85149
5050 1673.29 -9471.03 644.273 -2.85198
5060 1572.48 -7882.38 645.034 -2.85285
5070 1557.08 -8727 645.643 -2.85379
5080 1585.51 -9468.92 646.09 -2.85476
5090 1626.78 -9756.5 646.365 -2.85586
5100 1610.48 -10124 646.463 -2.85715
5110 1504.06 -10033.1 646.383 -2.85849
5120 1381.35 -8902.54 646.129 -2.85959
5130 1402.54 -10493.8 645.718 -2.86032
5140 1494.57 -13635.4 645.126 -2.86086
5150 1523.39 -12553.6 644.311 -2.8614
5160 1466.22 -10812.5 643.29 -2.86194
5170 1368.45 -6800.09 642.103 -2.86231
5180 1362.75 -3748 640.818 -2.86231
5190 1487.75 -3886.38 639.491 -2.86203
5200 1611.37 -4148.66 638.124 -2.86173
5210 1746.03 -5533.95 636.713 -2.86182
5220 1753.76 -3192.13 635.243 -2.86252
5230 1644.67 218.029 633.752 -2.86368
5240 1501.43 4818.74 632.3 -2.86483
5250 1437.13 8428.57 630.963 -2.86567
5260 1467.84 10968 629.8 -2.8662
5270 1513.14 15885.2 628.856 -2.86656
5280 1533.42 19271.3 628.205 -2.8669
5290 1473.94 23519.4 627.904 -2.8673
5300 1455.99 23397.9 628.009 -2.86775
5310 1487.56 22025.2 628.518 -2.86824
5320 1521.39 21025.5 629.405 -2.86883
5330 1583.88 16351.5 630.642 -2.86953
5340 1599.95 13807.2 632.154 -2.87039
5350 1564.13 12468.9 633.894 -2.87144
5360 1485.81 9628.29 635.831 -2.8725
5370 1392.53 7654.59 637.92 -2.87333
5380 1354.59 3855.5 640.12 -2.87378
5390 1292.15 1227.28 642.367 -2.87374
5400 1190.04 165.854 644.614 -2.87325
5410 1160.82 -2947.29 646.835 -2.87222
5420 1188.43 -5112.66 648.979 -2.8706
5430 1225.78 -6370.28 651.006 -2.8685
5440 1260.79 -7388.54 652.892 -2.86606
5450 1244.67 -6578.16 654.623 -2.86344
5460 1280.95 -7808.15 656.208 -2.86072
5470 1336.33 -9138.32 657.627 -2.85781
5480 1323.73 -8153.67 658.863 -2.85494
5490 1391.3 -9679.75 659.926 -2.85214
5500 1418.9 -10247.7 660.795 -2.84938
5510 1363.09 -7549.38 661.47 -2.84691
5520 1394.7 -9781.73 661.985 -2.84461
5530 1410 -11911.8 662.312 -2.84238
5540 1388.92 -12179.7 662.415 -2.84031
5550 1503.67 -15881.7 662.281 -2.83839
5560 1621.71 -16503.2 661.859 -2.83671
5570 1607.93 -13233.6 661.142 -2.83558
5580 1556.2 -9540.6 660.194 -2.8349
5590 1601.53 -8074.64 659.083 -2.83455
5600 1509.04 -3156.78 657.853 -2.8344
5610 1387.3 943.021 656.589 -2.83421
5620 1311.19 2888.69 655.369 -2.83375
5630 1343.11 2740.16 654.226 -2.83298
5640 1476.42 1363.56 653.157 -2.83198
5650 1605.71 638.498 652.139 -2.83101
5660 1609.86 1381.04 651.16 -2.83034
5670 1553.51 2366.44 650.23 -2.83001
5680 1494.29 248.606 649.361 -2.82987
5690 1420.58 -1066.39 648.519 -2.82976
5700 1425.92 -4376.79 647.675 -2.82955
5710 1466.64 -7462.26 646.77 -2.82928
5720 1498.81 -6712.31 645.758 -2.82899
5730 1531.07 -6715.56 644.645 -2.82877
5740 1509.11 -3365.67 643.443 -2.82863
5750 1418.98 1341.96 642.208 -2.82844
5760 1377.8 4403.76 641.024 -2.82799
5770 1537.58 839.061 639.933 -2.82739
5780 1693.06 -2472.85 638.883 -2.82699
5790 1710.25 -389.714 637.822 -2.82709
5800 1727.69 1480.48 636.78 -2.82771
5810 1761.01 2514.99 635.785 -2.82885
5820 1754.38 6834.04 634.866 -2.83051
5830 1704.51 9439.2 634.085 -2.83252
5840 1661.15 10490.9 633.488 -2.83473
5850 1664.14 7134.64 633.082 -2.83707
5860 1652.35 4799.19 632.817 -2.83952
5870 1722.64 360.956 632.64 -2.84206
5880 1920.4 -7289.4 632.475 -2.84518
5890 2000.61 -11395.2 632.199 -2.84933
5900 1891.31 -12100 631.74 -2.85434
5910 1671.98 -8912.85 631.091 -2.85929
5920 1475.49 -2841.52 630.31 -2.86337
5930 1345.71 3774.86 629.498 -2.86634
5940 1283.2 11095.9 628.773 -2.86822
5950 1398.48 11320.4 628.243 -2.86942
5960 1478.09 10077.9 627.92 -2.87033
5970 1372.91 12150.5 627.786 -2.87102
5980 1247.94 13034.2 627.865 -2.87134
5990 1260.15 11633.6 628.169 -2.87121
6000 1412.99 5976.73 628.665 -2.87064
6010 1531.45 2732.34 629.266 -2.86988
6020 1505.56 1656.35 629.914 -2.86921
6030 1372.16 3879.08 630.593 -2.86866
6040 1296.33 4480.68 631.329 -2.86803
6050 1267.27 6257.01 632.142 -2.86713
6060 1317.94 5671.29 633.053 -2.86595
6070 1371.02 2396.21 634.05 -2.86448
6080 1447.26 -1443.3 635.081 -2.86284
6090 1436.54 -4122.32 636.078 -2.86115
6100 1371.99 -6294.9 636.995 -2.85956
6110 1359.74 -7398.51 637.795 -2.85795
6120 1414.95 -4792.13 638.464 -2.85626
6130 1528.54 -4193.6 639.039 -2.85459
6140 1554.74 -1586.07 639.54 -2.85311
6150 1454.83 4606.48 640.017 -2.85201
6160 1326.21 7924 640.571 -2.8511
6170 1254.14 12053.6 641.265 -2.85012
6180 1311.92 12365.9 642.164 -2.84893
6190 1524.38 6391.45 643.268 -2.84743
6200 1677.22 466.564 644.478 -2.84588
6210 1571.43 1102.74 645.697 -2.84482
6220 1332.33 4801.31 646.931 -2.8442
6230 1224.46 4443.07 648.234 -2.84352
6240 1310.4 442.745 649.601 -2.84241
6250 1444.53 -3353.52 650.962 -2.84085
6260 1547.11 -7365.33 652.249 -2.83917
6270 1561.37 -8475.69 653.393 -2.83768
6280 1532.18 -9200.77 654.37 -2.83653
6290 1582.68 -11732 655.164 -2.83564
6300 1614.68 -12039 655.738 -2.83504
6310 1557.48 -10573.4 656.085 -2.83482
6320 1435.42 -5693.36 656.243 -2.83478
6330 1433.28 -4479.06 656.29 -2.83467
6340 1518.01 -7089.52 656.251 -2.83445
6350 1508.52 -7104.2 656.091 -2.83429
6360 1513.81 -7713.17 655.805 -2.83417
6370 1659.83 -12406.6 655.377 -2.83422
6380 1703.58 -12459.4 654.739 -2.83471
6390 1660.35 -11086.1 653.887 -2.8357
6400 1581.78 -8696.7 652.851 -2.83696
6410 1481.16 -5456.56 651.677 -2.83818
6420 1340.6 -270.892 650.431 -2.83906
6430 1209.58 5181.89 649.208 -2.83927
6440 1262.57 2864.08 648.092 -2.83892
6450 1364.34 1231.94 647.053 -2.83817
6460 1372.35 834.389 646.06 -2.83716
6470 1417.97 -1284.11 645.102 -2.83606
6480 1457.21 -2373.27 644.143 -2.8349
6490 1540.83 -4076.95 643.162 -2.83381
6500 1639.23 -6852.23 642.127 -2.83298
6510 1644.66 -5603.5 640.999 -2.83261
6520 1579.51 -3409.98 639.798 -2.83259
6530 1606.64 -2690.84 638.56 -2.83281
6540 1600.84 -1201.48 637.303 -2.83324
6550 1466.56 2843.04 636.054 -2.83374
6560 1291.78 9313.66 634.887 -2.83391
6570 1323.3 8940.59 633.897 -2.8336
6580 1528.15 3449.06 633.076 -2.83306
6590 1633.2 1338.42 632.341 -2.83262
6600 1602.73 -755.93 631.646 -2.83257
6610 1423.73 4522.68 630.966 -2.8327
6620 1345 10105.4 630.382 -2.83258
6630 1560.51 7006.09 629.972 -2.83223
6640 1776.98 5743.11 629.699 -2.83207
6650 1819.01 9036.98 629.543 -2.83267
6660 1707.11 12854.7 629.552 -2.834
6670 1577.36 14616.5 629.787 -2.83568
6680 1454.02 15776.9 630.275 -2.83727
6690 1440.14 15126.2 631.033 -2.83863
6700 1492.89 13906.1 632.047 -2.83977
6710 1577.42 13105.7 633.296 -2.84089
6720 1654.6 9895.37 634.76 -2.84214
6730 1628.22 8263.87 636.39 -2.84361
6740 1489.67 7341.07 638.15 -2.84513
6750 1277.8 7085.9 640.027 -2.84631
6760 1138.34 7915.81 642.015 -2.84688
6770 1200.11 5040.03 644.118 -2.84679
6780 1369.73 1331.94 646.291 -2.84598
6790 1544.17 -1824.8 648.468 -2.84477
6800 1615.63 -2631.34 650.594 -2.84363
6810 1575.92 -2406.95 652.653 -2.84288
6820 1449.18 -590.388 654.649 -2.84244
6830 1342.23 -75.5397 656.613 -2.84203
6840 1312.38 -706.695 658.553 -2.84139
6850 1315.59 -1775.04 660.46 -2.84042
6860 1343.67 -5140.05 662.308 -2.83913
6870 1359.78 -9891.37 664.038 -2.83749
6880 1522.03 -15790.3 665.556 -2.83561
6890 1772.36 -20921.1 666.756 -2.83378
6900 1772.16 -20984.7 667.549 -2.83277
6910 1667.74 -18602.3 667.934 -2.83277
6920 1542.85 -16187.3 667.957 -2.83327
6930 1484.74 -14546.2 667.67 -2.8339
6940 1491.71 -10326.5 667.117 -2.83446
6950 1555.33 -6518.01 666.378 -2.83496
6960 1633.7 -5141.65 665.528 -2.83556
6970 1565.73 -2511.71 664.601 -2.83635
6980 1433.22 729.065 663.65 -2.83706
6990 1406.27 -1562.98 662.725 -2.83752
7000 1449 -5097.2 661.789 -2.8378
7010 1453.17 -5171.58 660.784 -2.83796
7020 1406 -6431.52 659.701 -2.83801
7030 1349.62 -7101.12 658.522 -2.83791
7040 1360.18 -8464.23 657.233 -2.83756
7050 1526.19 -11720 655.81 -2.8371
7060 1652.12 -12369 654.203 -2.83682
7070 1620.79 -10128.6 652.407 -2.83696
7080 1470.54 -4663.12 650.468 -2.83728
7090 1339.44 340.632 648.485 -2.83733
7100 1282.17 2348.37 646.544 -2.83696
7110 1251.25 6400.5 644.692 -2.83609
7120 1267.02 9549.38 642.993 -2.83475
7130 1282.23 12419.9 641.502 -2.83302
7140 1300.22 15275.2 640.264 -2.83102
7150 1271.66 19441.6 639.327 -2.82886
7160 1310.63 21968.2 638.756 -2.8266
7170 1501.73 16979.9 638.577 -2.82428
7180 1657.86 12241.4 638.708 -2.82211
7190 1699.62 10276 639.064 -2.82058
7200 1575.83 12147.6 639.611 -2.81979
7210 1438.68 14787.9 640.373 -2.81946
7220 1440.12 11409.3 641.384 -2.8192
7230 1543.15 5282.12 642.587 -2.8188
7240 1660.05 -2121.3 643.871 -2.8184
7250 1702 -5960.16 645.111 -2.81829
7260 1772.87 -9498.7 646.232 -2.81869
7270 1806.09 -10329.5 647.175 -2.81975
7280 1750.65 -8203.99 647.926 -2.8215
7290 1634.92 -4150.09 648.527 -2.82361
7300 1566.67 -3780.33 649.043 -2.82569
7310 1549.93 -6723.81 649.482 -2.82761
7320 1484.97 -5193.88 649.805 -2.82932
7330 1421.77 -4053.52 650.032 -2.83068
7340 1492.27 -4991.49 650.183 -2.83172
7350 1630.12 -6786.04 650.244 -2.83269
7360 1760.08 -9589.88 650.184 -2.83397
7370 1771.95 -10174.8 649.958 -2.83585
7380 1629.52 -8387.46 649.559 -2.83811
7390 1396.17 -2262.45 649.026 -2.8401
7400 1247.87 2780.82 648.464 -2.84134
7410 1259.33 1880.1 647.957 -2.84189
7420 1313.54 992.497 647.498 -2.8419
7430 1405.44 -1274.33 647.066 -2.84155
7440 1501.37 -5023.72 646.621 -2.84104
7450 1507.92 -3600.76 646.106 -2.84059
7460 1509.92 -3852.37 645.536 -2.8402
7470 1620.62 -6436.01 644.908 -2.83996
7480 1690.02 -7305.4 644.183 -2.84008
7490 1585.96 -2904.33 643.35 -2.84062
7500 1409.3 3821.49 642.49 -2.8411
7510 1490.56 3591.07 641.707 -2.84135
7520 1631.64 1117.82 641.002 -2.84161
7530 1590.1 3147.25 640.344 -2.84208
7540 1605 523.676 639.75 -2.84275
7550 1617.1 -3101.38 639.18 -2.84364
7560 1518.83 -797.701 638.579 -2.84465
7570 1400.62 2279.43 637.98 -2.84544
7580 1460.51 -773.504 637.427 -2.84595
7590 1572.49 -6300.56 636.869 -2.84641
7600 1527.87 -3660.49 636.231 -2.84696
7610 1481.36 -206.328 635.543 -2.84743
7620 1575.28 -895.591 634.861 -2.84787
7630 1593.02 334.652 634.185 -2.84841
7640 1516.18 2548.9 633.531 -2.84906
7650 1395.65 5373.41 632.939 -2.84955
7660 1359.19 6177.97 632.452 -2.84975
7670 1385.07 6590.19 632.085 -2.84964
7680 1418.99 8210.26 631.846 -2.84929
7690 1496.06 4932.69 631.75 -2.84883
7700 1553.82 266.38 631.744 -2.84841
7710 1531.12 79.3209 631.758 -2.84813
7720 1584.33 -2853.91 631.773 -2.84799
7730 1747.3 -8826.07 631.737 -2.84816
7740 1792.33 -7724.6 631.568 -2.84895
7750 1680.26 -3129.03 631.278 -2.85039
7760 1481.4 2585.57 630.946 -2.85188
7770 1384.48 2669.88 630.661 -2.85304
7780 1378.87 3258.17 630.433 -2.85376
7790 1471.38 974.622 630.264 -2.85417
7800 1542.85 -872.266 630.122 -2.85448
7810 1569.13 -1047.62 629.975 -2.85486
7820 1523.56 1123.01 629.821 -2.85533
7830 1456.54 3778.21 629.695 -2.85576
7840 1460.34 4713.08 629.639 -2.85604
7850 1550.3 2942.98 629.667 -2.85623
7860 1669.66 -864.101 629.747 -2.85656
7870 1702.75 -341.099 629.824 -2.85724
7880 1762.19 1197.56 629.901 -2.85844
7890 1765.38 2647.72 630.004 -2.86021
7900 1629.19 6141.73 630.162 -2.86233
7910 1477.59 9567.84 630.43 -2.86433
7920 1485.01 8745.91 630.858 -2.86599
7930 1582.91 7357.6 631.437 -2.86753
7940 1578.55 5826.66 632.141 -2.86908
7950 1409.82 8303.16 632.95 -2.87051
7960 1271.43 9485.77 633.895 -2.87151
7970 1257.14 9984.05 635 -2.87199
7980 1329.5 10070.1 636.27 -2.872
7990 1462.03 7961.38 637.703 -2.87168
8000 1510.15 6197.14 639.266 -2.87127
8010 1366.77 6195.18 640.929 -2.87091
8020 1223.96 5142.61 642.686 -2.87042
8030 1232.22 2283.78 644.518 -2.8695
8040 1379.92 -4295.26 646.366 -2.868
8050 1524.34 -9960.31 648.12 -2.86604
8060 1584.31 -12953.9 649.68 -2.86417
8070 1516.92 -11550.5 650.996 -2.86268
8080 1490.01 -10469 652.085 -2.86155
8090 1539.57 -11784.7 652.967 -2.86058
8100 1548.33 -11721.4 653.627 -2.85981
8110 1567.03 -13479.4 654.062 -2.85929
8120 1530.01 -12785.8 654.25 -2.85902
8130 1469.01 -9649.78 654.206 -2.85891
8140 1416.47 -5486.19 653.991 -2.85878
8150 1378.38 -4673.27 653.676 -2.85849
8160 1313.83 -4750.42 653.283 -2.85802
8170 1209.85 -2279.39 652.817 -2.85724
8180 1197.94 -2810.81 652.317 -2.85609
8190 1215.2 -6553.33 651.77 -2.85455
8200 1206.76 -7451.24 651.121 -2.85272
8210 1255.55 -8036.27 650.349 -2.85062
8220 1348.11 -7722.86 649.448 -2.84827
8230 1390.78 -5734.26 648.427 -2.84582
8240 1331.49 -650.288 647.329 -2.84343
8250 1319.42 2989.84 646.24 -2.84105
8260 1467.2 1151.53 645.219 -2.83857
8270 1607.76 -904.06 644.239 -2.83619
8280 1607.77 3072.74 643.277 -2.83426
8290 1590.81 5012.09 642.388 -2.83284
8300 1680.33 1530.51 641.6 -2.83189
8310 1824.39 -1619.72 640.859 -2.83157
8320 1937.86 -3351.72 640.11 -2.83225
8330 1988.55 -4572.15 639.321 -2.83421
8340 1905.47 -2959.66 638.475 -2.83733
8350 1614.08 4086.38 637.606 -2.84074
8360 1352.25 12373.9 636.832 -2.84325
8370 1432.88 8869.01 636.273 -2.84504
8380 1572.26 5443 635.886 -2.84661
8390 1640.27 4083.1 635.61 -2.84825
8400 1550.61 1547.88 635.413 -2.84997
8410 1347.46 5207.01 635.264 -2.85134
8420 1430.47 1836.81 635.201 -2.85222
8430 1659.81 -3704.25 635.172 -2.85297
8440 1770.45 -5202.18 635.093 -2.85406
8450 1832.57 -8944.94 634.925 -2.85583
8460 1810.02 -9395.69 634.615 -2.85831
8470 1709.14 -6883.77 634.156 -2.86121
8480 1592.58 -4214.3 633.59 -2.86406
8490 1528.22 -2022.42 632.964 -2.86659
8500 1528.93 -17.2772 632.318 -2.86876
8510 1566.89 390.123 631.685 -2.87072
8520 1597.76 683.239 631.074 -2.87259
8530 1594.24 2559.1 630.493 -2.87443
8540 1551.08 5152.39 629.972 -2.87617
8550 1479.02 6756.21 629.551 -2.87772
8560 1371.65 11463.5 629.265 -2.87887
8570 1389.09 12275 629.179 -2.87962
8580 1449.19 8504.38 629.304 -2.88009
8590 1420.11 8136.01 629.585 -2.88038
8600 1442.44 6597.81 630.007 -2.88049
8610 1606.53 971.727 630.535 -2.8805
8620 1701.31 -2098.19 631.083 -2.88072
8630 1546.18 -864.862 631.598 -2.88135
8640 1252.18 3339.22 632.103 -2.88185
8650 1380.16 -328.494 632.652 -2.88192
8660 1613.71 -5612.49 633.19 -2.88164
8670 1657.66 -6320.22 633.636 -2.88161
8680 1535.75 -3665.11 633.976 -2.88193
8690 1355.61 1202.8 634.255 -2.88228
8700 1236.01 5500.78 634.557 -2.88229
8710 1283.46 3596.98 634.946 -2.88186
8720 1320.93 -536.194 635.394 -2.88098
8730 1288.06 -2188.82 635.835 -2.87983
8740 1268.13 -1921.35 636.24 -2.87843
8750 1311.2 -4360.44 636.606 -2.87676
8760 1336.75 -5498.02 636.896 -2.87488
8770 1302.52 -4685.86 637.093 -2.87291
8780 1348.44 -6653.66 637.205 -2.87085
8790 1449.84 -8992.91 637.202 -2.86867
8800 1527.66 -8325.05 637.049 -2.86659
8810 1517.53 -3745.67 636.764 -2.8648
8820 1507.22 103.246 636.42 -2.86333
8830 1428.06 4794.69 636.091 -2.86205
8840 1390.11 7649.26 635.853 -2.86086
8850 1450.08 5908.33 635.753 -2.85962
8860 1474.01 3047.72 635.761 -2.8584
8870 1433.13 3872 635.835 -2.85728
8880 1466.91 2674.45 635.977 -2.85621
8890 1597.26 -3497.57 636.162 -2.85517
8900 1673.64 -8578.65 636.291 -2.85443
8910 1666.31 -9736.53 636.278 -2.85422
8920 1625.84 -7056.95 636.106 -2.85448
8930 1655.82 -4511.64 635.818 -2.85505
8940 1730.18 -2886.39 635.46 -2.85599
8950 1704.9 -1114.6 635.062 -2.8574
8960 1520.9 4039.05 634.663 -2.85896
8970 1396.99 6121.37 634.341 -2.86022
8980 1362.95 6240.94 634.133 -2.86107
8990 1384.32 6213.79 634.042 -2.86151
9000 1518.87 3999.18 634.064 -2.8617
9010 1678.47 -687.564 634.156 -2.86196
9020 1649.28 -2221.94 634.247 -2.86258
9030 1491.88 -1161.75 634.308 -2.86341
9040 1400.04 -225.577 634.351 -2.86406
9050 1452.88 -328.098 634.395 -2.86445
9060 1510.89 -349.436 634.438 -2.86468
9070 1546.66 -1444.08 634.476 -2.86492
9080 1503.11 320.288 634.501 -2.8652
9090 1470.48 -340.863 634.531 -2.86546
9100 1404.07 1130.57 634.564 -2.86562
9110 1310.57 5809.89 634.627 -2.86552
9120 1341.89 4959.72 634.787 -2.86511
9130 1343.46 3598.43 635.036 -2.86441
9140 1219.84 8234.79 635.361 -2.86351
9150 1130.28 8903.18 635.823 -2.86235
9160 1211.29 7021.46 636.436 -2.86074
9170 1374.4 4627.24 637.17 -2.85864
9180 1555.91 25.9849 637.976 -2.85627
9190 1623.29 -156.024 638.786 -2.85412
9200 1619.54 1480.39 639.591 -2.85256
9210 1513.51 4077.67 640.419 -2.85156
9220 1320.86 12342 641.327 -2.85089
9230 1253.29 13072.4 642.435 -2.85024
9240 1364.82 9863.11 643.766 -2.84925
9250 1519.87 5059.45 645.261 -2.84797
9260 1613.51 -821.444 646.834 -2.84664
9270 1574.51 -2719.81 648.386 -2.84561
9280 1479.4 -1741.67 649.88 -2.8449
9290 1436.78 -2400.15 651.326 -2.84429
9300 1555.03 -8456.39 652.707 -2.84358
9310 1635.99 -12878.5 653.923 -2.8429
9320 1581.18 -13321.7 654.894 -2.84257
9330 1451.62 -10515.1 655.617 -2.84252
9340 1311.58 -9005.71 656.134 -2.84241
9350 1214.5 -5899.29 656.485 -2.84198
9360 1342.88 -8526.57 656.715 -2.84112
9370 1564.12 -14468.2 656.78 -2.83994
9380 1674.84 -16216.7 656.587 -2.83901
9390 1680.94 -16076.2 656.1 -2.8387
9400 1654.22 -15565.9 655.327 -2.83899
9410 1645.18 -14632.9 654.283 -2.83975
9420 1657.57 -13687.5 652.988 -2.84087
9430 1630.58 -11481.3 651.47 -2.8423
9440 1534.14 -10154.1 649.77 -2.84383
9450 1409.01 -6441.52 647.923 -2.84515
9460 1329.6 -1457.09 645.998 -2.84588
9470 1509.08 -2996.71 644.073 -2.84619
9480 1764.13 -5580.19 642.135 -2.84667
9490 1880.86 -8182.35 640.137 -2.84794
9500 1801.79 -8869.37 638.038 -2.85021
9510 1616.11 -5826.14 635.834 -2.85278
9520 1552.69 -5175.95 633.57 -2.85514
9530 1521.65 -4924.36 631.262 -2.85732
9540 1406.56 1624.73 628.931 -2.859
9550 1329.88 5959.97 626.671 -2.8599
9560 1347.03 10066.5 624.563 -2.86016
9570 1395.76 12786.9 622.666 -2.85993
9580 1410.32 15372.8 621.025 -2.85943
9590 1420.3 19717.3 619.68 -2.85872
9600 1521.25 18050.4 618.684 -2.85796
9610 1602.59 13547.9 618.006 -2.85746
9620 1512.1 16495.3 617.583 -2.85728
9630 1382.03 21260.8 617.447 -2.8572
9640 1376.74 22639.9 617.667 -2.85706
9650 1443.33 23050.1 618.264 -2.85686
9660 1539.89 20482.3 619.236 -2.85673
9670 1630 14693.7 620.538 -2.85678
9680 1653.39 10196.9 622.077 -2.8571
9690 1624.4 7162.03 623.776 -2.85773
9700 1590.7 1844.68 625.576 -2.85849
9710 1600.3 -2353.48 627.393 -2.85922
9720 1644.5 -7036.65 629.149 -2.86
9730 1682.93 -10529.8 630.77 -2.86091
9740 1724.53 -13503.4 632.192 -2.86213
9750 1686.36 -13778 633.369 -2.86373
9760 1549.28 -10094 634.302 -2.86552
9770 1347.01 -5143.67 635.051 -2.86706
9780 1137.66 1069.35 635.706 -2.86796
9790 1027.11 4555.85 636.371 -2.8681
9800 1117.05 1641.93 637.1 -2.86749
9810 1322.92 -3186.62 637.849 -2.86612
9820 1541.56 -5747.8 638.539 -2.86431
9830 1683.61 -8261.81 639.121 -2.86261
9840 1654.36 -6346.86 639.561 -2.86153
9850 1503.29 -1170.07 639.894 -2.86101
9860 1386.81 3678.47 640.204 -2.86065
9870 1403.78 6396.98 640.578 -2.86017
9880 1477.85 7689.44 641.064 -2.85959
9890 1455.01 9672.09 641.687 -2.85903
9900 1426.09 8446.27 642.475 -2.85852
9910 1458.56 5091.33 643.405 -2.85792
9920 1550.96 3362.46 644.423 -2.85728
9930 1691.75 -46.6975 645.489 -2.8568
9940 1692.83 -2415.03 646.548 -2.85674
9950 1643.76 -2213.11 647.56 -2.85715
9960 1656.82 -5959.66 648.515 -2.85789
9970 1528.87 -7435.66 649.357 -2.85879
9980 1372.5 -5272.96 650.065 -2.85949
9990 1580.74 -10942.7 650.656 -2.85999
10000 1693.15 -14126.7 651.047 -2.86059
