# Time-averaged data for fix 4
# TimeStep c_mytemp c_mypress v_vmyvol v_avgEtotal
10 1327.35 529667 400.365 -2.72554
20 1046.57 525789 401.133 -2.73417
30 1007.3 473972 402.077 -2.7438
40 1201.26 406581 402.766 -2.74974
50 1232.86 417439 402.69 -2.74901
60 1132.04 465406 401.916 -2.74222
70 1076.38 523919 400.861 -2.73191
80 1108.92 590735 400.049 -2.72277
90 1252 569645 399.974 -2.72131
100 1393.18 510975 400.477 -2.72614
110 1319.72 521489 401.139 -2.73287
120 1254.54 477291 401.931 -2.74106
130 1233.44 439266 402.522 -2.74681
140 1208.63 448664 402.612 -2.74804
150 1173.76 458581 402.249 -2.74523
160 1154.87 478233 401.535 -2.73904
170 991.001 560963 400.703 -2.73082
180 1005.87 568087 400.356 -2.72664
190 1151.99 533630 400.579 -2.72833
200 1148.99 532423 401.132 -2.73337
210 1227.27 470202 401.907 -2.74023
220 1282.37 439406 402.442 -2.74434
230 1360.07 441056 402.462 -2.74419
240 1338.93 462963 401.983 -2.74003
250 1205.55 506793 401.2 -2.73305
260 1054.96 580270 400.53 -2.72628
270 1146.82 556608 400.487 -2.72575
280 1257.04 535146 400.953 -2.73052
290 1313.88 508198 401.72 -2.7384
300 1326.15 443059 402.519 -2.74618
310 1176.01 413265 402.835 -2.74934
320 1038.81 464872 402.447 -2.74632
330 1068.18 509898 401.76 -2.73961
340 1321.34 493599 401.11 -2.7331
350 1259.82 591047 400.529 -2.72708
360 1192.23 592070 400.668 -2.72884
370 1288.21 495416 401.541 -2.7381
380 1300.25 462808 402.421 -2.74656
390 1236.57 453883 402.98 -2.7521
400 1134.43 427993 403.111 -2.75372
410 1202.5 428013 402.625 -2.75003
420 1151.93 512025 401.585 -2.74079
430 1066.98 594658 400.667 -2.73099
440 1160.47 585196 400.527 -2.72914
450 1240.57 550912 401.12 -2.73536
460 1243.06 487121 402.133 -2.74559
470 1290.98 419945 403.014 -2.75333
480 1249.36 448468 403.262 -2.75553
490 1243.43 454917 403.025 -2.75373
500 1179.66 483414 402.423 -2.74854
510 1179.71 493618 401.665 -2.74155
520 1073.55 560409 400.919 -2.73416
530 1027.34 579595 400.682 -2.73135
540 1166.79 521273 401.076 -2.73503
550 1160.06 531730 401.728 -2.7412
560 1197.61 476301 402.58 -2.74907
570 1207.39 471151 403.268 -2.75489
580 1131.54 484650 403.711 -2.75858
590 1247.92 426164 403.942 -2.76029
600 1294.77 429377 403.577 -2.75695
610 1221.36 530460 402.673 -2.74841
620 1239.32 536965 401.982 -2.74096
630 1314.89 476356 401.569 -2.73709
640 1162.13 571352 401.097 -2.7327
650 1019.5 594155 401.203 -2.73414
660 1128.03 472795 402.007 -2.74222
670 1156.73 467731 402.673 -2.74782
680 1236.25 485686 403.065 -2.7511
690 1391.3 411650 403.242 -2.75254
700 1274.3 429502 402.716 -2.74852
710 963.027 566744 401.684 -2.7387
720 1052.51 553561 401.13 -2.73225
730 1242.6 495409 401.019 -2.73063
740 1153.46 578752 401.003 -2.73011
750 1191.72 527038 401.554 -2.73574
760 1234.71 457613 402.336 -2.7427
770 1269.24 465443 402.798 -2.74656
780 1321.47 466483 402.942 -2.74782
790 1360.48 457856 402.785 -2.74666
800 1356.26 466330 402.273 -2.74274
810 1241.94 522807 401.52 -2.73638
820 1103.81 547598 400.951 -2.7312
830 1066.08 580128 400.824 -2.73033
840 1025.12 569955 401.373 -2.73668
850 1023.63 482700 402.463 -2.74752
860 1077.74 452646 403.443 -2.75583
870 1224.8 438676 404.004 -2.75994
880 1451.43 398027 403.988 -2.75924
890 1412.56 436126 403.128 -2.75236
900 1161.56 560580 401.818 -2.7398
910 1258.3 523476 400.901 -2.73039
920 1248.39 583251 400.31 -2.72464
930 1173.07 639002 400.457 -2.72709
940 1088.15 529171 401.685 -2.74136
950 1086.59 421048 403.154 -2.7548
960 1137.08 453229 404.038 -2.76199
970 1366.25 391117 404.398 -2.76493
980 1257.25 382575 403.837 -2.76094
990 1088.09 503439 402.358 -2.74813
1000 1222.42 578419 400.896 -2.73261
1010 1344.99 588317 400.101 -2.72355
1020 1270.13 579888 400.081 -2.72363
1030 1027.46 578835 400.774 -2.73188
1040 922.586 502497 402.085 -2.74573
1050 1134.77 426711 403.406 -2.75716
1060 1295.93 411912 404.113 -2.76223
1070 1351.98 397427 404.025 -2.76116
1080 1186.3 433289 403.071 -2.75347
1090 978.74 527931 401.601 -2.73949
1100 1125.44 570175 400.356 -2.72576
1110 1095.46 619687 399.766 -2.71841
1120 1118.34 606692 400.182 -2.72271
1130 1372.04 483364 401.436 -2.73518
1140 1329.95 422341 402.579 -2.74466
1150 1068.42 466918 403.115 -2.7491
1160 1066.88 460875 403.301 -2.75055
1170 1233.32 437523 403.134 -2.74861
1180 1322.08 449311 402.444 -2.74228
1190 1244.18 523792 401.379 -2.73202
1200 1311.67 546982 400.5 -2.7228
1210 1374.27 567158 400.049 -2.71835
1220 1227.1 595538 400.211 -2.72096
1230 984.632 540598 401.131 -2.73157
1240 955.021 482060 402.405 -2.74436
1250 1111.05 417846 403.498 -2.75357
1260 1227.54 397092 403.879 -2.75601
1270 1164.74 447144 403.404 -2.75145
1280 1169.5 488723 402.465 -2.74227
1290 1204.9 524213 401.436 -2.73168
1300 1240.05 587962 400.682 -2.72308
1310 1360.02 544739 400.607 -2.7219
1320 1346.1 547401 400.986 -2.72602
1330 1290.5 512177 401.735 -2.73431
1340 1161.83 461574 402.579 -2.74288
1350 1138.36 427156 403.083 -2.7477
1360 1152.78 453825 402.988 -2.74706
1370 1187.16 482646 402.492 -2.74254
1380 1242.3 494537 401.837 -2.73642
1390 1197.79 554400 401.194 -2.73
1400 1154.04 575645 401.012 -2.72812
1410 1234.86 501616 401.417 -2.73235
1420 1249.22 490506 401.886 -2.73687
1430 1026.68 547403 402.336 -2.74163
1440 1086.76 447517 403.055 -2.74855
1450 1247.21 407447 403.358 -2.75069
1460 1231.67 480136 402.937 -2.74655
1470 1309.23 487459 402.287 -2.7402
1480 1246.34 494704 401.542 -2.73321
1490 1061.26 580672 400.841 -2.72608
1500 1246.98 553454 400.761 -2.72504
1510 1455.04 507471 401.14 -2.7289
1520 1289.65 541969 401.659 -2.73485
1530 1201.02 469274 402.445 -2.74339
1540 1182.23 430166 402.978 -2.74865
1550 1014.99 501385 402.988 -2.74904
1560 999.028 499919 402.943 -2.74859
1570 1144.37 454473 402.872 -2.74758
1580 1212.67 458772 402.441 -2.74327
1590 1220.23 528369 401.712 -2.7358
1600 1291.37 563849 401.218 -2.73021
1610 1353.04 549874 401.261 -2.73058
1620 1392.86 495862 401.708 -2.73547
1630 1288 498338 402.168 -2.74062
1640 1181.59 487118 402.592 -2.74555
1650 1139.83 462470 402.893 -2.74897
1660 1089.91 460106 402.874 -2.74923
1670 976.425 503279 402.547 -2.7462
1680 1077.6 515882 402.231 -2.74271
1690 1185.8 496466 402.034 -2.74018
1700 1197.79 516605 401.852 -2.73778
1710 1231.64 534925 401.815 -2.73691
1720 1296.38 501372 402.055 -2.73898
1730 1319.63 445346 402.276 -2.74096
1740 1113.49 523913 402.143 -2.73976
1750 1107.24 507589 402.131 -2.73961
1760 1150.8 486391 402.193 -2.73998
1770 1190.46 500583 402.172 -2.73947
1780 1216.46 490158 402.129 -2.73878
1790 1164.99 492984 402.024 -2.73748
1800 1245.64 496895 401.853 -2.73562
1810 1244.54 559287 401.717 -2.7341
1820 1330.23 521325 402.026 -2.73739
1830 1381.6 440205 402.481 -2.74205
1840 1141.39 475703 402.51 -2.74284
1850 1072.4 503107 402.312 -2.74135
1860 1069.56 496861 402.119 -2.73956
1870 1078.3 536155 401.954 -2.73769
1880 1345.18 493511 402.03 -2.73809
1890 1428.21 470784 402.08 -2.7385
1900 1211.97 509657 401.921 -2.73741
1910 1055.16 520205 401.833 -2.73687
1920 1201.53 477044 401.879 -2.73741
1930 1256.23 491293 401.774 -2.73649
1940 1100.48 554562 401.644 -2.73528
1950 1120.87 527030 401.915 -2.73808
1960 1258.12 474969 402.413 -2.74271
1970 1357.4 459550 402.71 -2.74536
1980 1209.56 503070 402.703 -2.7455
1990 1239.99 489988 402.676 -2.74551
2000 1369.58 458398 402.548 -2.74479
2010 1245.08 504334 402.125 -2.74155
2020 1063.16 540401 401.744 -2.73821
2030 1177.4 503590 401.66 -2.73767
2040 1095.06 520165 401.666 -2.73787
2050 950.594 545431 401.854 -2.73977
2060 985.88 507743 402.397 -2.74487
2070 1279.04 420532 402.957 -2.74913
2080 1367.48 433462 402.892 -2.74776
2090 1264.83 524021 402.309 -2.74191
2100 1447.06 513902 401.866 -2.73732
2110 1565.6 464064 401.521 -2.73488
2120 1106.17 556446 400.992 -2.73102
2130 820.509 597985 400.93 -2.73106
2140 1070.74 493101 401.604 -2.73809
2150 1264.43 457287 402.277 -2.74394
2160 1141.87 477540 402.606 -2.74667
2170 1005.16 494003 402.739 -2.74761
2180 1241.08 436842 402.751 -2.74723
2190 1435.09 437458 402.259 -2.74263
2200 1296.73 522945 401.298 -2.73364
2210 1183.11 581874 400.537 -2.72572
2220 1329.96 557956 400.435 -2.72486
2230 1263.7 531212 400.851 -2.72974
2240 991.637 533304 401.562 -2.73761
2250 893.357 483973 402.517 -2.74718
2260 1198.02 403712 403.295 -2.75351
2270 1326.92 404537 403.275 -2.75275
2280 1168.89 478189 402.477 -2.7454
2290 1270.64 495630 401.449 -2.73533
2300 1299.74 538239 400.427 -2.72515
2310 1131.38 620529 399.798 -2.71829
2320 1100.56 602138 400.15 -2.72248
2330 1183.83 508675 401.333 -2.73499
2340 1218.85 468712 402.626 -2.74689
2350 1188.38 455397 403.654 -2.75609
2360 1264.38 385176 404.221 -2.76077
2370 1249.8 381147 403.82 -2.75784
2380 1225.3 445947 402.426 -2.74663
2390 1280.7 538110 400.608 -2.72938
2400 1238.29 631524 399.163 -2.71341
2410 1149.26 653284 398.832 -2.70964
2420 1086.4 604495 399.789 -2.72143
2430 1081.57 502890 401.609 -2.74106
2440 1193.08 389250 403.419 -2.75654
2450 1123.92 368109 404.304 -2.76267
2460 1154.3 407106 404.05 -2.76022
2470 1288.14 461468 402.993 -2.75066
2480 1335.66 489335 401.595 -2.7374
2490 1234.35 563979 400.168 -2.72316
2500 1034.32 663676 399.364 -2.71379
2510 1229.97 588970 399.845 -2.71939
2520 1198.02 536639 401.13 -2.73301
2530 1053.38 498336 402.736 -2.74931
2540 1160.25 392728 404.244 -2.76218
2550 1270.13 366946 404.85 -2.76623
2560 1246.57 403124 404.309 -2.7618
2570 1205.57 459688 402.94 -2.75002
2580 1272.68 501591 401.225 -2.73391
2590 1208.43 620612 399.635 -2.71701
2600 1068.01 677372 399.079 -2.7101
2610 1105.99 585200 399.95 -2.72036
2620 1126.94 518755 401.586 -2.7374
2630 1138.89 440519 403.355 -2.75366
2640 1201.76 369698 404.58 -2.76286
2650 1249.17 368909 404.681 -2.76308
2660 1172.43 451816 403.688 -2.75462
2670 1299.84 486900 402.25 -2.74083
2680 1404.9 535309 400.738 -2.72611
2690 1326.08 641354 399.624 -2.71388
2700 1326.99 618282 399.656 -2.71491
2710 1312.17 547200 400.688 -2.72744
2720 1080.85 493427 402.134 -2.74298
2730 866.862 447885 403.516 -2.7562
2740 1030.48 376308 404.383 -2.76319
2750 1074.86 422466 404.246 -2.76143
2760 1089.44 442183 403.393 -2.7533
2770 1169.76 468371 402.054 -2.74078
2780 1199.6 604368 400.567 -2.72449
2790 1261.7 613710 399.911 -2.71575
2800 1224.31 575276 400.229 -2.71871
2810 1124.2 580464 401.246 -2.72983
2820 1148.78 482701 402.87 -2.7464
2830 1303.91 372214 404.306 -2.75785
2840 1378.86 392676 404.697 -2.76035
2850 1331.75 428271 404.136 -2.75595
2860 1147.33 454141 402.943 -2.74612
2870 1094.12 543354 401.425 -2.7318
2880 1095.54 630598 400.331 -2.7193
2890 1244.97 577031 400.273 -2.71826
2900 1286.77 552636 400.929 -2.72527
2910 1202.61 519143 402.033 -2.73702
2920 1234.63 421942 403.232 -2.74824
2930 1213.52 401224 403.789 -2.75283
2940 1200.16 448091 403.52 -2.75068
2950 1229.26 470241 402.776 -2.74411
2960 1268.36 482874 401.778 -2.7351
2970 1253.99 553968 400.708 -2.72472
2980 1287.34 572561 400.088 -2.71828
2990 1241.1 553348 400.081 -2.71876
3000 1114.23 578028 400.591 -2.72502
3010 1067.76 509563 401.693 -2.73705
3020 1018.31 452570 402.88 -2.74802
3030 1098.81 433921 403.665 -2.75447
3040 1293.23 411789 403.843 -2.75543
3050 1383.09 435892 403.285 -2.75041
3060 1385.24 476768 402.176 -2.74077
3070 1222.32 592417 400.962 -2.72882
3080 1191.96 620516 400.507 -2.72394
3090 1255.06 542913 401.035 -2.73025
3100 1165.89 498420 401.96 -2.74
3110 1003.21 505575 402.912 -2.74962
3120 1203.58 417548 403.81 -2.75788
3130 1374.57 368975 404.001 -2.7594
3140 1232.83 440086 403.127 -2.75267
3150 1130.13 529647 401.756 -2.73993
3160 1125.39 566163 400.634 -2.72801
3170 1090.82 590690 400.106 -2.72207
3180 1140.18 597739 400.378 -2.725
3190 1396.06 507956 401.413 -2.73577
3200 1355.39 461830 402.553 -2.74657
3210 1198.51 422772 403.338 -2.75384
3220 1142.23 435736 403.475 -2.75532
3230 1113.6 460402 403.053 -2.75171
3240 1161.24 473852 402.28 -2.74473
3250 1106.21 520670 401.327 -2.73532
3260 1142.8 561580 400.565 -2.72709
3270 1215.38 587603 400.359 -2.72443
3280 1311.61 523617 400.84 -2.72925
3290 1274.49 515462 401.579 -2.73663
3300 1178.98 496066 402.432 -2.74524
3310 1225.29 451748 403.222 -2.75268
3320 1270.93 438422 403.599 -2.75612
3330 1204.08 455963 403.453 -2.75509
3340 1115.32 476819 402.927 -2.75051
3350 1063.39 520568 402.216 -2.74372
3360 1107.09 559488 401.722 -2.73817
3370 1262.55 522791 401.679 -2.73727
3380 1197.72 549003 401.908 -2.73941
3390 1136.31 498798 402.497 -2.74518
3400 1101.42 463481 403.088 -2.75038
3410 1176.68 444943 403.359 -2.7523
3420 1386.84 440285 403.156 -2.7501
3430 1377.25 450415 402.434 -2.74389
3440 1172.75 538484 401.362 -2.73394
3450 1137.5 611643 400.643 -2.72622
3460 1258.78 545746 400.796 -2.72796
3470 1276.51 500149 401.376 -2.73398
3480 1073.46 523473 402.008 -2.74061
3490 1049.01 476788 402.776 -2.74822
3500 1133.39 432159 403.338 -2.75293
3510 1262.76 424690 403.322 -2.7524
3520 1395.33 450069 402.664 -2.7466
3530 1316.37 523714 401.627 -2.73699
3540 1154.58 557142 400.785 -2.72852
3550 1028.59 569403 400.443 -2.72505
3560 1053.08 597483 400.743 -2.72848
3570 1228.66 496052 401.777 -2.73918
3580 1223.44 428778 402.799 -2.74792
3590 1108.3 446255 403.248 -2.75144
3600 1131.63 451462 403.202 -2.75066
3610 1249.85 463442 402.739 -2.74606
3620 1396.7 472570 401.961 -2.73862
3630 1409.52 522984 400.994 -2.72956
3640 1284.48 583096 400.26 -2.72232
3650 1137.7 591214 400.218 -2.72259
3660 996.423 579047 400.98 -2.73179
3670 1166.38 453697 402.319 -2.74534
3680 1187.49 410051 403.309 -2.75343
3690 993.04 434427 403.542 -2.75511
3700 950.738 456474 403.187 -2.75154
3710 1099.11 488496 402.466 -2.74397
3720 1302.22 522825 401.668 -2.73496
3730 1451.21 509572 401.039 -2.72775
3740 1343.7 551272 400.56 -2.72275
3750 1223.59 599616 400.553 -2.72301
3760 1278.16 528195 401.315 -2.73165
3770 1238.08 469812 402.335 -2.74192
3780 1188.07 454055 403.11 -2.74932
3790 1238.67 425039 403.459 -2.75279
3800 1223.91 408781 403.145 -2.75076
3810 1078.52 507514 402.136 -2.74203
3820 1179.12 565120 401.172 -2.73198
3830 1237.68 552091 400.748 -2.72733
3840 1153.82 546633 400.798 -2.72792
3850 1158.62 535770 401.259 -2.73281
3860 1264.22 464126 401.974 -2.73973
3870 1249.43 447353 402.412 -2.74363
3880 1144.6 496609 402.44 -2.74396
3890 1167.43 484340 402.382 -2.74344
3900 1221.68 476289 402.203 -2.74172
3910 1239 484622 401.829 -2.73821
3920 1202.18 513969 401.346 -2.73361
3930 1174.32 551835 401.01 -2.73018
3940 1282.35 521993 401.076 -2.73088
3950 1371.7 512125 401.357 -2.73395
3960 1269.18 534064 401.773 -2.73882
3970 1107.03 500209 402.438 -2.74618
3980 1068.23 450499 403.088 -2.75252
3990 1129.67 443140 403.326 -2.75461
4000 1197.29 447374 403.071 -2.75222
4010 1273.87 443141 402.345 -2.74584
4020 1295.4 499276 401.187 -2.73532
4030 1194.62 589019 400.074 -2.72385
4040 1128.05 615244 399.71 -2.71977
4050 1126.59 579121 400.312 -2.72672
4060 1171.49 523074 401.586 -2.74024
4070 1193.95 470921 403.052 -2.75421
4080 1162.88 428410 404.254 -2.76465
4090 1204.86 370931 404.787 -2.76874
4100 1234.57 379913 404.22 -2.76445
4110 1213.84 453493 402.652 -2.75147
4120 1188.52 550941 400.723 -2.73263
4130 1199.81 650072 399.288 -2.71591
4140 1231.66 658776 399.115 -2.71368
4150 1110.55 585151 400.266 -2.72745
4160 1070.04 479462 402.12 -2.74644
4170 1156.74 407267 403.804 -2.76063
4180 1217.84 370357 404.667 -2.76675
4190 1234.99 377321 404.397 -2.76436
4200 1285.51 442493 403.091 -2.75364
4210 1263.63 552584 401.347 -2.73666
4220 1317.14 592715 400.047 -2.72212
4230 1270.29 610647 399.562 -2.71697
4240 1055.69 617301 400.055 -2.72341
4250 1079.53 522391 401.478 -2.73914
4260 1142.38 445979 403.102 -2.75437
4270 1123.02 381894 404.23 -2.76324
4280 1178.8 390376 404.353 -2.76373
4290 1192.05 440430 403.538 -2.75655
4300 1302.71 468567 402.193 -2.74415
4310 1420.83 527559 400.627 -2.72908
4320 1317.49 650712 399.393 -2.71568
4330 1220.93 679170 399.427 -2.71691
4340 1257.15 534835 400.874 -2.73441
4350 1179.31 447594 402.669 -2.75197
4360 1151.98 398397 404 -2.7636
4370 1141.54 366895 404.423 -2.76716
4380 1068.1 400013 403.709 -2.76191
4390 1063.02 485351 402.173 -2.74839
4400 1121.36 542166 400.508 -2.73129
4410 1053.43 653213 399.314 -2.71717
4420 1212.58 615484 399.341 -2.71662
4430 1272.88 555801 400.37 -2.72728
4440 1174.36 530745 401.905 -2.74325
4450 1264.01 420429 403.614 -2.75887
4460 1321.46 354466 404.635 -2.76645
4470 1193.93 383806 404.417 -2.76485
4480 1038.27 469552 403.228 -2.75473
4490 1163.39 479291 401.723 -2.74041
4500 1268.08 565439 400.139 -2.72443
4510 1158.6 691447 399.209 -2.71305
4520 1318.95 592362 399.763 -2.71956
4530 1275.85 498227 401.133 -2.73382
4540 1066.32 485235 402.538 -2.74744
4550 1065.38 433569 403.753 -2.75841
4560 1186.74 384635 404.368 -2.76308
4570 1209.27 377121 403.979 -2.75988
4580 1079.25 447600 402.575 -2.74823
4590 1089.22 568172 400.784 -2.73009
4600 1186.52 628732 399.587 -2.71535
4610 1349.53 596545 399.455 -2.71302
4620 1265.31 597568 400.21 -2.72151
4630 1239.02 505575 401.724 -2.73792
4640 1274.57 398693 403.256 -2.75145
4650 1223.76 402501 403.958 -2.75702
4660 1110.05 447133 403.824 -2.75597
4670 1166.26 438601 403.172 -2.75042
4680 1154.77 493180 402.058 -2.74024
4690 1228.71 544445 400.899 -2.72833
4700 1282.94 565541 400.136 -2.72
4710 1119.78 601236 399.977 -2.71835
4720 1099.07 559585 400.645 -2.7259
4730 1335.03 455184 401.771 -2.73669
4740 1350.5 462589 402.585 -2.74388
4750 1370.8 441528 403.032 -2.74836
4760 1486.8 401129 402.936 -2.74866
4770 1346.91 489503 402.088 -2.74276
4780 1112.75 551475 401.139 -2.73447
4790 934.77 558968 400.618 -2.72973
4800 934.698 593162 400.658 -2.7305
4810 1085.59 526213 401.426 -2.73868
4820 1127.64 442934 402.402 -2.74727
4830 989.416 466282 402.953 -2.75142
4840 1047.62 455938 403.167 -2.75254
4850 1233.5 418977 402.966 -2.74978
4860 1257.07 468761 402.136 -2.74148
4870 1449.08 492006 401.021 -2.73018
4880 1496.01 540818 399.885 -2.71884
4890 1383.95 633871 399.174 -2.71159
4900 1326.39 600007 399.534 -2.71697
4910 1293.87 514456 400.724 -2.73093
4920 1180.58 482176 402.073 -2.74522
4930 1036.85 438942 403.234 -2.75662
4940 962.979 404486 403.846 -2.76208
4950 992.571 412135 403.637 -2.7603
4960 1110.49 435904 402.667 -2.75175
4970 1107.41 515526 401.201 -2.73759
4980 1162.27 601042 399.909 -2.72275
4990 1214.1 642466 399.493 -2.71702
5000 1245.01 599045 400.263 -2.72569
5010 1316.41 491398 401.835 -2.7417
5020 1322.35 424922 403.352 -2.75518
5030 1212.19 378974 404.188 -2.76194
5040 1029.28 428652 404.021 -2.7606
5050 1081.5 476658 403.227 -2.75319
5060 1320.96 488167 402.203 -2.7433
5070 1176.22 601485 401.207 -2.73264
5080 1113.57 587331 400.988 -2.72983
5090 1182.55 560388 401.564 -2.73592
5100 1279.37 499270 402.616 -2.74636
5110 1189.68 504456 403.713 -2.75689
5120 1174.48 460303 404.796 -2.76716
5130 1289.19 373092 405.468 -2.77268
5140 1181.07 395831 405.092 -2.76985
5150 1053.94 486069 403.845 -2.75904
5160 1124.96 533283 402.484 -2.74488
5170 1299.16 523304 401.379 -2.73336
5180 1212.95 612569 400.609 -2.72469
5190 1167.69 600027 400.742 -2.72611
5200 1117.52 550965 401.73 -2.73698
5210 1167.04 475395 403.135 -2.75074
5220 1247.88 403592 404.301 -2.76045
5230 1205.14 412548 404.661 -2.763
5240 1079.84 455314 404.269 -2.75936
5250 1098.66 443832 403.441 -2.75169
5260 1221.56 479753 402.174 -2.73993
5270 1279.59 587844 400.826 -2.72546
5280 1381.59 593407 400.185 -2.71774
5290 1296.96 584113 400.363 -2.71998
5300 1143.15 585816 401.305 -2.7313
5310 1206.73 467951 402.873 -2.74763
5320 1185.89 420845 404.201 -2.75922
5330 1122.89 436698 404.86 -2.76481
5340 1181.82 429275 404.924 -2.76534
5350 1332.18 416426 404.355 -2.76065
5360 1344.61 466544 403.107 -2.7503
5370 1154.76 578161 401.648 -2.73599
5380 1123.03 608879 400.846 -2.72694
5390 1209.52 591826 400.959 -2.72838
5400 1179.6 588849 401.923 -2.73988
5410 1404.39 433141 403.506 -2.75574
5420 1218.8 427701 404.613 -2.76528
5430 952.561 460722 405.088 -2.76977
5440 1077.48 418932 405.139 -2.77022
5450 1248.77 427236 404.514 -2.76483
5460 1123.67 540346 403.338 -2.75353
5470 1230.48 561111 402.487 -2.7437
5480 1396.38 474511 402.096 -2.73958
5490 1141.9 546817 401.62 -2.73509
5500 1035.71 599956 401.568 -2.73466
5510 1221.7 505338 402.254 -2.74165
5520 1264.09 458913 403.04 -2.74885
5530 1142.67 471906 403.482 -2.75266
5540 1017.7 506374 403.71 -2.75468
5550 1314.36 407636 403.866 -2.75577
5560 1355.6 430931 403.306 -2.751
5570 1120.66 558383 402.245 -2.74081
5580 1170.25 566551 401.607 -2.73365
5590 1364.89 524906 401.541 -2.73286
5600 1278.44 558190 401.76 -2.73547
5610 1086.64 546495 402.456 -2.74351
5620 1107.11 447989 403.478 -2.7535
5630 1036.7 448040 404.113 -2.7588
5640 1121.66 453949 404.28 -2.75986
5650 1354.78 432527 404.012 -2.75706
5660 1351.83 462735 403.196 -2.74978
5670 1162.62 537131 402.111 -2.73932
5680 1257 553322 401.319 -2.731
5690 1360.85 576111 401.037 -2.72819
5700 1316.43 545450 401.37 -2.73247
5710 1035.21 509908 402.109 -2.74068
5720 1020.44 466946 402.916 -2.74862
5730 1177.25 446651 403.44 -2.75318
5740 1217.17 445335 403.503 -2.75351
5750 1263.15 424296 403.063 -2.74969
5760 1158.53 468568 402.018 -2.74073
5770 1050.05 583550 400.782 -2.72799
5780 1255.48 617830 400.239 -2.72131
5790 1473.35 537942 400.64 -2.72552
5800 1384.79 505917 401.418 -2.73378
5810 1078.42 525719 402.282 -2.74323
5820 1077.25 467513 403.293 -2.75356
5830 1246.21 413146 404.01 -2.75985
5840 1175.3 443886 404.015 -2.75998
5850 1050.18 495840 403.544 -2.75566
5860 1097.45 497246 403.008 -2.75014
5870 1358.11 458551 402.42 -2.74436
5880 1304.64 542128 401.589 -2.73634
5890 1176.5 594787 401.12 -2.73126
5900 1287.62 537058 401.398 -2.73442
5910 1249.8 521108 402.048 -2.7414
5920 1181.91 477974 402.847 -2.74961
5930 1112.9 441753 403.451 -2.7553
5940 1102.47 454400 403.568 -2.75634
5950 1134.93 492671 403.31 -2.75374
5960 1203.87 475569 402.938 -2.74996
5970 1265.49 498693 402.403 -2.74464
5980 1322.52 526768 401.869 -2.73926
5990 1229.78 564299 401.596 -2.7366
6000 1142.59 539663 401.837 -2.73942
6010 1201.57 504690 402.432 -2.74555
6020 1229.26 465806 403.05 -2.75154
6030 1104.75 456186 403.386 -2.75461
6040 1144.62 458504 403.342 -2.75415
6050 1181.12 453309 402.924 -2.75026
6060 1160.48 495603 402.144 -2.74284
6070 1170.63 576267 401.371 -2.73459
6080 1265.56 583864 401.238 -2.73275
6090 1437.53 472758 401.737 -2.73774
6100 1315.29 489858 402.1 -2.74151
6110 1069.6 557319 402.425 -2.7455
6120 1126.17 468104 403.109 -2.75266
6130 1170.05 419055 403.547 -2.75654
6140 1034.97 456144 403.33 -2.75459
6150 952.867 508888 402.747 -2.74867
6160 1144.55 499341 402.199 -2.74251
6170 1282.66 492094 401.665 -2.73644
6180 1400.58 509430 401.091 -2.73022
6190 1355.82 564975 400.645 -2.72555
6200 1179.51 579737 400.749 -2.72702
6210 1145.51 515187 401.482 -2.73495
6220 1116.1 507092 402.399 -2.74407
6230 1194.9 467423 403.335 -2.75298
6240 1178.73 430416 403.976 -2.75845
6250 1125.65 424504 404.024 -2.75868
6260 1186.55 422525 403.39 -2.75328
6270 1211.9 515536 402.179 -2.74184
6280 1221.85 566968 401.083 -2.73002
6290 1192.83 591781 400.586 -2.72426
6300 1190.22 567280 400.859 -2.72715
6310 1185.78 554430 401.736 -2.73654
6320 1347.58 472057 403.027 -2.7496
6330 1383.72 398232 404.058 -2.75851
6340 1125.08 454604 404.29 -2.76081
6350 1051.23 446713 404.052 -2.75899
6360 1179.31 437511 403.345 -2.75305
6370 1105.79 538132 402.201 -2.7421
6380 1136.68 583713 401.366 -2.73261
6390 1261.14 545260 401.213 -2.73049
6400 1238.15 547227 401.511 -2.73342
6410 1285.68 499255 402.161 -2.73998
6420 1191.55 521651 402.877 -2.74713
6430 1211.97 459778 403.694 -2.75524
6440 1252.28 411159 404.163 -2.75935
6450 1209.2 439541 403.903 -2.75732
6460 1192.41 472784 403.107 -2.75044
6470 1372.21 505021 402.101 -2.7409
6480 1465.09 510505 401.121 -2.73212
6490 1083.69 639990 400.38 -2.72506
6500 1090.2 598236 400.718 -2.72973
6510 1132.02 507738 401.89 -2.74243
6520 1054.16 468471 403.158 -2.75456
6530 1051.63 423870 404.125 -2.76287
6540 1147.88 389461 404.41 -2.76475
6550 1181.37 418373 403.762 -2.75904
6560 1221.19 485618 402.433 -2.74673
6570 1271.47 564085 401.021 -2.73183
6580 1399.75 563655 400.129 -2.72174
6590 1239.03 596635 399.847 -2.71891
6600 1087.29 617882 400.41 -2.72606
6610 1249.31 478951 401.86 -2.74171
6620 1174.18 421523 403.183 -2.7531
6630 986.732 453579 403.869 -2.75893
6640 1125.64 414185 404.068 -2.76038
6650 1328.07 398004 403.527 -2.75569
6660 1298.28 494186 402.179 -2.74394
6670 1136.24 643073 400.876 -2.72949
6680 1265.25 558172 400.635 -2.72633
6690 1273.68 549083 400.994 -2.73015
6700 1310.87 510985 401.744 -2.7384
6710 1154.21 466251 402.588 -2.74668
6720 1001.94 491472 403.183 -2.75247
6730 1181.87 444800 403.63 -2.75652
6740 1324.65 402974 403.588 -2.75611
6750 1151.11 463956 402.774 -2.74925
6760 994.301 570390 401.7 -2.73835
6770 1168.88 547095 401.158 -2.73188
6780 1254.02 514050 401.034 -2.73009
6790 1221.6 559882 401.114 -2.73062
6800 1406.54 511515 401.633 -2.7359
6810 1357.53 468828 402.258 -2.74214
6820 1206.61 476601 402.645 -2.74628
6830 1260.14 468549 402.809 -2.7484
6840 1258.95 449791 402.683 -2.74798
6850 1075.21 508183 402.185 -2.74393
6860 1086.69 544835 401.754 -2.73973
6870 1176.52 530246 401.687 -2.73903
6880 1203.28 504510 401.879 -2.74091
6890 1129.06 509019 402.138 -2.74337
6900 1113.79 510034 402.478 -2.7466
6910 1314.28 435595 402.833 -2.74964
6920 1339.38 451900 402.695 -2.74838
6930 1224.98 528493 402.194 -2.74374
6940 1270.32 497590 401.852 -2.7406
6950 1271.45 518547 401.553 -2.73813
6960 1207.48 552677 401.438 -2.73747
6970 1211.32 514285 401.726 -2.74093
6980 1191.16 478452 402.142 -2.7454
6990 1028.87 491368 402.413 -2.7482
7000 1062.85 468427 402.565 -2.74961
7010 1130.7 482436 402.479 -2.74845
7020 1234.63 474819 402.22 -2.74554
7030 1310.03 461963 401.74 -2.74088
7040 1253 536788 401.016 -2.73376
7050 1297.14 554737 400.578 -2.72914
7060 1417.73 523924 400.594 -2.72965
7070 1340.75 529170 400.849 -2.73313
7080 1123.15 520200 401.356 -2.73933
7090 1026.14 461853 401.985 -2.74593
7100 1026.74 457675 402.329 -2.74916
7110 1149.64 430011 402.265 -2.74848
7120 1141.82 468346 401.649 -2.74276
7130 1081.01 542693 400.793 -2.73392
7140 1132.09 571750 400.297 -2.72793
7150 1258.87 540193 400.388 -2.72821
7160 1279.79 526486 400.851 -2.73248
7170 1388.75 496763 401.53 -2.73906
7180 1452.94 450818 402.158 -2.74521
7190 1341.91 446125 402.382 -2.74806
7200 1118.24 474240 402.159 -2.74697
7210 1062.43 486831 401.698 -2.7433
7220 1107.36 513666 401.152 -2.7382
7230 1372.38 500390 400.696 -2.73382
7240 1351.46 519353 400.289 -2.73026
7250 1137.81 561885 400.074 -2.72876
7260 844.365 572093 400.39 -2.73266
7270 828.97 503259 401.261 -2.74147
7280 1129.64 448242 402.172 -2.74904
7290 1380.18 408125 402.622 -2.75165
7300 1264.6 438505 402.315 -2.7483
7310 1160.6 499593 401.5 -2.74031
7320 1289.03 522421 400.667 -2.73158
7330 1335.56 549631 400.051 -2.72506
7340 1157.82 578866 399.887 -2.72338
7350 1144.3 554097 400.376 -2.72884
7360 1278.03 484941 401.294 -2.73807
7370 1384.71 445410 402.099 -2.74554
7380 1295.75 438938 402.44 -2.74902
7390 1108.64 457194 402.26 -2.74805
7400 1010.27 487067 401.715 -2.74333
7410 1035.36 524923 401.078 -2.73696
7420 1000.03 563064 400.671 -2.73227
7430 985.157 573471 400.813 -2.73314
7440 1225.87 478512 401.499 -2.73908
7450 1228.31 472238 402.075 -2.7432
7460 1168.86 478737 402.409 -2.74549
7470 1202.31 445708 402.513 -2.74571
7480 1095.79 499875 402.219 -2.74229
7490 1078.78 527554 401.91 -2.7384
7500 1285.57 477800 401.782 -2.73626
7510 1359.83 479788 401.517 -2.73307
7520 1368.2 521735 401.107 -2.72884
7530 1387.98 560712 400.897 -2.72694
7540 1288.15 528698 401.172 -2.7305
7550 1246.49 476323 401.679 -2.7362
7560 1300.84 475507 402.021 -2.74018
7570 1309.17 475148 402.139 -2.74227
7580 1108.87 493859 402.064 -2.74253
7590 1016.78 484038 401.906 -2.74158
7600 1121.05 509128 401.65 -2.73929
7610 1108.05 507242 401.454 -2.73728
7620 1032.38 505362 401.329 -2.73578
7630 1148.55 521336 401.275 -2.73472
7640 1368.13 483250 401.363 -2.735
7650 1354.51 493720 401.348 -2.73462
7660 1307.08 519438 401.3 -2.73434
7670 1345.16 490082 401.368 -2.73552
7680 1198.02 536540 401.429 -2.73682
7690 1124.99 533834 401.764 -2.74095
7700 1059.06 502591 402.377 -2.74742
7710 1149.26 452188 402.991 -2.75322
7720 1267.47 433361 403.202 -2.75496
7730 1207.46 471725 402.871 -2.75199
7740 1169.95 478182 402.267 -2.7464
7750 1177.28 520057 401.517 -2.73914
7760 1206.43 569102 400.967 -2.73324
7770 1199.97 554342 400.982 -2.73331
7780 1212.66 513600 401.454 -2.73815
7790 1175.94 510221 402.078 -2.74432
7800 1111.35 479982 402.761 -2.75092
7810 1186.8 422940 403.241 -2.75498
7820 1302.72 435170 403.086 -2.75349
7830 1237.36 514579 402.428 -2.74726
7840 1323.87 492434 401.814 -2.7413
7850 1293.68 519864 401.202 -2.73578
7860 1186.53 565062 400.785 -2.73191
7870 1089.91 582816 400.926 -2.73392
7880 937.915 575430 401.787 -2.74385
7890 1079.69 443450 403.19 -2.75752
7900 1257.31 373816 404.136 -2.76441
7910 1205.45 414896 404.032 -2.76296
7920 1195.21 474025 403.201 -2.75512
7930 1408.63 441010 402.066 -2.74472
7940 1274.43 546473 400.556 -2.73083
7950 961.461 698373 399.53 -2.71884
7960 1069.48 616296 400.053 -2.72513
7970 1328.09 484053 401.555 -2.74046
7980 1295.34 446416 402.982 -2.75305
7990 1185.33 411453 403.91 -2.76097
8000 1099.36 412526 404.079 -2.76228
8010 1197.62 416634 403.467 -2.75715
8020 1261.37 463643 402.162 -2.74592
8030 1187.91 594734 400.645 -2.73031
8040 1246.22 596961 399.872 -2.72108
8050 1290.28 580565 399.951 -2.72203
8060 1146.52 597276 400.769 -2.73184
8070 1178.43 496742 402.33 -2.74867
8080 1097.87 413013 403.865 -2.76226
8090 922.697 388284 404.653 -2.76822
8100 953.902 409195 404.472 -2.76615
8110 1226.83 434746 403.495 -2.75691
8120 1441.62 458116 401.954 -2.7425
8130 1296.53 576954 400.159 -2.72426
8140 1138.52 682328 399.07 -2.71091
8150 1218.44 626962 399.449 -2.71538
8160 1420.61 521410 400.897 -2.73137
8170 1360.39 468150 402.56 -2.74761
8180 940.595 460094 403.966 -2.76099
8190 948.851 381496 404.931 -2.76919
8200 1152.83 369724 404.88 -2.76844
8210 1126.66 461793 403.77 -2.75857
8220 1225.71 489858 402.269 -2.74398
8230 1254.52 578201 400.785 -2.7281
8240 1308.49 613127 399.955 -2.71815
8250 1290.06 633240 400.142 -2.72043
8260 1338.43 549187 401.395 -2.73507
8270 1200.91 469840 403.077 -2.75207
8280 1119.35 412472 404.49 -2.76475
8290 1279.76 356650 405.099 -2.76972
8300 1157.65 406996 404.512 -2.76555
8310 1026.23 474511 403.125 -2.75345
8320 1197 534455 401.528 -2.73787
8330 1147.4 679703 400.361 -2.72418
8340 1292.52 596328 400.583 -2.72644
8350 1270.74 507107 401.652 -2.7374
8360 1045.44 529435 402.879 -2.75002
8370 1235.29 425319 404.227 -2.76257
8380 1396.21 367686 404.936 -2.76804
8390 1302.89 422708 404.545 -2.76526
8400 1163.84 513577 403.514 -2.75614
8410 1223.48 481132 402.518 -2.74669
8420 1233.92 486986 401.406 -2.73697
8430 970.36 669002 400.374 -2.72608
8440 1048.65 602066 400.6 -2.72855
8450 1274.88 517648 401.738 -2.74014
8460 1270.97 485037 403.052 -2.75276
8470 1171.81 429057 404.193 -2.76289
8480 1154.03 392752 404.707 -2.76697
8490 1298.37 400618 404.291 -2.76363
8500 1320.09 473533 403.065 -2.75308
8510 1311.97 493625 401.578 -2.73931
8520 1093.83 606972 400.15 -2.72503
8530 1071.28 674982 399.667 -2.71923
8540 1345.85 519768 400.518 -2.7287
8550 1195.13 494343 401.652 -2.73984
8560 932.153 501921 402.746 -2.75071
8570 1012.47 417925 403.763 -2.75972
8580 1169.36 377124 404.073 -2.76148
8590 1164.01 455067 403.389 -2.75503
8600 1105.9 511556 402.305 -2.74388
8610 1252.94 499280 401.288 -2.73304
8620 1343.14 581365 400.367 -2.72297
8630 1275.22 647857 400.177 -2.72058
8640 1276.52 540061 401.124 -2.73129
8650 1150.47 517952 402.507 -2.74551
8660 1223.7 428480 403.957 -2.7593
8670 1302.38 364972 404.78 -2.76582
8680 1152.27 417754 404.484 -2.76364
8690 1154.99 492787 403.48 -2.75474
8700 1364.99 500250 402.382 -2.74403
8710 1337.6 525929 401.319 -2.73416
8720 1035.08 663848 400.623 -2.72696
8730 1081.84 573658 401.164 -2.73357
8740 1126.27 488468 402.37 -2.74561
8750 1074.39 463482 403.502 -2.75596
8760 1049.72 448326 404.299 -2.76252
8770 1095.17 438596 404.641 -2.76484
8780 1232.18 407762 404.394 -2.76211
8790 1204.26 513743 403.476 -2.75291
8800 1419 488588 402.559 -2.74327
8810 1261.05 565081 401.675 -2.73434
8820 1161.69 589028 401.329 -2.73045
8830 1324.25 526938 401.706 -2.73451
8840 1305.52 517160 402.365 -2.74151
8850 1196.29 510262 403.164 -2.75001
8860 1103.54 485630 404.04 -2.75902
8870 1102.77 422867 404.734 -2.76535
8880 1055.33 457644 404.825 -2.76593
8890 1197.36 425642 404.473 -2.76254
8900 1250.21 439979 403.503 -2.75432
8910 1137.3 565627 402.143 -2.74044
8920 1275.97 545726 401.235 -2.73033
8930 1244.78 605454 400.84 -2.72589
8940 1250.8 594033 401.314 -2.73152
8950 1242.19 495308 402.54 -2.74465
8960 1145.9 414556 403.726 -2.75534
8970 1085.88 428897 404.213 -2.75926
8980 1183.63 449670 404.072 -2.75782
8990 1327.56 418177 403.437 -2.75238
9000 1286.76 473486 402.172 -2.74153
9010 1115.21 567300 400.731 -2.72722
9020 1054.84 629427 399.886 -2.71751
9030 1136.64 583603 400.103 -2.71971
9040 1242.11 509684 401.026 -2.72901
9050 1214.52 489693 402.07 -2.73888
9060 1217.34 458523 402.999 -2.74736
9070 1264.05 414865 403.535 -2.7519
9080 1246.58 436338 403.368 -2.75054
9090 1185.57 501349 402.678 -2.7443
9100 1200.39 521371 401.978 -2.73736
9110 1253.71 523930 401.472 -2.7323
9120 1378.95 540745 401.198 -2.72977
9130 1279.54 546088 401.283 -2.73128
9140 1165.49 526625 401.757 -2.73692
9150 1134.09 486668 402.434 -2.7441
9160 1032.11 503145 403.052 -2.75028
9170 1188.05 439264 403.603 -2.75539
9180 1276.03 435755 403.674 -2.75583
9190 1260 477274 403.205 -2.75169
9200 1165.59 525038 402.561 -2.7455
9210 1247.94 504268 402.087 -2.74083
9220 1215.88 541170 401.721 -2.73735
9230 1201.32 521932 401.669 -2.73697
9240 1243.03 507076 401.827 -2.73872
9250 1154.24 534879 402.081 -2.74154
9260 1129.11 509865 402.602 -2.74698
9270 1231.38 435294 403.161 -2.75217
9280 1236.53 426682 403.193 -2.75249
9290 1071.72 503334 402.655 -2.74754
9300 1135.55 516869 402.098 -2.74179
9310 1247.36 516876 401.7 -2.73747
9320 1290.64 529292 401.466 -2.73493
9330 1200.01 544724 401.506 -2.73537
9340 1141.96 513739 401.899 -2.73948
9350 1099.35 486259 402.417 -2.74438
9360 1270.6 454167 402.803 -2.74772
9370 1414.67 441045 402.795 -2.74761
9380 1320.4 474984 402.31 -2.74366
9390 1108.3 516231 401.621 -2.73759
9400 965.315 557056 401.09 -2.73231
9410 1050.58 561198 401.044 -2.73162
9420 1226.31 529458 401.509 -2.73602
9430 1371.86 483174 402.218 -2.74264
9440 1300.26 454255 402.784 -2.74779
9450 1051.55 498055 403.006 -2.74996
9460 1106.41 468197 403.141 -2.75119
9470 1313.1 434172 402.997 -2.74976
9480 1249.77 495484 402.353 -2.74386
9490 1159.12 555971 401.686 -2.73705
9500 1234.7 541163 401.455 -2.73459
9510 1209.77 544760 401.628 -2.73649
9520 1126.03 516141 402.153 -2.74195
9530 1114.32 504897 402.84 -2.74871
9540 1236.1 459008 403.532 -2.75505
9550 1310.03 419655 403.856 -2.75773
9560 1246.62 462399 403.537 -2.75504
9570 1201.8 485384 402.872 -2.74898
9580 1271.73 483276 402.07 -2.7417
9590 1206.43 583270 401.227 -2.73346
9600 1249.3 608394 401.07 -2.73196
9610 1358.29 503460 401.768 -2.73986
9620 1216.92 447170 402.528 -2.74751
9630 1023.26 489154 402.897 -2.75135
9640 1058.02 480314 403.122 -2.75364
9650 1248.05 429735 403.135 -2.75372
9660 1168.37 484328 402.619 -2.74901
9670 1067.48 561621 401.996 -2.7425
9680 1133.93 539739 401.849 -2.74048
9690 1279.57 479769 402.021 -2.74171
9700 1296.95 499662 402.09 -2.74205
9710 1313.06 514617 402.148 -2.74262
9720 1349.67 484297 402.304 -2.74444
9730 1306.81 483170 402.342 -2.74544
9740 1114.32 532518 402.285 -2.74558
9750 989.333 496550 402.438 -2.74747
9760 1061.46 467296 402.576 -2.74872
9770 1106.05 474506 402.448 -2.74721
9780 949.955 507349 402.132 -2.74357
9790 1152.31 474182 401.818 -2.73973
9800 1299.7 532342 401.374 -2.73441
9810 1307.28 551980 401.19 -2.73171
9820 1229.52 500218 401.408 -2.7335
9830 1111.93 520024 401.691 -2.73605
9840 1091.64 535033 402.146 -2.74042
9850 1248.4 467112 402.833 -2.74668
9860 1420.46 433657 403.255 -2.75
9870 1334.58 460504 403.141 -2.7491
9880 1210.08 461887 402.649 -2.74516
9890 1054.66 537407 401.901 -2.73831
9900 1038.64 566948 401.466 -2.73355
9910 1176.8 497025 401.531 -2.73389
9920 1071.93 552656 401.692 -2.73514
9930 1157.6 539609 402.26 -2.74082
9940 1316.8 423019 403.078 -2.74792
9950 1249.36 440049 403.323 -2.74956
9960 1140.91 502917 403.073 -2.74703
9970 1215.16 486415 402.792 -2.74406
9980 1395.57 443933 402.368 -2.74021
9990 1293.12 553918 401.601 -2.73317
10000 1295.12 567105 401.233 -2.72954
