 &plot nbnd=   8, nks=    51 /
            0.000000  0.000000  0.000000
   -8.427   12.114   12.114   12.114   17.524   17.524   17.524   23.925
            0.050000  0.000000  0.050000
   -8.383   11.855   11.936   12.088   17.568   17.658   17.731   23.975
            0.100000  0.000000  0.100000
   -8.251   11.187   11.453   12.007   17.700   18.021   18.235   24.116
            0.150000  0.000000  0.150000
   -8.032   10.297   10.763   11.867   17.919   18.529   18.834   24.322
            0.200000  0.000000  0.200000
   -7.726    9.313    9.955   11.666   18.223   19.123   19.391   24.541
            0.250000  0.000000  0.250000
   -7.335    8.303    9.090   11.401   18.611   19.778   19.837   24.711
            0.300000  0.000000  0.300000
   -6.859    7.304    8.207   11.074   19.079   20.139   20.483   24.792
            0.350000  0.000000  0.350000
   -6.302    6.339    7.335   10.689   19.623   20.275   21.235   24.805
            0.400000  0.000000  0.400000
   -5.668    5.421    6.497   10.255   20.238   20.238   22.036   24.816
            0.450000  0.000000  0.450000
   -4.960    4.561    5.708    9.786   20.035   20.917   22.882   24.888
            0.500000  0.000000  0.500000
   -4.189    3.763    4.987    9.298   19.704   21.653   23.759   25.049
            0.487500  0.037500  0.525000
   -4.073    3.484    5.097    9.211   19.700   21.670   23.776   25.157
            0.475000  0.075000  0.550000
   -3.924    3.011    5.424    9.076   19.782   21.531   23.681   25.359
            0.462500  0.112500  0.575000
   -3.745    2.499    5.813    8.902   19.941   21.254   23.588   25.548
            0.450000  0.150000  0.600000
   -3.539    1.995    6.208    8.702   20.145   20.905   23.533   25.682
            0.437500  0.187500  0.625000
   -3.309    1.519    6.572    8.498   20.191   20.736   23.497   25.769
            0.425000  0.225000  0.650000
   -3.064    1.085    6.857    8.328   19.876   20.992   23.450   25.834
            0.412500  0.262500  0.675000
   -2.815    0.710    6.997    8.249   19.523   21.378   23.364   25.907
            0.400000  0.300000  0.700000
   -2.584    0.416    6.954    8.287   19.242   21.803   23.224   26.010
            0.387500  0.337500  0.725000
   -2.403    0.235    6.782    8.376   19.070   22.224   23.044   26.146
            0.375000  0.375000  0.750000
   -2.307    0.204    6.554    8.437   19.030   22.478   22.975   26.295
            0.337500  0.337500  0.675000
   -2.902    0.626    7.299    8.405   18.969   22.384   22.537   25.787
            0.300000  0.300000  0.600000
   -3.896    1.683    8.065    8.500   18.938   22.081   22.189   25.306
            0.262500  0.262500  0.525000
   -4.896    2.981    8.724    8.825   18.884   21.603   21.885   24.999
            0.225000  0.225000  0.450000
   -5.805    4.415    9.076    9.556   18.757   21.098   21.448   24.884
            0.187500  0.187500  0.375000
   -6.594    5.938    9.546   10.236   18.546   20.555   20.855   24.862
            0.150000  0.150000  0.300000
   -7.248    7.507   10.117   10.845   18.276   19.954   20.111   24.768
            0.112500  0.112500  0.225000
   -7.762    9.063   10.753   11.363   17.996   19.270   19.275   24.530
            0.075000  0.075000  0.150000
   -8.131   10.509   11.391   11.765   17.752   18.437   18.529   24.235
            0.037500  0.037500  0.075000
   -8.353   11.647   11.906   12.025   17.584   17.782   17.839   24.009
            0.000000  0.000000  0.000000
   -8.427   12.114   12.114   12.114   17.524   17.524   17.524   23.925
            0.050000  0.050000  0.050000
   -8.361   11.659   12.001   12.001   17.673   17.673   17.792   24.001
            0.100000  0.100000  0.100000
   -8.164   10.531   11.702   11.702   18.067   18.067   18.360   24.229
            0.150000  0.150000  0.150000
   -7.835    9.074   11.305   11.305   18.590   18.590   18.920   24.601
            0.200000  0.200000  0.200000
   -7.378    7.482   10.883   10.883   19.128   19.128   19.351   25.087
            0.250000  0.250000  0.250000
   -6.796    5.853   10.485   10.485   19.591   19.591   19.646   25.631
            0.300000  0.300000  0.300000
   -6.094    4.248   10.138   10.138   19.837   19.929   19.929   26.162
            0.350000  0.350000  0.350000
   -5.283    2.710    9.858    9.858   19.959   20.138   20.138   26.609
            0.400000  0.400000  0.400000
   -4.392    1.286    9.654    9.654   20.034   20.244   20.244   26.926
            0.450000  0.450000  0.450000
   -3.512    0.083    9.530    9.530   20.075   20.288   20.288   27.103
            0.500000  0.500000  0.500000
   -3.037   -0.501    9.489    9.489   20.088   20.300   20.300   27.158
            0.475000  0.475000  0.475000
   -3.175   -0.336    9.499    9.499   20.084   20.297   20.297   27.144
            0.450000  0.450000  0.450000
   -3.512    0.083    9.530    9.530   20.075   20.288   20.288   27.103
            0.425000  0.425000  0.425000
   -3.938    0.644    9.582    9.582   20.058   20.272   20.272   27.032
            0.400000  0.400000  0.400000
   -4.392    1.286    9.654    9.654   20.034   20.244   20.244   26.926
            0.375000  0.375000  0.375000
   -4.845    1.979    9.746    9.746   20.001   20.201   20.201   26.785
            0.350000  0.350000  0.350000
   -5.283    2.710    9.858    9.858   19.959   20.138   20.138   26.609
            0.325000  0.325000  0.325000
   -5.701    3.468    9.989    9.989   19.905   20.048   20.048   26.399
            0.300000  0.300000  0.300000
   -6.094    4.248   10.138   10.138   19.837   19.929   19.929   26.162
            0.275000  0.275000  0.275000
   -6.459    5.045   10.304   10.304   19.752   19.777   19.777   25.902
            0.250000  0.250000  0.250000
   -6.796    5.853   10.485   10.485   19.591   19.591   19.646   25.631
