# Time-averaged data for fix 2
# TimeStep c_mytemp c_mypress v_vmyvol v_avgEtotal
10010 1437.95 940156 395.839 -2.64029
10020 1238.87 1.06039e+06 395.493 -2.63325
10030 1415.1 976064 395.405 -2.63094
10040 1469.21 986997 395.25 -2.62719
10050 1395.65 1.01743e+06 395.007 -2.62171
10060 1445.23 1.02077e+06 394.885 -2.61846
10070 1560.11 999400 394.883 -2.6176
10080 1391.79 1.04045e+06 394.934 -2.618
10090 1337.73 989133 395.189 -2.62236
10100 1478.34 967719 395.397 -2.62544
10110 1527.71 970694 395.4 -2.62455
10120 1446.82 982413 395.203 -2.62011
10130 1283.67 1.04178e+06 394.937 -2.61412
10140 1350.01 1.05641e+06 394.925 -2.61296
10150 1422.39 1.01024e+06 395.259 -2.61847
10160 1388.3 982496 395.687 -2.6255
10170 1426.09 934871 395.965 -2.62945
10180 1667.13 914332 395.817 -2.62551
10190 1692.96 1.01116e+06 395.16 -2.6124
10200 1411.55 1.125e+06 394.619 -2.60074
10210 1502.01 1.05828e+06 394.812 -2.60441
10220 1521.62 1.01202e+06 395.425 -2.61636
10230 1430.39 951300 396.104 -2.62919
10240 1404.56 890399 396.438 -2.63489
10250 1417.51 949407 396.09 -2.62813
10260 1332.47 1.04734e+06 395.439 -2.61465
10270 1526.2 1.03353e+06 395.051 -2.60588
10280 1697.44 1.02184e+06 394.901 -2.60211
10290 1566.08 1.04005e+06 394.931 -2.60242
10300 1418.99 1.01361e+06 395.208 -2.6079
10310 1343.92 1.00533e+06 395.584 -2.61503
10320 1486.66 936606 395.957 -2.62179
10330 1627.54 890096 395.902 -2.62047
10340 1472.69 1.04783e+06 395.244 -2.60768
10350 1575.09 1.04635e+06 394.808 -2.59851
10360 1531.99 1.04353e+06 394.712 -2.59658
10370 1294.56 1.0957e+06 394.946 -2.60154
10380 1345.21 1.01386e+06 395.754 -2.61806
10390 1553.8 829332 396.569 -2.63231
10400 1477.01 893105 396.373 -2.6283
10410 1507.82 990042 395.461 -2.61081
10420 1592 1.07818e+06 394.508 -2.59134
10430 1627.61 1.12167e+06 394.062 -2.58172
10440 1444.47 1.1403e+06 394.468 -2.59092
10450 1453.08 962058 395.672 -2.61565
10460 1360.64 897174 396.683 -2.63362
10470 1340.52 880798 397.015 -2.63912
10480 1550.68 852787 396.494 -2.6301
10490 1365.82 1.09824e+06 395.181 -2.60447
10500 1494.64 1.1391e+06 394.413 -2.58681
10510 1589.19 1.10122e+06 394.568 -2.58941
10520 1553.02 1.01869e+06 395.37 -2.60565
10530 1508.25 955848 396.344 -2.62421
10540 1624.28 817829 396.912 -2.63428
10550 1447.34 923256 396.394 -2.62544
10560 1404.08 1.03778e+06 395.375 -2.60552
10570 1683.66 1.05319e+06 394.554 -2.58895
10580 1632.45 1.1479e+06 394.182 -2.58134
10590 1615.71 1.09346e+06 394.732 -2.5939
10600 1648.86 930999 395.83 -2.61632
10610 1451.84 910890 396.544 -2.62993
10620 1316.82 918104 396.653 -2.63252
10630 1314.92 932760 396.194 -2.62456
10640 1364.17 1.03736e+06 395.373 -2.60834
10650 1488.37 1.0614e+06 394.74 -2.59512
10660 1316.43 1.14696e+06 394.604 -2.59181
10670 1492.46 1.00548e+06 395.313 -2.60588
10680 1650.19 910834 396.097 -2.61968
10690 1815.79 871226 396.283 -2.62275
10700 1799.14 933048 395.657 -2.61226
10710 1745.42 1.03119e+06 394.606 -2.59335
10720 1457.95 1.17463e+06 393.823 -2.57854
10730 1134.28 1.19682e+06 394.171 -2.58784
10740 1243.62 954716 395.684 -2.61965
10750 1418.8 803998 396.922 -2.64048
10760 1334.23 858176 396.932 -2.63984
10770 1510.96 919186 395.969 -2.62227
10780 1690.72 1.04624e+06 394.512 -2.59393
10790 1512.1 1.26445e+06 393.488 -2.57115
10800 1703.13 1.1161e+06 394.005 -2.58273
10810 1640.58 965167 395.332 -2.60954
10820 1316.63 914942 396.462 -2.63083
10830 1325.72 851391 396.982 -2.6401
10840 1497.91 852209 396.51 -2.63217
10850 1488.29 1.034e+06 395.168 -2.60714
10860 1580.1 1.10032e+06 393.988 -2.58221
10870 1287.75 1.2393e+06 393.586 -2.5735
10880 1271.42 1.12958e+06 394.653 -2.59821
10890 1626.8 830365 396.462 -2.63147
10900 1569.93 809082 397.28 -2.64373
10910 1508.05 860978 396.788 -2.63535
10920 1506.8 1.00905e+06 395.437 -2.61011
10930 1500 1.12213e+06 394.143 -2.5833
10940 1515.8 1.2034e+06 393.706 -2.57337
10950 1655.67 1.05237e+06 394.497 -2.59041
10960 1552.07 941740 395.671 -2.61323
10970 1560.24 847390 396.425 -2.62706
10980 1384.88 921299 396.25 -2.62423
10990 1393.84 977895 395.51 -2.61041
11000 1626.59 1.02914e+06 394.645 -2.59354
11010 1675.48 1.12294e+06 394.033 -2.581
11020 1565.35 1.09811e+06 394.175 -2.58459
11030 1347.58 1.06385e+06 395.005 -2.6027
11040 1282.27 927213 396.172 -2.62555
11050 1275.56 871598 396.891 -2.63791
11060 1423.61 854259 396.738 -2.63469
11070 1603.04 918736 395.637 -2.61492
11080 1559.29 1.09713e+06 394.088 -2.58395
11090 1564.27 1.21657e+06 393.189 -2.56363
11100 1636.25 1.1534e+06 393.665 -2.57445
11110 1658.16 979277 395.105 -2.60427
11120 1547.56 873580 396.43 -2.62885
11130 1392.1 833443 396.907 -2.63739
11140 1336.85 910889 396.309 -2.62731
11150 1532.56 1.00315e+06 395.12 -2.60485
11160 1519.75 1.16721e+06 394.042 -2.58243
11170 1452.16 1.17296e+06 394.002 -2.58149
11180 1501.18 1.02712e+06 395.062 -2.60391
11190 1681.46 890707 396.292 -2.62682
11200 1629.27 846981 396.814 -2.63609
11210 1466.8 888410 396.339 -2.62852
11220 1394.76 1.00645e+06 395.147 -2.60699
11230 1483.99 1.14578e+06 394.062 -2.58432
11240 1611.81 1.10166e+06 393.845 -2.57961
11250 1361.31 1.13169e+06 394.406 -2.59215
11260 1323.1 969898 395.706 -2.61893
11270 1435.92 843730 396.829 -2.63844
11280 1654.02 780974 396.884 -2.63915
11290 1524.55 944049 395.587 -2.61724
11300 1492.87 1.12815e+06 393.954 -2.5837
11310 1687.53 1.19019e+06 393.145 -2.56577
11320 1555.44 1.18288e+06 393.612 -2.57713
11330 1454.78 963935 395.158 -2.60961
11340 1297.44 889826 396.556 -2.63494
11350 1468.91 785290 397.129 -2.64463
11360 1497.5 855053 396.346 -2.63187
11370 1404.49 1.07609e+06 394.68 -2.60018
11380 1508.04 1.2086e+06 393.516 -2.57394
11390 1661.5 1.15438e+06 393.679 -2.5772
11400 1654.94 1.00975e+06 394.818 -2.60102
11410 1402.02 951399 396.089 -2.62569
11420 1377.02 822564 396.925 -2.64066
11430 1104.65 940018 396.727 -2.63666
11440 1383.59 930094 396.008 -2.62261
11450 1472.26 1.05511e+06 394.931 -2.60121
11460 1482.16 1.17707e+06 394.255 -2.58533
11470 1888.81 1.03469e+06 394.627 -2.59213
11480 1811.73 955836 395.273 -2.60454
11490 1544.92 982701 395.68 -2.61294
11500 1581.16 932237 395.918 -2.6183
11510 1567.75 905960 395.686 -2.61534
11520 1180.22 1.09067e+06 395.001 -2.60241
11530 1522.6 1.00801e+06 394.719 -2.59679
11540 1376.18 1.10404e+06 394.663 -2.5957
11550 1359.92 1.03927e+06 395.189 -2.60663
11560 1538.73 922930 395.959 -2.62084
11570 1645.54 866171 396.217 -2.62516
11580 1454.16 978111 395.682 -2.61539
11590 1423.3 1.03962e+06 394.96 -2.60098
11600 1372.27 1.08822e+06 394.518 -2.59171
11610 1275.46 1.13536e+06 394.716 -2.59571
11620 1634.29 921035 395.631 -2.6132
11630 1589.28 917196 396.155 -2.62172
11640 1467.86 959437 396.123 -2.62079
11650 1561.06 954390 395.79 -2.61432
11660 1692.12 978084 395.172 -2.60266
11670 1551.36 1.08381e+06 394.473 -2.58907
11680 1530.14 1.10003e+06 394.303 -2.58586
11690 1545.01 1.03053e+06 394.766 -2.5958
11700 1423.36 991043 395.456 -2.60988
11710 1335.35 899440 396.036 -2.62091
11720 1361.84 889799 395.978 -2.6198
11730 1364.17 973679 395.225 -2.6056
11740 1401.35 1.08863e+06 394.335 -2.58707
11750 1663.17 1.10141e+06 393.997 -2.57903
11760 1820.08 1.03823e+06 394.317 -2.58525
11770 1906.01 941043 394.865 -2.59644
11780 1698.37 950024 395.078 -2.60184
11790 1302.86 1.02522e+06 394.99 -2.60159
11800 1184.73 1.02401e+06 395.03 -2.60314
11810 1305.41 981575 395.212 -2.60677
11820 1526.87 961265 395.285 -2.60785
11830 1675.6 954482 395.098 -2.60414
11840 1605.72 1.01836e+06 394.659 -2.5958
11850 1654.19 1.05114e+06 394.329 -2.58964
11860 1573.84 1.06012e+06 394.345 -2.59069
11870 1496.28 1.04077e+06 394.763 -2.60003
11880 1589.22 939909 395.391 -2.61293
11890 1607.93 919126 395.662 -2.61868
11900 1426.82 963996 395.414 -2.61498
11910 1194.69 1.0617e+06 394.96 -2.60658
11920 1304.76 1.07254e+06 394.904 -2.60528
11930 1616.31 946886 395.233 -2.61121
11940 1563.27 996847 395.327 -2.61262
11950 1572.81 983304 395.347 -2.61295
11960 1560.47 985637 395.279 -2.61175
11970 1555.97 984304 395.098 -2.60855
11980 1482.83 1.08544e+06 394.906 -2.60506
11990 1617.18 995124 395.163 -2.6106
12000 1655.88 940305 395.402 -2.61564
12010 1398.73 1.05336e+06 395.374 -2.61578
12020 1413.11 957872 395.542 -2.6195
12030 1383.72 1.01168e+06 395.547 -2.61973
12040 1398.5 1.02862e+06 395.603 -2.62073
12050 1578.21 956959 395.791 -2.62415
12060 1614.34 954181 395.733 -2.62299
12070 1396.04 1.07146e+06 395.444 -2.61743
12080 1425.48 1.03678e+06 395.563 -2.61983
12090 1656.1 918330 395.869 -2.62548
12100 1576.16 983912 395.73 -2.62295
12110 1450.07 1.02913e+06 395.496 -2.61851
12120 1612.8 946561 395.359 -2.61619
12130 1437.03 1.07404e+06 395.013 -2.60983
12140 1242.75 1.10805e+06 395.131 -2.61259
12150 1460.13 905717 395.801 -2.62538
12160 1171.89 1.01786e+06 396.074 -2.62971
12170 1394.57 928510 396.287 -2.63302
12180 1550.95 911024 396.076 -2.62813
12190 1475.87 1.03803e+06 395.361 -2.61337
12200 1706.38 1.03458e+06 394.826 -2.60162
12210 1780.84 1.04078e+06 394.549 -2.59576
12220 1494.18 1.13282e+06 394.627 -2.5979
12230 1502.92 987941 395.436 -2.61511
12240 1362.05 903354 396.209 -2.62939
12250 1169.02 979727 396.425 -2.63315
12260 1413.47 892004 396.363 -2.63155
12270 1466.28 950829 395.684 -2.61855
12280 1306.06 1.12782e+06 394.747 -2.59891
12290 1450.6 1.12749e+06 394.602 -2.5946
12300 1691.95 968947 395.218 -2.6057
12310 1703.8 959333 395.709 -2.61427
12320 1639.46 962542 395.945 -2.61865
12330 1671.72 915765 395.87 -2.6178
12340 1464.01 998463 395.31 -2.60798
12350 1148.02 1.12312e+06 394.8 -2.59785
12360 1361.17 1.03175e+06 394.969 -2.60107
12370 1419.84 981312 395.405 -2.60894
12380 1346.26 1.00111e+06 395.755 -2.61494
12390 1480.19 911995 396.021 -2.61921
12400 1339.12 965665 395.799 -2.61413
12410 1491.04 1.00712e+06 395.317 -2.60374
12420 1663.89 1.0408e+06 394.901 -2.59449
12430 1535.78 1.09437e+06 394.807 -2.59194
12440 1707.22 978327 395.215 -2.59979
12450 1691.23 981068 395.585 -2.60702
12460 1587.08 942899 395.769 -2.61112
12470 1346.89 1.02047e+06 395.658 -2.60958
12480 1386.04 994131 395.606 -2.60883
12490 1462.95 1.0231e+06 395.572 -2.60813
12500 1532.52 972523 395.628 -2.60921
12510 1313.18 1.01468e+06 395.582 -2.60815
12520 1515.35 1.01944e+06 395.598 -2.60815
12530 1776.19 934942 395.701 -2.60984
12540 1583.67 1.04182e+06 395.488 -2.60606
12550 1583.16 1.02616e+06 395.475 -2.60628
12560 1584.64 973154 395.628 -2.60987
12570 1411.1 1.03514e+06 395.682 -2.61156
12580 1623.62 963328 395.88 -2.61597
12590 1579.54 961449 395.879 -2.61667
12600 1424.01 963351 395.62 -2.61243
12610 1493.13 1.08028e+06 395.204 -2.60482
12620 1534.01 1.03626e+06 395.201 -2.60512
12630 1427.17 1.01744e+06 395.511 -2.6116
12640 1627.06 929905 395.875 -2.61893
12650 1554.67 951976 395.821 -2.61845
12660 1200.29 1.08917e+06 395.55 -2.61332
12670 1571.97 918247 395.648 -2.61521
12680 1653.37 962036 395.374 -2.61012
12690 1326.64 1.06641e+06 394.857 -2.60021
12700 1329.95 1.0917e+06 394.752 -2.59795
12710 1520.18 1.03864e+06 395.255 -2.6079
12720 1538.65 924439 395.948 -2.62077
12730 1586.57 894626 396.189 -2.62486
12740 1488.38 985086 395.775 -2.61725
12750 1467.82 1.04044e+06 395.256 -2.60665
12760 1787.45 968241 394.931 -2.60045
12770 1593.61 1.09712e+06 394.538 -2.59323
12780 1415.7 1.12856e+06 394.755 -2.5988
12790 1517.29 951526 395.709 -2.61852
12800 1468.16 884849 396.389 -2.63102
12810 1298.99 937000 396.366 -2.63065
12820 1473.35 917010 395.842 -2.62119
12830 1476.89 1.04937e+06 394.879 -2.60248
12840 1425.25 1.1562e+06 394.255 -2.58891
12850 1468.5 1.06193e+06 394.561 -2.59499
12860 1445.59 1.00091e+06 395.33 -2.60988
12870 1441.59 936992 396.08 -2.62364
12880 1601.4 876932 396.407 -2.62901
12890 1811.39 870700 395.907 -2.62052
12900 1500.58 1.07139e+06 394.676 -2.5977
12910 1313.87 1.18988e+06 393.905 -2.58108
12920 1647.7 1.05453e+06 394.262 -2.58865
12930 1535.96 1.02524e+06 395.081 -2.60533
12940 1289.9 947330 396.02 -2.62386
12950 1303.22 862497 396.584 -2.63375
12960 1453.98 909012 396.286 -2.62797
12970 1714.95 952869 395.357 -2.61045
12980 1692.78 1.07922e+06 394.194 -2.58749
12990 1521.22 1.19085e+06 393.578 -2.57444
13000 1459.92 1.13187e+06 394.159 -2.58797
13010 1525.43 928097 395.541 -2.616
13020 1496.83 846789 396.502 -2.63277
13030 1323.56 888405 396.468 -2.63224
13040 1204.72 981650 395.709 -2.61808
13050 1374.54 1.04051e+06 394.818 -2.59971
13060 1557.14 1.08284e+06 394.203 -2.58617
13070 1489.29 1.10418e+06 394.176 -2.58475
13080 1713.54 1.0167e+06 394.763 -2.59603
13090 1649.79 995303 395.528 -2.61108
13100 1628.19 878180 396.164 -2.62304
13110 1480.81 938637 396.101 -2.62222
13120 1611.9 926966 395.545 -2.61269
13130 1438.67 1.07918e+06 394.636 -2.59561
13140 1291.65 1.13707e+06 394.203 -2.58662
13150 1273.39 1.08542e+06 394.663 -2.59636
13160 1487.72 935820 395.622 -2.61473
13170 1460.93 877171 396.199 -2.62435
13180 1433.84 888799 395.971 -2.61979
13190 1529.08 988630 395.038 -2.60215
13200 1641.65 1.08611e+06 394.052 -2.58151
13210 1651.97 1.14184e+06 393.642 -2.57271
13220 1466.7 1.12336e+06 394.163 -2.58453
13230 1632.83 935270 395.408 -2.6097
13240 1722.53 829119 396.252 -2.62484
13250 1539.35 882743 396.007 -2.62154
13260 1410.13 1.03505e+06 395.05 -2.60416
13270 1519.13 1.04899e+06 394.232 -2.58812
13280 1496.13 1.1561e+06 393.852 -2.58071
13290 1567.18 1.07454e+06 394.406 -2.59324
13300 1537.74 950509 395.446 -2.61408
13310 1444.64 892158 396.175 -2.62781
13320 1450.46 885244 396.188 -2.6284
13330 1479.21 943180 395.456 -2.61546
13340 1453.93 1.04996e+06 394.382 -2.59478
13350 1572.68 1.14718e+06 393.674 -2.57972
13360 1594.83 1.11505e+06 393.876 -2.58429
13370 1294.94 1.07637e+06 394.894 -2.60647
13380 1507.62 862710 396.274 -2.63261
13390 1607.95 817036 396.826 -2.64156
13400 1549.41 859816 396.155 -2.6307
13410 1449.93 1.06397e+06 394.653 -2.60283
13420 1482.09 1.17187e+06 393.544 -2.57864
13430 1379.35 1.20034e+06 393.593 -2.57993
13440 1383.1 1.03462e+06 394.857 -2.60721
13450 1527.72 878858 396.369 -2.63489
13460 1512.77 818135 397.078 -2.64635
13470 1353.64 892530 396.625 -2.63823
13480 1550.37 963723 395.428 -2.61601
13490 1630.66 1.09685e+06 394.051 -2.58825
13500 1506.79 1.23167e+06 393.391 -2.57343
13510 1700.76 1.06827e+06 394.078 -2.58845
13520 1610.76 981530 395.318 -2.6137
13530 1454.55 864804 396.369 -2.6333
13540 1352.32 873869 396.567 -2.63702
13550 1360.99 936846 395.934 -2.62577
13560 1391.89 1.04466e+06 394.91 -2.60582
13570 1427.5 1.1051e+06 394.182 -2.59003
13580 1435.4 1.12436e+06 394.167 -2.58917
13590 1548.15 1.02682e+06 394.912 -2.60424
13600 1484.45 930588 395.847 -2.62148
13610 1487.48 887836 396.323 -2.62953
13620 1700.58 883730 396.046 -2.62446
13630 1652.95 993721 395.058 -2.60654
13640 1396.53 1.18492e+06 394.106 -2.58701
13650 1537.37 1.12716e+06 394.263 -2.5906
13660 1737.75 946677 395.209 -2.60979
13670 1426.37 942731 395.902 -2.62306
13680 1229.32 950259 396.199 -2.62892
13690 1498.49 881281 396.097 -2.62716
13700 1453.21 984981 395.297 -2.61256
13710 1410.24 1.12506e+06 394.457 -2.59478
13720 1617.52 1.0596e+06 394.319 -2.59141
13730 1386.28 1.08174e+06 394.677 -2.59876
13740 1425.33 983345 395.51 -2.61523
13750 1550.99 866554 396.197 -2.62733
13760 1489.5 881450 396.055 -2.62451
13770 1502.18 975800 395.148 -2.6078
13780 1513.97 1.1064e+06 394.124 -2.58681
13790 1667.48 1.13583e+06 393.783 -2.57923
13800 1686.59 1.03119e+06 394.279 -2.58986
13810 1437.28 983081 395.031 -2.60508
13820 1429.66 936362 395.654 -2.61725
13830 1438.13 903313 395.839 -2.62081
13840 1217.83 987205 395.45 -2.61348
13850 1177.56 1.02842e+06 394.938 -2.6029
13860 1361.91 1.06618e+06 394.651 -2.59598
13870 1702.65 979545 394.72 -2.59601
13880 1603.43 1.01562e+06 394.753 -2.59564
13890 1599.17 1.00903e+06 394.848 -2.5971
13900 1666.59 982587 395.009 -2.60007
13910 1690.2 983114 395.064 -2.60144
13920 1567.6 1.01544e+06 395.018 -2.60125
13930 1391.44 1.0548e+06 395.111 -2.60381
13940 1539.85 934645 395.447 -2.61083
13950 1459.47 997514 395.481 -2.61173
13960 1609.3 960214 395.409 -2.61073
13970 1587.58 995584 395.137 -2.6061
13980 1391.67 1.05481e+06 394.847 -2.60091
13990 1024.62 1.0973e+06 394.933 -2.6029
14000 1184.87 1.01115e+06 395.611 -2.61653
14010 1630.71 837994 396.287 -2.62755
14020 1593.24 929053 396.026 -2.62173
14030 1567.7 1.00443e+06 395.27 -2.60661
14040 1684.71 1.052e+06 394.536 -2.5917
14050 1578.56 1.1371e+06 394.212 -2.58497
14060 1557.58 1.07206e+06 394.729 -2.59632
14070 1700.99 927221 395.675 -2.61524
14080 1586.02 898122 396.184 -2.62503
14090 1380.36 979014 396.079 -2.62376
14100 1354.02 972418 395.76 -2.61815
14110 1395.31 1.0253e+06 395.298 -2.60933
14120 1373.14 1.09121e+06 395.045 -2.60395
14130 1332.22 1.05584e+06 395.343 -2.60971
14140 1389.34 964799 395.991 -2.62196
14150 1394.9 915980 396.418 -2.62885
14160 1226.21 967472 396.33 -2.62618
14170 1255.56 970308 395.987 -2.61848
14180 1312.17 1.02516e+06 395.498 -2.60731
14190 1664.08 985955 395.104 -2.59767
14200 1760.28 1.0524e+06 394.727 -2.58857
14210 1758.34 1.0472e+06 394.641 -2.58607
14220 1720.95 1.03348e+06 394.894 -2.59129
14230 1585.87 996169 395.352 -2.6009
14240 1448.04 976687 395.795 -2.61012
14250 1355.08 957906 396.082 -2.61593
14260 1466.62 915781 396.039 -2.61541
14270 1393.98 1.03866e+06 395.572 -2.60632
14280 1520.83 999054 395.227 -2.59927
14290 1424.67 1.07177e+06 394.995 -2.5944
14300 1505.08 1.03907e+06 395.177 -2.59787
14310 1730.01 945778 395.578 -2.60542
14320 1649.3 972228 395.716 -2.60823
14330 1553.07 979991 395.609 -2.60692
14340 1502.13 1.04601e+06 395.449 -2.60427
14350 1749.92 942738 395.465 -2.60545
14360 1326.93 1.08842e+06 395.286 -2.60285
14370 1401.64 979234 395.517 -2.60806
14380 1469.35 980162 395.717 -2.61197
14390 1483.51 997231 395.756 -2.61287
14400 1564.96 963592 395.769 -2.61323
14410 1447.79 979836 395.554 -2.60936
14420 1491.05 1.02664e+06 395.247 -2.60329
14430 1810.15 958430 395.031 -2.59943
14440 1582.18 1.06508e+06 394.668 -2.59306
14450 1438.67 1.09049e+06 394.708 -2.59474
14460 1619.53 975776 395.266 -2.60658
14470 1521.48 941546 395.712 -2.61571
14480 1305.11 963219 395.795 -2.61778
14490 1544.22 957399 395.594 -2.61435
14500 1564.12 1.06247e+06 395.203 -2.60695
14510 1541.54 1.02987e+06 395.14 -2.60598
14520 1609.38 964150 395.266 -2.60891
14530 1485.61 1.04773e+06 395.263 -2.60943
14540 1462.02 978319 395.476 -2.61419
14550 1384.93 936050 395.56 -2.61608
14560 1365.89 1.03441e+06 395.305 -2.61113
14570 1647.29 980013 395.185 -2.60855
14580 1554.69 1.00544e+06 394.985 -2.60485
14590 1244.67 1.12447e+06 394.905 -2.60342
14600 1531.53 948670 395.467 -2.61456
14610 1462.78 918518 395.777 -2.61975
14620 1221.08 1.02919e+06 395.63 -2.61646
14630 1505.71 964746 395.56 -2.61436
14640 1687.27 940083 395.278 -2.60842
14650 1455.24 1.07699e+06 394.712 -2.597
14660 1422.54 1.08977e+06 394.59 -2.5941
14670 1533.47 994250 395.022 -2.60236
14680 1483.02 977924 395.465 -2.61046
14690 1613.66 934604 395.731 -2.61523
14700 1723.84 923971 395.57 -2.61244
14710 1509.06 1.02317e+06 394.973 -2.60148
14720 1549.05 1.06988e+06 394.502 -2.59242
14730 1330.49 1.1091e+06 394.523 -2.59336
14740 1203.78 1.03909e+06 395.212 -2.60785
14750 1433.21 911696 396.14 -2.62513
14760 1510.06 864547 396.488 -2.63046
14770 1440.89 935302 395.986 -2.62081
14780 1625.02 991374 395.041 -2.6025
14790 1640.87 1.11022e+06 394.092 -2.58301
14800 1475.19 1.16237e+06 393.885 -2.57851
14810 1495.77 1.04033e+06 394.658 -2.59487
14820 1388.69 970339 395.753 -2.61638
14830 1501.77 835870 396.571 -2.63088
14840 1569.86 847330 396.358 -2.62717
14850 1541.73 990624 395.183 -2.60599
14860 1508.5 1.14678e+06 393.976 -2.58106
14870 1286.69 1.20164e+06 393.722 -2.57547
14880 1053.58 1.11529e+06 394.782 -2.59916
14890 1481.66 829786 396.45 -2.62978
14900 1485.55 827924 397.145 -2.63935
14910 1672.48 852150 396.642 -2.6299
14920 1943.85 935036 395.174 -2.60402
14930 1688.14 1.22856e+06 393.443 -2.56884
14940 1588.08 1.27952e+06 393.125 -2.56206
14950 1588.64 1.05677e+06 394.543 -2.5948
14960 1277.65 904392 396.384 -2.63059
14970 1228.48 795067 397.567 -2.65094
14980 1489.7 762006 397.367 -2.648
14990 1423.11 953351 395.677 -2.61938
15000 1419.3 1.1856e+06 393.748 -2.57848
15010 1708.04 1.19755e+06 392.945 -2.5594
15020 1483.61 1.20071e+06 393.531 -2.57318
15030 1391.41 977311 395.3 -2.61048
15040 1484.46 807287 396.941 -2.63899
15050 1673.48 750375 397.297 -2.64441
15060 1565.75 896251 396.062 -2.62452
15070 1475.42 1.1063e+06 394.194 -2.58797
15080 1575.55 1.24129e+06 393.026 -2.56213
15090 1486.85 1.21624e+06 393.432 -2.57232
15100 1457.54 971400 395.151 -2.60857
15110 1392.74 829925 396.726 -2.63653
15120 1422.85 790825 397.166 -2.64345
15130 1389.97 879342 396.246 -2.62787
15140 1519.09 1.06761e+06 394.585 -2.59612
15150 1610.64 1.2065e+06 393.387 -2.56925
15160 1459.94 1.20087e+06 393.524 -2.57231
15170 1352.41 1.07399e+06 394.965 -2.60417
15180 1684.7 803031 396.774 -2.63715
15190 1743.56 748273 397.358 -2.64606
15200 1531.94 856434 396.294 -2.62971
15210 1300.48 1.10871e+06 394.374 -2.59354
15220 1371.26 1.24398e+06 393.153 -2.56568
15230 1339.18 1.21727e+06 393.512 -2.57395
15240 1279.01 1.035e+06 395.252 -2.61176
15250 1481.74 783420 397.149 -2.64457
15260 1612.03 747956 397.672 -2.65147
15270 1588.27 868051 396.542 -2.63279
15280 1588.2 1.07354e+06 394.598 -2.59547
15290 1699.2 1.22097e+06 393.154 -2.56362
15300 1512.8 1.30109e+06 393.214 -2.56597
15310 1480.24 1.02222e+06 395.067 -2.60839
15320 1207.45 837058 397.113 -2.64457
15330 1059.67 825488 398.127 -2.66098
15340 1540.87 757239 397.868 -2.65638
15350 1730.73 890324 396.076 -2.62642
15360 1575.43 1.2046e+06 393.705 -2.57814
15370 1612.53 1.3284e+06 392.641 -2.55186
15380 1584.91 1.19147e+06 393.657 -2.57628
15390 1535.57 952900 395.905 -2.62365
15400 1518.52 747294 397.81 -2.65567
15410 1371.15 735934 398.065 -2.65962
15420 1346.43 870776 396.579 -2.63624
15430 1347.5 1.14893e+06 394.356 -2.59215
15440 1494.87 1.26141e+06 393.077 -2.56163
15450 1500.99 1.21658e+06 393.516 -2.57151
15460 1592.53 973630 395.276 -2.60835
15470 1546.57 830251 396.896 -2.63637
15480 1388.65 805116 397.391 -2.64422
15490 1329.14 879115 396.612 -2.63096
15500 1416.14 1.01995e+06 395.054 -2.60157
15510 1505.04 1.19243e+06 393.713 -2.57207
15520 1649.86 1.15732e+06 393.555 -2.5676
15530 1633.1 1.06447e+06 394.452 -2.58658
15540 1568.38 928780 395.73 -2.6115
15550 1405.99 872915 396.565 -2.6264
15560 1421.1 893213 396.545 -2.6261
15570 1338.35 1.00419e+06 395.882 -2.61325
15580 1797.23 943521 395.123 -2.5986
15590 1654.72 1.15155e+06 394.2 -2.58052
15600 1470.69 1.16111e+06 394.18 -2.5806
15610 1478.86 1.00087e+06 395.168 -2.60135
15620 1526.75 914798 396.192 -2.6209
15630 1595.72 847817 396.624 -2.62886
15640 1441.31 889457 396.07 -2.61994
15650 1303.91 1.09861e+06 394.893 -2.59751
15660 1442.25 1.13983e+06 394.304 -2.58431
15670 1586.24 1.02544e+06 394.578 -2.58958
15680 1453.82 1.04539e+06 395.12 -2.60037
15690 1363.97 958244 395.891 -2.61548
15700 1604.02 827743 396.326 -2.62297
15710 1583.89 960408 395.761 -2.61271
15720 1507.4 1.06324e+06 394.904 -2.5957
15730 1411.89 1.10099e+06 394.475 -2.58672
15740 1393.5 1.07069e+06 394.687 -2.59101
15750 1495.81 1.02179e+06 395.389 -2.60509
15760 1757.62 846599 396.123 -2.6185
15770 1551.21 923572 395.973 -2.616
15780 1426.79 1.02841e+06 395.32 -2.60361
15790 1481.63 1.0843e+06 394.849 -2.59426
15800 1519.01 1.05529e+06 394.904 -2.59551
15810 1446.76 1.02988e+06 395.355 -2.60458
15820 1563.55 959194 395.965 -2.61666
15830 1755.74 852915 396.261 -2.62236
15840 1403.97 970082 395.707 -2.61296
15850 1346.6 1.05743e+06 394.92 -2.59774
15860 1484.45 1.09853e+06 394.54 -2.58976
15870 1488.68 1.03684e+06 394.754 -2.59406
15880 1454.69 1.00946e+06 395.254 -2.60399
15890 1544.55 930235 395.777 -2.61379
15900 1669.44 891438 395.834 -2.61491
15910 1631.45 983586 395.254 -2.60454
15920 1566.61 1.06852e+06 394.552 -2.59129
15930 1470.21 1.10799e+06 394.314 -2.58691
15940 1353.91 1.06075e+06 394.757 -2.59665
15950 1198.08 1.00323e+06 395.616 -2.61413
15960 1454.63 865160 396.416 -2.62841
15970 1542.48 892973 396.4 -2.62742
15980 1421.71 996566 395.699 -2.61389
15990 1531.13 1.03122e+06 394.938 -2.59826
16000 1687.5 1.08267e+06 394.434 -2.58754
16010 1849.6 1.05848e+06 394.444 -2.5879
16020 1682.94 1.0376e+06 394.873 -2.59759
16030 1350.01 1.02432e+06 395.548 -2.61226
16040 1281.84 958764 396.351 -2.62851
16050 1460.75 864006 396.845 -2.63759
16060 1395.33 887212 396.467 -2.63114
16070 1368.75 1.02025e+06 395.413 -2.61102
16080 1507.88 1.0971e+06 394.46 -2.59113
16090 1383.6 1.18297e+06 394.204 -2.58515
16100 1507.71 1.06899e+06 395.084 -2.60398
16110 1681.61 866401 396.355 -2.62728
16120 1534.81 879630 396.84 -2.63522
16130 1549.65 900801 396.486 -2.62907
16140 1518.94 983002 395.504 -2.61133
16150 1458.4 1.12139e+06 394.476 -2.59034
16160 1598.5 1.12198e+06 394.191 -2.58423
16170 1497.05 1.0783e+06 394.732 -2.59607
16180 1443.17 979958 395.767 -2.61693
16190 1583.83 856272 396.621 -2.63264
16200 1683.27 863621 396.572 -2.6321
16210 1487.62 983336 395.649 -2.61605
16220 1154.02 1.13513e+06 394.678 -2.59637
16230 1404.83 1.11743e+06 394.531 -2.59285
16240 1652.55 987983 395.098 -2.60389
16250 1454.85 996888 395.691 -2.61505
16260 1596.29 897296 396.174 -2.62412
16270 1780.4 873249 395.995 -2.6214
16280 1427.04 1.05795e+06 395.098 -2.60492
16290 1218.87 1.15107e+06 394.544 -2.59351
16300 1482.54 1.05559e+06 394.933 -2.60171
16310 1734.94 913332 395.644 -2.61488
16320 1408.79 998374 395.928 -2.62025
16330 1477.34 919160 396.066 -2.62305
16340 1501.89 951088 395.733 -2.61702
16350 1340.84 1.08219e+06 395.152 -2.60544
16360 1432.74 1.024e+06 394.99 -2.60171
16370 1555.16 1.00947e+06 395.054 -2.60254
16380 1573 1.02101e+06 395.203 -2.60518
16390 1656.88 959695 395.431 -2.60961
16400 1384.41 1.0053e+06 395.47 -2.61048
16410 1469.49 959633 395.471 -2.6106
16420 1452.73 991892 395.266 -2.60661
16430 1296.21 1.08588e+06 395.049 -2.60204
16440 1479.58 1.0238e+06 395.319 -2.60704
16450 1674.37 926720 395.738 -2.61451
16460 1538.36 951338 395.717 -2.61393
16470 1474.59 1.00613e+06 395.4 -2.6077
16480 1586.61 992010 395.077 -2.60151
16490 1527.8 1.06959e+06 394.777 -2.59561
16500 1541.26 1.04441e+06 394.891 -2.59814
16510 1530.03 1.00175e+06 395.295 -2.60644
16520 1477.32 958926 395.712 -2.61475
16530 1469.49 934139 395.86 -2.61767
16540 1634.69 919796 395.553 -2.61231
16550 1721.5 1.02585e+06 394.792 -2.59854
16560 1580.47 1.11212e+06 394.217 -2.58735
16570 1437.68 1.0846e+06 394.325 -2.59055
16580 1261.56 1.05683e+06 395.039 -2.60621
16590 1485.4 878700 396.012 -2.6247
16600 1445.93 898144 396.283 -2.62923
16610 1268.94 969431 395.88 -2.62156
16620 1490.4 1.01546e+06 395.257 -2.60902
16630 1635.81 1.05849e+06 394.766 -2.59849
16640 1493.96 1.12425e+06 394.699 -2.59692
16650 1614.04 986170 395.331 -2.60996
16660 1587.44 930343 395.936 -2.62106
16670 1408.5 1.00991e+06 396.153 -2.62538
16680 1528.39 890454 396.282 -2.62804
16690 1432.68 968345 395.811 -2.61958
16700 1503.39 1.03793e+06 395.112 -2.60567
16710 1708.44 1.08625e+06 394.694 -2.5971
16720 1750.62 1.04366e+06 394.8 -2.59983
16730 1481.58 1.00634e+06 395.217 -2.60899
16740 1439.02 965563 395.665 -2.61849
16750 1346.72 939104 395.885 -2.62302
16760 1255.31 1.01178e+06 395.765 -2.62077
16770 1365.15 992731 395.642 -2.61805
16780 1225.54 1.08358e+06 395.586 -2.61625
16790 1563.14 938214 395.911 -2.62173
16800 1734.75 908696 395.913 -2.62077
16810 1673.56 1.01493e+06 395.379 -2.61027
16820 1676.11 1.01938e+06 394.876 -2.6005
16830 1426.08 1.12905e+06 394.61 -2.59562
16840 1364.24 1.06891e+06 395.096 -2.60639
16850 1415.39 953054 396.043 -2.62495
16860 1371.57 875239 396.664 -2.63584
16870 1341.92 911841 396.493 -2.63233
16880 1509.34 969469 395.741 -2.61767
16890 1601.33 1.04986e+06 394.804 -2.59876
16900 1479.97 1.16764e+06 394.265 -2.58686
16910 1503.63 1.0654e+06 394.725 -2.59642
16920 1495.95 962851 395.642 -2.61409
16930 1397.9 901920 396.3 -2.62583
16940 1272.73 937454 396.364 -2.6264
16950 1417.82 966749 395.974 -2.61843
16960 1560.77 1.04212e+06 395.413 -2.60638
16970 1666.36 1.01329e+06 395.069 -2.59874
16980 1662.27 1.04629e+06 394.885 -2.59478
16990 1673.07 1.0461e+06 394.994 -2.59717
17000 1673.99 980542 395.366 -2.60516
17010 1509.25 995196 395.673 -2.61187
17020 1476.03 960520 395.901 -2.61707
17030 1367.65 934546 395.869 -2.6171
17040 1111.39 1.03581e+06 395.472 -2.60964
17050 1228.14 1.05803e+06 395.274 -2.60505
17060 1590.83 975325 395.422 -2.60687
17070 1581.67 1.01867e+06 395.478 -2.60698
17080 1439.16 1.04318e+06 395.657 -2.61002
17090 1644.3 942033 396.044 -2.617
17100 1634.31 931080 396.086 -2.61757
17110 1534.54 995490 395.743 -2.61104
17120 1643.37 1.0042e+06 395.292 -2.60274
17130 1600.2 1.10371e+06 394.968 -2.59659
17140 1652.3 1.03645e+06 395.26 -2.60331
17150 1643.9 913950 395.729 -2.61339
17160 1243.71 1.02481e+06 395.812 -2.61574
17170 1549.04 914508 395.87 -2.61745
17180 1646.98 955937 395.462 -2.61067
17190 1282.68 1.13491e+06 394.859 -2.59907
17200 1187.48 1.09007e+06 395.036 -2.60294
17210 1501.73 929993 395.759 -2.61672
17220 1430.65 911981 396.072 -2.62174
17230 1086.31 1.02244e+06 395.9 -2.6177
17240 1421.48 947768 395.723 -2.61332
17250 1467.59 1.05744e+06 395.349 -2.60449
17260 1835.71 966891 395.22 -2.60058
17270 1846.33 979875 394.951 -2.59511
17280 1424.24 1.13813e+06 394.652 -2.58942
17290 1533.22 1.0217e+06 395.115 -2.59939
17300 1716.65 913345 395.729 -2.61129
17310 1478.62 969310 395.863 -2.61431
17320 1517.74 960366 395.728 -2.61246
17330 1501.61 1.00793e+06 395.378 -2.60626
17340 1523.45 1.02333e+06 395.067 -2.60056
17350 1534.91 1.03153e+06 394.91 -2.59797
17360 1316.89 1.08455e+06 395.019 -2.60067
17370 1388.65 987244 395.597 -2.6124
17380 1575.53 915291 396.105 -2.62164
17390 1468.81 947339 396.085 -2.62117
17400 1318.87 1.04663e+06 395.779 -2.61495
17410 1595.25 972283 395.658 -2.61217
17420 1594.7 1.01648e+06 395.436 -2.60764
17430 1738.92 1.0171e+06 395.316 -2.60527
17440 1688.6 1.01308e+06 395.307 -2.60577
17450 1408.13 1.06164e+06 395.43 -2.60924
17460 1348.35 975326 395.895 -2.61894
17470 1410.47 935505 396.198 -2.62478
17480 1428.21 956959 396.119 -2.62317
17490 1563.93 936628 395.698 -2.61543
17500 1462.6 1.09981e+06 395.003 -2.60153
17510 1600.77 1.06875e+06 394.846 -2.59805
17520 1616.27 1.00398e+06 395.164 -2.60456
17530 1515.48 971709 395.52 -2.61174
17540 1440.34 1.00136e+06 395.733 -2.61617
17550 1531.76 924153 395.867 -2.61899
17560 1475.08 965586 395.57 -2.61378
17570 1419.7 1.06053e+06 395.084 -2.60423
17580 1558.06 1.00977e+06 394.913 -2.60074
17590 1495.96 1.05208e+06 394.903 -2.6006
17600 1503.45 1.01307e+06 395.163 -2.60591
17610 1511.9 988850 395.551 -2.61352
17620 1610.97 901550 395.806 -2.61849
17630 1428.04 993242 395.505 -2.61317
17640 1521.42 1.03092e+06 395.134 -2.60579
17650 1602.78 1.01855e+06 394.936 -2.6022
17660 1386.35 1.08389e+06 394.954 -2.6029
17670 1448.28 976139 395.405 -2.61186
17680 1411.95 989202 395.793 -2.61923
17690 1642.77 883530 396.001 -2.62304
17700 1515.56 1.0094e+06 395.577 -2.61521
17710 1572.15 1.03801e+06 395.151 -2.60666
17720 1581.57 1.04915e+06 395.002 -2.60398
17730 1452.93 1.04869e+06 395.175 -2.60797
17740 1407.91 983988 395.648 -2.61753
17750 1425.95 974580 396.044 -2.62508
17760 1562.46 905447 396.212 -2.62819
17770 1521.52 966638 395.823 -2.62115
17780 1417.38 1.04365e+06 395.226 -2.60924
17790 1381.74 1.0761e+06 394.911 -2.60272
17800 1403.3 1.06661e+06 395.103 -2.60644
17810 1505.32 931580 395.654 -2.61659
17820 1472.9 954750 395.861 -2.61981
17830 1636.85 915605 395.687 -2.6163
17840 1642.56 1.03403e+06 395.062 -2.60436
17850 1603.95 1.09239e+06 394.638 -2.59577
17860 1469.91 1.07003e+06 394.802 -2.59963
17870 1301.9 1.01825e+06 395.428 -2.61273
17880 1413.56 934890 396.155 -2.62637
17890 1630.43 909487 396.476 -2.6319
17900 1675.46 885493 396.149 -2.6264
17910 1294.53 1.06783e+06 395.192 -2.60851
17920 1156.87 1.13637e+06 394.646 -2.59652
17930 1546.31 1.04764e+06 394.946 -2.60204
17940 1710.13 948779 395.549 -2.61306
17950 1482.68 971872 395.894 -2.61917
17960 1609.5 914781 395.972 -2.62067
17970 1652.48 916854 395.51 -2.61278
17980 1335.07 1.11286e+06 394.638 -2.5959
17990 1520.71 1.06405e+06 394.359 -2.58987
18000 1620.12 1.04089e+06 394.566 -2.59418
18010 1400.93 1.02182e+06 395.046 -2.60417
18020 1371.87 953140 395.646 -2.6158
18030 1446.59 913349 395.929 -2.62082
18040 1431.56 956109 395.676 -2.61583
18050 1381.85 1.03432e+06 395.159 -2.60531
18060 1467.76 1.02841e+06 394.818 -2.59783
18070 1624.3 1.04058e+06 394.707 -2.59498
18080 1674.25 1.01189e+06 394.84 -2.59734
18090 1590.76 1.00029e+06 395.072 -2.60205
18100 1299.98 1.01011e+06 395.319 -2.60716
18110 1290.6 983296 395.614 -2.61278
18120 1617.99 931518 395.772 -2.61531
18130 1598.12 954989 395.513 -2.61023
18140 1453.4 1.03575e+06 394.992 -2.60007
18150 1396.99 1.09907e+06 394.718 -2.59429
18160 1637.06 1.01139e+06 395.021 -2.60025
18170 1801.57 955818 395.431 -2.60812
18180 1567.96 1.00383e+06 395.6 -2.61205
18190 1443.49 968123 395.739 -2.61553
18200 1399.89 951047 395.676 -2.6149
18210 1373.34 1.04265e+06 395.354 -2.60888
18220 1470.13 1.02903e+06 395.263 -2.60695
18230 1388.45 1.00267e+06 395.363 -2.60876
18240 1389.72 1.03563e+06 395.541 -2.61197
18250 1741.72 916664 395.831 -2.61718
18260 1494.12 991076 395.709 -2.6147
18270 1547.85 967229 395.443 -2.60967
18280 1456.91 1.0341e+06 395.02 -2.60174
18290 1303.15 1.134e+06 394.884 -2.59894
18300 1680.64 934460 395.446 -2.60991
18310 1516.42 953604 395.718 -2.61468
18320 1372.69 1.01853e+06 395.692 -2.61419
18330 1558.31 961210 395.72 -2.61456
18340 1741.48 930185 395.493 -2.61056
18350 1431.78 1.07094e+06 394.921 -2.59983
18360 1314.66 1.12269e+06 394.785 -2.59728
18370 1371.07 1.00463e+06 395.377 -2.60927
18380 1500.96 911646 396.014 -2.62078
18390 1668.09 920746 396.107 -2.62204
18400 1787.7 929206 395.652 -2.61389
18410 1602.1 1.05579e+06 394.811 -2.59855
18420 1493.94 1.105e+06 394.297 -2.58846
18430 1443.02 1.10649e+06 394.504 -2.59363
18440 1505.35 967695 395.331 -2.61098
18450 1491.98 924311 395.995 -2.62341
18460 1313.54 976314 396.211 -2.62766
18470 1498.5 871905 396.127 -2.62642
18480 1315.72 1.01977e+06 395.367 -2.6121
18490 1410.57 1.08105e+06 394.679 -2.59749
18500 1636.58 1.06606e+06 394.523 -2.59359
18510 1694.63 1.02801e+06 394.801 -2.59892
18520 1746.71 974612 395.262 -2.60827
18530 1724.97 930519 395.551 -2.61459
18540 1444.96 998285 395.438 -2.61359
18550 1265.91 1.0352e+06 395.298 -2.61154
18560 1432.23 991824 395.348 -2.61283
18570 1429.79 998756 395.382 -2.61351
18580 1365.58 999335 395.408 -2.61387
18590 1429.17 988882 395.418 -2.61374
18600 1273.39 1.02763e+06 395.39 -2.61264
18610 1357.15 1.00611e+06 395.528 -2.61457
18620 1674.88 904691 395.639 -2.61569
18630 1663.65 983121 395.229 -2.60739
18640 1571.48 1.05962e+06 394.698 -2.5966
18650 1512.37 1.09556e+06 394.575 -2.59408
18660 1605.83 997540 395.012 -2.60306
18670 1569.08 983611 395.481 -2.61228
18680 1396.65 992063 395.87 -2.62024
18690 1581.29 881942 396.099 -2.62479
18700 1542.82 961294 395.664 -2.6171
18710 1386.37 1.04829e+06 394.954 -2.60368
18720 1265.63 1.15445e+06 394.628 -2.59681
18730 1477.14 1.0259e+06 395.185 -2.60807
18740 1445.55 995214 396.015 -2.62378
18750 1552.56 842792 396.684 -2.6357
18760 1481.17 898992 396.427 -2.63083
18770 1531.95 1.00867e+06 395.513 -2.61312
18780 1702.58 1.02889e+06 394.604 -2.59504
18790 1621.07 1.16687e+06 394.012 -2.5829
18800 1508.14 1.10796e+06 394.415 -2.59232
18810 1318.77 1.00001e+06 395.547 -2.61586
18820 1366.54 848891 396.613 -2.63531
18830 1346.05 907211 396.784 -2.63768
18840 1345.21 996242 396.332 -2.62851
18850 1555.98 945613 395.757 -2.61685
18860 1439.71 1.09651e+06 394.983 -2.60099
18870 1558.62 1.08751e+06 394.749 -2.59521
18880 1715.59 1.01325e+06 395.107 -2.60191
18890 1755.55 940257 395.529 -2.61016
18900 1503.53 986665 395.629 -2.61256
18910 1494.86 1.01569e+06 395.64 -2.61336
18920 1569.24 941203 395.666 -2.6145
18930 1368.62 1.0475e+06 395.443 -2.61061
18940 1450.32 980129 395.413 -2.61022
18950 1411.01 1.00612e+06 395.318 -2.60847
18960 1486.84 1.02595e+06 395.277 -2.60751
18970 1642.55 962777 395.357 -2.60893
18980 1569.73 1.00297e+06 395.244 -2.60693
18990 1440.64 1.06836e+06 395.181 -2.606
19000 1436.43 1.03323e+06 395.525 -2.61321
19010 1626.71 909667 396.031 -2.62295
19020 1456.36 960327 396.033 -2.62305
19030 1553.36 971875 395.726 -2.61737
19040 1603.88 996674 395.267 -2.60887
19050 1577.85 1.03596e+06 394.788 -2.59984
19060 1507.5 1.10313e+06 394.598 -2.59655
19070 1507.93 1.03493e+06 395.018 -2.60585
19080 1412.2 963366 395.672 -2.61888
19090 1317.22 946656 396.124 -2.62752
19100 1529.01 858594 396.13 -2.62774
19110 1330.5 1.04462e+06 395.368 -2.61334
19120 1380.94 1.07943e+06 394.815 -2.6012
19130 1545.73 1.04279e+06 394.785 -2.59984
19140 1611.83 1.00634e+06 395.036 -2.60436
19150 1561.11 1.00577e+06 395.37 -2.6106
19160 1671.8 915433 395.665 -2.6163
19170 1584.82 959364 395.48 -2.61333
19180 1304.13 1.04875e+06 395.053 -2.60522
19190 1345.02 1.03125e+06 394.888 -2.60193
19200 1523.51 1.02812e+06 394.967 -2.60319
19210 1777.72 956054 395.183 -2.60721
19220 1695.05 969640 395.17 -2.60736
19230 1514.36 985738 394.934 -2.60375
19240 1398.55 1.07114e+06 394.676 -2.59922
19250 1577.75 996235 394.782 -2.60186
19260 1315.23 1.03897e+06 394.961 -2.6058
19270 1204.15 988648 395.334 -2.61327
19280 1575.92 902184 395.613 -2.61801
19290 1684.51 934621 395.289 -2.61178
19300 1463.03 1.06279e+06 394.593 -2.59824
19310 1391.77 1.12134e+06 394.298 -2.59198
19320 1449.53 1.04411e+06 394.735 -2.60087
19330 1460.9 977064 395.511 -2.61592
19340 1580.88 870727 396.06 -2.62553
19350 1394.02 978387 395.88 -2.62185
19360 1422.73 969715 395.466 -2.61356
19370 1575.14 1.01627e+06 394.899 -2.6023
19380 1683.9 1.06585e+06 394.452 -2.59293
19390 1546.73 1.0906e+06 394.467 -2.59341
19400 1579.15 980219 394.987 -2.60424
19410 1555.11 977523 395.459 -2.61357
19420 1438.37 967265 395.766 -2.61992
19430 1434.33 893445 395.792 -2.62089
19440 1164.64 1.03394e+06 395.25 -2.61063
19450 1328.88 1.06388e+06 394.863 -2.60212
19460 1641.66 996166 394.865 -2.60123
19470 1576.44 1.03939e+06 394.92 -2.60165
19480 1563.08 998129 395.176 -2.60655
19490 1418.63 997208 395.467 -2.61195
19500 1311.56 980315 395.717 -2.61656
19510 1492.44 910364 395.796 -2.61756
19520 1596.56 949150 395.334 -2.60863
19530 1513.04 1.10191e+06 394.614 -2.59398
19540 1673.04 1.06889e+06 394.471 -2.59067
19550 1572.73 1.04507e+06 394.819 -2.59789
19560 1189.81 1.05007e+06 395.496 -2.61215
19570 1431.73 885023 396.392 -2.62895
19580 1581.9 858121 396.586 -2.63175
19590 1529.44 944337 395.865 -2.61866
19600 1574.46 1.0759e+06 394.838 -2.59807
19610 1743.81 1.05454e+06 394.197 -2.58502
19620 1284.55 1.23253e+06 394.131 -2.58453
19630 1413.53 991646 395.331 -2.61078
19640 1520.16 846388 396.551 -2.63194
19650 1423 884596 396.822 -2.63625
19660 1507.1 916870 396.272 -2.62655
19670 1523.38 1.03487e+06 395.236 -2.6063
19680 1527.28 1.10751e+06 394.43 -2.58951
19690 1490.81 1.15214e+06 394.364 -2.58807
19700 1732.86 966510 395.158 -2.60442
19710 1517.45 963268 395.874 -2.61803
19720 1500.96 907673 396.266 -2.62584
19730 1470.73 938025 396.089 -2.62304
19740 1406.75 1.02533e+06 395.532 -2.61247
19750 1500.97 1.04445e+06 395.11 -2.60404
19760 1592.18 1.04456e+06 395.004 -2.60188
19770 1513 1.00777e+06 395.157 -2.60516
19780 1203.52 1.062e+06 395.462 -2.61156
19790 1279.38 946165 396.04 -2.62245
19800 1407.1 925082 396.341 -2.62717
19810 1700.51 865604 396.068 -2.62175
19820 1542.64 1.03703e+06 395.057 -2.60228
19830 1623.28 1.10324e+06 394.225 -2.58467
19840 1467.04 1.20937e+06 394.18 -2.584
19850 1675.29 980526 395.294 -2.60792
19860 1503.68 910522 396.413 -2.62829
19870 1515.2 877472 396.902 -2.63737
19880 1655.9 885683 396.579 -2.63231
19890 1431.8 1.03667e+06 395.575 -2.61401
19900 1308.35 1.10851e+06 394.773 -2.5976
19910 1376.27 1.11382e+06 394.72 -2.59636
19920 1530.9 988925 395.328 -2.60828
19930 1392.03 975584 395.96 -2.62011
19940 1590.13 864155 396.325 -2.6265
19950 1674.08 932015 395.891 -2.61862
19960 1614.21 1.02416e+06 395.003 -2.60184
19970 1408.43 1.14539e+06 394.325 -2.58817
19980 1473.47 1.10929e+06 394.551 -2.59338
19990 1621.3 959224 395.447 -2.61133
20000 1467.88 940736 396.144 -2.62455
