# Time-averaged data for fix 4
# TimeStep c_mytemp c_mypress v_vmyvol v_avgEtotal
10 1557.77 1.07393e+06 394.434 -2.61801
20 1471.7 1.01094e+06 395.067 -2.63088
30 1242.42 995703 395.814 -2.64591
40 1245.41 907825 396.471 -2.65828
50 1393.57 885693 396.471 -2.65816
60 1373.97 985151 395.715 -2.64394
70 1401.54 1.03675e+06 394.807 -2.62599
80 1292.14 1.13988e+06 394.259 -2.61437
90 1428.74 1.06931e+06 394.613 -2.62167
100 1374.58 1.01848e+06 395.525 -2.64002
110 1448.4 859908 396.451 -2.65727
120 1253.3 928785 396.523 -2.65823
130 1352.24 936904 395.961 -2.64791
140 1234.44 1.09657e+06 395.106 -2.63075
150 1474.98 1.02659e+06 394.781 -2.62338
160 1378.26 1.08667e+06 394.781 -2.62314
170 1157.39 1.07791e+06 395.385 -2.63609
180 1379.49 866118 396.395 -2.65457
190 1416.37 904624 396.61 -2.6575
200 1491.83 925562 396.051 -2.6473
210 1454.12 1.05585e+06 395.061 -2.62779
220 1576.14 1.06177e+06 394.383 -2.61413
230 1295.94 1.19955e+06 394.315 -2.6136
240 1261.43 1.01064e+06 395.457 -2.63856
250 1190.95 907090 396.77 -2.66265
260 1162.32 877379 397.405 -2.67346
270 1359.71 842456 397.095 -2.66776
280 1439.44 992434 395.764 -2.64304
290 1540.57 1.10911e+06 394.341 -2.61356
300 1349.93 1.28068e+06 393.875 -2.60326
310 1549.76 975542 395.058 -2.6285
320 1252.89 987489 396.363 -2.65304
330 1445.21 827889 397.382 -2.67199
340 1538.55 789238 397.199 -2.66959
350 1393.02 990500 395.608 -2.642
360 1328.33 1.18071e+06 393.971 -2.60812
370 1398.52 1.20879e+06 393.59 -2.59958
380 1370.92 1.0818e+06 394.657 -2.62339
390 1092.78 974282 396.359 -2.65767
400 1283.82 765380 397.738 -2.68148
410 1339.38 820304 397.538 -2.67758
420 1388.84 981492 396.064 -2.65048
430 1496.98 1.10095e+06 394.44 -2.6175
440 1264.68 1.26544e+06 393.667 -2.59996
450 1295.38 1.13782e+06 394.633 -2.62185
460 1364.5 897922 396.56 -2.66003
470 1421.36 766699 397.769 -2.67909
480 1286.84 864463 397.361 -2.67182
490 1356.84 956628 395.939 -2.6459
500 1363.27 1.14523e+06 394.293 -2.61246
510 1424.32 1.21962e+06 393.683 -2.59797
520 1474.24 1.08159e+06 394.576 -2.6173
530 1398.91 945500 396.055 -2.64638
540 1325.2 843026 397.129 -2.66541
550 1288.3 833900 397.081 -2.66461
560 1305.53 945728 395.863 -2.64324
570 1359.36 1.12514e+06 394.327 -2.61191
580 1385.98 1.21066e+06 393.693 -2.59733
590 1446.83 1.09341e+06 394.475 -2.61439
600 1422.72 929157 395.92 -2.6427
610 1315.56 858034 396.882 -2.65943
620 1366.95 862059 396.811 -2.65816
630 1447.78 961507 395.783 -2.63975
640 1469.22 1.07962e+06 394.49 -2.61415
650 1441.76 1.20582e+06 393.851 -2.60056
660 1487.04 1.09005e+06 394.561 -2.61671
670 1483.99 927817 395.907 -2.64367
680 1306.92 879262 396.788 -2.65995
690 1314.77 842315 396.728 -2.65968
700 1259.48 978410 395.647 -2.64047
710 1327.7 1.11179e+06 394.395 -2.61532
720 1410.67 1.1841e+06 393.998 -2.60638
730 1552.12 1.00149e+06 394.759 -2.62221
740 1303.87 1.0003e+06 395.679 -2.6403
750 1197.38 911669 396.501 -2.65611
760 1155.56 901330 396.735 -2.65991
770 1467.57 873652 396.185 -2.64989
780 1500.41 1.04588e+06 394.857 -2.62506
790 1495.94 1.18009e+06 393.882 -2.60357
800 1511.88 1.09933e+06 394.102 -2.6084
810 1341.37 1.0662e+06 395.112 -2.63035
820 1419.97 878325 396.463 -2.65655
830 1357.58 860044 397.035 -2.66648
840 1449.47 860162 396.53 -2.65848
850 1275.63 1.03002e+06 395.132 -2.63325
860 1205.85 1.18182e+06 393.972 -2.60842
870 1293.81 1.17307e+06 394.065 -2.61034
880 1390.15 1.00619e+06 395.345 -2.63734
890 1393.66 843778 396.653 -2.66037
900 1147.95 905825 396.932 -2.66457
910 1284.33 894294 396.443 -2.6553
920 1546.11 969402 395.23 -2.63305
930 1474.15 1.17592e+06 393.92 -2.60529
940 1273.6 1.23926e+06 393.865 -2.60416
950 1467.75 969123 395.313 -2.63497
960 1510.49 870146 396.657 -2.65843
970 1324.12 896580 397.092 -2.66613
980 1436.47 832713 396.667 -2.65947
990 1351.33 1.04898e+06 395.216 -2.63348
1000 1348.54 1.20388e+06 394.098 -2.60899
1010 1495.04 1.12054e+06 394.389 -2.61548
1020 1459.77 963925 395.488 -2.63773
1030 1161.32 956887 396.431 -2.65584
1040 1219.95 856436 396.957 -2.66538
1050 1235.24 877236 396.479 -2.65704
1060 1364.07 1.03524e+06 395.216 -2.63252
1070 1589.71 1.06507e+06 394.119 -2.60958
1080 1391.24 1.1844e+06 393.632 -2.59904
1090 1417.28 1.09425e+06 394.345 -2.61485
1100 1379.93 969819 395.747 -2.64301
1110 1396.91 824307 396.868 -2.6631
1120 1355.12 873729 396.808 -2.66205
1130 1403.78 951815 395.814 -2.64407
1140 1558.18 1.05537e+06 394.51 -2.61906
1150 1475.14 1.20242e+06 393.669 -2.60156
1160 1146.84 1.17385e+06 394.239 -2.61551
1170 1154.91 934303 395.937 -2.65021
1180 1338.53 816823 397.206 -2.67151
1190 1362.93 845969 397.185 -2.67056
1200 1357.7 925425 396.037 -2.65024
1210 1391.32 1.10972e+06 394.443 -2.61842
1220 1573.49 1.18787e+06 393.621 -2.59975
1230 1535.33 1.1188e+06 394.109 -2.6107
1240 1366.22 984741 395.421 -2.63804
1250 1179.2 917853 396.673 -2.66159
1260 1308.27 820222 397.233 -2.67137
1270 1419.4 875433 396.56 -2.65999
1280 1314.89 1.04335e+06 395.051 -2.63164
1290 1257.55 1.19228e+06 393.893 -2.60635
1300 1523.98 1.11115e+06 393.997 -2.60804
1310 1464.28 1.05682e+06 394.988 -2.62877
1320 1424.13 884851 396.271 -2.6535
1330 1226.67 853032 396.789 -2.66237
1340 1172.51 936408 396.278 -2.65312
1350 1322.76 999600 395.272 -2.6337
1360 1384.35 1.11581e+06 394.353 -2.61417
1370 1517.94 1.09861e+06 394.205 -2.61041
1380 1442.56 1.05736e+06 394.781 -2.62229
1390 1323.27 953091 395.731 -2.64108
1400 1375.26 888395 396.357 -2.65226
1410 1449.04 890457 396.172 -2.64903
1420 1461.47 992035 395.25 -2.63224
1430 1446.88 1.10345e+06 394.303 -2.61318
1440 1375.35 1.12622e+06 394.076 -2.60871
1450 1371.18 1.05851e+06 394.74 -2.6233
1460 1382.21 928316 395.778 -2.64357
1470 1246.21 907009 396.341 -2.65388
1480 1210.71 943624 396.25 -2.65209
1490 1417.31 945438 395.711 -2.64179
1500 1572.25 989072 394.807 -2.62466
1510 1420.66 1.1401e+06 393.926 -2.6068
1520 1309.33 1.13891e+06 393.995 -2.60861
1530 1347.93 993871 394.99 -2.62919
1540 1281.03 907952 395.974 -2.6475
1550 1153.8 878092 396.294 -2.65289
1560 1310.86 922624 395.744 -2.6427
1570 1416.85 1.06754e+06 394.708 -2.6219
1580 1556.5 1.11141e+06 394.13 -2.60897
1590 1665.04 1.02717e+06 394.289 -2.61214
1600 1452.05 1.04593e+06 394.745 -2.62198
1610 1334.46 968670 395.454 -2.63672
1620 1292.13 891762 395.928 -2.64589
1630 1317.65 929886 395.659 -2.64141
1640 1217.65 1.077e+06 394.967 -2.62788
1650 1345.69 1.03183e+06 394.718 -2.62237
1660 1463.71 1.00762e+06 394.728 -2.62231
1670 1355.15 1.0596e+06 394.86 -2.62494
1680 1310.73 996119 395.346 -2.63454
1690 1302.27 937578 395.813 -2.64319
1700 1361.75 936948 395.839 -2.64332
1710 1529.52 967681 395.424 -2.63517
1720 1590.51 993324 394.764 -2.62284
1730 1282.28 1.18177e+06 394.219 -2.61207
1740 1402.64 1.02781e+06 394.744 -2.62352
1750 1365.35 974056 395.587 -2.63987
1760 1360.94 919986 396.205 -2.65176
1770 1460.89 872910 396.225 -2.65243
1780 1453.45 969677 395.404 -2.63791
1790 1365.7 1.08281e+06 394.372 -2.61787
1800 1300.68 1.17306e+06 393.991 -2.61004
1810 1334.59 1.0206e+06 394.686 -2.62477
1820 1060.52 997967 395.67 -2.64407
1830 1214.4 859818 396.519 -2.65928
1840 1416.42 846705 396.39 -2.65639
1850 1424.91 988947 395.241 -2.63463
1860 1466.38 1.11223e+06 394.008 -2.60917
1870 1557.36 1.17795e+06 393.609 -2.60009
1880 1615.96 1.03501e+06 394.381 -2.61673
1890 1482.56 934714 395.443 -2.63782
1900 1310.46 898061 396.043 -2.64944
1910 1118.87 932837 395.931 -2.64787
1920 1202.6 944940 395.286 -2.63609
1930 1193.04 1.10858e+06 394.378 -2.61777
1940 1187.21 1.16642e+06 394.208 -2.61344
1950 1359.55 974444 395.104 -2.63105
1960 1541.18 880726 395.87 -2.64369
1970 1498.47 949944 395.857 -2.64269
1980 1565.08 934742 395.397 -2.63419
1990 1368.81 1.07617e+06 394.59 -2.61886
2000 1337.78 1.12748e+06 394.29 -2.61265
2010 1572.63 1.00802e+06 394.837 -2.62413
2020 1553.92 922309 395.457 -2.63644
2030 1185.59 1.00074e+06 395.617 -2.64008
2040 1237.16 959060 395.677 -2.64164
2050 1338.25 971827 395.485 -2.63809
2060 1400.1 1.04049e+06 395.133 -2.631
2070 1547.93 1.00775e+06 395.014 -2.62867
2080 1338.49 1.03712e+06 395.003 -2.62879
2090 1318.71 989684 395.211 -2.63318
2100 1327.19 996575 395.4 -2.63685
2110 1274.69 976700 395.525 -2.63921
2120 1359.55 975140 395.498 -2.63848
2130 1481.16 991224 395.308 -2.63453
2140 1682.26 959082 395.004 -2.62901
2150 1361.44 1.11138e+06 394.571 -2.62106
2160 1277.06 1.03886e+06 394.775 -2.62583
2170 1292.25 1.01885e+06 395.344 -2.63737
2180 1319.14 945950 395.986 -2.64992
2190 1176.48 911476 396.258 -2.65472
2200 1109.22 952122 395.911 -2.64791
2210 1271.39 1.01597e+06 395.224 -2.6339
2220 1404.29 1.06249e+06 394.691 -2.62183
2230 1553.32 1.01899e+06 394.529 -2.61765
2240 1315.87 1.12997e+06 394.672 -2.62032
2250 1542.69 935536 395.522 -2.63712
2260 1630.97 876920 395.994 -2.64539
2270 1444.98 981689 395.683 -2.63998
2280 1434.19 986789 395.119 -2.63015
2290 1113.4 1.12911e+06 394.625 -2.62046
2300 1365.61 1.02892e+06 394.887 -2.62595
2310 1431.36 974504 395.42 -2.63632
2320 1425.88 908331 395.73 -2.64223
2330 1255.67 1.02297e+06 395.509 -2.63808
2340 1487.75 961658 395.309 -2.63415
2350 1577 984734 394.915 -2.62708
2360 1275.59 1.10927e+06 394.477 -2.61879
2370 1227.02 1.06487e+06 394.751 -2.62486
2380 1457.68 949817 395.449 -2.63849
2390 1300.86 957901 395.857 -2.64608
2400 1282.32 967524 395.956 -2.64785
2410 1420.54 939904 395.774 -2.64434
2420 1293.96 1.01174e+06 395.224 -2.63372
2430 1358.75 1.04563e+06 394.753 -2.62389
2440 1532.97 1.03663e+06 394.596 -2.62048
2450 1471.29 1.05543e+06 394.748 -2.62373
2460 1481.06 952126 395.213 -2.63321
2470 1289.32 982086 395.418 -2.63745
2480 1265.94 995812 395.484 -2.63897
2490 1319.6 958429 395.472 -2.63879
2500 1294.16 992222 395.211 -2.63357
2510 1456.55 1.02933e+06 394.904 -2.62731
2520 1546.2 1.02535e+06 394.787 -2.62487
2530 1490.14 1.01707e+06 394.875 -2.62697
2540 1263.23 1.02235e+06 395.082 -2.63154
2550 1328.72 978707 395.423 -2.63852
2560 1351.97 966479 395.644 -2.64273
2570 1262.71 963883 395.611 -2.64207
2580 1312.4 976655 395.327 -2.6365
2590 1379.27 1.02397e+06 394.896 -2.62774
2600 1512.08 1.0414e+06 394.638 -2.62225
2610 1524.3 1.0252e+06 394.664 -2.62283
2620 1370.96 1.04386e+06 394.919 -2.62834
2630 1494.74 942429 395.401 -2.63818
2640 1412.03 954139 395.532 -2.64114
2650 1181.55 1.02059e+06 395.374 -2.63848
2660 1296.93 992856 395.293 -2.637
2670 1423.32 1.01856e+06 395.216 -2.63537
2680 1430.78 1.01339e+06 395.239 -2.63583
2690 1355.83 1.0287e+06 395.406 -2.63928
2700 1434.23 922262 395.67 -2.6445
2710 1270.47 1.02943e+06 395.555 -2.64229
2720 1521.31 930762 395.454 -2.64048
2730 1418.27 1.04397e+06 395.04 -2.63282
2740 1268.74 1.06374e+06 394.875 -2.62964
2750 1301.54 1.01426e+06 395.146 -2.63513
2760 1276.46 996294 395.558 -2.64312
2770 1312.92 931308 395.88 -2.64887
2780 1358.65 983240 395.803 -2.64694
2790 1442.22 949944 395.517 -2.64121
2800 1367.89 1.08091e+06 394.991 -2.63072
2810 1419.95 1.03292e+06 394.945 -2.62949
2820 1296.2 1.03192e+06 395.198 -2.63429
2830 1315.17 1.01147e+06 395.672 -2.6438
2840 1544.14 886041 396.149 -2.65237
2850 1372.14 954979 395.911 -2.64799
2860 1103.25 1.02494e+06 395.331 -2.63679
2870 1064.54 1.11563e+06 394.986 -2.62926
2880 1479.08 966272 395.31 -2.63483
2890 1369.57 974157 395.521 -2.63772
2900 1348.47 982084 395.525 -2.6371
2910 1600.07 960296 395.389 -2.63394
2920 1597.44 1.00786e+06 395.001 -2.62635
2930 1506.02 1.03575e+06 394.664 -2.62015
2940 1398.35 1.08221e+06 394.636 -2.62034
2950 1378.82 1.00045e+06 395.103 -2.63049
2960 1173.85 1.00313e+06 395.659 -2.64175
2970 1276.37 920956 396.155 -2.6513
2980 1374.19 876589 396.089 -2.6501
2990 1250.13 1.00579e+06 395.225 -2.63404
3000 1319.99 1.08502e+06 394.384 -2.6163
3010 1538.21 1.06457e+06 394.122 -2.61037
3020 1317.73 1.09231e+06 394.392 -2.61592
3030 1384.31 987915 395.241 -2.63306
3040 1627.83 851362 395.977 -2.64647
3050 1447.46 922372 395.726 -2.64256
3060 1170.36 1.08045e+06 394.992 -2.62826
3070 1556.39 1.00175e+06 394.676 -2.62201
3080 1540.96 1.05384e+06 394.497 -2.61894
3090 1361.46 1.04007e+06 394.654 -2.6229
3100 1215.72 1.02824e+06 395.135 -2.63315
3110 1263.69 944667 395.758 -2.6454
3120 1326.62 920337 396.011 -2.64992
3130 1334.36 944498 395.697 -2.64397
3140 1278.18 1.02777e+06 395.019 -2.63071
3150 1438.09 1.04821e+06 394.511 -2.61994
3160 1525.1 1.08292e+06 394.403 -2.61748
3170 1480.31 1.04959e+06 394.853 -2.62706
3180 1334.16 941191 395.616 -2.64216
3190 1236.74 935734 396.025 -2.64975
3200 1483.98 896254 395.9 -2.6476
3210 1494.06 993015 395.113 -2.6333
3220 1364.78 1.1016e+06 394.298 -2.61696
3230 1417.39 1.10552e+06 394.177 -2.61471
3240 1474.03 1.05046e+06 394.819 -2.62865
3250 1387.04 911400 395.75 -2.64704
3260 1139.93 915111 396.132 -2.65411
3270 1308.48 901021 395.837 -2.64898
3280 1255.22 1.0319e+06 394.932 -2.63171
3290 1284.2 1.10926e+06 394.243 -2.61677
3300 1425.19 1.07848e+06 394.297 -2.61729
3310 1422.25 1.02005e+06 394.918 -2.62962
3320 1243.79 968913 395.695 -2.64423
3330 1163.06 951061 396.261 -2.65442
3340 1448.95 858713 396.374 -2.6559
3350 1329.97 1.00757e+06 395.636 -2.6416
3360 1392.31 1.02677e+06 394.847 -2.62502
3370 1426.97 1.12034e+06 394.36 -2.61457
3380 1696.82 1.02868e+06 394.601 -2.61933
3390 1554.79 1.00258e+06 395.138 -2.63016
3400 1304.36 1.00002e+06 395.709 -2.64225
3410 1419.58 876676 396.171 -2.65145
3420 1299.08 975001 395.888 -2.64666
3430 1387.84 961261 395.302 -2.63589
3440 1359.64 1.10529e+06 394.611 -2.62245
3450 1449.79 1.05363e+06 394.521 -2.62073
3460 1223.19 1.08478e+06 394.935 -2.62954
3470 1133.82 987904 395.87 -2.64881
3480 1244.53 876605 396.693 -2.66312
3490 1385.74 906294 396.706 -2.66247
3500 1636.5 895977 395.953 -2.64903
3510 1385.59 1.15566e+06 394.652 -2.62321
3520 1448.62 1.14368e+06 394.335 -2.61585
3530 1515.07 1.05942e+06 395.048 -2.63087
3540 1325.48 1.00523e+06 396.235 -2.65583
3550 1267.06 800552 397.315 -2.67535
3560 1183.86 874752 397.084 -2.67139
3570 1224.31 985158 395.958 -2.65003
3580 1403.63 1.11923e+06 394.747 -2.62529
3590 1554.36 1.12189e+06 394.349 -2.61574
3600 1385.26 1.10164e+06 394.862 -2.62637
3610 1116.99 1.03117e+06 396.111 -2.65321
3620 1347.61 775630 397.412 -2.67567
3630 1252.53 957823 397.371 -2.67357
3640 1484.31 895886 396.764 -2.66189
3650 1476.47 1.02886e+06 395.595 -2.6397
3660 1533.73 1.11723e+06 394.599 -2.61862
3670 1442.45 1.13165e+06 394.448 -2.61558
3680 1309.52 1.07819e+06 395.27 -2.63385
3690 1355.94 873624 396.512 -2.65745
3700 1110.71 956533 397.039 -2.66655
3710 1277.45 863733 397.074 -2.667
3720 1410.46 910016 396.184 -2.6515
3730 1355.65 1.1373e+06 394.822 -2.62318
3740 1556.19 1.08507e+06 394.225 -2.60995
3750 1290.3 1.1935e+06 394.492 -2.61633
3760 1466.52 921277 395.839 -2.64341
3770 1306.49 915249 396.833 -2.66102
3780 1484.36 787222 397.035 -2.66495
3790 1298.99 999410 395.918 -2.64559
3800 1358.87 1.09408e+06 394.718 -2.62025
3810 1365.96 1.14813e+06 394.22 -2.60974
3820 1389.45 1.11216e+06 394.778 -2.62238
3830 1520.99 876453 396.009 -2.64579
3840 1130.34 953552 396.555 -2.65536
3850 1362.52 850159 396.579 -2.6559
3860 1550.23 918641 395.621 -2.63951
3870 1486.45 1.13004e+06 394.196 -2.61084
3880 1448.86 1.19787e+06 393.623 -2.59866
3890 1294.88 1.1567e+06 394.498 -2.61973
3900 1463.34 857431 396.317 -2.65527
3910 1363.48 851233 397.276 -2.67132
3920 1403.57 838173 397.071 -2.66837
3930 1405.52 968530 395.773 -2.64608
3940 1387.19 1.13359e+06 394.299 -2.61598
3950 1417.75 1.16879e+06 393.733 -2.60388
3960 1300.37 1.14853e+06 394.422 -2.62009
3970 1313.63 928928 396.057 -2.65317
3980 1229.43 845403 397.234 -2.67339
3990 1249.09 855832 397.296 -2.67409
4000 1302.63 943654 396.334 -2.65668
4010 1341.35 1.04675e+06 394.986 -2.62963
4020 1344.78 1.16063e+06 394.013 -2.60858
4030 1474.76 1.12771e+06 394.147 -2.61097
4040 1549.39 990693 395.168 -2.63123
4050 1358.01 960177 396.19 -2.65081
4060 1452.55 830357 396.806 -2.66209
4070 1423.82 912303 396.313 -2.65385
4080 1473.35 1.00262e+06 395.165 -2.63244
4090 1233.8 1.17349e+06 394.152 -2.61194
4100 1316.19 1.0999e+06 394.225 -2.61349
4110 1328.41 1.01909e+06 395.08 -2.63075
4120 1251 965376 396.071 -2.64988
4130 1419.29 863416 396.755 -2.66199
4140 1412.71 858770 396.478 -2.65714
4150 1299.27 1.00587e+06 395.253 -2.63473
4160 1359.84 1.17021e+06 394.116 -2.61047
4170 1615.61 1.09968e+06 394.098 -2.60958
4180 1537.98 1.03251e+06 394.836 -2.62494
4190 1368.76 947256 395.776 -2.64399
4200 1170.34 917442 396.375 -2.65521
4210 1220.34 894434 396.331 -2.65452
4220 1462.46 941317 395.56 -2.64049
4230 1514.33 1.08183e+06 394.437 -2.61834
4240 1334.75 1.1398e+06 393.878 -2.60643
4250 1278.79 1.10308e+06 394.309 -2.61589
4260 1325.84 1.00313e+06 395.463 -2.63949
4270 1407.3 859476 396.582 -2.6598
4280 1290.73 869399 396.761 -2.66251
4290 1362.33 938447 395.973 -2.64838
4300 1500.54 1.07592e+06 394.828 -2.62537
4310 1689.27 1.06827e+06 394.133 -2.61109
4320 1369.29 1.15423e+06 394.064 -2.61048
4330 1330.95 1.0283e+06 394.973 -2.63055
4340 1281.08 876445 396.069 -2.65126
4350 1168.81 893751 396.343 -2.65602
4360 1192.17 966003 395.865 -2.64688
4370 1442.49 999927 395.104 -2.6318
4380 1423.95 1.09652e+06 394.416 -2.61731
4390 1378.32 1.11533e+06 394.401 -2.61675
4400 1359.99 1.00901e+06 395.158 -2.63216
4410 1271.39 952870 396.02 -2.64823
4420 1413.17 878721 396.493 -2.65653
4430 1580.33 871754 396.101 -2.64976
4440 1526.77 1.03623e+06 394.893 -2.62735
4450 1581.66 1.10934e+06 393.9 -2.60717
4460 1484.97 1.127e+06 393.716 -2.60422
4470 1229.55 1.10114e+06 394.445 -2.62104
4480 1127.55 927984 395.807 -2.64883
4490 1229.95 809573 396.657 -2.66329
4500 1167.46 897308 396.217 -2.65531
4510 1197.04 1.01603e+06 395.032 -2.63243
4520 1435.98 1.12401e+06 393.992 -2.6098
4530 1476.8 1.13821e+06 393.815 -2.60507
4540 1168.77 1.10337e+06 394.669 -2.62329
4550 1421.34 863865 396.101 -2.6502
4560 1466.34 850604 396.676 -2.65886
4570 1284.81 928117 396.179 -2.64952
4580 1309.79 993676 395.145 -2.62975
4590 1441.19 1.1497e+06 394.169 -2.60906
4600 1626.82 1.07113e+06 394.122 -2.60747
4610 1327.4 1.04939e+06 394.696 -2.61934
4620 1255.92 946131 395.538 -2.63598
4630 1425.41 907849 396.036 -2.64482
4640 1587.17 878257 395.833 -2.64138
4650 1468.9 984031 394.815 -2.62371
4660 1282.04 1.16725e+06 393.788 -2.60259
4670 1328.42 1.1391e+06 393.832 -2.60383
4680 1146.08 1.09672e+06 394.947 -2.62868
4690 1493.03 810215 396.56 -2.65864
4700 1536.58 794692 396.936 -2.66433
4710 1316.83 941821 395.873 -2.64614
4720 1362.65 1.09838e+06 394.42 -2.61736
4730 1477.66 1.13061e+06 393.617 -2.60011
4740 1164.97 1.19268e+06 393.853 -2.60591
4750 1299.89 961444 395.279 -2.63599
4760 1479.67 810405 396.476 -2.65615
4770 1355.8 876148 396.388 -2.65428
4780 1398.74 937439 395.357 -2.636
4790 1233.65 1.13087e+06 393.992 -2.60876
4800 1185.43 1.20093e+06 393.536 -2.59812
4810 1516.36 1.03564e+06 394.421 -2.61652
4820 1701.72 871757 395.549 -2.63712
4830 1443.66 903589 395.856 -2.64269
4840 1361.88 946353 395.43 -2.63555
4850 1378.79 1.03715e+06 394.668 -2.62123
4860 1429.69 1.09132e+06 394.161 -2.61123
4870 1453.63 1.07387e+06 394.3 -2.61469
4880 1331.2 1.01286e+06 394.955 -2.62848
4890 1163.59 957828 395.709 -2.64344
4900 1227.34 900831 396.131 -2.65103
4910 1374.2 897346 395.845 -2.64564
4920 1465.68 998617 394.876 -2.62751
4930 1506.6 1.09717e+06 393.919 -2.6076
4940 1515.01 1.12859e+06 393.652 -2.60217
4950 1464.05 1.07109e+06 394.289 -2.61651
4960 1336.48 938767 395.386 -2.63832
4970 1277.49 900696 396.098 -2.65164
4980 1686.22 820536 396.001 -2.65077
4990 1645.17 986806 394.766 -2.62988
5000 1447.08 1.14006e+06 393.433 -2.60385
5010 1194.27 1.20284e+06 393.117 -2.59805
5020 1068.38 1.10264e+06 394.186 -2.62257
5030 1035.97 908263 395.941 -2.65706
5040 1233.05 768626 397.021 -2.6744
5050 1251.26 820983 396.485 -2.665
5060 1175.71 1.02121e+06 394.719 -2.63218
5070 1278.64 1.21207e+06 393.163 -2.59702
5080 1561.64 1.17143e+06 393.019 -2.59199
5090 1552.08 1.05132e+06 394.116 -2.61473
5100 1506.14 883404 395.532 -2.64088
5110 1427.15 873683 396.177 -2.65183
5120 1364.97 909045 395.89 -2.6469
5130 1326.03 990606 394.976 -2.62994
5140 1393.71 1.08818e+06 394.02 -2.6107
5150 1502.56 1.10624e+06 393.68 -2.60343
5160 1393.66 1.0854e+06 394.124 -2.61315
5170 1271.89 973457 395.117 -2.63345
5180 1362.66 888824 395.929 -2.64827
5190 1580.72 856468 395.93 -2.64849
5200 1424.98 980998 394.969 -2.63188
5210 1208.98 1.15929e+06 393.943 -2.61081
5220 1432.98 1.10575e+06 393.942 -2.61075
5230 1555.93 995447 394.7 -2.6265
5240 1411.56 930127 395.433 -2.64072
5250 1163.85 951900 395.716 -2.64638
5260 1213.74 944431 395.591 -2.64422
5270 1290.01 1.04331e+06 395.171 -2.63558
5280 1740.63 948475 394.901 -2.63007
5290 1603.29 1.04968e+06 394.429 -2.62134
5300 1322.22 1.10292e+06 394.296 -2.61944
5310 1394.62 1.01013e+06 394.821 -2.63088
5320 1281.53 978547 395.473 -2.64401
5330 1224.47 942998 395.944 -2.65314
5340 1429.85 907506 395.99 -2.65403
5350 1538.27 937225 395.391 -2.64342
5360 1277.9 1.11052e+06 394.439 -2.62505
5370 1195.62 1.10781e+06 394.187 -2.61959
5380 1168.41 1.07422e+06 394.759 -2.63127
5390 1287.75 972550 395.799 -2.65157
5400 1470.66 841582 396.614 -2.66548
5410 1413.15 884095 396.348 -2.66043
5420 1322.51 1.0098e+06 395.285 -2.63999
5430 1437.73 1.07889e+06 394.281 -2.61931
5440 1440.29 1.1475e+06 393.875 -2.61043
5450 1444.27 1.09532e+06 394.505 -2.62425
5460 1546.7 916589 395.731 -2.64835
5470 1360.41 880458 396.423 -2.66093
5480 1052.57 936920 396.289 -2.65866
5490 1106.81 990862 395.669 -2.64676
5500 1410.58 1.03248e+06 394.988 -2.63246
5510 1499.32 1.09079e+06 394.597 -2.62366
5520 1435.75 1.04946e+06 394.798 -2.62739
5530 1332.52 1.02037e+06 395.382 -2.63886
5540 1305.26 959032 396.095 -2.65258
5550 1409.38 874512 396.476 -2.65914
5560 1482.99 915748 396 -2.65056
5570 1461.09 1.0369e+06 394.956 -2.63081
5580 1336.93 1.14323e+06 394.215 -2.61528
5590 1260.12 1.11761e+06 394.442 -2.6203
5600 1313.42 994271 395.492 -2.64206
5610 1388.37 853993 396.471 -2.65933
5620 1189.4 877738 396.455 -2.65867
5630 1334.7 944810 395.549 -2.6421
5640 1376.03 1.09277e+06 394.327 -2.61718
5650 1310.57 1.17037e+06 393.745 -2.60405
5660 1383.52 1.11552e+06 394.367 -2.61744
5670 1661.85 911629 395.736 -2.64384
5680 1593.1 840779 396.508 -2.65728
5690 1282.85 941063 396.222 -2.65256
5700 1433.42 987068 395.433 -2.63824
5710 1509.18 1.0716e+06 394.621 -2.62238
5720 1329.84 1.09147e+06 394.289 -2.6162
5730 1105.15 1.10118e+06 394.668 -2.62482
5740 1412.63 895426 395.62 -2.64341
5750 1403.93 872901 395.919 -2.64841
5760 1146.86 984500 395.363 -2.63798
5770 1181.61 1.05948e+06 394.663 -2.62377
5780 1322.95 1.07393e+06 394.393 -2.61728
5790 1534.61 1.01348e+06 394.625 -2.62102
5800 1520.03 994123 394.989 -2.62768
5810 1638.22 919736 395.255 -2.6328
5820 1465.88 975712 395.03 -2.62918
5830 1282.9 1.0679e+06 394.644 -2.62223
5840 1247.38 1.07308e+06 394.719 -2.62419
5850 1440.09 949298 395.247 -2.63473
5860 1439.45 946873 395.479 -2.63915
5870 1341.37 990776 395.35 -2.63696
5880 1268.7 982896 395.114 -2.63262
5890 1322.62 1.03836e+06 394.81 -2.6266
5900 1462.65 1.03795e+06 394.752 -2.62526
5910 1593.57 988764 394.955 -2.62941
5920 1455 966935 395.087 -2.63248
5930 1275.95 1.01012e+06 395.03 -2.63194
5940 1315.72 994546 395.003 -2.63173
5950 1425.92 1.00408e+06 394.958 -2.63105
5960 1534.9 982063 394.926 -2.63075
5970 1453.45 1.00235e+06 394.79 -2.62879
5980 1210.66 1.06725e+06 394.723 -2.62807
5990 1250.56 989723 395.044 -2.6347
6000 1300.81 963650 395.333 -2.64011
6010 1324.66 969336 395.365 -2.64046
6020 1372.77 985120 395.188 -2.63673
6030 1420.2 990000 394.879 -2.63059
6040 1292.43 1.08988e+06 394.599 -2.62474
6050 1363.08 1.03613e+06 394.865 -2.62996
6060 1415.69 967923 395.4 -2.64006
6070 1397.67 935776 395.718 -2.64582
6080 1459.62 913909 395.554 -2.64284
6090 1461.42 1.00044e+06 394.827 -2.6295
6100 1196.9 1.14382e+06 394.175 -2.61614
6110 1337.54 1.05466e+06 394.419 -2.62116
6120 1346.89 988749 395.107 -2.6345
6130 1269.4 943165 395.707 -2.64559
6140 1381.43 911228 395.891 -2.64857
6150 1431.3 940932 395.446 -2.64017
6160 1363.25 1.06085e+06 394.652 -2.62435
6170 1510.88 1.05631e+06 394.219 -2.61523
6180 1412.05 1.07865e+06 394.253 -2.61604
6190 1363.88 1.05321e+06 394.838 -2.62851
6200 1362.66 912539 395.714 -2.64552
6210 1346.23 900450 396.04 -2.65133
6220 1303.92 943153 395.642 -2.64415
6230 1191.27 1.06799e+06 394.9 -2.62947
6240 1406.34 1.04056e+06 394.55 -2.62173
6250 1356.61 1.08697e+06 394.592 -2.62214
6260 1398.74 1.01348e+06 395.181 -2.63404
6270 1582.1 874005 395.824 -2.64566
6280 1586.62 928788 395.665 -2.64298
6290 1502.23 990355 394.964 -2.63059
6300 1278.41 1.11883e+06 394.278 -2.6175
6310 1205.64 1.1126e+06 394.37 -2.62002
6320 1235.16 1.00804e+06 395.25 -2.63827
6330 1284.5 884561 396.164 -2.65498
6340 1319.11 875263 396.279 -2.65655
6350 1309.91 979886 395.544 -2.64264
6360 1287.36 1.05677e+06 394.658 -2.62437
6370 1458.54 1.08451e+06 394.17 -2.61362
6380 1573.34 1.08122e+06 394.311 -2.61618
6390 1516.01 992478 394.99 -2.6299
6400 1454.24 921037 395.619 -2.64214
6410 1377.15 931996 395.703 -2.6442
6420 1271.67 1.01738e+06 395.361 -2.63794
6430 1425.49 976850 395.029 -2.63184
6440 1214.11 1.1022e+06 394.689 -2.6252
6450 1355.9 1.01013e+06 394.937 -2.63017
6460 1549 940375 395.284 -2.63662
6470 1358.98 1.00963e+06 395.296 -2.63696
6480 1296.97 983148 395.291 -2.63706
6490 1270.03 994231 395.212 -2.63549
6500 1294.06 1.01002e+06 395.079 -2.63269
6510 1416.47 1.01836e+06 395.041 -2.63155
6520 1627.32 931500 395.056 -2.63171
6530 1430.38 1.04776e+06 394.727 -2.62563
6540 1371.57 1.05799e+06 394.672 -2.62496
6550 1372.39 1.0167e+06 395.022 -2.63235
6560 1324.36 970273 395.497 -2.64192
6570 1491.17 907208 395.729 -2.64647
6580 1461.62 959675 395.348 -2.63991
6590 1221.04 1.05812e+06 394.706 -2.62775
6600 1224.96 1.08738e+06 394.472 -2.62297
6610 1375.84 991224 394.794 -2.62925
6620 1200.51 1.01505e+06 395.145 -2.63575
6630 1296.67 950930 395.537 -2.64293
6640 1600.63 886098 395.56 -2.64288
6650 1471.44 1.02624e+06 394.884 -2.63002
6660 1483.9 1.06168e+06 394.334 -2.61887
6670 1378.36 1.08646e+06 394.262 -2.61785
6680 1049.28 1.08974e+06 394.808 -2.62975
6690 1164.62 951667 395.931 -2.65204
6700 1331.83 816322 396.676 -2.66426
6710 1354.43 873253 396.168 -2.65495
6720 1361.74 1.03938e+06 394.808 -2.62866
6730 1433.65 1.14811e+06 393.709 -2.60468
6740 1527.67 1.12876e+06 393.658 -2.60297
6750 1494.05 1.0513e+06 394.53 -2.62108
6760 1430.77 925589 395.721 -2.64453
6770 1454.47 853494 396.401 -2.6567
6780 1494.67 895533 396.039 -2.65104
6790 1309.78 1.01162e+06 394.959 -2.63142
6800 1095.54 1.15826e+06 394.028 -2.61234
6810 1143.1 1.12616e+06 394.14 -2.61453
6820 1295.14 1.03028e+06 395.168 -2.63534
6830 1555.89 835670 396.322 -2.65603
6840 1582.3 823140 396.368 -2.65642
6850 1432.79 1.02429e+06 395.251 -2.63604
6860 1517.82 1.06503e+06 394.201 -2.61485
6870 1256.33 1.1654e+06 393.719 -2.6053
6880 1062.14 1.1268e+06 394.374 -2.62029
6890 1418.26 893721 395.825 -2.64845
6900 1570.18 791040 396.559 -2.66038
6910 1359.22 911901 395.868 -2.64881
6920 1201.66 1.09439e+06 394.589 -2.62349
6930 1540.01 1.07083e+06 393.875 -2.60806
6940 1655.26 1.12122e+06 393.781 -2.60636
6950 1583.33 1.02101e+06 394.456 -2.62134
6960 1397.41 946098 395.322 -2.63897
6970 1217.73 947757 395.817 -2.64902
6980 1089.42 962952 395.93 -2.65152
6990 1218.15 932127 395.734 -2.64781
7000 1242.46 1.00578e+06 395.11 -2.63564
7010 1275.01 1.08292e+06 394.554 -2.62352
7020 1407.97 1.02253e+06 394.511 -2.62174
7030 1283.7 1.07112e+06 394.742 -2.62573
7040 1382.93 953280 395.363 -2.63737
7050 1492.31 912509 395.7 -2.64273
7060 1545.89 933713 395.408 -2.6371
7070 1430.93 1.05967e+06 394.729 -2.62404
7080 1411.05 1.05595e+06 394.384 -2.61707
7090 1214.34 1.08216e+06 394.513 -2.62
7100 1210.03 1.00159e+06 395.169 -2.6334
7110 1388.75 906212 395.818 -2.64496
7120 1419.5 935807 395.857 -2.64516
7130 1535.77 940042 395.384 -2.63641
7140 1522.4 1.03796e+06 394.562 -2.62063
7150 1530.58 1.09309e+06 393.99 -2.60946
7160 1346.28 1.10307e+06 394.106 -2.6127
7170 1391.97 991771 394.895 -2.62936
7180 1363.38 923891 395.646 -2.64396
7190 1337.8 906174 395.862 -2.6483
7200 1258.7 971807 395.423 -2.64055
7210 1307.63 1.05819e+06 394.811 -2.62832
7220 1410.54 1.05292e+06 394.571 -2.62329
7230 1300.83 1.05737e+06 394.75 -2.62689
7240 1384.07 974005 395.288 -2.63736
7250 1544.93 924535 395.656 -2.64408
7260 1622.1 904735 395.47 -2.64117
7270 1413.76 1.02764e+06 394.687 -2.62729
7280 1224.23 1.13194e+06 394.111 -2.61591
7290 1248.82 1.07427e+06 394.415 -2.62267
7300 1327.99 969235 395.237 -2.63898
7310 1424.19 907868 395.85 -2.65015
7320 1381.71 912564 395.818 -2.64955
7330 1307.02 978761 395.17 -2.63764
7340 1244.27 1.10246e+06 394.429 -2.62251
7350 1331.6 1.09761e+06 394.37 -2.62084
7360 1500.07 973527 394.959 -2.63228
7370 1457.57 919720 395.393 -2.64011
7380 1291.73 981428 395.315 -2.63858
7390 1449.02 966745 395.033 -2.63322
7400 1482.81 1.01769e+06 394.564 -2.62429
7410 1388.53 1.09635e+06 394.263 -2.61846
7420 1283.34 1.06372e+06 394.611 -2.62606
7430 1267.46 935035 395.347 -2.64047
7440 1272.26 935797 395.704 -2.64668
7450 1358.34 921425 395.542 -2.64343
7460 1319.13 1.00969e+06 394.891 -2.63078
7470 1286.01 1.08221e+06 394.31 -2.61844
7480 1318.57 1.08302e+06 394.294 -2.61753
7490 1360.13 1.01306e+06 394.864 -2.62864
7500 1368.58 937429 395.508 -2.64009
7510 1254.31 961501 395.761 -2.64424
7520 1369.17 944588 395.692 -2.64231
7530 1509.04 961235 395.238 -2.63314
7540 1510.75 1.03225e+06 394.535 -2.61939
7550 1270.76 1.14545e+06 394.134 -2.61101
7560 1408.8 1.02419e+06 394.639 -2.62146
7570 1450.19 974243 395.387 -2.63578
7580 1345.68 936716 395.938 -2.64623
7590 1509.12 861068 395.977 -2.64727
7600 1386.66 1.00066e+06 395.137 -2.6324
7610 1302.35 1.12163e+06 394.311 -2.61539
7620 1479.52 1.06113e+06 394.266 -2.61451
7630 1394.77 1.0706e+06 394.742 -2.62471
7640 1336.02 972928 395.666 -2.64367
7650 1345.75 831635 396.33 -2.6558
7660 1159.27 963090 395.94 -2.64869
7670 1382.49 1.02757e+06 395.214 -2.63413
7680 1558.36 1.01246e+06 394.663 -2.62285
7690 1518.45 1.06297e+06 394.265 -2.61501
7700 1426.45 1.10125e+06 394.342 -2.6172
7710 1471.82 977326 395.053 -2.63215
7720 1458.8 896528 395.615 -2.64316
7730 1249.97 961601 395.513 -2.64186
7740 1191.46 998967 395.096 -2.63421
7750 1231.81 1.03565e+06 394.694 -2.62611
7760 1497.58 998554 394.504 -2.62203
7770 1461.75 1.01395e+06 394.354 -2.61899
7780 1274.99 1.05434e+06 394.327 -2.61856
7790 1159.67 1.04192e+06 394.675 -2.62557
7800 1308.36 940875 395.26 -2.63646
7810 1417.43 925040 395.481 -2.63977
7820 1579.68 919485 395.12 -2.63294
7830 1366.77 1.06194e+06 394.295 -2.617
7840 1267.67 1.1301e+06 393.883 -2.60826
7850 1304.79 1.06915e+06 394.36 -2.61825
7860 1234.12 975098 395.323 -2.63699
7870 1292.7 896253 396.104 -2.65082
7880 1480.92 883719 396.147 -2.6509
7890 1578.83 922226 395.347 -2.63633
7900 1517.69 1.09936e+06 394.093 -2.61213
7910 1458.63 1.17569e+06 393.532 -2.60009
7920 1364.88 1.07899e+06 394.151 -2.61389
7930 1211.46 1.01499e+06 395.396 -2.63992
7940 1331.33 833737 396.631 -2.66257
7950 1273.86 850144 396.765 -2.66454
7960 1180.09 937320 395.806 -2.64734
7970 1164.45 1.12635e+06 394.487 -2.62051
7980 1436.52 1.12495e+06 393.988 -2.60831
7990 1510.18 1.05681e+06 394.386 -2.61565
8000 1364.68 1.01297e+06 395.232 -2.63247
8010 1444.04 865624 396.076 -2.64771
8020 1461.68 883649 396.036 -2.6468
8030 1345.12 974882 395.157 -2.63096
8040 1169.87 1.15465e+06 394.205 -2.61124
8050 1479.43 1.06782e+06 394.201 -2.61056
8060 1568.57 1.01504e+06 394.751 -2.62135
8070 1436.48 972759 395.411 -2.63455
8080 1369.1 906907 395.839 -2.6428
8090 1444.99 931277 395.634 -2.63947
8100 1401.06 1.02e+06 394.965 -2.62722
8110 1329.48 1.10677e+06 394.469 -2.61741
8120 1333.38 1.02378e+06 394.642 -2.62121
8130 1172.6 1.03198e+06 395.077 -2.62991
8140 1301.97 932326 395.652 -2.64092
8150 1505.22 902684 395.775 -2.64271
8160 1530.81 990173 395.257 -2.63282
8170 1519.18 1.02349e+06 394.632 -2.62093
8180 1380.21 1.09751e+06 394.232 -2.6133
8190 1364.69 1.07194e+06 394.496 -2.61936
8200 1599.1 939389 395.213 -2.63403
8210 1483.08 901424 395.541 -2.64087
8220 1120.32 1.00795e+06 395.235 -2.63592
8230 1046.4 1.06382e+06 394.958 -2.63055
8240 1236.52 997343 395.078 -2.63255
8250 1335.14 978016 395.211 -2.6344
8260 1452.26 972279 395.2 -2.63345
8270 1623.99 969497 394.979 -2.62888
8280 1486.92 1.05772e+06 394.611 -2.62166
8290 1528.4 1.01733e+06 394.575 -2.62142
8300 1306.13 1.045e+06 394.738 -2.62532
8310 1214.06 1.0066e+06 395.179 -2.63462
8320 1321.29 919818 395.639 -2.64335
8330 1342.11 940552 395.565 -2.6419
8340 1363.21 1.01458e+06 395.098 -2.6327
8350 1490.4 1.03231e+06 394.701 -2.62469
8360 1412.47 1.06456e+06 394.569 -2.62212
8370 1352.79 1.03502e+06 394.884 -2.62874
8380 1322.29 980161 395.434 -2.63962
8390 1258.8 966084 395.864 -2.64773
8400 1388.18 918970 396.018 -2.65041
8410 1421.55 917136 395.583 -2.64261
8420 1153.34 1.07692e+06 394.674 -2.62469
8430 1178.83 1.1219e+06 394.261 -2.6154
8440 1268.87 1.07661e+06 394.701 -2.62391
8450 1363.52 969567 395.679 -2.64253
8460 1449.25 861477 396.391 -2.65431
8470 1443.61 930985 396.217 -2.6503
8480 1677.46 923501 395.442 -2.63611
8490 1476.17 1.13266e+06 394.301 -2.61387
8500 1453.1 1.13849e+06 393.988 -2.6074
8510 1242.3 1.10768e+06 394.718 -2.62372
8520 1166.41 961398 396.145 -2.65312
8530 1306.38 814350 397.268 -2.67243
8540 1315.39 864915 397.134 -2.6696
8550 1502.61 899037 395.951 -2.64892
8560 1293.47 1.17282e+06 394.241 -2.61489
8570 1490.04 1.16035e+06 393.596 -2.59947
8580 1353.59 1.15182e+06 394.231 -2.61352
8590 1379.15 932578 395.766 -2.64499
8600 1316.33 833787 396.915 -2.66462
8610 1362.25 838362 396.847 -2.66343
8620 1290.23 980626 395.683 -2.64235
8630 1431.76 1.0845e+06 394.361 -2.61539
8640 1527.57 1.16482e+06 393.683 -2.60061
8650 1480.8 1.11427e+06 394.148 -2.61116
8660 1293.23 985000 395.409 -2.63711
8670 1295.86 851720 396.528 -2.65766
8680 1173.55 878737 396.651 -2.65948
8690 1192.07 960507 395.881 -2.64513
8700 1319.49 1.05423e+06 394.86 -2.62425
8710 1478.16 1.11521e+06 394.238 -2.61037
8720 1626.83 1.06032e+06 394.391 -2.61303
8730 1678.43 994424 395.015 -2.62567
8740 1508.34 939660 395.569 -2.63703
8750 1134.07 1.00523e+06 395.771 -2.64165
8760 1240.73 964090 395.924 -2.645
8770 1319.73 952856 395.838 -2.64341
8780 1281.55 1.0147e+06 395.461 -2.63596
8790 1326.44 1.02492e+06 395.153 -2.62955
8800 1255.52 1.04434e+06 395.053 -2.62711
8810 1329.65 1.02961e+06 395.277 -2.63109
8820 1533.05 938514 395.641 -2.63749
8830 1525.39 951574 395.64 -2.63719
8840 1471.58 998951 395.293 -2.63074
8850 1604.57 1.00982e+06 394.926 -2.62392
8860 1652.96 1.00866e+06 394.635 -2.61935
8870 1227.13 1.131e+06 394.502 -2.61812
8880 1088.29 1.03437e+06 395.186 -2.63347
8890 1204.65 883723 396.103 -2.65057
8900 1244.83 866920 396.218 -2.65228
8910 1355.2 943245 395.406 -2.63734
8920 1544.55 1.04382e+06 394.207 -2.61349
8930 1585.72 1.14057e+06 393.345 -2.59537
8940 1409.09 1.17129e+06 393.512 -2.59971
8950 1450.98 995146 394.796 -2.62709
8960 1420.13 860379 396.06 -2.65059
8970 1301.62 855590 396.351 -2.65596
8980 1304 935763 395.621 -2.6433
8990 1508.41 1.0154e+06 394.422 -2.62074
9000 1290.18 1.18242e+06 393.433 -2.60038
9010 1204.74 1.17375e+06 393.69 -2.60654
9020 1408.07 964304 395.089 -2.63512
9030 1428.66 858748 396.283 -2.65624
9040 1374.93 864073 396.478 -2.65945
9050 1361.65 939620 395.707 -2.64571
9060 1437.33 1.03351e+06 394.505 -2.62274
9070 1357.72 1.16438e+06 393.625 -2.60412
9080 1431.3 1.11059e+06 393.823 -2.60847
9090 1437.54 1.02463e+06 394.852 -2.63009
9100 1445.49 877019 395.988 -2.65153
9110 1370.97 863580 396.293 -2.65713
9120 1275.14 923138 395.617 -2.64561
9130 1112.49 1.12967e+06 394.486 -2.62343
9140 1205.87 1.14699e+06 394.209 -2.61672
9150 1245.1 1.04092e+06 394.96 -2.63149
9160 1191.42 955725 396.011 -2.65123
9170 1358.03 847593 396.705 -2.66242
9180 1495.66 855546 396.325 -2.65498
9190 1485.21 1.00259e+06 394.975 -2.62962
9200 1499.22 1.1507e+06 393.676 -2.60203
9210 1580.24 1.16065e+06 393.412 -2.59605
9220 1397.26 1.09694e+06 394.31 -2.61619
9230 1187.66 947233 395.849 -2.64718
9240 1210.58 815890 396.988 -2.66704
9250 1346.96 823378 396.827 -2.66413
9260 1348.56 946849 395.42 -2.6392
9270 1278.93 1.18444e+06 393.751 -2.60454
9280 1475.19 1.21222e+06 393.314 -2.59372
9290 1602.46 1.05465e+06 394.339 -2.61565
9300 1400.32 943328 395.792 -2.64395
9310 1300.03 851998 396.812 -2.66233
9320 1547.68 797692 396.734 -2.66155
9330 1534.85 965741 395.301 -2.63756
9340 1372.06 1.20126e+06 393.689 -2.60441
9350 1319.23 1.23529e+06 393.475 -2.60008
9360 1263.39 1.04149e+06 394.824 -2.6299
9370 1114.07 909990 396.538 -2.66263
9380 1131.1 797509 397.553 -2.67943
9390 1115.55 808419 397.103 -2.67169
9400 1084.9 1.0471e+06 395.421 -2.63979
9410 1546.84 1.11914e+06 393.959 -2.60711
9420 1682.73 1.19653e+06 393.472 -2.59483
9430 1624.86 1.08446e+06 394.289 -2.61226
9440 1491.58 960164 395.721 -2.64086
9450 1405.75 854160 396.852 -2.66167
9460 1250.59 856625 396.938 -2.66352
9470 1137.66 992789 396.064 -2.64741
9480 1377.92 1.01958e+06 395.054 -2.62739
9490 1360.6 1.1218e+06 394.284 -2.61105
9500 1419.8 1.1157e+06 394.371 -2.61264
9510 1518.82 975343 395.199 -2.62909
9520 1453.22 913056 395.905 -2.64235
9530 1368.1 905591 395.979 -2.64397
9540 1339.4 984223 395.42 -2.63374
9550 1384.74 1.01953e+06 394.714 -2.6202
9560 1266.37 1.11584e+06 394.234 -2.61038
9570 1440.98 1.02306e+06 394.466 -2.6151
9580 1422.63 993188 394.942 -2.62434
9590 1436.27 949459 395.326 -2.63187
9600 1354.59 978208 395.4 -2.63344
9610 1411.73 962266 395.275 -2.63129
9620 1352.26 999717 394.9 -2.62453
9630 1258.67 1.09161e+06 394.604 -2.61853
9640 1590.43 979562 394.824 -2.6229
9650 1522.05 977953 394.982 -2.62628
9660 1374.28 1.00188e+06 394.996 -2.62719
9670 1401.03 988555 394.995 -2.62779
9680 1453.41 974780 394.914 -2.62687
9690 1436.87 1.0035e+06 394.681 -2.6231
9700 1346.14 1.0381e+06 394.484 -2.61988
9710 1313.32 1.0459e+06 394.564 -2.62206
9720 1369.22 982847 394.928 -2.62964
9730 1277.66 966442 395.203 -2.63507
9740 1254.67 970250 395.235 -2.63571
9750 1384.98 964700 395.047 -2.63194
9760 1522.77 1.00177e+06 394.624 -2.62374
9770 1413.1 1.10421e+06 394.288 -2.61701
9780 1523.55 1.01332e+06 394.574 -2.62316
9790 1505.45 981518 395.024 -2.63241
9800 1397.34 969852 395.332 -2.63912
9810 1236.69 961266 395.418 -2.64141
9820 1148.63 1.01667e+06 395.269 -2.63876
9830 1292.26 1.00779e+06 395.188 -2.637
9840 1308.81 1.00329e+06 395.196 -2.63671
9850 1304.75 990971 395.206 -2.63644
9860 1286.49 1.02539e+06 395.201 -2.63573
9870 1521.62 953390 395.299 -2.63704
9880 1490.64 1.01632e+06 395.153 -2.63389
9890 1340.93 1.04689e+06 395.118 -2.63314
9900 1490.46 973760 395.359 -2.63783
9910 1461.02 981051 395.451 -2.63981
9920 1329.85 1.03815e+06 395.468 -2.64043
9930 1541.35 942836 395.63 -2.64401
9940 1447.21 953425 395.455 -2.64146
9950 1132.92 1.09538e+06 395.058 -2.63403
9960 1357.19 964090 395.13 -2.63554
9970 1317.23 1.03594e+06 395.14 -2.63557
9980 1398.54 999276 395.296 -2.63861
9990 1351.91 975726 395.496 -2.6423
10000 1472.56 942196 395.477 -2.64197
