# Time-averaged data for fix 4
# TimeStep c_mytemp c_mypress v_vmyvol v_avgEtotal
10 1310.13 956701 395.188 -2.64843
20 1668.64 1.01158e+06 394.187 -2.62856
30 1517.73 1.16397e+06 393.381 -2.61174
40 1402.54 1.11418e+06 393.684 -2.6189
50 1368.79 981807 394.822 -2.64257
60 1338.34 887843 395.824 -2.66154
70 1209.72 888169 396.023 -2.66547
80 1101.51 938103 395.374 -2.65411
90 1122.71 1.05746e+06 394.328 -2.63337
100 1370.52 1.1108e+06 393.692 -2.61935
110 1411.88 1.08771e+06 393.861 -2.62236
120 1307.26 998802 394.665 -2.63839
130 1258.84 913909 395.456 -2.65289
140 1382.02 879444 395.597 -2.6551
150 1465.02 961402 394.9 -2.64231
160 1378.22 1.08296e+06 393.945 -2.62344
170 1319.2 1.12467e+06 393.588 -2.61603
180 1300.47 1.087e+06 394.154 -2.6284
190 1399.62 934233 395.286 -2.65096
200 1379.08 867967 395.969 -2.66326
210 1226.76 906752 395.694 -2.65867
220 1216.01 1.02079e+06 394.753 -2.64117
230 1307.87 1.11009e+06 393.977 -2.62486
240 1393.27 1.09265e+06 393.995 -2.62502
250 1296.84 1.02499e+06 394.699 -2.63949
260 1292.64 916440 395.533 -2.6552
270 1191.26 949051 395.84 -2.66049
280 1379.76 922848 395.688 -2.65742
290 1540.75 963756 395.002 -2.64466
300 1325.84 1.09288e+06 394.11 -2.62717
310 1268.38 1.13761e+06 393.903 -2.62298
320 1459.01 984960 394.603 -2.6374
330 1351.45 956072 395.284 -2.65052
340 1232.8 951282 395.633 -2.65741
350 1349.34 896516 395.552 -2.65629
360 1298.98 1.03788e+06 394.835 -2.64295
370 1351.25 1.06795e+06 394.327 -2.63246
380 1263.06 1.07563e+06 394.355 -2.63313
390 1184.29 1.05108e+06 394.943 -2.64547
400 1278.13 932536 395.843 -2.6625
410 1352.04 875883 396.259 -2.66961
420 1323.31 920505 395.781 -2.66095
430 1234.45 1.0634e+06 394.776 -2.64112
440 1326.76 1.08394e+06 394.18 -2.6282
450 1310.98 1.10628e+06 394.259 -2.62952
460 1479.78 989933 395.052 -2.64559
470 1445.74 886744 395.766 -2.65864
480 1141.34 974863 395.744 -2.65822
490 1436.53 930748 395.411 -2.65204
500 1492.2 1.02479e+06 394.676 -2.6384
510 1335.54 1.10816e+06 394.123 -2.62734
520 1312.94 1.06953e+06 394.351 -2.63255
530 1328.47 983268 395.052 -2.64687
540 1151.04 958674 395.693 -2.65933
550 1268.42 875294 395.93 -2.66373
560 1138.32 980855 395.36 -2.65299
570 1067.6 1.08471e+06 394.657 -2.63824
580 1354.02 1.03382e+06 394.479 -2.63355
590 1351.92 1.0612e+06 394.657 -2.63621
600 1355.85 999700 395.232 -2.64708
610 1416.65 891372 395.76 -2.65636
620 1333.58 952540 395.581 -2.65269
630 1402.67 999629 395.002 -2.64148
640 1298.85 1.07724e+06 394.484 -2.63095
650 1283.75 1.0719e+06 394.5 -2.63122
660 1336.33 1.02146e+06 395.048 -2.64222
670 1401.53 920005 395.716 -2.6549
680 1396.15 912027 395.821 -2.65687
690 1272.66 1.00314e+06 395.328 -2.64766
700 1427.4 991769 394.782 -2.6372
710 1353.95 1.09109e+06 394.283 -2.62755
720 1287.2 1.06529e+06 394.387 -2.63004
730 1224.86 1.00524e+06 394.993 -2.6423
740 1236.92 930791 395.607 -2.65399
750 1300.24 919553 395.74 -2.65613
760 1450.8 932085 395.243 -2.64696
770 1337.03 1.08993e+06 394.355 -2.62968
780 1265.61 1.13559e+06 394.108 -2.62434
790 1453.52 985990 394.748 -2.63728
800 1427.7 966994 395.391 -2.64971
810 1504.09 897496 395.714 -2.65627
820 1366.15 938295 395.332 -2.65027
830 1104.86 1.08401e+06 394.564 -2.63583
840 1172.53 1.09136e+06 394.345 -2.63129
850 1354.61 1.01246e+06 394.787 -2.64014
860 1374.12 958086 395.334 -2.65049
870 1341.48 949510 395.591 -2.65527
880 1392.08 932850 395.441 -2.65268
890 1228.72 1.04588e+06 394.877 -2.64199
900 1331.69 1.06806e+06 394.618 -2.63656
910 1419.12 1.01424e+06 394.827 -2.64071
920 1255.22 1.00625e+06 395.184 -2.64797
930 1261.12 943849 395.551 -2.65498
940 1345.8 953802 395.536 -2.65455
950 1365.93 1.00418e+06 395.18 -2.64773
960 1263.04 1.06322e+06 394.895 -2.64193
970 1302.57 1.00893e+06 394.998 -2.64388
980 1346.08 1.01492e+06 395.244 -2.64859
990 1440.2 948618 395.537 -2.65418
1000 1377.12 943968 395.47 -2.65318
1010 1198.46 1.03757e+06 395.063 -2.64547
1020 1272.54 1.02965e+06 394.865 -2.64143
1030 1460.61 997171 394.895 -2.64195
1040 1363.76 1.00344e+06 394.933 -2.64282
1050 1288.18 1.01527e+06 394.998 -2.64436
1060 1237.45 998379 395.168 -2.64777
1070 1268.61 959116 395.31 -2.65048
1080 1157.74 989332 395.188 -2.64791
1090 1195.04 1.04685e+06 395.01 -2.6439
1100 1378.17 977804 395.102 -2.64496
1110 1532.51 959498 395.063 -2.6437
1120 1518.85 1.01786e+06 394.775 -2.63807
1130 1399.93 1.03349e+06 394.602 -2.63505
1140 1406.84 1.01497e+06 394.657 -2.63678
1150 1329.82 1.04965e+06 394.889 -2.64214
1160 1227.16 979958 395.414 -2.65315
1170 1225.74 897273 395.774 -2.66013
1180 1108.91 976008 395.452 -2.65415
1190 1246.16 1.04481e+06 394.949 -2.64376
1200 1333 1.02271e+06 394.729 -2.63874
1210 1328.91 1.06558e+06 394.748 -2.63866
1220 1474.93 984925 395.186 -2.64709
1230 1525.46 920033 395.507 -2.65304
1240 1328.15 1.01058e+06 395.334 -2.65006
1250 1269.29 1.0208e+06 395.177 -2.64736
1260 1197.87 1.01938e+06 395.197 -2.64791
1270 1260.99 979187 395.311 -2.65008
1280 1195.58 1.03414e+06 395.375 -2.65106
1290 1418.46 925978 395.547 -2.65403
1300 1385.16 994191 395.306 -2.64921
1310 1191.93 1.05231e+06 394.999 -2.64295
1320 1213.19 1.04515e+06 395.054 -2.64377
1330 1381.9 992369 395.459 -2.6514
1340 1432.64 924124 395.753 -2.65653
1350 1223.45 1.01988e+06 395.621 -2.65371
1360 1447.49 932957 395.471 -2.6508
1370 1396.01 1.03361e+06 394.969 -2.64121
1380 1285 1.0793e+06 394.692 -2.63564
1390 1199.05 1.06067e+06 394.991 -2.64188
1400 1228.99 986468 395.7 -2.65592
1410 1201.26 948199 396.357 -2.66786
1420 1316.76 885273 396.553 -2.67097
1430 1382.63 927699 395.961 -2.65979
1440 1410.28 1.06075e+06 394.876 -2.63865
1450 1417.03 1.12234e+06 394.214 -2.62434
1460 1322.99 1.0961e+06 394.471 -2.62989
1470 1233.94 1.02134e+06 395.426 -2.64963
1480 1258.39 893734 396.49 -2.66958
1490 1166.49 900527 396.829 -2.67507
1500 1342.78 885603 396.349 -2.66622
1510 1405.71 1.04761e+06 395.138 -2.64334
1520 1424.31 1.15522e+06 394.287 -2.6245
1530 1544.45 1.0608e+06 394.482 -2.62853
1540 1281.74 1.06288e+06 395.258 -2.64532
1550 1289.05 885376 396.335 -2.66616
1560 1175.55 885366 396.673 -2.6721
1570 1144.6 925067 396.116 -2.66218
1580 1319.77 1.05295e+06 395.081 -2.64156
1590 1556.44 1.06861e+06 394.372 -2.62647
1600 1422.68 1.12698e+06 394.242 -2.62391
1610 1322.09 1.07729e+06 395.057 -2.6421
1620 1505.55 845222 396.272 -2.66505
1630 1294.59 930048 396.548 -2.67007
1640 1355.57 915714 396.168 -2.66383
1650 1303.89 1.00621e+06 395.236 -2.64699
1660 1153.57 1.12033e+06 394.396 -2.62988
1670 1174.71 1.12599e+06 394.413 -2.63022
1680 1371.06 989244 395.301 -2.64832
1690 1365.75 898627 396.137 -2.66324
1700 1231.97 928870 396.258 -2.66517
1710 1342.63 948572 395.825 -2.65693
1720 1479.08 1.02006e+06 395.022 -2.64152
1730 1588.2 1.05961e+06 394.387 -2.62861
1740 1447.72 1.12368e+06 394.253 -2.62676
1750 1271.8 1.07317e+06 394.974 -2.64342
1760 1221.9 921882 396.199 -2.66767
1770 1133.21 874330 396.86 -2.67959
1780 1074.78 922486 396.624 -2.67514
1790 1277.21 963453 395.778 -2.65902
1800 1435.26 1.02108e+06 394.666 -2.63688
1810 1377.63 1.18669e+06 393.84 -2.61917
1820 1323.03 1.14605e+06 394.293 -2.62928
1830 1312.5 943172 395.776 -2.6593
1840 1385.41 818952 396.85 -2.67759
1850 1300.99 888247 396.636 -2.67376
1860 1176.65 1.01632e+06 395.611 -2.65437
1870 1290.17 1.07815e+06 394.655 -2.63473
1880 1227.4 1.14379e+06 394.375 -2.6283
1890 1212.33 1.06889e+06 395.085 -2.64274
1900 1324.17 909829 396.258 -2.66513
1910 1469.96 840308 396.778 -2.67328
1920 1394.02 941532 396.181 -2.66219
1930 1348.86 1.03364e+06 395.138 -2.64217
1940 1287.48 1.13221e+06 394.375 -2.62615
1950 1314 1.12432e+06 394.58 -2.63063
1960 1494.46 954630 395.608 -2.65139
1970 1316.08 906203 396.388 -2.66567
1980 1112.53 947979 396.478 -2.66739
1990 1238.41 961917 396.152 -2.66103
2000 1359.05 959268 395.511 -2.64887
2010 1235.8 1.10694e+06 394.714 -2.63242
2020 1533.9 1.08116e+06 394.598 -2.62953
2030 1543.81 1.02304e+06 395.11 -2.64007
2040 1366.33 968878 395.791 -2.6538
2050 1194.47 948853 396.258 -2.6631
2060 1325.47 900670 396.286 -2.66398
2070 1383.95 962813 395.642 -2.65237
2080 1426.87 1.03024e+06 394.716 -2.63477
2090 1340.45 1.12422e+06 394.07 -2.62186
2100 1127.84 1.13348e+06 394.33 -2.62806
2110 962.306 992491 395.514 -2.65257
2120 1271.36 824405 396.603 -2.67144
2130 1435.57 867990 396.46 -2.66802
2140 1499.56 981171 395.365 -2.64715
2150 1538.79 1.06693e+06 394.101 -2.62248
2160 1298.45 1.22198e+06 393.452 -2.60875
2170 1181.94 1.11203e+06 394.32 -2.62857
2180 1224.64 920289 395.998 -2.6618
2190 1455.27 780253 397.051 -2.67935
2200 1368.54 898353 396.591 -2.67135
2210 1413.84 970237 395.278 -2.64753
2220 1148.63 1.23663e+06 393.953 -2.62029
2230 1175.73 1.17735e+06 394.204 -2.62599
2240 1387.08 930173 395.702 -2.65569
2250 1330.48 880872 396.783 -2.67437
2260 1324.58 855698 396.937 -2.67689
2270 1372.52 888703 396.006 -2.66111
2280 1268.84 1.10909e+06 394.372 -2.62947
2290 1312.58 1.22367e+06 393.548 -2.61066
2300 1379.6 1.0822e+06 394.258 -2.62597
2310 1321.17 963564 395.621 -2.653
2320 1372.81 866987 396.695 -2.67232
2330 1307.77 848820 396.775 -2.6738
2340 1192.2 949727 395.776 -2.6561
2350 1282.96 1.08133e+06 394.418 -2.62915
2360 1387.51 1.14348e+06 393.669 -2.61253
2370 1426.32 1.14175e+06 394.01 -2.61999
2380 1372.06 999489 395.325 -2.64766
2390 1282.58 849037 396.612 -2.67105
2400 1128.7 881973 396.848 -2.67487
2410 1181.25 928828 396.165 -2.66233
2420 1367.87 1.02412e+06 394.987 -2.63948
2430 1454.37 1.129e+06 394.031 -2.61894
2440 1411.4 1.15523e+06 394.039 -2.61906
2450 1426.32 984604 395.073 -2.64077
2460 1130.2 953710 396.107 -2.66006
2470 1144.22 911644 396.747 -2.67191
2480 1302.68 857824 396.681 -2.67048
2490 1297 997261 395.666 -2.65137
2500 1429.68 1.06989e+06 394.586 -2.629
2510 1524.34 1.12668e+06 394.078 -2.61803
2520 1450.13 1.06767e+06 394.458 -2.62639
2530 1156 1.03364e+06 395.386 -2.64564
2540 1159.94 894730 396.478 -2.66676
2550 1348.46 823257 396.78 -2.67172
2560 1245.31 1.0323e+06 395.948 -2.65584
2570 1539.97 956084 395.113 -2.63926
2580 1251.04 1.15472e+06 394.211 -2.62149
2590 1166.25 1.1698e+06 394.357 -2.625
2600 1333 964737 395.681 -2.65165
2610 1409.63 818270 396.734 -2.66999
2620 1241.05 896230 396.528 -2.66615
2630 1408.25 993290 395.546 -2.64729
2640 1654.28 1.00567e+06 394.448 -2.62644
2650 1212.81 1.24748e+06 393.632 -2.60979
2660 1332.48 1.0768e+06 394.371 -2.62669
2670 1255.64 949908 395.789 -2.6545
2680 1251.27 839342 396.771 -2.67212
2690 1353.4 836623 396.59 -2.66917
2700 1353.22 955665 395.212 -2.64527
2710 1142.85 1.21104e+06 393.637 -2.61248
2720 1336.69 1.19636e+06 393.522 -2.60938
2730 1389.37 1.02004e+06 394.795 -2.63579
2740 1076.48 965597 396.313 -2.66515
2750 1156.34 816142 397.453 -2.68491
2760 1377.88 802561 397.24 -2.68088
2770 1386.31 996860 395.675 -2.65212
2780 1508.55 1.12107e+06 394.025 -2.61798
2790 1413.23 1.24068e+06 393.383 -2.60348
2800 1388.34 1.11619e+06 394.398 -2.62658
2810 1270.64 936223 396.274 -2.66465
2820 1347.19 757214 397.624 -2.68759
2830 1309.53 803841 397.215 -2.68148
2840 1195.07 1.00495e+06 395.416 -2.64918
2850 1200.08 1.19417e+06 393.663 -2.61231
2860 1197.66 1.27234e+06 393.4 -2.60589
2870 1448.84 1.0049e+06 394.942 -2.63846
2880 1356.45 879998 396.635 -2.6693
2890 1310.03 786847 397.377 -2.68145
2900 1337.1 857422 396.572 -2.66821
2910 1437.76 1.05519e+06 394.764 -2.63448
2920 1438 1.2247e+06 393.413 -2.60481
2930 1281.33 1.20935e+06 393.679 -2.61145
2940 1186.61 998748 395.41 -2.64893
2950 1333.87 821589 397.139 -2.67935
2960 1412.2 770665 397.529 -2.68561
2970 1265.77 893172 396.255 -2.66501
2980 1144.67 1.17096e+06 394.305 -2.6259
2990 1325.06 1.22331e+06 393.539 -2.60755
3000 1354.82 1.08578e+06 394.395 -2.62605
3010 1384.63 931068 395.863 -2.65426
3020 1400.58 844506 396.837 -2.67144
3030 1396.4 832221 396.627 -2.66831
3040 1239.24 1.02225e+06 395.279 -2.64377
3050 1284.1 1.17489e+06 394.109 -2.61902
3060 1494.94 1.08841e+06 394.125 -2.61908
3070 1319.31 1.0429e+06 394.868 -2.63439
3080 1096.67 1.01802e+06 395.953 -2.65682
3090 1418.06 790652 396.99 -2.67552
3100 1376.36 853858 396.612 -2.66928
3110 1126.59 1.07595e+06 395.22 -2.64273
3120 1277.91 1.12354e+06 394.321 -2.62297
3130 1459.74 1.07132e+06 394.324 -2.62248
3140 1462.47 1.03333e+06 394.892 -2.63404
3150 1471.67 928804 395.662 -2.6492
3160 1338.37 905631 395.916 -2.65431
3170 1060.33 1.02195e+06 395.563 -2.64783
3180 1398.57 959991 395.24 -2.64154
3190 1617.06 967703 394.669 -2.63113
3200 1226.86 1.16715e+06 394.025 -2.61865
3210 1241.77 1.07001e+06 394.434 -2.62789
3220 1365.75 949097 395.386 -2.64644
3230 1274.93 936891 396.009 -2.65814
3240 1391.51 855517 396.073 -2.65961
3250 1360.75 970056 395.16 -2.64382
3260 1189.77 1.16826e+06 394.117 -2.62221
3270 1379.37 1.09939e+06 394.18 -2.6234
3280 1377.86 1.0033e+06 394.998 -2.64003
3290 1338.03 956635 395.871 -2.65687
3300 1411.91 871144 396.366 -2.66615
3310 1381.75 867130 395.897 -2.6589
3320 1113.15 1.13409e+06 394.645 -2.63479
3330 1367.23 1.09453e+06 394.185 -2.62442
3340 1284.69 1.07867e+06 394.521 -2.63132
3350 1300.29 988636 395.394 -2.64915
3360 1575.74 846792 396.118 -2.66221
3370 1284.51 951993 395.853 -2.65761
3380 1114.76 1.02322e+06 395.157 -2.64455
3390 1173.56 1.08777e+06 394.697 -2.63479
3400 1435.55 995361 394.778 -2.63591
3410 1346.84 1.04001e+06 394.955 -2.63912
3420 1382.47 955633 395.31 -2.64602
3430 1203.66 1.00353e+06 395.461 -2.64873
3440 1313 952163 395.518 -2.64972
3450 1253.2 1.01237e+06 395.329 -2.64576
3460 1402.7 986236 395.151 -2.64197
3470 1460.7 999500 394.927 -2.63744
3480 1442.06 1.01718e+06 394.688 -2.63298
3490 1269.27 1.08475e+06 394.641 -2.63246
3500 1336.2 992364 395.131 -2.64277
3510 1313.95 911903 395.556 -2.65085
3520 1047.89 1.00887e+06 395.452 -2.64881
3530 1231.51 963156 395.287 -2.64531
3540 1508.55 974040 394.904 -2.63747
3550 1570.8 1.02949e+06 394.346 -2.62657
3560 1260.84 1.13386e+06 394.084 -2.62159
3570 1103.34 1.04427e+06 394.706 -2.63489
3580 1268.59 922403 395.647 -2.65274
3590 1445.19 862753 396.018 -2.65896
3600 1506.27 919206 395.402 -2.6482
3610 1373.9 1.056e+06 394.235 -2.62605
3620 1173.36 1.17654e+06 393.523 -2.61118
3630 1288.85 1.12897e+06 394.051 -2.62308
3640 1449 934613 395.463 -2.65154
3650 1315.21 829688 396.413 -2.66807
3660 1117.32 911414 396.164 -2.66368
3670 1334.17 999980 395.245 -2.64611
3680 1525.92 1.04016e+06 394.299 -2.62719
3690 1305.26 1.14084e+06 393.74 -2.61568
3700 1216.09 1.12411e+06 394.189 -2.62583
3710 1295.24 960836 395.481 -2.65194
3720 1326.82 838319 396.485 -2.66956
3730 1282.21 882308 396.342 -2.66685
3740 1368.75 968828 395.312 -2.64785
3750 1448.78 1.08755e+06 394.103 -2.6237
3760 1527.22 1.13653e+06 393.527 -2.61153
3770 1304.06 1.11841e+06 393.977 -2.62202
3780 1127.49 982766 395.247 -2.64857
3790 1120.96 839157 396.359 -2.66844
3800 1222.12 847757 396.316 -2.66729
3810 1325.63 983049 395.191 -2.64642
3820 1379.28 1.09471e+06 393.931 -2.62033
3830 1365.85 1.18665e+06 393.437 -2.60921
3840 1526.66 1.05258e+06 394.198 -2.62547
3850 1446.41 951258 395.393 -2.64881
3860 1184.64 908427 396.245 -2.66483
3870 1327.63 842931 396.337 -2.66684
3880 1458.8 925812 395.341 -2.6496
3890 1292.01 1.13595e+06 393.859 -2.62102
3900 1069.37 1.2631e+06 393.431 -2.61154
3910 1202.44 1.01511e+06 394.726 -2.63903
3920 1189.4 938310 396.284 -2.6681
3930 1414.5 782389 397.251 -2.68424
3940 1389.49 814604 396.647 -2.67447
3950 1252.35 1.06243e+06 394.809 -2.63981
3960 1417.27 1.20202e+06 393.354 -2.60815
3970 1420.69 1.22129e+06 393.452 -2.61052
3980 1452.4 987650 395.039 -2.64364
3990 1289.88 905565 396.63 -2.67357
4000 1316.26 766617 397.41 -2.68718
4010 1067.16 909567 396.574 -2.6735
4020 1208.49 1.02834e+06 395.023 -2.64289
4030 1424.3 1.15032e+06 393.743 -2.61602
4040 1410.63 1.2121e+06 393.606 -2.61271
4050 1421.41 989024 394.885 -2.6395
4060 1196.96 927459 396.202 -2.66391
4070 1232.98 817498 396.872 -2.67568
4080 1293.98 883133 396.261 -2.66522
4090 1429.07 1.0158e+06 394.784 -2.63719
4100 1427.75 1.18178e+06 393.52 -2.61043
4110 1425.35 1.18505e+06 393.541 -2.61113
4120 1245.57 1.0379e+06 394.874 -2.64004
4130 1190.67 882970 396.503 -2.67101
4140 1365.13 763367 397.195 -2.68236
4150 1221.88 919830 396.243 -2.66622
4160 1171.3 1.12765e+06 394.743 -2.63577
4170 1492.93 1.07821e+06 394.032 -2.61974
4180 1373.26 1.16043e+06 394.095 -2.62112
4190 1385.85 1.0048e+06 395.178 -2.64413
4200 1361.63 870065 396.319 -2.66492
4210 1255.12 897958 396.547 -2.66891
4220 1297.14 959427 396.007 -2.65905
4230 1318.95 995583 395.135 -2.6424
4240 1184.01 1.15298e+06 394.362 -2.62645
4250 1506.68 1.05685e+06 394.576 -2.63066
4260 1650.36 934463 395.235 -2.64337
4270 1334.39 976849 395.48 -2.64868
4280 1123.57 1.00384e+06 395.547 -2.65058
4290 1304.63 927629 395.558 -2.65111
4300 1266.34 994341 395.121 -2.64306
4310 1175.68 1.09294e+06 394.697 -2.63432
4320 1438.69 972719 394.798 -2.63604
4330 1260.64 1.04708e+06 394.869 -2.6372
4340 1361.96 985021 395.189 -2.64352
4350 1438.53 904743 395.371 -2.64691
4360 1149.3 1.04696e+06 395.006 -2.63989
4370 1328.44 1.02558e+06 394.859 -2.63674
4380 1514.24 1.00408e+06 394.952 -2.63836
4390 1476.8 979331 395.039 -2.64038
4400 1161.06 1.06187e+06 395.083 -2.64173
4410 1317.91 932830 395.423 -2.6486
4420 1310.02 968424 395.377 -2.6478
4430 1232.41 1.02794e+06 395.113 -2.64252
4440 1444.16 972217 394.968 -2.63968
4450 1376.01 1.04482e+06 394.733 -2.63511
4460 1364.89 1.03143e+06 394.773 -2.63612
4470 1370.11 1.00404e+06 395.056 -2.64208
4480 1296.31 946510 395.333 -2.64773
4490 1084.23 1.03317e+06 395.323 -2.64761
4500 1284.58 963558 395.432 -2.64955
4510 1388.02 974640 395.338 -2.6474
4520 1368.41 1.04553e+06 395.091 -2.64226
4530 1450.69 1.00031e+06 395.123 -2.64284
4540 1429.68 970445 395.164 -2.64389
4550 1351.01 1.02733e+06 395.051 -2.64211
4560 1304.08 1.05316e+06 395.132 -2.64426
4570 1275.88 943888 395.517 -2.6521
4580 1220.89 988891 395.597 -2.65367
4590 1218.96 1.03786e+06 395.572 -2.65312
4600 1366.56 945912 395.748 -2.65631
4610 1281.79 982122 395.606 -2.65345
4620 1173.58 1.05332e+06 395.359 -2.64822
4630 1411.98 968165 395.41 -2.64875
4640 1334.28 1.00089e+06 395.308 -2.64642
4650 1259.32 1.04214e+06 395.224 -2.64448
4660 1513.98 946659 395.365 -2.64699
4670 1541.79 972396 395.186 -2.64385
4680 1298.98 1.07997e+06 394.88 -2.63827
4690 1256.5 1.02023e+06 395.036 -2.64188
4700 1129.12 1.02364e+06 395.433 -2.65005
4710 1280.15 943402 395.935 -2.65951
4720 1384.69 917726 396.033 -2.66105
4730 1350.39 962116 395.539 -2.65188
4740 1227.17 1.08049e+06 394.838 -2.63776
4750 1390.35 1.04299e+06 394.632 -2.63322
4760 1371.36 1.03805e+06 394.818 -2.63683
4770 1420.65 982285 395.237 -2.64518
4780 1378.09 954115 395.55 -2.65134
4790 1364.86 964038 395.53 -2.65131
4800 1430.97 973762 395.225 -2.64598
4810 1347.42 1.04985e+06 394.795 -2.63813
4820 1293.2 1.08158e+06 394.708 -2.63693
4830 1240.85 1.03409e+06 395.214 -2.64779
4840 1298.74 912538 395.922 -2.66148
4850 1226.5 915047 396.019 -2.66323
4860 1184.74 998309 395.539 -2.65386
4870 1485.17 987631 394.981 -2.64272
4880 1655.6 1.01907e+06 394.359 -2.63069
4890 1444.92 1.11864e+06 393.979 -2.62361
4900 1346.71 1.06312e+06 394.37 -2.63283
4910 1220.34 971457 395.24 -2.65098
4920 1103.66 933840 395.929 -2.66404
4930 1171.03 893274 396.074 -2.66667
4940 1382.61 931710 395.456 -2.65544
4950 1309.13 1.09581e+06 394.414 -2.63468
4960 1206.54 1.14209e+06 394.056 -2.62658
4970 1363.9 1.02181e+06 394.671 -2.63892
4980 1346.41 968035 395.494 -2.65442
4990 1263.14 943206 396.1 -2.66553
5000 1467.58 849782 396.184 -2.66703
5010 1464.36 963756 395.271 -2.65089
5020 1327.77 1.13779e+06 394.138 -2.62808
5030 1399.33 1.10919e+06 393.932 -2.62374
5040 1306.57 1.0677e+06 394.588 -2.6379
5050 1235.44 962536 395.692 -2.66024
5060 1258.48 834074 396.482 -2.67447
5070 1111.16 906187 396.123 -2.66812
5080 1157.14 1.02568e+06 395.071 -2.64751
5090 1307.27 1.08181e+06 394.197 -2.62889
5100 1244.65 1.13166e+06 393.975 -2.62338
5110 1355.87 1.01834e+06 394.638 -2.63639
5120 1496.67 928842 395.475 -2.65153
5130 1535.17 888352 395.769 -2.65659
5140 1458.95 952007 395.279 -2.64803
5150 1382.38 1.06403e+06 394.469 -2.63272
5160 1344.56 1.0937e+06 394.095 -2.62554
5170 1291.65 1.07478e+06 394.447 -2.63357
5180 1318.53 940851 395.249 -2.64973
5190 1074.76 966704 395.748 -2.65917
5200 1242.06 873805 395.852 -2.66115
5210 1183.74 998283 395.168 -2.64821
5220 1263.64 1.07012e+06 394.432 -2.63254
5230 1385.92 1.08341e+06 394.222 -2.62745
5240 1507.11 1.01145e+06 394.582 -2.63435
5250 1420.81 981014 395.079 -2.64377
5260 1477.95 937617 395.408 -2.65031
5270 1593.18 892947 395.244 -2.64826
5280 1405.87 1.04947e+06 394.42 -2.63381
5290 1220.08 1.1195e+06 393.912 -2.62418
5300 1124.58 1.09405e+06 394.284 -2.63283
5310 1129.24 976482 395.302 -2.65348
5320 1155.58 897572 396.162 -2.66899
5330 1237.13 854009 396.241 -2.66987
5340 1303.64 943886 395.265 -2.6523
5350 1272.08 1.14355e+06 393.992 -2.62539
5360 1554.7 1.10141e+06 393.638 -2.61682
5370 1533.38 1.08148e+06 394.118 -2.62688
5380 1435.48 969403 395.139 -2.64768
5390 1412.13 894398 395.944 -2.66299
5400 1478.31 878320 395.964 -2.66422
5410 1334.25 989302 395.128 -2.65012
5420 1038.37 1.16125e+06 394.287 -2.63328
5430 1061.63 1.09237e+06 394.512 -2.63814
5440 1063.74 1.00129e+06 395.458 -2.65689
5450 1232.45 855884 396.334 -2.67218
5460 1180.34 915846 396.257 -2.66953
5470 1328.96 966127 395.495 -2.6542
5480 1478.91 1.059e+06 394.545 -2.63438
5490 1483.28 1.12627e+06 394.034 -2.62292
5500 1452.61 1.07704e+06 394.428 -2.63115
5510 1452.12 964176 395.373 -2.65003
5520 1341.62 899667 396.057 -2.66292
5530 1250.24 937835 396.05 -2.66304
5540 1366.24 937973 395.505 -2.65337
5550 1256.22 1.06224e+06 394.595 -2.63604
5560 994.15 1.17279e+06 394.196 -2.62749
5570 1233.03 1.02977e+06 394.922 -2.64232
5580 1297.42 929626 395.917 -2.66041
5590 1265.41 911050 396.422 -2.66867
5600 1514.81 862902 396.181 -2.66398
5610 1486.27 1.02516e+06 395.065 -2.64316
5620 1413.5 1.14797e+06 394.134 -2.62345
5630 1502.38 1.06236e+06 394.179 -2.6247
5640 1139.43 1.0926e+06 394.848 -2.63941
5650 1153.45 935982 396.045 -2.66339
5660 1309.8 848332 396.805 -2.6765
5670 1377.28 867833 396.434 -2.6701
5680 1266.29 1.02094e+06 395.152 -2.64624
5690 1186.37 1.13785e+06 394.031 -2.62248
5700 1133.39 1.21812e+06 393.981 -2.62126
5710 1481.21 952075 395.326 -2.64921
5720 1568.28 833279 396.43 -2.66747
5730 1225.84 937387 396.375 -2.66626
5740 1281.74 951672 395.765 -2.65495
5750 1433.6 1.00776e+06 394.832 -2.63716
5760 1398 1.11945e+06 394.01 -2.62044
5770 1373.38 1.11909e+06 394.064 -2.62194
5780 1383.67 980372 394.916 -2.63945
5790 1213.9 976805 395.727 -2.65526
5800 1262.34 899830 396.28 -2.66572
5810 1278.59 863436 396.066 -2.66227
5820 1141.3 1.04929e+06 395.005 -2.64207
5830 1297.3 1.12143e+06 394.218 -2.62509
5840 1367.16 1.09042e+06 394.326 -2.62682
5850 1254.35 1.03266e+06 395.116 -2.6425
5860 1236.24 950366 396.128 -2.66191
5870 1415.38 827659 396.724 -2.67198
5880 1395.19 893532 396.087 -2.66108
5890 1319.18 1.07012e+06 394.737 -2.63452
5900 1449.16 1.15112e+06 393.896 -2.61647
5910 1499.02 1.09293e+06 394.108 -2.62121
5920 1422.82 1.00216e+06 395.031 -2.64056
5930 1092.16 960088 395.997 -2.65954
5940 1083.17 872609 396.59 -2.67051
5950 1199.89 932824 396.318 -2.6652
5960 1330.1 1.00889e+06 395.528 -2.6494
5970 1418.11 1.03177e+06 394.782 -2.63401
5980 1226.59 1.14594e+06 394.388 -2.62547
5990 1365.06 1.04131e+06 394.94 -2.63683
6000 1519.2 898250 395.802 -2.65277
6010 1488.16 871253 395.929 -2.65522
6020 1300.16 1.01525e+06 395.208 -2.64217
6030 1544.31 1.0107e+06 394.487 -2.62829
6040 1485.15 1.08892e+06 393.936 -2.61829
6050 1204.84 1.13565e+06 394.068 -2.62237
6060 1236.65 981337 395.088 -2.6438
6070 1142.35 933832 396.036 -2.66176
6080 1019.81 903140 396.475 -2.6696
6090 1188.39 879866 396.15 -2.66351
6100 1199.53 1.02373e+06 395.028 -2.64178
6110 1342.96 1.14025e+06 394.105 -2.62118
6120 1700.56 1.02676e+06 394.084 -2.61957
6130 1475.44 1.09127e+06 394.439 -2.62676
6140 1315.69 1.00433e+06 395.366 -2.6465
6150 1301.15 855972 396.268 -2.66313
6160 1136.3 937632 396.223 -2.66221
6170 1297.18 968504 395.647 -2.65123
6180 1505.01 985727 394.828 -2.63552
6190 1294.99 1.13778e+06 394.031 -2.61941
6200 1328.38 1.11815e+06 394.177 -2.62274
6210 1435.75 960402 395.134 -2.64197
6220 1251.45 929590 395.875 -2.65582
6230 1305.82 889008 396.045 -2.65906
6240 1469.78 915645 395.402 -2.64798
6250 1375.67 1.06536e+06 394.211 -2.62542
6260 1230.68 1.19307e+06 393.546 -2.61144
6270 1361.22 1.06543e+06 394.172 -2.62522
6280 1233.59 973637 395.341 -2.64829
6290 1217.24 884314 396.293 -2.66588
6300 1565.46 782924 396.305 -2.66648
6310 1356.4 1.02732e+06 394.911 -2.64208
6320 1249.09 1.15686e+06 393.653 -2.61516
6330 1411.25 1.13849e+06 393.534 -2.61269
6340 1275.34 1.07458e+06 394.449 -2.6327
6350 1297.52 906662 395.851 -2.6601
6360 1314.51 807031 396.561 -2.67228
6370 1118.12 905582 395.902 -2.66109
6380 1128.47 1.0564e+06 394.577 -2.63499
6390 1320.8 1.12439e+06 393.637 -2.61454
6400 1374.82 1.13826e+06 393.652 -2.61418
6410 1423.61 993257 394.603 -2.63313
6420 1392.35 924569 395.561 -2.65083
6430 1499.18 866720 395.913 -2.65715
6440 1357.39 942237 395.34 -2.64725
6450 1249.21 1.05419e+06 394.346 -2.62833
6460 1254.76 1.14227e+06 393.796 -2.61679
6470 1366.1 1.04453e+06 394.196 -2.62515
6480 1312.8 969976 394.965 -2.64026
6490 1141.94 956173 395.538 -2.65098
6500 1181.75 926518 395.747 -2.65455
6510 1330.42 919382 395.402 -2.64781
6520 1379.26 1.04466e+06 394.549 -2.63094
6530 1578.74 1.06754e+06 393.972 -2.61857
6540 1569.73 1.06438e+06 393.916 -2.61778
6550 1267.21 1.06414e+06 394.372 -2.62809
6560 1218.77 966880 395.233 -2.64557
6570 1322.44 898959 395.858 -2.65736
6580 1412.93 901882 395.733 -2.65549
6590 1195.76 1.03807e+06 394.97 -2.64116
6600 1135.68 1.06308e+06 394.408 -2.62971
6610 1152.24 1.11352e+06 394.399 -2.62929
6620 1273.38 984879 395.109 -2.64307
6630 1215.6 946021 395.788 -2.65498
6640 1464.24 888319 395.999 -2.65809
6650 1535.9 931952 395.438 -2.64751
6660 1610.47 1.01698e+06 394.375 -2.62752
6670 1444.97 1.1579e+06 393.525 -2.61052
6680 1294.83 1.12496e+06 393.766 -2.61674
6690 1220.45 1.03281e+06 394.933 -2.64167
6700 1269.97 911629 396.32 -2.66868
6710 1352.56 789093 396.996 -2.68048
6720 1207.13 902250 396.189 -2.66727
6730 1133.24 1.11817e+06 394.725 -2.63811
6740 1406.92 1.12681e+06 394.055 -2.62283
6750 1501.01 1.05024e+06 394.302 -2.62761
6760 1332.4 1.06054e+06 395.017 -2.64255
6770 1397.57 910760 396.066 -2.66322
6780 1440.25 822187 396.442 -2.6702
6790 1136.89 989570 395.656 -2.65625
6800 1270.77 1.02063e+06 394.658 -2.6368
6810 1320.97 1.11716e+06 393.927 -2.6216
6820 1249.62 1.12666e+06 394.033 -2.62386
6830 1196.57 1.01502e+06 395.035 -2.64459
6840 1357.93 859595 396.099 -2.66371
6850 1405.93 901704 396.222 -2.66521
6860 1531.08 912956 395.544 -2.65298
6870 1491.23 1.02924e+06 394.28 -2.63002
6880 1190.7 1.25793e+06 393.372 -2.61094
6890 1249.85 1.10749e+06 394.158 -2.629
6900 1167.7 966626 395.808 -2.66189
6910 1242.72 818393 397.142 -2.68539
6920 1391.16 792341 397.149 -2.6852
6930 1493.06 900766 395.623 -2.65974
6940 1371.31 1.19827e+06 393.512 -2.61753
6950 1417.06 1.26678e+06 392.798 -2.60052
6960 1294.25 1.09969e+06 393.983 -2.62741
6970 1064.65 943792 395.922 -2.6663
6980 1006.45 789687 397.4 -2.69149
6990 1129.2 759937 397.303 -2.68946
7000 1127.32 961484 395.506 -2.658
7010 1257.38 1.19016e+06 393.483 -2.614
7020 1467.98 1.22388e+06 392.806 -2.59661
7030 1423.8 1.12699e+06 393.785 -2.61785
7040 1604.65 878407 395.601 -2.65263
7050 1570.78 801962 396.585 -2.66884
7060 1377.86 875852 396.118 -2.66162
7070 1312.57 1.00017e+06 394.736 -2.63688
7080 1207.48 1.16657e+06 393.419 -2.61004
7090 1004.74 1.23325e+06 393.356 -2.60902
7100 1138.12 1.01472e+06 394.851 -2.6409
7110 1169.64 869568 396.517 -2.67069
7120 1055.31 821863 397.195 -2.6809
7130 1150.39 856077 396.549 -2.66882
7140 1464.44 985292 394.857 -2.63728
7150 1354.77 1.25151e+06 393.201 -2.60031
7160 1306.26 1.24008e+06 393.312 -2.602
7170 1496.05 962811 395.063 -2.63817
7180 1557.87 842958 396.629 -2.66502
7190 1438.41 839062 397.027 -2.67174
7200 1366.76 901026 396.209 -2.65832
7210 1400.99 1.03105e+06 394.7 -2.63022
7220 1347.45 1.20244e+06 393.5 -2.60535
7230 1384.08 1.16521e+06 393.735 -2.61135
7240 1417.27 949286 395.086 -2.6392
7250 1121.68 947720 396.218 -2.66074
7260 1153.37 829505 396.807 -2.67153
7270 1156.27 883700 396.199 -2.66122
7280 1220.01 1.05911e+06 394.792 -2.63383
7290 1359.96 1.17349e+06 393.851 -2.61277
7300 1419.74 1.07038e+06 394.073 -2.61675
7310 1241.07 1.02131e+06 394.898 -2.63302
7320 1363.95 930955 395.848 -2.65106
7330 1542.41 827595 396.212 -2.65732
7340 1339.22 983314 395.46 -2.6438
7350 1470.25 1.04497e+06 394.501 -2.6251
7360 1462.73 1.13323e+06 393.952 -2.61429
7370 1332.25 1.09386e+06 394.329 -2.62327
7380 1197.97 995988 395.399 -2.64565
7390 1234.87 880910 396.401 -2.66447
7400 1240.21 872554 396.559 -2.66719
7410 1380.84 897446 395.723 -2.65274
7420 1572.58 1.04494e+06 394.212 -2.62433
7430 1380.37 1.24742e+06 393.144 -2.60166
7440 1250.14 1.15461e+06 393.746 -2.61612
7450 1286.69 936964 395.473 -2.6517
7460 1241.74 817115 396.742 -2.67347
7470 1064.25 865485 396.697 -2.67244
7480 1251.87 915191 395.598 -2.65296
7490 1398.19 1.10622e+06 393.989 -2.62086
7500 1485.04 1.18443e+06 393.134 -2.60134
7510 1405.43 1.13793e+06 393.653 -2.61296
7520 1446.49 944688 395.09 -2.6422
7530 1421.21 846297 396.161 -2.66149
7540 1295.51 854602 396.092 -2.66091
7550 1286.07 997433 395.005 -2.64162
7560 1363.57 1.10801e+06 393.896 -2.61913
7570 1327.75 1.14102e+06 393.592 -2.6129
7580 1249.87 1.06948e+06 394.307 -2.62857
7590 1295.61 906987 395.469 -2.65109
7600 1313.49 881058 396.013 -2.66054
7610 1394.22 901466 395.637 -2.65405
7620 1363.46 1.04116e+06 394.615 -2.63479
7630 1416.49 1.09654e+06 393.859 -2.61925
7640 1271.86 1.16218e+06 393.895 -2.62061
7650 1332.09 980617 394.973 -2.6436
7660 1335.67 859948 395.948 -2.66105
7670 1200.39 909200 395.944 -2.66095
7680 1331.63 954714 395.227 -2.64794
7690 1337.53 1.07273e+06 394.248 -2.62845
7700 1335.84 1.10339e+06 393.771 -2.61832
7710 1352.75 1.08778e+06 394.084 -2.62504
7720 1452.57 948278 394.964 -2.64262
7730 1372.19 921892 395.528 -2.65312
7740 1318.66 939767 395.508 -2.6531
7750 1318.02 954235 395.019 -2.64449
7760 1168.55 1.05598e+06 394.259 -2.62989
7770 1209.26 1.10039e+06 393.905 -2.62234
7780 1368.54 1.05597e+06 394.269 -2.62961
7790 1402.89 965177 395.024 -2.6443
7800 1324.97 921549 395.536 -2.65363
7810 1140.71 979409 395.51 -2.65302
7820 1152.92 991202 395.294 -2.64847
7830 1316.66 964525 394.986 -2.64197
7840 1320.66 1.03676e+06 394.492 -2.63169
7850 1353.42 1.06419e+06 394.266 -2.6264
7860 1450.06 1.00956e+06 394.46 -2.62984
7870 1220.46 1.04571e+06 394.822 -2.63689
7880 1430.93 925835 395.402 -2.64799
7890 1532.2 902715 395.472 -2.64927
7900 1396.03 1.0174e+06 394.901 -2.63877
7910 1501.02 1.0513e+06 394.417 -2.62966
7920 1438.55 1.04171e+06 394.3 -2.62827
7930 1110.61 1.08453e+06 394.566 -2.63472
7940 1079.42 986532 395.366 -2.65135
7950 1102.46 891120 396.059 -2.66385
7960 1200.49 909537 395.987 -2.66193
7970 1374.18 965731 395.231 -2.6473
7980 1496.34 1.0601e+06 394.268 -2.62748
7990 1548.37 1.11055e+06 393.75 -2.61646
8000 1453.05 1.08387e+06 394.045 -2.62316
8010 1398.53 989566 394.934 -2.64158
8020 1402.93 916216 395.747 -2.65758
8030 1390.3 869209 395.913 -2.66145
8040 1216.49 989782 395.197 -2.64915
8050 1150.47 1.0986e+06 394.396 -2.63328
8060 1096.07 1.1194e+06 394.33 -2.63185
8070 1179.99 985173 395.051 -2.64612
8080 1224.97 928864 395.734 -2.6581
8090 1407.69 891231 395.848 -2.65937
8100 1503.32 954347 395.204 -2.64708
8110 1441.16 1.0718e+06 394.253 -2.62832
8120 1266.38 1.14905e+06 393.867 -2.62014
8130 1399.26 1.03625e+06 394.472 -2.63293
8140 1279.58 984081 395.426 -2.65178
8150 1395.59 868412 396.172 -2.66562
8160 1410.53 898660 396.005 -2.66293
8170 1287.77 1.02421e+06 395.126 -2.64666
8180 1254.73 1.08754e+06 394.41 -2.63214
8190 1379.74 1.07339e+06 394.325 -2.63042
8200 1315.36 1.07035e+06 394.822 -2.6409
8210 1292.77 944429 395.77 -2.65999
8220 1230.81 848877 396.293 -2.6692
8230 1072.96 980876 395.807 -2.66005
8240 1235.7 1.0294e+06 395.123 -2.64586
8250 1438.07 1.00369e+06 394.616 -2.63508
8260 1353.54 1.09546e+06 394.261 -2.62734
8270 1412.04 1.04256e+06 394.523 -2.63242
8280 1505.8 954211 395.094 -2.64345
8290 1455.7 937613 395.36 -2.64872
8300 1295.54 981188 395.181 -2.64591
8310 1224.85 1.01873e+06 394.868 -2.64013
8320 1382.38 1.00258e+06 394.654 -2.63618
8330 1359.36 1.036e+06 394.523 -2.63383
8340 1291.68 1.01217e+06 394.613 -2.6359
8350 1223.93 1.02829e+06 394.845 -2.64073
8360 1165.16 968840 395.228 -2.64814
8370 1117.46 976707 395.429 -2.65149
8380 1377.83 935970 395.394 -2.6502
8390 1449.51 993478 394.957 -2.64135
8400 1415.39 1.06611e+06 394.49 -2.63162
8410 1574.07 1.0096e+06 394.434 -2.63054
8420 1503.93 1.02937e+06 394.536 -2.63318
8430 1435.16 985512 394.803 -2.63945
8440 1296.99 974258 394.989 -2.64405
8450 1218.93 967874 394.976 -2.64456
8460 1218.15 1.02566e+06 394.762 -2.64093
8470 1178.79 1.06722e+06 394.753 -2.64093
8480 1277.99 986758 395.169 -2.64901
8490 1227.73 967948 395.53 -2.65564
8500 1220.61 927292 395.615 -2.65684
8510 1255.12 974988 395.213 -2.64879
8520 1202.97 1.06644e+06 394.65 -2.63695
8530 1158.72 1.11135e+06 394.591 -2.63495
8540 1527.57 917296 395.203 -2.64614
8550 1543.61 920439 395.324 -2.64755
8560 1274.05 1.07607e+06 394.959 -2.64018
8570 1491.91 959536 394.952 -2.6401
8580 1273.88 1.0431e+06 394.824 -2.6378
8590 1256.07 1.02735e+06 394.938 -2.64029
8600 1437.92 950161 395.223 -2.64581
8610 1332.5 993568 395.222 -2.64591
8620 1356.24 973527 395.109 -2.64405
8630 1290.63 997978 394.845 -2.63921
8640 1115.04 1.06873e+06 394.597 -2.6344
8650 1111.51 1.06295e+06 394.843 -2.63928
8660 1444.73 905535 395.446 -2.65028
8670 1374.95 940401 395.469 -2.65004
8680 1384.96 1.00821e+06 395.049 -2.64171
8690 1513.94 1.01228e+06 394.658 -2.63395
8700 1456.32 1.06069e+06 394.402 -2.62928
8710 1434.3 1.02731e+06 394.563 -2.63323
8720 1316.2 1.01373e+06 394.956 -2.64174
8730 1163.16 988832 395.44 -2.65194
8740 1301.57 898498 395.781 -2.65857
8750 1190.29 977024 395.47 -2.65281
8760 1235.52 1.01691e+06 394.942 -2.64234
8770 1342.72 1.06093e+06 394.585 -2.63475
8780 1587.52 981522 394.582 -2.63449
8790 1329.52 1.06101e+06 394.593 -2.63495
8800 1183.21 1.02596e+06 394.973 -2.64305
8810 1460.91 895551 395.487 -2.65286
8820 1377.84 928429 395.307 -2.64988
8830 1055.84 1.07013e+06 394.664 -2.63751
8840 1312.88 1.0452e+06 394.438 -2.63258
8850 1393.02 1.0419e+06 394.6 -2.63552
8860 1288.57 1.01311e+06 395.061 -2.64471
8870 1298.42 944137 395.594 -2.6547
8880 1382.39 942723 395.738 -2.65715
8890 1424.09 989977 395.472 -2.65209
8900 1390.21 997013 395.105 -2.64511
8910 1248.99 1.06681e+06 394.802 -2.63933
8920 1307.88 1.02895e+06 394.885 -2.64115
8930 1252.28 999049 395.239 -2.64818
8940 1239.25 954237 395.563 -2.65423
8950 1065.09 982184 395.594 -2.65443
8960 1290.08 937298 395.421 -2.65056
8970 1478.28 997811 394.858 -2.63916
8980 1480.91 1.05843e+06 394.279 -2.62709
8990 1416.51 1.07382e+06 394.144 -2.6243
9000 1363.8 1.04179e+06 394.539 -2.63266
9010 1257.88 987452 395.248 -2.64701
9020 1264.65 892551 395.812 -2.65759
9030 1169.06 943931 395.647 -2.65449
9040 1227.09 1.01247e+06 395.073 -2.64302
9050 1368.67 1.01152e+06 394.546 -2.63217
9060 1317.02 1.09633e+06 394.193 -2.62457
9070 1461.71 1.03629e+06 394.48 -2.63023
9080 1516.44 949588 395.024 -2.64067
9090 1249.63 1.00985e+06 395.294 -2.64616
9100 1237.18 956012 395.546 -2.65126
9110 1382.83 897008 395.453 -2.64976
9120 1331.31 1.0026e+06 394.689 -2.63573
9130 1230.32 1.11442e+06 393.967 -2.62091
9140 1321.27 1.0831e+06 394.028 -2.62208
9150 1390.82 1.00947e+06 394.72 -2.63609
9160 1412.8 916141 395.454 -2.64995
9170 1366.15 908933 395.587 -2.65257
9180 1358.46 974006 395.077 -2.64342
9190 1388.5 1.02555e+06 394.363 -2.62988
9200 1250.39 1.11385e+06 393.882 -2.62049
9210 1103.45 1.13259e+06 394.262 -2.62922
9220 1240.92 919606 395.471 -2.65308
9230 1217.43 842973 396.151 -2.66431
9240 1150.84 932658 395.724 -2.6561
9250 1217.05 1.03081e+06 394.788 -2.6372
9260 1353.7 1.07395e+06 394.068 -2.62143
9270 1319.09 1.12389e+06 393.953 -2.61814
9280 1483.46 978865 394.619 -2.63107
9290 1443.93 963183 395.253 -2.64243
9300 1426.51 928525 395.555 -2.64815
9310 1384.88 935479 395.34 -2.64455
9320 1251.09 1.04937e+06 394.719 -2.63277
9330 1330.55 1.05723e+06 394.398 -2.62628
9340 1439.36 1.03934e+06 394.531 -2.62918
9350 1337 976865 394.915 -2.63707
9360 1153.66 995466 395.193 -2.64265
9370 1247.57 962959 395.389 -2.6464
9380 1351.35 956949 395.317 -2.64484
9390 1332.44 1.01026e+06 394.968 -2.63792
9400 1307.79 1.02786e+06 394.671 -2.63189
9410 1390.54 1.01759e+06 394.587 -2.63006
9420 1545.12 979189 394.616 -2.63074
9430 1364.96 1.04276e+06 394.561 -2.63019
9440 1131.39 1.04892e+06 394.808 -2.63578
9450 1161.92 962825 395.359 -2.64657
9460 1237.12 935571 395.655 -2.65179
9470 1198.09 975647 395.516 -2.64862
9480 1379.05 938784 395.11 -2.64049
9490 1363.19 1.04996e+06 394.374 -2.62578
9500 1456.75 1.08945e+06 393.971 -2.61698
9510 1387.23 1.06123e+06 394.224 -2.62215
9520 1150.59 1.02573e+06 394.949 -2.63707
9530 1271.48 900079 395.791 -2.6528
9540 1409.79 866187 395.92 -2.65477
9550 1415.84 953995 395.103 -2.64003
9560 1384.91 1.08598e+06 393.971 -2.61775
9570 1343.71 1.14699e+06 393.478 -2.60727
9580 1387.47 1.07779e+06 394.037 -2.61956
9590 1392.37 951523 395.141 -2.64171
9600 1383.22 874356 395.896 -2.65578
9610 1240.4 913540 395.755 -2.65371
9620 1204.06 1.00364e+06 394.977 -2.63933
9630 1144.05 1.11443e+06 394.272 -2.62484
9640 1279.55 1.0877e+06 394.361 -2.62633
9650 1579.24 932592 395.021 -2.63887
9660 1478.77 972571 395.321 -2.64434
9670 1464.71 955595 395.342 -2.64531
9680 1472.53 955839 395.04 -2.64066
9690 1307.81 1.07759e+06 394.51 -2.63113
9700 1399.93 1.04111e+06 394.454 -2.63076
9710 1452.79 996238 394.728 -2.63715
9720 1235.73 1.01114e+06 395.007 -2.64362
9730 1083.36 989590 395.356 -2.65109
9740 1161.94 926706 395.577 -2.65535
9750 1088.13 1.03141e+06 395.374 -2.65105
9760 1345 966385 395.268 -2.64829
9770 1492.7 968396 394.975 -2.64217
9780 1474.52 1.04171e+06 394.496 -2.63248
9790 1439.48 1.06662e+06 394.314 -2.62895
9800 1300.88 1.04591e+06 394.618 -2.63564
9810 1214.93 977148 395.233 -2.64801
9820 1182.01 957607 395.718 -2.65718
9830 1284.07 905922 395.832 -2.65909
9840 1314.47 961746 395.301 -2.64905
9850 1415.93 1.03658e+06 394.501 -2.63301
9860 1549.88 1.09091e+06 393.986 -2.6224
9870 1527.07 1.06741e+06 394.124 -2.62581
9880 1279.46 1.03915e+06 394.782 -2.63996
9890 1136.07 958932 395.698 -2.65871
9900 1031.82 882157 396.285 -2.66926
9910 944.624 962021 396.07 -2.66476
9920 1187.71 972741 395.51 -2.65309
9930 1311.21 1.04632e+06 394.798 -2.63782
9940 1475.28 1.04511e+06 394.404 -2.62826
9950 1474.56 1.07579e+06 394.403 -2.62731
9960 1511.82 1.01694e+06 394.902 -2.63734
9970 1483.99 944815 395.54 -2.64949
9980 1321.52 947408 395.793 -2.65463
9990 1289.85 927564 395.612 -2.65182
10000 1181.73 1.04593e+06 395.001 -2.64023
