# Time-averaged data for fix 4
# TimeStep c_mytemp c_mypress v_vmyvol v_avgEtotal
10 1086.38 1.13754e+06 393.044 -2.67784
20 1025.45 995364 394.546 -2.70855
30 1042.18 840907 395.951 -2.73423
40 1015.44 839290 395.858 -2.73283
50 1039.1 1.00278e+06 394.274 -2.70419
60 1111.16 1.17579e+06 392.763 -2.67281
70 1026.49 1.16163e+06 392.892 -2.67617
80 912.297 976303 394.492 -2.70944
90 911.973 853055 395.909 -2.73519
100 1033.7 817933 395.852 -2.73452
110 942.249 1.02898e+06 394.184 -2.70427
120 858.61 1.20792e+06 392.809 -2.67455
130 894.975 1.1373e+06 393.345 -2.68628
140 996.73 910846 395.113 -2.72078
150 975.929 830819 396.09 -2.7369
160 1018.09 877448 395.42 -2.72513
170 1081.78 1.07902e+06 393.681 -2.69168
180 1124.81 1.19537e+06 392.684 -2.66966
190 1010.03 1.10026e+06 393.51 -2.68806
200 1070.73 874755 395.196 -2.7207
210 940.736 865630 395.807 -2.73112
220 911.008 923906 395.071 -2.71819
230 940.25 1.08896e+06 393.698 -2.69144
240 1009.19 1.15031e+06 393.146 -2.67923
250 1058.53 1.04271e+06 393.983 -2.69668
260 1049.17 902084 395.209 -2.72004
270 1075.95 875200 395.525 -2.72566
280 1035.39 967438 394.666 -2.71032
290 882.75 1.13359e+06 393.583 -2.68869
300 944.128 1.09597e+06 393.667 -2.69041
310 1054.1 960533 394.652 -2.70984
320 998.326 919170 395.311 -2.72189
330 1010.58 906894 395.149 -2.71909
340 932.631 1.0426e+06 394.189 -2.70103
350 908.722 1.11656e+06 393.622 -2.68891
360 988.209 1.03979e+06 394.121 -2.69889
370 983.11 944923 394.996 -2.71562
380 982.412 902201 395.349 -2.72171
390 1090.07 939291 394.768 -2.71095
400 1070.13 1.07293e+06 393.67 -2.68961
410 967.514 1.15226e+06 393.312 -2.68203
420 1142.28 997547 394.258 -2.70161
430 1054.48 938785 395.275 -2.72106
440 918.167 910635 395.682 -2.72885
450 951.766 922640 395.19 -2.72039
460 904.982 1.08327e+06 394.08 -2.69876
470 951.94 1.10871e+06 393.706 -2.69056
480 1047.25 998054 394.313 -2.70259
490 1031.74 965680 394.982 -2.71518
500 1100.51 925218 395.271 -2.72063
510 1055.4 952790 394.864 -2.7134
520 958.562 1.07202e+06 394.067 -2.69802
530 952.586 1.11069e+06 393.965 -2.69611
540 1057.7 946841 394.766 -2.71219
550 855.638 957599 395.229 -2.72065
560 925.428 941963 395.177 -2.71961
570 1057.86 981999 394.621 -2.70886
580 1027.93 1.07383e+06 393.934 -2.69506
590 954.076 1.08428e+06 393.941 -2.69513
600 1074.59 963956 394.683 -2.70976
610 1037.38 940002 395.14 -2.71816
620 989.563 964012 395.031 -2.71615
630 1114.87 954522 394.514 -2.70671
640 1040.89 1.0833e+06 393.683 -2.69078
650 849.708 1.13604e+06 393.659 -2.69078
660 864.385 957004 394.783 -2.7135
670 953.316 881009 395.562 -2.72721
680 981.539 926665 395.229 -2.72078
690 1104.03 995483 394.161 -2.70044
700 1072.8 1.13969e+06 393.158 -2.67981
710 1037.44 1.11616e+06 393.432 -2.68595
720 1038.86 937477 394.738 -2.71206
730 861.02 895590 395.518 -2.72607
740 800.788 942317 395.308 -2.72204
750 992.162 977185 394.486 -2.70629
760 1027.67 1.10563e+06 393.555 -2.68707
770 1075.1 1.11088e+06 393.595 -2.68759
780 1104.45 970732 394.629 -2.70832
790 971.706 905730 395.42 -2.72279
800 845.476 958533 395.354 -2.72144
810 976.252 993331 394.846 -2.71147
820 1119.14 1.02082e+06 394.27 -2.69988
830 1071.44 1.08308e+06 393.971 -2.69378
840 1164.26 1.00292e+06 394.368 -2.70204
850 1095.09 970308 394.851 -2.71178
860 927.905 981357 395.076 -2.71669
870 907.923 944112 395.04 -2.71648
880 802.743 1.02795e+06 394.579 -2.70765
890 954.384 1.01906e+06 394.301 -2.7018
900 1091.32 1.0327e+06 394.266 -2.70074
910 1104.47 1.00311e+06 394.516 -2.70558
920 971.229 982155 394.811 -2.71135
930 833.848 990610 394.944 -2.71393
940 876.586 1.00184e+06 395.003 -2.71477
950 1066.99 942000 394.987 -2.71403
960 1071.43 992200 394.498 -2.70449
970 987.189 1.10089e+06 394.024 -2.69469
980 1150.61 1.00112e+06 394.341 -2.70097
990 1210.82 966186 394.769 -2.70944
1000 1096.32 980546 394.886 -2.71235
1010 1058.3 963118 394.764 -2.71092
1020 992.476 1.01078e+06 394.337 -2.70367
1030 772.767 1.12031e+06 394.113 -2.69977
1040 1030.17 949702 394.817 -2.71415
1050 1058.27 903355 395.143 -2.72015
1060 823.039 1.02213e+06 394.628 -2.71049
1070 793.982 1.07074e+06 394.292 -2.7035
1080 963.156 994551 394.549 -2.7081
1090 962.93 1.01195e+06 394.853 -2.71333
1100 985.576 971726 395.228 -2.7201
1110 1131.73 916146 395.269 -2.72046
1120 1047.48 1.04284e+06 394.67 -2.70852
1130 1090.33 1.03285e+06 394.355 -2.7021
1140 1023.3 1.04035e+06 394.41 -2.70338
1150 924.667 1.01061e+06 394.86 -2.71256
1160 947.783 954414 395.379 -2.72247
1170 1035.34 922644 395.44 -2.72356
1180 994.465 1.01099e+06 394.844 -2.71229
1190 1038.88 1.0397e+06 394.294 -2.70114
1200 948.228 1.07886e+06 394.195 -2.69922
1210 832.896 1.03603e+06 394.824 -2.71224
1220 1018.98 871600 395.673 -2.72785
1230 978.595 943435 395.46 -2.72345
1240 1024.26 1.01558e+06 394.636 -2.70732
1250 1043.12 1.08604e+06 394.022 -2.69451
1260 1079.05 1.03264e+06 394.152 -2.69701
1270 997.067 1.01592e+06 394.669 -2.70734
1280 1007.11 936283 395.28 -2.71922
1290 1041.74 917656 395.281 -2.71943
1300 889.663 1.05754e+06 394.623 -2.70668
1310 944.347 1.02515e+06 394.355 -2.70111
1320 876.938 1.05617e+06 394.452 -2.70287
1330 925.737 987619 395.013 -2.7137
1340 1007.05 931578 395.463 -2.72155
1350 1060.22 928476 395.242 -2.71707
1360 1015.47 1.04895e+06 394.432 -2.70124
1370 1076.57 1.08914e+06 394.047 -2.69297
1380 1096.57 1.00751e+06 394.456 -2.70121
1390 897.54 1.02345e+06 395.081 -2.7137
1400 1124.23 873879 395.725 -2.72603
1410 1186.35 910947 395.275 -2.71857
1420 969.36 1.10023e+06 394.066 -2.69546
1430 896.056 1.1336e+06 393.751 -2.68907
1440 960.894 1.00255e+06 394.647 -2.70773
1450 794.6 944437 395.64 -2.72642
1460 805.68 905313 396.06 -2.73382
1470 972.841 897724 395.525 -2.72391
1480 1029.46 1.0767e+06 394.154 -2.69687
1490 1185.29 1.11807e+06 393.439 -2.68079
1500 1195.99 1.06509e+06 393.872 -2.68971
1510 1121.53 954334 394.885 -2.71016
1520 1016.09 912217 395.514 -2.72219
1530 994.387 917500 395.257 -2.71821
1540 907.736 1.049e+06 394.294 -2.70028
1550 886.341 1.11527e+06 393.797 -2.68995
1560 985.845 1.01292e+06 394.311 -2.70037
1570 994.144 946260 394.989 -2.7132
1580 933.983 959395 395.196 -2.71686
1590 1021.61 958838 394.96 -2.71224
1600 1089.78 1.00817e+06 394.365 -2.70072
1610 994.225 1.08602e+06 393.891 -2.69118
1620 963.697 1.04402e+06 394.202 -2.69764
1630 1121.25 927052 394.873 -2.71055
1640 1068.84 946658 394.937 -2.71188
1650 995.386 1.00129e+06 394.474 -2.70345
1660 989.622 1.06581e+06 394.063 -2.69548
1670 1104.96 1.00837e+06 394.2 -2.69848
1680 1084.47 987270 394.471 -2.70423
1690 1026.25 985958 394.625 -2.7078
1700 1026.63 971575 394.618 -2.7083
1710 857.851 1.0316e+06 394.406 -2.70465
1720 859.893 1.02848e+06 394.465 -2.70596
1730 1126.65 936497 394.715 -2.71073
1740 1063.53 998156 394.475 -2.70628
1750 867.576 1.07014e+06 394.244 -2.70183
1760 960.059 986326 394.564 -2.70814
1770 1114.12 945190 394.796 -2.71243
1780 1111.23 989938 394.548 -2.70786
1790 1019.6 1.03099e+06 394.199 -2.70131
1800 881.044 1.05431e+06 394.159 -2.70085
1810 856.995 1.0276e+06 394.637 -2.71067
1820 1019.17 906306 395.29 -2.72287
1830 990.971 928302 395.126 -2.71965
1840 970.817 1.0294e+06 394.295 -2.70356
1850 1047.87 1.07083e+06 393.74 -2.69188
1860 1123.75 1.04157e+06 393.843 -2.69386
1870 1005.41 1.01794e+06 394.377 -2.70477
1880 937.505 954444 395.057 -2.71804
1890 982.8 909627 395.276 -2.72216
1900 921.692 971224 394.667 -2.71095
1910 888.556 1.09098e+06 393.846 -2.69427
1920 1059.91 1.05802e+06 393.807 -2.69301
1930 1086.67 982962 394.333 -2.70314
1940 961.359 963767 394.738 -2.71075
1950 988.61 966276 394.776 -2.7114
1960 1037.27 990501 394.511 -2.70618
1970 1147.98 993639 394.112 -2.6986
1980 958.174 1.10008e+06 393.787 -2.69239
1990 912.576 1.02053e+06 394.288 -2.70292
2000 969.711 931514 394.995 -2.71629
2010 940.736 954787 395.108 -2.71817
2020 1086.78 962212 394.732 -2.71096
2030 1222.55 1.01097e+06 394.024 -2.69744
2040 1138.07 1.07055e+06 393.444 -2.68636
2050 828.697 1.13737e+06 393.639 -2.69149
2060 853.095 943503 394.933 -2.71813
2070 905.756 847437 395.762 -2.73253
2080 930.636 917030 395.162 -2.72171
2090 987.867 1.06855e+06 393.8 -2.69509
2100 1055.76 1.14354e+06 393.1 -2.6796
2110 1108.9 1.04714e+06 393.701 -2.69195
2120 989.879 952820 394.79 -2.71324
2130 931.164 884377 395.396 -2.72424
2140 892.68 948440 394.95 -2.71598
2150 958.616 1.03874e+06 393.989 -2.69709
2160 1020.3 1.12083e+06 393.468 -2.68585
2170 1026.29 1.02201e+06 393.984 -2.69616
2180 865.718 969746 394.793 -2.7115
2190 960.609 905933 395.253 -2.71968
2200 1042.33 943058 394.842 -2.71181
2210 1105.73 1.04583e+06 393.938 -2.69369
2220 1211.53 1.0658e+06 393.413 -2.683
2230 1068.69 1.09787e+06 393.619 -2.6879
2240 1048.51 952148 394.617 -2.70842
2250 935.23 922328 395.251 -2.72043
2260 962.939 915505 395.082 -2.71779
2270 919.055 1.03995e+06 394.198 -2.7013
2280 920.894 1.09152e+06 393.655 -2.68989
2290 947.544 1.05036e+06 393.982 -2.6964
2300 1071.45 955562 394.767 -2.7117
2310 1125.54 881731 395.095 -2.71766
2320 986.165 1.01105e+06 394.435 -2.70539
2330 1056.89 1.05034e+06 393.769 -2.69227
2340 937.051 1.11602e+06 393.712 -2.69147
2350 935.06 968116 394.587 -2.70931
2360 883.678 942949 395.284 -2.72198
2370 1027.84 891631 395.332 -2.72277
2380 972.752 988773 394.42 -2.70611
2390 941.11 1.14445e+06 393.5 -2.68659
2400 1154.04 1.03881e+06 393.777 -2.69185
2410 1115.31 979452 394.524 -2.70664
2420 1046.86 911822 395.02 -2.71616
2430 914.594 981413 394.769 -2.71168
2440 921.722 1.00063e+06 394.249 -2.70183
2450 812.039 1.09657e+06 393.866 -2.694
2460 950.081 1.00202e+06 394.25 -2.70141
2470 995.809 955801 394.729 -2.70993
2480 1063.07 952214 394.782 -2.71044
2490 1144.67 972857 394.368 -2.70243
2500 1131.59 1.05547e+06 393.758 -2.6905
2510 1024.81 1.07189e+06 393.649 -2.68866
2520 991.954 1.00627e+06 394.214 -2.70052
2530 1040.61 922245 394.808 -2.71206
2540 928.25 968171 394.735 -2.71096
2550 879.361 1.00985e+06 394.33 -2.70324
2560 935.615 1.04263e+06 394.03 -2.69716
2570 1014.43 1.01952e+06 394.11 -2.69852
2580 939.895 1.0279e+06 394.443 -2.7049
2590 971.241 953981 394.961 -2.71477
2600 1015.77 906271 395.036 -2.71589
2610 1019.53 1.01227e+06 394.297 -2.70178
2620 1089.47 1.10171e+06 393.694 -2.6892
2630 1222.9 1.01429e+06 393.955 -2.69459
2640 1074.19 998310 394.44 -2.70457
2650 908.786 999158 394.928 -2.71478
2660 968.534 906730 395.297 -2.72216
2670 943.019 958132 394.857 -2.71433
2680 1029.31 1.05567e+06 394.039 -2.69833
2690 1071.61 1.07767e+06 393.735 -2.69219
2700 976.303 1.01853e+06 394.147 -2.7008
2710 906.366 983348 394.782 -2.71329
2720 1016.41 918357 395.203 -2.72123
2730 1106.75 918932 394.84 -2.71489
2740 1005 1.07339e+06 393.82 -2.69528
2750 1024.41 1.10652e+06 393.443 -2.68749
2760 1032.05 1.03011e+06 394.054 -2.70033
2770 927.297 945941 394.967 -2.71824
2780 1035 895443 395.351 -2.72534
2790 1128.41 924785 394.713 -2.71428
2800 982.612 1.11973e+06 393.509 -2.69094
2810 929.295 1.14484e+06 393.364 -2.6881
2820 954.706 972291 394.517 -2.71179
2830 967.752 880688 395.458 -2.72879
2840 997.37 892646 395.247 -2.72508
2850 919.684 1.03198e+06 394.081 -2.70311
2860 898.143 1.14446e+06 393.225 -2.68491
2870 965.855 1.08825e+06 393.697 -2.6947
2880 991.745 951723 395.01 -2.72029
2890 1086.93 815320 395.776 -2.73357
2900 1012.02 941758 394.925 -2.71846
2910 1073.21 1.08188e+06 393.476 -2.68967
2920 1003.93 1.17298e+06 392.857 -2.67647
2930 883.658 1.08928e+06 393.855 -2.69859
2940 942.101 868154 395.602 -2.73171
2950 935.602 819720 396.154 -2.7406
2960 915.525 943672 394.99 -2.7201
2970 1018.83 1.1338e+06 393.354 -2.68636
2980 1092.96 1.15901e+06 392.946 -2.67684
2990 974.9 1.07968e+06 394.088 -2.70149
3000 1102.03 832993 395.836 -2.73442
3010 1159.56 815097 396.078 -2.73838
3020 1038.9 1.00383e+06 394.625 -2.71235
3030 1030.18 1.14648e+06 393.179 -2.68294
3040 961.587 1.16716e+06 393.163 -2.68312
3050 893.625 1.00495e+06 394.65 -2.71433
3060 741.613 884549 396.226 -2.74371
3070 819.537 789669 396.6 -2.74987
3080 905.998 958490 395.065 -2.72284
3090 1049.91 1.16259e+06 393.171 -2.68259
3100 1063.84 1.20912e+06 392.827 -2.67407
3110 1049.13 1.00743e+06 394.361 -2.70658
3120 1063.92 864600 396.027 -2.73621
3130 997.525 868041 396.413 -2.74253
3140 1066.26 902025 395.442 -2.72585
3150 1039.7 1.13352e+06 393.711 -2.69187
3160 1082.85 1.17147e+06 393.176 -2.6799
3170 1010.67 1.04432e+06 394.255 -2.70303
3180 892.765 911860 395.744 -2.73174
3190 901.67 858899 396.404 -2.74327
3200 1041.71 867959 395.639 -2.73041
3210 915.582 1.10387e+06 393.772 -2.69483
3220 840.545 1.24931e+06 392.92 -2.67545
3230 963.09 1.04559e+06 394.272 -2.70458
3240 1036.92 864373 396.11 -2.73801
3250 1097.22 805635 396.628 -2.74626
3260 1057.08 925394 395.307 -2.72372
3270 995.339 1.16661e+06 393.379 -2.68462
3280 965.388 1.21141e+06 392.999 -2.67589
3290 956.367 1.02535e+06 394.566 -2.70961
3300 1084.63 803342 396.305 -2.74079
3310 953.463 853203 396.286 -2.74009
3320 885.418 993176 394.819 -2.71339
3330 878.277 1.15502e+06 393.361 -2.68277
3340 940.542 1.16534e+06 393.369 -2.68253
3350 989.87 974429 394.845 -2.71249
3360 1013.87 846676 396.127 -2.73485
3370 1165.46 831682 395.895 -2.7308
3380 1187.55 1.02264e+06 394.151 -2.69922
3390 1022.39 1.22495e+06 392.703 -2.66837
3400 932.784 1.14306e+06 393.281 -2.68182
3410 983.185 918990 395.178 -2.71998
3420 1006.5 798132 396.312 -2.7394
3430 959.308 882895 395.541 -2.72669
3440 854.843 1.11691e+06 393.741 -2.69169
3450 891.23 1.19946e+06 393.033 -2.67555
3460 1070.93 1.01762e+06 394.105 -2.69778
3470 1153.88 878632 395.389 -2.72119
3480 1117.04 875878 395.539 -2.7238
3490 1172.44 952309 394.481 -2.70536
3500 1094.08 1.13838e+06 393.086 -2.67808
3510 981.555 1.16913e+06 392.967 -2.67635
3520 895.465 1.00776e+06 394.397 -2.70708
3530 937.986 831161 395.865 -2.73405
3540 1020.06 823700 395.732 -2.7322
3550 976.894 1.02895e+06 394.005 -2.70105
3560 916.993 1.21076e+06 392.597 -2.67071
3570 882.409 1.14098e+06 393.114 -2.68223
3580 900.065 927383 394.915 -2.71809
3590 1000.75 812386 396.045 -2.73699
3600 1143.18 853096 395.368 -2.72549
3610 1064.83 1.09381e+06 393.4 -2.68839
3620 995.489 1.24854e+06 392.365 -2.66513
3630 1141.87 1.05886e+06 393.526 -2.69071
3640 1073.25 883025 395.291 -2.72434
3650 1016.46 829354 395.939 -2.73583
3660 1050.12 914547 394.958 -2.71955
3670 958.356 1.14031e+06 393.259 -2.68652
3680 817.133 1.22124e+06 392.91 -2.67908
3690 836.679 994264 394.504 -2.71275
3700 902.802 822369 396.068 -2.74031
3710 1029.29 814193 395.937 -2.73773
3720 1048.75 1.00589e+06 394.091 -2.70451
3730 960.674 1.2402e+06 392.41 -2.66786
3740 1005.37 1.15681e+06 392.882 -2.6782
3750 1029.13 942487 394.822 -2.7172
3760 1017.85 807089 396.213 -2.74108
3770 1021.07 840441 395.755 -2.73357
3780 960.022 1.03932e+06 393.837 -2.69818
3790 962.034 1.24423e+06 392.383 -2.66648
3800 1027.54 1.13586e+06 393.12 -2.68311
3810 948.03 914513 395.131 -2.72261
3820 843.753 816892 396.345 -2.74317
3830 896.959 858519 395.782 -2.73345
3840 949.652 1.05932e+06 393.942 -2.69837
3850 993.423 1.2093e+06 392.71 -2.67074
3860 1029.74 1.11549e+06 393.4 -2.6855
3870 1074.78 892331 395.11 -2.71827
3880 1023.98 857828 395.893 -2.73124
3890 1088.69 889425 395.243 -2.71996
3900 1076.44 1.07201e+06 393.635 -2.68963
3910 982.703 1.21935e+06 392.784 -2.67119
3920 983.981 1.06418e+06 393.858 -2.69474
3930 896.191 894657 395.585 -2.72796
3940 889.792 807457 396.256 -2.7392
3950 880.427 939415 395.162 -2.71983
3960 921.444 1.09975e+06 393.486 -2.68611
3970 934.587 1.22216e+06 392.864 -2.67189
3980 1078.48 1.01584e+06 394.16 -2.69913
3990 1000.82 882809 395.688 -2.72638
4000 982.669 856062 396.082 -2.73281
4010 1126.24 915074 395.064 -2.71513
4020 1097.76 1.13753e+06 393.389 -2.68153
4030 1018.73 1.19206e+06 392.968 -2.67235
4040 873.275 1.06242e+06 394.354 -2.70297
4050 969.835 826295 396.222 -2.73742
4060 934.33 846434 396.554 -2.74233
4070 1050.48 925343 395.315 -2.72058
4080 1065.19 1.12652e+06 393.496 -2.68433
4090 998.148 1.23545e+06 392.918 -2.67155
4100 999.987 1.02013e+06 394.408 -2.70403
4110 901.544 850646 396.164 -2.73583
4120 933.175 817408 396.441 -2.74032
4130 1012.22 987530 395.057 -2.71535
4140 1095.5 1.13619e+06 393.558 -2.68402
4150 1160.23 1.12673e+06 393.329 -2.6789
4160 977.771 1.05999e+06 394.352 -2.70088
4170 923.534 894087 395.856 -2.73013
4180 1083.14 807202 396.328 -2.73839
4190 1005.3 969013 395.054 -2.71632
4200 995.541 1.14893e+06 393.512 -2.68469
4210 1115.36 1.11902e+06 393.326 -2.68061
4220 1023.92 1.02035e+06 394.283 -2.70065
4230 849.411 945914 395.47 -2.72396
4240 850.698 863344 396.056 -2.73448
4250 856.925 941989 395.391 -2.72235
4260 919.586 1.08227e+06 394.213 -2.69861
4270 1084.67 1.0848e+06 393.762 -2.68828
4280 1074.11 1.05897e+06 394.179 -2.6964
4290 1005.76 973376 395.123 -2.71504
4300 1038.18 857896 395.741 -2.72618
4310 950.039 965635 395.119 -2.71489
4320 980.82 1.09596e+06 394.182 -2.69582
4330 1186.89 1.03527e+06 394.063 -2.69305
4340 1161.89 1.00455e+06 394.337 -2.69874
4350 901.556 1.05621e+06 394.741 -2.70749
4360 957.49 935431 395.551 -2.72379
4370 1105.17 838487 395.679 -2.7267
4380 875.072 1.06881e+06 394.531 -2.70522
4390 1089.86 1.06828e+06 393.822 -2.69036
4400 1091.07 1.06376e+06 393.858 -2.69138
4410 870.531 1.04706e+06 394.534 -2.7057
4420 835.252 939061 395.595 -2.72643
4430 1035.28 817378 395.977 -2.73326
4440 941.28 985633 394.779 -2.71191
4450 981.911 1.14168e+06 393.461 -2.68394
4460 1227.32 1.06426e+06 393.361 -2.68134
4470 1056.59 1.05975e+06 394.031 -2.69543
4480 1058.93 916114 395.125 -2.71712
4490 933.006 887692 395.486 -2.72381
4500 925.373 955487 394.752 -2.71084
4510 890.216 1.1226e+06 393.717 -2.69
4520 1058.18 1.05874e+06 393.695 -2.68912
4530 1142.37 980924 394.286 -2.70071
4540 992.499 967411 394.731 -2.7094
4550 916.365 946464 394.827 -2.71141
4560 948.526 997522 394.452 -2.70432
4570 1010.13 1.04564e+06 394.044 -2.69609
4580 1025.65 1.0304e+06 394.067 -2.69646
4590 983.167 994241 394.381 -2.70258
4600 1060.74 966071 394.641 -2.70757
4610 1098.23 957150 394.569 -2.70634
4620 1074.63 1.02112e+06 394.137 -2.69834
4630 1083.14 1.05491e+06 393.895 -2.69396
4640 1067.34 1.03397e+06 394.187 -2.70052
4650 1072.86 942833 394.736 -2.71188
4660 946.159 958832 394.813 -2.71395
4670 958.181 981583 394.469 -2.70786
4680 1031.36 1.02705e+06 393.961 -2.69844
4690 829.956 1.10424e+06 393.798 -2.69547
4700 785.107 1.00491e+06 394.507 -2.70987
4710 836.896 914821 395.284 -2.7241
4720 1024.05 885820 395.217 -2.72233
4730 1071.11 1.02993e+06 394.174 -2.70197
4740 1160.63 1.09711e+06 393.361 -2.68469
4750 1045.34 1.12597e+06 393.552 -2.68891
4760 1023.43 952085 394.792 -2.71425
4770 1054.25 883526 395.657 -2.72972
4780 1160.27 884072 395.364 -2.72495
4790 1156.81 1.01368e+06 394.01 -2.70108
4800 917.407 1.22412e+06 392.942 -2.67902
4810 914.721 1.07459e+06 393.781 -2.69781
4820 769.212 928849 395.411 -2.72974
4830 761.979 813524 396.287 -2.74484
4840 789.796 905687 395.45 -2.72997
4850 953.844 1.06737e+06 393.713 -2.69552
4860 1007.93 1.21891e+06 392.719 -2.67285
4870 1068.18 1.07528e+06 393.662 -2.69276
4880 1053.17 874835 395.312 -2.72307
4890 909.998 886019 395.874 -2.73204
4900 1008.61 891722 395.213 -2.72015
4910 1059.55 1.07868e+06 393.676 -2.69034
4920 1167.36 1.15695e+06 392.842 -2.67188
4930 1093.82 1.08727e+06 393.501 -2.68624
4940 962.228 931103 394.942 -2.71494
4950 797.466 869518 395.756 -2.72938
4960 891.605 903967 395.299 -2.72119
4970 1041.15 1.0426e+06 393.976 -2.69572
4980 1017.97 1.17122e+06 393.121 -2.67715
4990 987.822 1.06282e+06 393.781 -2.69101
5000 995.627 929813 395.06 -2.71545
5010 1056.08 865955 395.668 -2.72609
5020 1044.81 923164 394.994 -2.71434
5030 917.358 1.10778e+06 393.694 -2.68854
5040 972.742 1.12639e+06 393.343 -2.68078
5050 1037.17 1.02335e+06 394.189 -2.69821
5060 1052.38 902129 395.227 -2.71759
5070 1033.09 913282 395.395 -2.72052
5080 1106.37 948609 394.672 -2.70763
5090 969.43 1.10368e+06 393.569 -2.68614
5100 887.182 1.15461e+06 393.465 -2.68423
5110 1057.93 957361 394.666 -2.70863
5120 1050.67 881278 395.564 -2.72485
5130 998.438 900416 395.288 -2.72031
5140 923.283 1.05925e+06 394.171 -2.69889
5150 1004.14 1.09217e+06 393.538 -2.68561
5160 877.212 1.09848e+06 393.845 -2.69213
5170 912.209 957635 395.005 -2.71539
5180 1039.65 862203 395.761 -2.72837
5190 1013.62 945209 395.272 -2.71909
5200 1130.4 996362 394.18 -2.69825
5210 1029.61 1.16349e+06 393.225 -2.6787
5220 1063.46 1.08109e+06 393.671 -2.6885
5230 1048.77 953223 394.934 -2.71353
5240 1081.04 848615 395.698 -2.72772
5250 1098.56 914763 395.066 -2.71745
5260 982.293 1.09522e+06 393.701 -2.6911
5270 900.349 1.14639e+06 393.189 -2.68058
5280 839 1.0817e+06 394.103 -2.7008
5290 957.277 863479 395.651 -2.72999
5300 912.12 853917 396.003 -2.73554
5310 968.162 940044 394.921 -2.71616
5320 972.945 1.14143e+06 393.378 -2.68476
5330 1019.44 1.15861e+06 393.128 -2.67869
5340 1118.1 982359 394.31 -2.7026
5350 1221.75 869032 395.357 -2.72171
5360 1141.59 900275 395.182 -2.71916
5370 957.632 1.04505e+06 394.102 -2.69932
5380 830.71 1.13599e+06 393.46 -2.68631
5390 802.13 1.0645e+06 394.061 -2.69917
5400 883.178 902890 395.215 -2.7211
5410 893.649 895043 395.518 -2.72578
5420 895.625 977557 394.82 -2.71215
5430 1035.82 1.04946e+06 393.898 -2.69316
5440 1089.9 1.10479e+06 393.498 -2.68411
5450 1130.77 1.02805e+06 394.036 -2.69481
5460 1067.3 949167 394.866 -2.71067
5470 1046.15 911665 395.184 -2.71666
5480 1072.9 964828 394.703 -2.70799
5490 1077.13 1.04296e+06 393.88 -2.69237
5500 1036.05 1.09769e+06 393.513 -2.68523
5510 1024.47 1.03728e+06 394.029 -2.69638
5520 906.38 955225 394.895 -2.71372
5530 815.523 912975 395.337 -2.72198
5540 818.159 967031 394.969 -2.71498
5550 952.516 1.02578e+06 394.28 -2.70096
5560 1043.31 1.04605e+06 393.831 -2.69129
5570 1010.42 1.05669e+06 393.86 -2.69139
5580 1023.33 1.00985e+06 394.415 -2.70216
5590 1109.54 924826 395.018 -2.7134
5600 1135.81 937738 394.947 -2.71211
5610 1077.54 1.02292e+06 394.311 -2.70022
5620 1029.45 1.06131e+06 393.878 -2.6919
5630 1027.43 1.0417e+06 394.031 -2.6955
5640 1048.52 976107 394.56 -2.70639
5650 1017.76 949893 394.88 -2.71294
5660 960.058 958052 394.713 -2.71032
5670 824.598 1.0489e+06 394.214 -2.70089
5680 843.944 1.05567e+06 394.135 -2.69915
5690 1057.24 973249 394.544 -2.70681
5700 1093.36 965486 394.76 -2.71057
5710 1130.21 964014 394.603 -2.70767
5720 1025.8 1.05301e+06 394.213 -2.70024
5730 1054.39 1.01248e+06 394.202 -2.70032
5740 985.131 1.01708e+06 394.403 -2.70466
5750 956.943 973800 394.712 -2.71098
5760 911.732 978942 394.806 -2.71289
5770 935.03 980411 394.68 -2.71043
5780 927.395 1.01247e+06 394.392 -2.70467
5790 955.485 1.02866e+06 394.22 -2.70092
5800 1004.9 990967 394.298 -2.70204
5810 940.281 1.00414e+06 394.329 -2.7023
5820 844.833 1.0254e+06 394.426 -2.70383
5830 994.068 961717 394.691 -2.70837
5840 1165.44 943664 394.603 -2.70615
5850 1083.37 1.04677e+06 394.079 -2.69571
5860 1099.84 1.04293e+06 393.925 -2.69258
5870 1141 993684 394.172 -2.69779
5880 951.768 1.02509e+06 394.453 -2.7038
5890 990.598 951597 394.86 -2.71214
5900 1028.14 938587 394.844 -2.71217
5910 962.159 1.03459e+06 394.302 -2.70206
5920 982.225 1.05644e+06 394.057 -2.69721
5930 1056.94 994792 394.305 -2.70227
5940 890.623 1.03299e+06 394.619 -2.70864
5950 943.29 951986 395.134 -2.71874
5960 1103.51 892563 395.174 -2.71952
5970 1034.33 1.03904e+06 394.323 -2.70353
5980 1028.48 1.10698e+06 393.804 -2.69282
5990 1058.63 1.01186e+06 394.235 -2.7018
6000 901.837 979772 394.855 -2.71399
6010 896.907 950254 395.247 -2.72149
6020 999.885 942394 395.163 -2.71977
6030 1160.26 954054 394.493 -2.70732
6040 1124.88 1.09565e+06 393.514 -2.68825
6050 1005.15 1.11863e+06 393.402 -2.68634
6060 851.535 1.01793e+06 394.39 -2.70705
6070 763.768 917219 395.552 -2.72913
6080 873.15 874195 395.895 -2.73483
6090 978.283 971109 395.092 -2.71947
6100 1135.76 1.04872e+06 393.963 -2.69664
6110 1127.26 1.14542e+06 393.418 -2.68486
6120 1224.44 1.0239e+06 394.121 -2.69961
6130 1140.42 946122 395.11 -2.71906
6140 925.879 938813 395.624 -2.72933
6150 978.559 901149 395.435 -2.72673
6160 865.215 1.06708e+06 394.487 -2.70874
6170 864.619 1.10177e+06 394.064 -2.6999
6180 940.975 1.02768e+06 394.623 -2.7113
6190 1053.88 899349 395.39 -2.72535
6200 945.933 961469 395.314 -2.72355
6210 984.652 980763 394.789 -2.71325
6220 985.765 1.07116e+06 394.149 -2.70043
6230 987.886 1.08193e+06 394.189 -2.70104
6240 1098.69 950211 394.912 -2.71487
6250 912.22 1.00139e+06 395.321 -2.72246
6260 1036.02 908245 395.569 -2.72716
6270 1040.27 970246 395.04 -2.71751
6280 941.857 1.0611e+06 394.239 -2.70133
6290 934.925 1.10765e+06 394.065 -2.69767
6300 1064.81 991239 394.803 -2.71271
6310 1051.72 909140 395.487 -2.7251
6320 879.703 1.0158e+06 395.444 -2.72411
6330 1104.97 906941 395.296 -2.72139
6340 996.451 1.05222e+06 394.51 -2.7065
6350 1041.24 1.07061e+06 394.096 -2.69783
6360 968.595 1.06158e+06 394.433 -2.70481
6370 944.143 944977 395.267 -2.72146
6380 936.59 908773 395.609 -2.72746
6390 951.088 1.00037e+06 395.159 -2.71857
6400 1118.67 971665 394.561 -2.70701
6410 988.961 1.12429e+06 393.92 -2.69405
6420 1076.35 1.02741e+06 394.261 -2.70107
6430 993.237 990185 394.982 -2.71516
6440 963.427 926264 395.556 -2.72624
6450 1011.66 906598 395.394 -2.72357
6460 959.288 1.05564e+06 394.474 -2.70575
6470 995.567 1.08354e+06 393.984 -2.69557
6480 919.936 1.07992e+06 394.383 -2.70404
6490 1069.21 898621 395.371 -2.72292
6500 991.026 938869 395.554 -2.72589
6510 1004.42 990362 395.108 -2.7173
6520 1064.35 1.00344e+06 394.53 -2.70611
6530 1003.58 1.08068e+06 394.087 -2.69727
6540 1041.81 1.03194e+06 394.332 -2.70241
6550 1041.27 947632 394.879 -2.71319
6560 882.53 983640 395 -2.71559
6570 834.232 983905 394.918 -2.71393
6580 951.374 973419 394.67 -2.70893
6590 988.565 1.0382e+06 394.229 -2.69977
6600 1092.89 1.02369e+06 394.107 -2.69685
6610 1196.99 991263 394.218 -2.6989
6620 1067.34 1.0177e+06 394.302 -2.70081
6630 992.565 1.0065e+06 394.534 -2.70584
6640 1066.25 942551 394.767 -2.71072
6650 977.345 1.00473e+06 394.553 -2.70704
6660 960.001 1.01728e+06 394.331 -2.70297
6670 1005.04 1.01332e+06 394.287 -2.70231
6680 994.258 1.00501e+06 394.371 -2.70417
6690 910.731 1.01517e+06 394.539 -2.70757
6700 1032.83 948580 394.771 -2.71208
6710 989.442 983541 394.591 -2.70865
6720 978.195 1.03744e+06 394.256 -2.70199
6730 1051.73 1.03513e+06 394.267 -2.70217
6740 1137.88 966024 394.56 -2.70805
6750 1026.49 993540 394.619 -2.70948
6760 954.306 1.00956e+06 394.59 -2.70926
6770 1015.64 976842 394.62 -2.71011
6780 967.886 992366 394.463 -2.7073
6790 896.68 1.0367e+06 394.257 -2.70336
6800 981.875 1.01829e+06 394.382 -2.70575
6810 1161.88 936326 394.62 -2.71027
6820 1119.52 995710 394.36 -2.70557
6830 1024.16 1.04259e+06 394.033 -2.69957
6840 939.408 1.04572e+06 394.119 -2.70179
6850 873.997 1.00564e+06 394.63 -2.71224
6860 876.695 944729 395.172 -2.72257
6870 903.041 934851 395.199 -2.72278
6880 916.838 996261 394.621 -2.71144
6890 940.936 1.06382e+06 394.028 -2.69894
6900 1022 1.04689e+06 394.011 -2.69788
6910 1084.97 1.01156e+06 394.475 -2.70666
6920 1128.31 924964 394.984 -2.71605
6930 1111.84 963041 394.855 -2.71366
6940 1144.01 1.00454e+06 394.342 -2.70412
6950 978.881 1.09221e+06 393.952 -2.69694
6960 836.425 1.05217e+06 394.372 -2.70616
6970 845.193 942122 395.262 -2.72341
6980 929.983 913770 395.64 -2.73001
6990 1078.75 907493 395.118 -2.72054
7000 915.687 1.10201e+06 393.9 -2.69648
7010 990.919 1.11863e+06 393.52 -2.68789
7020 996.507 1.04576e+06 394.314 -2.7042
7030 1051.43 900946 395.484 -2.72624
7040 1083.91 888326 395.751 -2.73072
7050 1032.68 980328 394.975 -2.71638
7060 914.791 1.09239e+06 394.018 -2.69745
7070 923.531 1.09839e+06 393.945 -2.6958
7080 981.767 981598 394.749 -2.7115
7090 882.829 948852 395.443 -2.72441
7100 1002.18 892429 395.576 -2.72653
7110 1068.75 979523 394.748 -2.71099
7120 1141.79 1.06972e+06 393.72 -2.69016
7130 1060.77 1.13753e+06 393.427 -2.68421
7140 1031.04 1.01888e+06 394.332 -2.70355
7150 951.597 912162 395.453 -2.72474
7160 922.098 912011 395.765 -2.7304
7170 1003.54 920434 395.156 -2.71962
7180 957.929 1.09106e+06 393.927 -2.69565
7190 1019.82 1.12267e+06 393.494 -2.68614
7200 1009.98 1.0407e+06 394.239 -2.70159
7210 986.931 913555 395.329 -2.72245
7220 979.752 892526 395.628 -2.72765
7230 912.634 999750 394.944 -2.71479
7240 899.396 1.05617e+06 394.218 -2.69987
7250 1004.27 1.06416e+06 394.05 -2.69597
7260 1108.79 994717 394.448 -2.70354
7270 1057.87 973020 394.855 -2.71117
7280 1041.4 934338 394.95 -2.71305
7290 1006.84 1.00276e+06 394.485 -2.70448
7300 990.374 1.07345e+06 394.068 -2.6961
7310 1087.3 1.00047e+06 394.253 -2.69991
7320 1009.83 1.00424e+06 394.554 -2.70602
7330 1092.69 935050 394.785 -2.71083
7340 1022.67 985002 394.495 -2.70578
7350 940.253 1.04883e+06 394.055 -2.6975
7360 914.448 1.06274e+06 394.09 -2.69849
7370 971.304 960687 394.649 -2.70957
7380 941.776 940609 394.879 -2.71373
7390 943.449 1.00492e+06 394.593 -2.70802
7400 1109.6 992616 394.276 -2.7016
7410 1178.89 1.02988e+06 393.943 -2.69513
7420 1067.62 1.06797e+06 393.938 -2.6955
7430 1045.45 980034 394.498 -2.7072
7440 1109.28 909999 394.862 -2.71468
7450 909.187 1.00312e+06 394.471 -2.70799
7460 825.356 1.05241e+06 394.075 -2.7003
7470 1003.78 999969 394.119 -2.70118
7480 950.642 1.01727e+06 394.244 -2.70359
7490 904.424 987255 394.49 -2.70827
7500 1060.43 955732 394.611 -2.71032
7510 1149.15 982544 394.33 -2.70486
7520 1109.05 1.03463e+06 393.914 -2.69687
7530 1017.79 1.04317e+06 393.802 -2.69509
7540 830.232 1.05927e+06 394.175 -2.70314
7550 983.023 908930 394.954 -2.71831
7560 966.822 917236 394.964 -2.71837
7570 839.041 1.04189e+06 394.244 -2.70426
7580 1051.52 1.04279e+06 393.838 -2.69558
7590 1149.37 1.01452e+06 393.85 -2.6955
7600 958.401 1.039e+06 394.079 -2.70008
7610 948.84 972042 394.605 -2.71046
7620 1031.33 921408 394.851 -2.71497
7630 960.167 1.01756e+06 394.457 -2.70732
7640 1032.82 1.0153e+06 394.123 -2.70056
7650 1031.51 1.05601e+06 394.025 -2.69859
7660 992.123 1.02203e+06 394.42 -2.70668
7670 910.439 944095 394.994 -2.71764
7680 909.303 946660 395.077 -2.71898
7690 1064.87 968286 394.619 -2.71014
7700 1097.88 1.03778e+06 393.911 -2.69604
7710 998.408 1.08364e+06 393.561 -2.68899
7720 923.143 1.05051e+06 394.018 -2.69862
7730 1064.94 908665 394.861 -2.71465
7740 941.42 952054 394.956 -2.7162
7750 890.1 1.00451e+06 394.564 -2.70849
7760 1163.56 989208 394.147 -2.70021
7770 1073.72 1.06673e+06 393.745 -2.69226
7780 957.626 1.06949e+06 393.949 -2.69676
7790 1041.78 951585 394.746 -2.71266
7800 1076.36 901668 395.106 -2.71943
7810 972.508 993657 394.597 -2.7102
7820 965.609 1.05119e+06 393.988 -2.69829
7830 953.605 1.06765e+06 393.897 -2.69653
7840 994.724 985304 394.383 -2.70628
7850 887.049 967152 394.795 -2.714
7860 925.869 959847 394.871 -2.71521
7870 1037.78 971770 394.547 -2.7088
7880 979.725 1.055e+06 394.029 -2.69823
7890 1102.03 1.04509e+06 393.985 -2.69709
7900 1135.14 988228 394.358 -2.70445
7910 1039.21 985632 394.672 -2.71077
7920 1002.18 969709 394.811 -2.71381
7930 948.072 994297 394.69 -2.71177
7940 1002.89 1.00608e+06 394.502 -2.70826
7950 996.992 1.02905e+06 394.395 -2.70628
7960 1013.5 998425 394.52 -2.70891
7970 909.236 1.00671e+06 394.699 -2.71243
7980 933.427 980493 394.888 -2.71607
7990 990.291 964889 394.91 -2.71627
8000 986.331 1.00213e+06 394.601 -2.71018
8010 902.345 1.06856e+06 394.37 -2.7053
8020 1008.21 992645 394.707 -2.71165
8030 1054.9 939790 394.978 -2.71643
8040 910.19 1.02164e+06 394.783 -2.71239
8050 973.528 991002 394.678 -2.71
8060 1043.29 1.00506e+06 394.549 -2.70715
8070 1050.76 1.02958e+06 394.483 -2.70561
8080 1046.9 1.02042e+06 394.701 -2.70985
8090 1153.47 933153 395.027 -2.71629
8100 1025.55 994050 394.83 -2.71294
8110 902.952 1.05207e+06 394.588 -2.70839
8120 1089.26 951675 394.694 -2.71071
8130 877.941 1.06204e+06 394.55 -2.70814
8140 827.885 1.00573e+06 394.856 -2.71435
8150 997.315 935830 395.227 -2.72103
8160 1007.27 973797 395.035 -2.71699
8170 1007.78 1.02778e+06 394.598 -2.70817
8180 1072.84 1.01674e+06 394.384 -2.70366
8190 925.079 1.04361e+06 394.385 -2.70363
8200 781.597 1.04207e+06 394.834 -2.71271
8210 1060.9 870508 395.508 -2.72497
8220 1067.75 966759 395.132 -2.71753
8230 1087.98 1.04995e+06 394.401 -2.70268
8240 1176.14 1.02018e+06 394.075 -2.69618
8250 924.952 1.10595e+06 394.11 -2.69742
8260 971.895 979086 394.987 -2.71554
8270 1118.5 862783 395.676 -2.72822
8280 1047.89 939739 395.118 -2.71872
8290 938.466 1.08712e+06 394.048 -2.6977
8300 1062.7 1.06426e+06 393.683 -2.69031
8310 877.552 1.09512e+06 394.083 -2.69912
8320 903.906 929886 395.221 -2.72178
8330 940.229 866743 395.75 -2.73089
8340 925.32 962733 395.052 -2.71791
8350 969.449 1.08557e+06 394.013 -2.69679
8360 1092.99 1.06505e+06 393.715 -2.68998
8370 953.375 1.05719e+06 394.133 -2.69829
8380 891.58 975170 395.034 -2.71604
8390 939.903 877695 395.667 -2.72723
8400 961.634 941527 395.186 -2.71812
8410 997.418 1.06965e+06 394.186 -2.69779
8420 1104.02 1.08349e+06 393.805 -2.68929
8430 1097.57 1.03714e+06 394.218 -2.69757
8440 1018.39 968684 395.005 -2.71302
8450 994.063 903432 395.452 -2.72139
8460 890.895 953512 395.018 -2.71349
8470 894.62 1.06113e+06 394.181 -2.69688
8480 1004.55 1.06822e+06 393.871 -2.69005
8490 1026.24 1.02022e+06 394.231 -2.69697
8500 1011.86 968975 394.785 -2.70741
8510 972.691 957313 395.056 -2.71233
8520 960.415 951963 394.892 -2.70909
8530 887.295 1.02245e+06 394.311 -2.69768
8540 956.674 1.06772e+06 393.966 -2.69016
8550 1134.92 989582 394.181 -2.69388
8560 1104.29 976876 394.367 -2.69725
8570 1011.18 1.00179e+06 394.343 -2.69689
8580 964.724 1.01083e+06 394.341 -2.69691
8590 1082.97 964321 394.377 -2.69775
8600 963.455 1.03517e+06 394.187 -2.69418
8610 1019.13 1.01176e+06 394.26 -2.69574
8620 1094.89 961578 394.428 -2.69918
8630 949.361 1.00848e+06 394.301 -2.69702
8640 812.529 1.04963e+06 394.269 -2.69652
8650 990.027 969826 394.614 -2.70311
8660 1134.49 950430 394.723 -2.7049
8670 1208.6 977517 394.358 -2.69816
8680 1154.92 1.04983e+06 393.823 -2.68825
8690 1047.07 1.08333e+06 393.775 -2.68823
8700 986.127 990742 394.452 -2.70273
8710 978.802 929263 395.069 -2.71493
8720 1024.98 925935 395 -2.71428
8730 925.964 1.01188e+06 394.265 -2.70093
8740 891.142 1.08065e+06 393.651 -2.6886
8750 1067.21 1.05127e+06 393.781 -2.69131
8760 1059.18 987047 394.4 -2.70378
8770 895.511 953836 394.904 -2.71349
8780 890.832 968314 394.996 -2.71518
8790 1084.08 948599 394.705 -2.70966
8800 1073.5 1.05234e+06 394.043 -2.6967
8810 1063.51 1.06209e+06 393.809 -2.69202
8820 985.136 1.05506e+06 394.233 -2.70101
8830 1097.04 910432 395.054 -2.71725
8840 988.249 926764 395.121 -2.71874
8850 861.743 1.02722e+06 394.522 -2.70733
8860 1038.03 1.02307e+06 394.098 -2.69892
8870 1068.42 1.04872e+06 393.967 -2.69635
8880 1013.56 1.02283e+06 394.275 -2.70273
8890 903.751 987753 394.827 -2.71377
8900 979.713 895741 395.157 -2.72004
8910 821.76 1.0229e+06 394.668 -2.71062
8920 857.891 1.03577e+06 394.286 -2.70244
8930 931.44 1.02383e+06 394.261 -2.70128
8940 902.685 1.03171e+06 394.519 -2.70576
8950 1140.6 927715 394.969 -2.71357
8960 1235.66 947548 394.811 -2.71008
8970 1172.03 1.01933e+06 394.166 -2.69783
8980 1064.98 1.07571e+06 393.71 -2.68916
8990 900.174 1.07721e+06 394.006 -2.69597
9000 882.904 965789 394.957 -2.71512
9010 862.171 900224 395.614 -2.72715
9020 1031.91 888145 395.266 -2.721
9030 1005.7 1.06443e+06 393.982 -2.69631
9040 1030.91 1.12929e+06 393.262 -2.68068
9050 998.735 1.06927e+06 393.758 -2.69103
9060 945.089 951845 394.897 -2.71351
9070 933.453 887303 395.592 -2.7258
9080 988.476 909809 395.188 -2.71842
9090 998.586 1.04508e+06 393.986 -2.6953
9100 936.378 1.16324e+06 393.263 -2.67968
9110 978.042 1.0572e+06 393.97 -2.69439
9120 981.341 942089 395.295 -2.71992
9130 1056.33 831600 395.969 -2.73152
9140 1007.68 943605 395.144 -2.71669
9150 1086.83 1.06718e+06 393.751 -2.68924
9160 1090.13 1.16517e+06 393.06 -2.67459
9170 1107.41 1.06329e+06 393.869 -2.6924
9180 1121.15 892708 395.257 -2.71932
9190 1068.39 848194 395.628 -2.72655
9200 812.274 1.00244e+06 394.65 -2.7093
9210 768.037 1.12905e+06 393.68 -2.68942
9220 883.617 1.07315e+06 393.868 -2.69306
9230 939.905 977206 394.773 -2.71047
9240 1004.41 900381 395.445 -2.72236
9250 1011.87 931988 395.195 -2.71732
9260 1091.88 995160 394.28 -2.69949
9270 989.614 1.12726e+06 393.403 -2.68166
9280 959.336 1.11017e+06 393.707 -2.68831
9290 1109.91 919814 394.951 -2.71225
9300 1018.59 914820 395.561 -2.72313
9310 1093.12 892950 395.243 -2.71782
9320 1087.43 1.04807e+06 394.034 -2.69532
9330 1093.99 1.11796e+06 393.224 -2.67873
9340 800.322 1.16002e+06 393.667 -2.68933
9350 944.195 877607 395.349 -2.7233
9360 980.987 827849 396.025 -2.73418
9370 972.261 967596 395.108 -2.71729
9380 1140.18 1.03936e+06 393.771 -2.69146
9390 925.24 1.1951e+06 393.007 -2.67529
9400 916.965 1.05314e+06 393.898 -2.69438
9410 937.626 925933 395.383 -2.72292
9420 1086.59 809634 396.062 -2.73459
9430 1022.19 937853 395.03 -2.71663
9440 997.656 1.12467e+06 393.428 -2.68445
9450 984.064 1.19165e+06 393.029 -2.67568
9460 1040.99 1.01086e+06 394.334 -2.70342
9470 1010.27 864322 395.782 -2.72986
9480 1007.12 857676 395.944 -2.73264
9490 1108.32 949151 394.727 -2.71131
9500 1027.95 1.1548e+06 393.143 -2.67952
9510 861.52 1.21327e+06 393.026 -2.67746
9520 877.772 976955 394.783 -2.71467
9530 923.185 814588 396.369 -2.74212
9540 1013.17 821498 396.172 -2.73859
9550 1009.07 1.03215e+06 394.351 -2.7054
9560 1070.54 1.2056e+06 392.863 -2.67272
9570 1183.75 1.11397e+06 393.226 -2.68045
9580 1009.45 992530 394.75 -2.71196
9590 945.998 831348 396.097 -2.73657
9600 948.105 867669 395.914 -2.7335
9610 986.042 1.0074e+06 394.45 -2.70679
9620 930.084 1.18079e+06 393.145 -2.67922
9630 953.657 1.11238e+06 393.464 -2.68596
9640 925.931 979298 394.884 -2.71431
9650 1043.62 815664 396.011 -2.73435
9660 1080.17 865424 395.453 -2.72494
9670 1043.07 1.08835e+06 393.687 -2.69112
9680 1081.93 1.19694e+06 392.76 -2.67078
9690 1037.36 1.06884e+06 393.618 -2.68961
9700 936.952 922287 395.149 -2.71941
9710 913.49 858531 395.952 -2.73366
9720 1030.04 857901 395.32 -2.72335
9730 866.53 1.13448e+06 393.558 -2.68933
9740 905.227 1.18269e+06 392.943 -2.67505
9750 988.156 1.0354e+06 394.039 -2.69779
9760 1057.79 886753 395.467 -2.72423
9770 1080.53 862982 395.84 -2.7303
9780 1164.09 929397 394.879 -2.71338
9790 1075.25 1.11645e+06 393.334 -2.68347
9800 916.829 1.20883e+06 392.946 -2.67537
9810 972.059 977570 394.335 -2.70457
9820 813.434 897145 395.66 -2.7287
9830 930.066 847053 395.911 -2.73296
9840 1088.63 940102 394.73 -2.71209
9850 988.21 1.16559e+06 393.102 -2.67879
9860 875.406 1.20833e+06 393.023 -2.67698
9870 1071.4 959654 394.763 -2.7131
9880 1144.94 814922 396.184 -2.73747
9890 1029.22 882130 395.876 -2.73219
9900 988.664 1.00058e+06 394.413 -2.70527
9910 885.564 1.17923e+06 393.057 -2.67728
9920 923.781 1.14811e+06 393.345 -2.68373
9930 1070.68 922927 394.954 -2.71549
9940 1099.29 847179 395.896 -2.73173
9950 1124.67 896922 395.365 -2.72276
9960 1103.93 1.04482e+06 393.896 -2.69535
9970 990.631 1.18851e+06 392.907 -2.67494
9980 908.507 1.12328e+06 393.666 -2.69261
9990 850.442 899834 395.505 -2.72865
10000 802.376 844393 396.466 -2.74492
