# Time-averaged data for fix 2
# TimeStep c_mytemp c_mypress v_vmyvol v_avgEtotal
10 976.834 975359 394.643 -2.70412
20 1025.65 1.01012e+06 394.435 -2.69997
30 984.679 1.03403e+06 394.329 -2.69762
40 1000.06 989095 394.477 -2.70026
50 929.82 1.03441e+06 394.632 -2.70293
60 1076.56 944605 394.957 -2.7088
70 1183.12 942710 394.851 -2.70641
80 1101.33 1.03811e+06 394.269 -2.69507
90 1012.15 1.07955e+06 394.037 -2.6903
100 1081.75 995902 394.45 -2.69859
110 919.626 984852 394.904 -2.7073
120 883.531 960192 395.19 -2.71253
130 976.655 938088 395.07 -2.7099
140 949.132 1.04345e+06 394.494 -2.69808
150 1097.41 1.04943e+06 394.251 -2.69232
160 1169.54 991681 394.43 -2.69522
170 1032.2 1.01411e+06 394.629 -2.69876
180 1083.98 960639 394.865 -2.70315
190 1054.57 969370 394.788 -2.70152
200 1016.79 1.01419e+06 394.451 -2.69485
210 1045.11 1.02757e+06 394.228 -2.69028
220 1011.67 1.02681e+06 394.274 -2.69102
230 1027.78 982478 394.538 -2.696
240 1053.02 977084 394.673 -2.6983
250 1081.28 990164 394.592 -2.69655
260 1103.79 1.00089e+06 394.425 -2.69319
270 1070 1.01093e+06 394.27 -2.69019
280 879.483 1.07151e+06 394.281 -2.69049
290 950.683 971221 394.825 -2.70122
300 1028.93 921541 395.149 -2.70665
310 1002.34 982299 394.799 -2.69953
320 1091.15 1.00718e+06 394.242 -2.68828
330 1041.48 1.07042e+06 393.829 -2.67949
340 1116.57 1.04144e+06 393.997 -2.68262
350 1046.58 1.00434e+06 394.591 -2.69432
360 1178.72 890599 395.121 -2.70423
370 1143.56 961963 394.771 -2.69797
380 1094.75 1.03695e+06 394.048 -2.68413
390 990.391 1.09807e+06 393.698 -2.67744
400 920.077 1.05971e+06 394.214 -2.68855
410 1046.94 915516 395.207 -2.70767
420 1024 897259 395.483 -2.7124
430 1071.31 953585 394.815 -2.7001
440 1074.12 1.07734e+06 393.779 -2.67972
450 1028.27 1.12475e+06 393.436 -2.67241
460 957.087 1.04847e+06 394.214 -2.68867
470 1057.15 908809 395.389 -2.71103
480 1184.65 850552 395.731 -2.71687
490 1107.28 968037 394.766 -2.69976
500 1000.56 1.11934e+06 393.549 -2.67521
510 1030.2 1.13745e+06 393.393 -2.67194
520 1059.14 1.00618e+06 394.436 -2.69372
530 980.079 891548 395.54 -2.7141
540 953.272 904966 395.7 -2.71668
550 1218.83 922113 394.907 -2.70244
560 1191.52 1.10149e+06 393.548 -2.67602
570 1015.36 1.18081e+06 393.101 -2.66665
580 1002.83 1.02835e+06 394.204 -2.69043
590 939.925 881099 395.574 -2.716
600 840.601 882289 395.899 -2.72136
610 1005.1 939240 395.119 -2.70686
620 1250.1 1.03601e+06 393.79 -2.68092
630 1157.32 1.1886e+06 392.923 -2.66235
640 1000.07 1.10052e+06 393.643 -2.67835
650 965.186 941406 395.293 -2.71125
660 1088.72 819753 396.365 -2.72982
670 961.781 897987 395.839 -2.72067
680 982.563 1.05353e+06 394.41 -2.69298
690 1196.32 1.11914e+06 393.439 -2.67224
700 1165.65 1.10957e+06 393.579 -2.67526
710 989.182 1.02348e+06 394.725 -2.69927
720 1066.21 872341 396.011 -2.72346
730 1130.75 844453 396.15 -2.72602
740 1025.62 982312 394.902 -2.70401
750 996.39 1.14915e+06 393.571 -2.67648
760 1126.07 1.10851e+06 393.483 -2.67449
770 913.852 1.04657e+06 394.471 -2.69548
780 832.986 895755 395.795 -2.72045
790 1050.09 845237 396.175 -2.7266
800 1199.5 932424 395.164 -2.70844
810 1211.17 1.10462e+06 393.588 -2.67721
820 1142.87 1.18425e+06 392.997 -2.66445
830 1034.99 1.07401e+06 394.012 -2.68686
840 936.264 901368 395.68 -2.71965
850 883.694 821138 396.446 -2.73261
860 935.725 914067 395.601 -2.71773
870 1047.19 1.06731e+06 393.999 -2.68628
880 1084.59 1.18105e+06 393.039 -2.66512
890 1066.5 1.10794e+06 393.69 -2.67923
900 1076.52 912638 395.278 -2.7101
910 1019.7 825835 396.069 -2.7235
920 887.979 938040 395.342 -2.71039
930 1075.89 1.05641e+06 394.026 -2.68424
940 1216.23 1.11679e+06 393.227 -2.66705
950 1042.57 1.12854e+06 393.564 -2.67447
960 1118.9 949849 394.937 -2.7023
970 1139.21 858278 395.898 -2.71947
980 995.725 909331 395.585 -2.7142
990 1000.15 1.01802e+06 394.445 -2.69285
1000 1072.63 1.12106e+06 393.508 -2.67353
1010 1105.69 1.10947e+06 393.662 -2.67697
1020 1103.2 967307 394.75 -2.69912
1030 1033.06 902960 395.59 -2.7147
1040 1046.22 888211 395.497 -2.71339
1050 955.332 1.01718e+06 394.459 -2.69429
1060 1010.98 1.13496e+06 393.609 -2.67643
1070 1195.96 1.06129e+06 393.901 -2.6824
1080 1162.99 968134 394.772 -2.69984
1090 988.147 939744 395.382 -2.71154
1100 932.014 951654 395.433 -2.71264
1110 1078.74 947160 394.994 -2.70453
1120 1099.29 1.04443e+06 394.15 -2.68834
1130 1037.99 1.11266e+06 393.729 -2.67964
1140 1032.45 1.04309e+06 394.288 -2.69135
1150 1074.57 932305 395.229 -2.70963
1160 1114.55 865758 395.519 -2.715
1170 964.536 1.00325e+06 394.7 -2.70006
1180 993.608 1.09512e+06 393.879 -2.68321
1190 1198.4 1.03439e+06 393.858 -2.68259
1200 1056.81 1.03388e+06 394.245 -2.69049
1210 903.278 987633 394.91 -2.70391
1220 1088.38 869044 395.37 -2.71242
1230 1147.52 953650 394.744 -2.7012
1240 1020.28 1.11647e+06 393.746 -2.68132
1250 1039.87 1.10785e+06 393.758 -2.68164
1260 1167.38 944539 394.65 -2.69941
1270 970.738 962661 395.197 -2.70967
1280 1052.94 908389 395.271 -2.7113
1290 1085.99 979327 394.578 -2.69878
1300 1020.7 1.11808e+06 393.778 -2.68259
1310 958.002 1.09679e+06 393.983 -2.68698
1320 1053.84 943695 395.001 -2.70729
1330 1039.11 902215 395.568 -2.71717
1340 1110.75 947697 395.256 -2.71125
1350 1238.85 963948 394.399 -2.6956
1360 1045.66 1.17118e+06 393.411 -2.67599
1370 1020.43 1.10268e+06 393.823 -2.68543
1380 1046.83 935298 395.158 -2.7118
1390 1012.99 880834 395.944 -2.72606
1400 1043.58 908069 395.623 -2.72057
1410 1045.05 1.02983e+06 394.501 -2.69936
1420 1053.92 1.11809e+06 393.646 -2.68172
1430 995.243 1.13624e+06 393.948 -2.68862
1440 1173.83 883857 395.255 -2.71426
1450 989.408 918483 395.722 -2.72222
1460 947.128 959664 395.37 -2.71566
1470 1038.13 983919 394.613 -2.70136
1480 979.662 1.13258e+06 393.857 -2.68576
1490 1054.37 1.06321e+06 394.171 -2.69208
1500 959.545 972270 395.114 -2.71034
1510 1004.26 877434 395.743 -2.72152
1520 1101.59 939722 395.33 -2.71362
1530 1134.31 1.0221e+06 394.335 -2.69415
1540 1026.24 1.12925e+06 393.619 -2.67929
1550 1079.21 1.09196e+06 394.046 -2.6885
1560 1277.06 887975 395.18 -2.71044
1570 993.194 944150 395.481 -2.71591
1580 832.04 989926 395.198 -2.71069
1590 1038.92 965144 394.769 -2.7024
1600 1059.59 1.04001e+06 394.106 -2.68931
1610 1023.81 1.09705e+06 393.84 -2.6836
1620 1175.38 981234 394.339 -2.69343
1630 1080.72 973791 394.782 -2.70187
1640 1047.18 957808 394.932 -2.70488
1650 1081.17 985246 394.726 -2.70108
1660 1206.42 984033 394.348 -2.69406
1670 1146.5 1.06289e+06 393.906 -2.68597
1680 1019.47 1.06694e+06 394.015 -2.68893
1690 968.705 984336 394.693 -2.70281
1700 915.701 944350 395.262 -2.71384
1710 1021.52 915533 395.27 -2.71404
1720 1012.95 1.0264e+06 394.615 -2.70129
1730 1140.68 1.02586e+06 394.094 -2.69071
1740 1063.68 1.08236e+06 393.916 -2.68715
1750 1024.07 1.02339e+06 394.429 -2.69779
1760 1007.75 949240 395.162 -2.71178
1770 984.456 908728 395.402 -2.71613
1780 913.088 987038 394.872 -2.70606
1790 1086.94 1.03477e+06 394.2 -2.69217
1800 1260.83 1.02744e+06 393.818 -2.68424
1810 1139.62 1.09115e+06 393.808 -2.68426
1820 1189.66 971259 394.479 -2.69815
1830 1041.01 953849 394.987 -2.70821
1840 873.81 961384 395.049 -2.7098
1850 895.273 981871 394.749 -2.70419
1860 972.06 1.0259e+06 394.311 -2.69532
1870 1013.88 1.04876e+06 394.102 -2.69072
1880 1065.32 1.01191e+06 394.329 -2.69483
1890 1054.65 978646 394.672 -2.70101
1900 985.734 1.00688e+06 394.87 -2.70453
1910 1079.68 942751 395.036 -2.70738
1920 1102.52 962923 394.725 -2.70132
1930 1054.12 1.05595e+06 394.142 -2.68966
1940 1076.56 1.05917e+06 394.019 -2.68701
1950 1071.65 1.02855e+06 394.449 -2.69572
1960 1003.92 969334 395.132 -2.70908
1970 1002.35 921509 395.516 -2.71612
1980 1014.86 941513 395.186 -2.70995
1990 932.569 1.05512e+06 394.393 -2.6943
2000 972.474 1.07673e+06 394.057 -2.68686
2010 1044.24 1.02858e+06 394.416 -2.69356
2020 1086.11 962273 395.041 -2.70526
2030 1122.91 905167 395.287 -2.70944
2040 1063.88 981246 394.74 -2.69907
2050 1066.2 1.06902e+06 394.026 -2.68475
2060 1107.63 1.06845e+06 393.924 -2.68257
2070 1026.89 1.00063e+06 394.418 -2.69248
2080 989.99 969055 394.977 -2.70332
2090 1180.68 894355 395.156 -2.7067
2100 1058.76 1.00404e+06 394.494 -2.69447
2110 1016.75 1.08525e+06 393.845 -2.68147
2120 1028.76 1.06189e+06 393.958 -2.68391
2130 1071.39 961346 394.585 -2.69627
2140 955.021 989741 394.967 -2.70346
2150 1016.67 956251 395.177 -2.70739
2160 1121.49 929512 394.963 -2.70341
2170 1009.83 1.05554e+06 394.218 -2.68894
2180 1096.88 1.0807e+06 393.944 -2.68308
2190 1295.29 957264 394.294 -2.69011
2200 987.125 1.03875e+06 394.462 -2.69378
2210 1007.23 973205 394.827 -2.7014
2220 1095.38 935344 394.981 -2.70452
2230 1059 996400 394.586 -2.69735
2240 1042.18 1.03449e+06 394.15 -2.68891
2250 1099.37 1.03109e+06 394.019 -2.68652
2260 1075.96 1.02631e+06 394.193 -2.69032
2270 1118.75 971978 394.582 -2.69828
2280 1067.86 958635 394.733 -2.70157
2290 960.795 1.01235e+06 394.541 -2.69823
2300 969.101 1.02801e+06 394.445 -2.69647
2310 1105.8 975824 394.552 -2.69856
2320 1084.98 1.0184e+06 394.535 -2.69829
2330 1130.03 976333 394.599 -2.69975
2340 1064.27 996198 394.507 -2.69833
2350 858.781 1.05535e+06 394.418 -2.69678
2360 1032.66 976048 394.741 -2.7031
2370 1169.48 930474 394.857 -2.70515
2380 1076.44 1.02885e+06 394.447 -2.69729
2390 1164.62 1.00673e+06 394.189 -2.69236
2400 1035.44 1.03625e+06 394.069 -2.69038
2410 860.04 1.05642e+06 394.3 -2.69543
2420 1013.88 931985 394.942 -2.70785
2430 1113.35 908561 394.999 -2.70874
2440 1011 1.04055e+06 394.331 -2.69577
2450 1024.63 1.05724e+06 393.945 -2.68774
2460 997.944 1.03184e+06 394.09 -2.69049
2470 890.57 1.0178e+06 394.57 -2.6998
2480 972.757 921948 395.133 -2.7101
2490 1165.4 887411 394.978 -2.7069
2500 1132.84 1.05243e+06 393.933 -2.68667
2510 1102.56 1.11323e+06 393.3 -2.67316
2520 1011.33 1.08549e+06 393.715 -2.68203
2530 949.188 977811 394.881 -2.70545
2540 1027.35 850215 395.793 -2.72176
2550 1057.07 878978 395.374 -2.7144
2560 960.193 1.0993e+06 393.962 -2.68704
2570 1104.22 1.135e+06 393.367 -2.67349
2580 1152.89 1.0237e+06 393.961 -2.68537
2590 964.9 992766 394.868 -2.70322
2600 1004.27 889727 395.61 -2.71693
2610 1040.28 894249 395.371 -2.71258
2620 977.574 1.05043e+06 394.242 -2.69094
2630 993.667 1.13569e+06 393.577 -2.67641
2640 1121.13 1.02011e+06 394.028 -2.6852
2650 955.214 1.00266e+06 394.795 -2.69997
2660 903.641 928293 395.51 -2.71321
2670 1015.48 885423 395.543 -2.71336
2680 1023.62 996065 394.601 -2.69536
2690 1080.52 1.13506e+06 393.68 -2.67568
2700 1295.73 1.04391e+06 393.854 -2.67869
2710 1232.83 986123 394.505 -2.6915
2720 1092.91 967875 395.046 -2.70245
2730 1005.28 937999 395.253 -2.70687
2740 995.167 969752 394.92 -2.701
2750 1011.11 1.02579e+06 394.312 -2.68947
2760 931.931 1.10233e+06 394.002 -2.6832
2770 1007.75 1.0157e+06 394.533 -2.69394
2780 1088.93 914947 395.208 -2.70645
2790 1048.04 934678 395.151 -2.70521
2800 1073.23 1.00937e+06 394.511 -2.69287
2810 1072.77 1.07084e+06 393.969 -2.68188
2820 1131.4 1.03161e+06 394.019 -2.68288
2830 1064.74 1.03442e+06 394.445 -2.69158
2840 1059.92 932479 395.081 -2.70423
2850 956.37 942122 395.172 -2.70596
2860 997.375 995115 394.729 -2.69739
2870 1097.1 1.01907e+06 394.224 -2.68744
2880 1092.12 1.05946e+06 393.939 -2.68163
2890 1076.54 1.02772e+06 394.16 -2.68614
2900 993.545 1.00912e+06 394.693 -2.69689
2910 1150 890756 395.171 -2.70598
2920 1009.75 998149 394.833 -2.69972
2930 1025.79 1.02004e+06 394.367 -2.69058
2940 1009.79 1.07499e+06 394.169 -2.68664
2950 1062.1 1.00973e+06 394.577 -2.69493
2960 1022.12 953026 395.095 -2.70466
2970 1171.74 917550 395.166 -2.70599
2980 1291.5 968778 394.51 -2.69443
2990 1133.13 1.12427e+06 393.68 -2.67828
3000 1102.91 1.05037e+06 393.828 -2.68213
3010 964.043 1.03094e+06 394.563 -2.69775
3020 1013.99 883240 395.426 -2.71476
3030 870.142 922279 395.343 -2.71347
3040 812.616 1.01738e+06 394.54 -2.69794
3050 901.802 1.0774e+06 393.891 -2.68437
3060 937.622 1.0894e+06 393.988 -2.68572
3070 1074.59 933163 394.753 -2.69975
3080 873.238 991345 395.119 -2.70557
3090 1056.59 916447 395.214 -2.70656
3100 1199.43 985383 394.666 -2.6954
3110 1182.54 1.05593e+06 393.968 -2.68088
3120 1066.6 1.1097e+06 393.829 -2.67792
3130 1167.72 997362 394.602 -2.69391
3140 1262.63 882802 395.334 -2.7076
3150 1116.23 961193 395.115 -2.70412
3160 1046.28 1.00667e+06 394.456 -2.69238
3170 885.787 1.11325e+06 393.973 -2.68302
3180 993.318 1.00978e+06 394.37 -2.69131
3190 943.425 996527 394.983 -2.70314
3200 1109.46 897231 395.435 -2.71162
3210 1086.47 955531 395.058 -2.70467
3220 1077.65 1.04131e+06 394.256 -2.68895
3230 966.388 1.11356e+06 393.88 -2.68129
3240 978.732 1.0535e+06 394.489 -2.69416
3250 1042.2 894733 395.512 -2.71334
3260 900.326 953892 395.722 -2.71658
3270 1075.36 925914 395.365 -2.70955
3280 1228.41 1.01475e+06 394.418 -2.69159
3290 1170.52 1.14884e+06 393.688 -2.67625
3300 1201.98 1.03964e+06 394.164 -2.68651
3310 983.503 986632 395.118 -2.70592
3320 943.667 896565 395.859 -2.71999
3330 984.528 919058 395.712 -2.71735
3340 1156.61 957420 394.758 -2.70009
3350 1009.55 1.15528e+06 393.586 -2.67646
3360 1048.32 1.12143e+06 393.715 -2.67933
3370 1056.33 976385 394.93 -2.70375
3380 978.585 880106 395.949 -2.72255
3390 1064.95 868981 395.85 -2.72091
3400 1086.11 1.01062e+06 394.623 -2.69803
3410 1076.37 1.12389e+06 393.485 -2.67467
3420 960.348 1.15746e+06 393.523 -2.67574
3430 1017.22 958561 394.845 -2.70265
3440 985.767 886438 395.903 -2.72141
3450 1103.2 853542 395.833 -2.72017
3460 1036.07 1.01505e+06 394.53 -2.6963
3470 998.399 1.17088e+06 393.397 -2.67209
3480 1056.52 1.1088e+06 393.742 -2.6793
3490 1056.39 952980 395.059 -2.7055
3500 990.285 864899 395.962 -2.72136
3510 1069.13 879669 395.621 -2.71529
3520 1125.78 1.0282e+06 394.23 -2.68943
3530 1060.23 1.19077e+06 393.174 -2.66674
3540 1150.41 1.07818e+06 393.72 -2.67855
3550 1066.94 934490 394.994 -2.7036
3560 927.766 918471 395.745 -2.71728
3570 1111.19 870960 395.636 -2.71558
3580 1203.46 975967 394.421 -2.69411
3590 973.985 1.19831e+06 393.115 -2.6672
3600 964.041 1.14653e+06 393.493 -2.67595
3610 994.14 931909 395.147 -2.70916
3620 982.171 833221 396.226 -2.72767
3630 1035.71 865444 395.761 -2.71967
3640 1028.56 1.05581e+06 394.138 -2.68913
3650 1026.94 1.21397e+06 393.086 -2.66581
3660 1163.18 1.05718e+06 393.805 -2.68095
3670 993.46 960265 395.161 -2.70725
3680 946.854 876563 396.101 -2.72423
3690 1036.25 866449 395.89 -2.72043
3700 1094.39 998187 394.504 -2.69489
3710 1025.22 1.19201e+06 393.21 -2.66746
3720 1058.14 1.11302e+06 393.519 -2.67395
3730 974.054 985807 394.918 -2.70202
3740 944.798 860914 396.13 -2.72383
3750 1001.13 865911 396.098 -2.72277
3760 1152.47 977615 394.842 -2.69956
3770 1193.31 1.13805e+06 393.45 -2.67081
3780 1107.53 1.16043e+06 393.297 -2.66754
3790 976.389 1.03712e+06 394.578 -2.69494
3800 1007.09 859451 396.144 -2.72426
3810 993.437 827993 396.454 -2.72931
3820 1056.66 950007 395.201 -2.70723
3830 1036.71 1.14368e+06 393.573 -2.674
3840 1073.24 1.1592e+06 393.196 -2.66533
3850 1023.75 1.06159e+06 394.279 -2.68837
3860 988.532 899984 395.884 -2.71924
3870 1075.96 795086 396.531 -2.73005
3880 1135.36 920799 395.382 -2.71036
3890 1114.81 1.13829e+06 393.561 -2.67417
3900 1078.87 1.21306e+06 393.004 -2.66176
3910 1057.31 1.03863e+06 394.279 -2.68942
3920 937.349 901090 395.959 -2.72135
3930 955.853 824868 396.704 -2.73409
3940 1111.02 865151 395.799 -2.7192
3950 953.103 1.13809e+06 393.849 -2.68103
3960 1054.32 1.1943e+06 393.053 -2.66262
3970 1006.81 1.10161e+06 394.043 -2.68414
3980 945.958 892084 395.885 -2.71997
3990 1008.74 806966 396.768 -2.73415
4000 1061.44 889845 395.878 -2.71865
4010 966.107 1.11068e+06 394.078 -2.68334
4020 1094.51 1.16921e+06 393.241 -2.66402
4030 1176.62 1.07667e+06 393.919 -2.67795
4040 1100.71 962224 395.323 -2.70613
4050 1121.15 830076 396.31 -2.72364
4060 1071.13 891974 395.799 -2.71508
4070 1086.81 1.05249e+06 394.329 -2.68755
4080 995.904 1.19184e+06 393.405 -2.66789
4090 1038.2 1.06351e+06 394.09 -2.68279
4100 986.096 941240 395.419 -2.70862
4110 1050.99 850895 396.157 -2.72175
4120 1083.13 900283 395.561 -2.71145
4130 1116.74 1.06307e+06 394.109 -2.68369
4140 1091.93 1.18249e+06 393.269 -2.66579
4150 1139.64 1.07356e+06 394.005 -2.68208
4160 1105.08 914692 395.4 -2.7093
4170 981.146 891110 396.068 -2.7215
4180 1038.41 898129 395.678 -2.715
4190 986.938 1.03501e+06 394.428 -2.69182
4200 931.8 1.15066e+06 393.528 -2.67272
4210 959.094 1.10443e+06 393.984 -2.68246
4220 1041.76 915496 395.277 -2.70748
4230 974.089 894733 395.91 -2.71811
4240 1012.56 956631 395.571 -2.71137
4250 1239.87 967889 394.758 -2.6956
4260 1171.76 1.10127e+06 393.794 -2.67647
4270 955.363 1.14214e+06 393.72 -2.67518
4280 984.735 1.00991e+06 394.9 -2.69997
4290 1143.84 837618 396.103 -2.72174
4300 1046.47 890062 395.909 -2.71834
4310 955.008 1.04505e+06 394.749 -2.69623
4320 1146.29 1.06926e+06 393.911 -2.6788
4330 1200.26 1.08264e+06 393.784 -2.67627
4340 1022.15 1.04276e+06 394.401 -2.68939
4350 999.905 930273 395.37 -2.70856
4360 1032.92 872598 395.675 -2.71421
4370 839.354 1.04103e+06 394.969 -2.70078
4380 1045.82 1.01881e+06 394.473 -2.69032
4390 1146.84 1.02112e+06 394.212 -2.68484
4400 1099.23 1.06713e+06 394.219 -2.68493
4410 1199.41 971115 394.729 -2.69508
4420 1153.83 943925 395.023 -2.70098
4430 1054.78 988856 394.834 -2.69796
4440 1037.06 1.02115e+06 394.537 -2.69259
4450 1100.98 996700 394.385 -2.69006
4460 1106.03 1.03907e+06 394.303 -2.68892
4470 1121.2 979595 394.473 -2.69288
4480 870.059 1.02595e+06 394.577 -2.69539
4490 888.928 984407 394.826 -2.70045
4500 1034.33 963130 394.956 -2.70271
4510 1115.06 967158 394.748 -2.69852
4520 1085.78 1.02341e+06 394.266 -2.6892
4530 1011.11 1.09456e+06 394.056 -2.68491
4540 1131.15 1.0017e+06 394.61 -2.69613
4550 1145.58 942450 395.208 -2.70757
4560 1104.35 931667 395.279 -2.70923
4570 1068.5 1.00908e+06 394.773 -2.70008
4580 1149.84 1.0443e+06 394.317 -2.69133
4590 1165.36 1.04591e+06 394.289 -2.69139
4600 1063.33 1.01935e+06 394.681 -2.7001
4610 933.192 958967 395.214 -2.711
4620 807.615 979799 395.436 -2.71541
4630 904.62 957503 395.401 -2.71459
4640 998.86 992613 395.018 -2.7068
4650 1034.01 1.05504e+06 394.6 -2.69789
4660 1070.16 1.03445e+06 394.643 -2.69817
4670 1170.39 990338 395.022 -2.7052
4680 1281.9 920236 395.248 -2.70947
4690 1033.74 1.03054e+06 394.895 -2.70309
4700 940.04 1.0277e+06 394.723 -2.69987
4710 968.912 1.00321e+06 394.817 -2.70174
4720 1007.57 1.00339e+06 394.968 -2.7046
4730 992.512 965172 395.112 -2.70715
4740 1006.62 975928 394.961 -2.70398
4750 1015.35 1.02834e+06 394.624 -2.69703
4760 1085.96 1.03768e+06 394.533 -2.69479
4770 1237.43 964344 394.737 -2.69853
4780 1194.12 989683 394.679 -2.69763
4790 1053.73 1.03804e+06 394.556 -2.69566
4800 1093.46 989049 394.713 -2.69924
4810 990.756 993729 394.814 -2.70165
4820 897.247 1.00803e+06 394.872 -2.703
4830 1023.44 959288 394.937 -2.70423
4840 1066.12 985648 394.685 -2.69933
4850 1005.49 1.05041e+06 394.341 -2.69236
4860 1065.67 1.02751e+06 394.413 -2.69363
4870 1068.79 995540 394.74 -2.69994
4880 998.12 995021 395.063 -2.7061
4890 1128.5 925440 395.261 -2.70978
4900 1235.07 946530 394.812 -2.70179
4910 1156.3 1.08214e+06 393.985 -2.68582
4920 1161.97 1.0583e+06 393.782 -2.68229
4930 905.468 1.08652e+06 394.245 -2.69279
4940 963.775 940749 395.359 -2.71536
4950 1054.58 872421 395.965 -2.72622
4960 1018.77 917688 395.408 -2.71648
4970 889.006 1.08802e+06 394.198 -2.69302
4980 1179.32 1.0695e+06 393.646 -2.68089
4990 1127.69 1.08338e+06 393.858 -2.68524
5000 911.806 1.02865e+06 394.811 -2.70529
5010 1032.01 835031 395.886 -2.72504
5020 990.402 909327 395.595 -2.71967
5030 978.737 1.03689e+06 394.463 -2.69754
5040 1131.59 1.09951e+06 393.662 -2.68063
5050 1182.22 1.07986e+06 393.764 -2.68259
5060 966.045 1.04219e+06 394.647 -2.7008
5070 1028.8 865326 395.772 -2.72228
5080 1074.11 861018 395.734 -2.72161
5090 964.297 1.0496e+06 394.537 -2.69867
5100 1059.2 1.08619e+06 393.675 -2.68063
5110 1016.64 1.09957e+06 393.679 -2.68056
5120 1032.38 995263 394.525 -2.69745
5130 1026.97 912067 395.343 -2.71257
5140 1030.48 887060 395.332 -2.71224
5150 969.11 1.03957e+06 394.411 -2.69451
5160 1171.14 1.05458e+06 393.73 -2.68013
5170 1123.65 1.08903e+06 393.647 -2.67833
5180 1086.29 1.02624e+06 394.329 -2.6926
5190 1052.18 917329 395.219 -2.70959
5200 1030.11 921205 395.399 -2.71292
5210 1063.84 975278 394.842 -2.70271
5220 977.306 1.07482e+06 394.118 -2.68832
5230 986.02 1.06756e+06 394.019 -2.68615
5240 1073.89 1.01592e+06 394.564 -2.69705
5250 1150.18 920149 395.201 -2.70901
5260 1029.07 949357 395.169 -2.70845
5270 1022.18 1.00267e+06 394.677 -2.699
5280 1036.22 1.03698e+06 394.186 -2.68939
5290 877.568 1.09478e+06 394.125 -2.6881
5300 1151.15 948158 394.759 -2.70036
5310 1109.01 962738 395.065 -2.70571
5320 1014.66 971961 394.976 -2.70401
5330 1073.51 996311 394.643 -2.69758
5340 1107.14 1.04236e+06 394.306 -2.69088
5350 1092.99 1.02777e+06 394.322 -2.69132
5360 1067.74 997754 394.616 -2.69733
5370 1130.3 949959 394.854 -2.70214
5380 1104.91 998924 394.708 -2.69969
5390 1099.6 1.00031e+06 394.5 -2.69612
5400 1028.1 1.02146e+06 394.313 -2.69298
5410 952.306 1.05755e+06 394.393 -2.695
5420 1054.7 958598 394.87 -2.70447
5430 980.15 958973 395.052 -2.70792
5440 1039.42 978645 394.844 -2.70395
5450 1174.62 1.00656e+06 394.448 -2.69618
5460 1164.44 1.0165e+06 394.09 -2.68947
5470 897.24 1.10254e+06 394.016 -2.68842
5480 1080.95 950538 394.669 -2.70163
5490 1023.65 960226 395.022 -2.70809
5500 920.931 982222 394.975 -2.70716
5510 1037.13 987638 394.755 -2.70275
5520 1097.48 1.01089e+06 394.43 -2.69616
5530 1016.94 1.03745e+06 394.232 -2.69203
5540 1105.05 1.00806e+06 394.343 -2.69411
5550 1177.1 973704 394.536 -2.69782
5560 1133.36 985250 394.519 -2.69777
5570 1078.69 996275 394.35 -2.69496
5580 960.042 1.04935e+06 394.201 -2.69241
5590 963.149 1.01293e+06 394.451 -2.69762
5600 978.336 946362 394.799 -2.70421
5610 957.359 967239 394.703 -2.70219
5620 1002 1.01501e+06 394.317 -2.69435
5630 1097.99 1.02213e+06 394.044 -2.68849
5640 1095.14 1.03931e+06 394.01 -2.68752
5650 1029.15 1.01967e+06 394.33 -2.69379
5660 1098.51 937805 394.771 -2.70213
5670 1032.61 990159 394.745 -2.70148
5680 1062.56 1.00244e+06 394.569 -2.69799
5690 1047.96 1.0005e+06 394.427 -2.69518
5700 1000.36 1.01476e+06 394.299 -2.69263
5710 958.832 1.04222e+06 394.341 -2.69336
5720 1037.15 969787 394.7 -2.70015
5730 1077.83 957317 394.812 -2.70193
5740 1010.96 1.01704e+06 394.593 -2.69739
5750 984.47 1.01502e+06 394.471 -2.69472
5760 1135.83 1.01019e+06 394.511 -2.69518
5770 1227.08 974685 394.614 -2.69705
5780 1031.51 1.04379e+06 394.586 -2.69675
5790 931.233 991056 394.856 -2.70233
5800 870.09 978954 395.088 -2.70662
5810 1036.35 957048 395.105 -2.70658
5820 1151.2 956017 394.713 -2.69898
5830 996.703 1.11362e+06 394.072 -2.68591
5840 1074.26 1.023e+06 394.288 -2.69005
5850 1121.58 968683 394.788 -2.69943
5860 1118.18 953391 395.006 -2.70359
5870 1036.27 964328 394.793 -2.69978
5880 975.088 1.03348e+06 394.293 -2.6901
5890 946.121 1.06415e+06 394.089 -2.68589
5900 1013.65 1.03062e+06 394.474 -2.69355
5910 1187.85 899598 395.04 -2.70402
5920 1007.11 987510 394.846 -2.70024
5930 869.876 1.03381e+06 394.483 -2.69289
5940 1001.46 1.00015e+06 394.392 -2.69066
5950 1220.28 1.01147e+06 394.348 -2.68931
5960 1290.74 990116 394.384 -2.68997
5970 1062.68 1.01262e+06 394.372 -2.69021
5980 828.45 1.04588e+06 394.503 -2.69323
5990 1045.64 952339 394.953 -2.70204
6000 1148.25 913413 394.989 -2.70268
6010 1001.71 1.02533e+06 394.322 -2.69014
6020 996.978 1.10128e+06 393.893 -2.68127
6030 1141.24 1.00353e+06 394.279 -2.68898
6040 1086.34 963721 394.768 -2.69842
6050 995.482 964138 394.931 -2.7016
6060 1056.09 959412 394.736 -2.698
6070 1075.7 1.02811e+06 394.219 -2.68813
6080 1027.86 1.07455e+06 393.972 -2.68314
6090 1048.33 1.01725e+06 394.358 -2.69095
6100 960.92 982495 394.937 -2.70225
6110 1066.73 919200 395.309 -2.7091
6120 1248.41 914595 394.939 -2.70251
6130 1274.11 1.04384e+06 393.871 -2.68266
6140 1097.43 1.17247e+06 393.26 -2.67065
6150 987.059 1.05136e+06 394.085 -2.68918
6160 851.656 917454 395.415 -2.71503
6170 926.676 858901 395.975 -2.72495
6180 1013.63 914786 395.258 -2.71223
6190 1008.35 1.07912e+06 393.808 -2.68404
6200 905.663 1.21358e+06 393.158 -2.66954
6210 968.407 1.03468e+06 394.275 -2.69301
6220 1002.46 890730 395.769 -2.7202
6230 1132.59 829848 396.245 -2.72773
6240 1202.19 904341 395.16 -2.70903
6250 1062.5 1.15808e+06 393.345 -2.67269
6260 1061.69 1.21458e+06 392.918 -2.66293
6270 1112.93 1.01433e+06 394.33 -2.69307
6280 1047.08 883414 395.949 -2.7231
6290 1062.11 814019 396.444 -2.73175
6300 988.384 915979 395.267 -2.71201
6310 930.053 1.15212e+06 393.431 -2.67512
6320 1022.04 1.19847e+06 392.924 -2.66329
6330 1131.33 1.02211e+06 394.145 -2.68906
6340 1025.8 902109 395.627 -2.71647
6350 1033.09 854767 396.189 -2.72617
6360 1118.52 900501 395.405 -2.71269
6370 1054.61 1.10369e+06 393.818 -2.68186
6380 1066.06 1.17687e+06 393.153 -2.66714
6390 1206.02 1.02578e+06 394.005 -2.68518
6400 1102.85 921970 395.148 -2.70719
6410 910.833 944722 395.637 -2.71636
6420 943.236 912613 395.504 -2.71415
6430 892.527 1.00923e+06 394.656 -2.69829
6440 946.45 1.1079e+06 393.934 -2.68283
6450 1280.43 995045 394.053 -2.68451
6460 1174.22 1.00865e+06 394.268 -2.68852
6470 997.829 1.00527e+06 394.531 -2.69391
6480 998.792 971329 394.831 -2.6998
6490 1145.8 922178 394.824 -2.69979
6500 1132.57 1.00962e+06 394.194 -2.68815
6510 1077.25 1.08031e+06 393.662 -2.67759
6520 1139.48 1.02768e+06 393.791 -2.68059
6530 949.161 1.02368e+06 394.26 -2.69048
6540 814.279 960621 394.88 -2.70265
6550 886.33 937326 395.164 -2.70765
6560 1131.15 926521 394.819 -2.70094
6570 1090.57 1.07645e+06 393.956 -2.68362
6580 1197.28 1.04803e+06 393.64 -2.67671
6590 1233.91 1.04922e+06 393.867 -2.68148
6600 1081.66 1.00554e+06 394.511 -2.69498
6610 957.246 926661 395.181 -2.70815
6620 1060.15 902521 395.165 -2.70826
6630 1056.37 1.02331e+06 394.344 -2.69299
6640 1119.55 1.08745e+06 393.722 -2.68036
6650 1182.84 1.03239e+06 393.832 -2.68297
6660 936.72 1.04894e+06 394.352 -2.69408
6670 927.931 926316 395.192 -2.71072
6680 981.639 915567 395.416 -2.71465
6690 1070.98 966909 394.869 -2.70421
6700 1105.37 1.04694e+06 394.039 -2.68805
6710 1089.02 1.10188e+06 393.668 -2.68025
6720 1175.87 1.00704e+06 394.14 -2.68995
6730 941.8 1.00625e+06 394.79 -2.70299
6740 915.569 909967 395.375 -2.7142
6750 1062.14 930367 395.209 -2.71102
6760 1216.72 972321 394.364 -2.6951
6770 1070.2 1.12667e+06 393.392 -2.67586
6780 1003.47 1.11547e+06 393.504 -2.67857
6790 1047.46 968776 394.623 -2.70102
6800 946.522 903750 395.503 -2.71728
6810 977.179 882503 395.451 -2.7164
6820 912.61 1.02344e+06 394.433 -2.69693
6830 1028.73 1.08062e+06 393.548 -2.67835
6840 962.353 1.12783e+06 393.505 -2.677
6850 1083.95 968603 394.469 -2.69594
6860 1116.2 929065 395.263 -2.70995
6870 1143.53 901161 395.339 -2.7111
6880 1177.88 974940 394.556 -2.6968
6890 1150.2 1.10533e+06 393.605 -2.67783
6900 1027.51 1.11261e+06 393.567 -2.6775
6910 897.192 1.01321e+06 394.547 -2.69811
6920 1038.84 854830 395.573 -2.717
6930 1064.02 899107 395.364 -2.71323
6940 954.757 1.0289e+06 394.244 -2.69198
6950 919.99 1.13065e+06 393.414 -2.67439
6960 1194.55 1.05982e+06 393.709 -2.68017
6970 1242.91 940469 394.526 -2.69584
6980 885.714 983130 394.929 -2.70349
6990 940.58 945697 395.057 -2.70595
7000 1062.42 986205 394.754 -2.69993
7010 1143.16 1.00949e+06 394.292 -2.69068
7020 1062.82 1.05725e+06 393.966 -2.68416
7030 1039.1 1.05705e+06 394.171 -2.68846
7040 1175.2 937051 394.798 -2.7007
7050 1091.53 951784 394.952 -2.70374
7060 1007.54 984025 394.628 -2.69795
7070 931.165 1.05447e+06 394.218 -2.68997
7080 974.871 1.0191e+06 394.231 -2.69012
7090 1091.14 996805 394.456 -2.69429
7100 1241.91 955541 394.629 -2.69757
7110 1089.11 978277 394.421 -2.69402
7120 813.925 1.10068e+06 394.119 -2.68827
7130 1023.94 995786 394.575 -2.69744
7140 1221.08 919457 395.027 -2.70564
7150 1142.66 966175 394.794 -2.70145
7160 1035.91 1.03654e+06 394.264 -2.69144
7170 1081.89 1.03804e+06 394.037 -2.68715
7180 984.467 1.04498e+06 394.188 -2.69051
7190 852.867 1.02286e+06 394.769 -2.70248
7200 1057.93 876523 395.422 -2.71452
7210 1043.61 964184 395.12 -2.70854
7220 1175.09 986850 394.357 -2.69379
7230 1055.16 1.12781e+06 393.651 -2.67952
7240 1045.25 1.06505e+06 393.965 -2.68623
7250 990.39 1.00398e+06 394.953 -2.70596
7260 1057.9 875787 395.882 -2.72338
7270 1074.76 872898 395.699 -2.72034
7280 1070.53 1.04078e+06 394.462 -2.69676
7290 1122.87 1.1136e+06 393.514 -2.6773
7300 907.659 1.14686e+06 393.706 -2.68194
7310 1024.08 933030 395.063 -2.709
7320 1057.35 863899 395.895 -2.72345
7330 1025.13 897702 395.473 -2.71593
7340 1126.84 1.03631e+06 394.152 -2.69104
7350 1179.94 1.13976e+06 393.194 -2.6707
7360 1026.01 1.1103e+06 393.482 -2.67715
7370 896.443 1.00626e+06 394.771 -2.70408
7380 1037.96 845395 396.048 -2.72727
7390 1165.97 851670 395.956 -2.72559
7400 1125.16 999553 394.527 -2.69991
7410 1047.37 1.19301e+06 393.205 -2.67212
7420 1173.5 1.09936e+06 393.472 -2.67803
7430 1007.34 1.00031e+06 394.734 -2.7041
7440 1067.88 854732 395.919 -2.72632
7450 1056.94 850089 395.799 -2.72472
7460 896.686 1.04502e+06 394.406 -2.69904
7470 907.678 1.15593e+06 393.399 -2.67739
7480 1152.54 1.0575e+06 393.734 -2.68405
7490 1103.83 966723 394.631 -2.70134
7500 905.351 951138 395.272 -2.71335
7510 1039.98 896864 395.372 -2.71508
7520 1038.89 1.00224e+06 394.633 -2.70102
7530 1026.37 1.08243e+06 393.891 -2.68565
7540 1070.59 1.07939e+06 393.913 -2.68581
7550 1164.62 986287 394.606 -2.6995
7560 1056.64 933489 395.207 -2.71081
7570 1009.5 938789 395.203 -2.71078
7580 1104.92 990616 394.645 -2.70024
7590 1189.12 1.04245e+06 394.005 -2.68779
7600 1020.95 1.11434e+06 393.821 -2.68446
7610 985.89 1.03836e+06 394.609 -2.70135
7620 1056.51 874124 395.684 -2.72172
7630 968.997 875170 395.667 -2.7215
7640 841.905 1.05107e+06 394.593 -2.70111
7650 947.985 1.09904e+06 393.921 -2.6864
7660 1076.51 1.04627e+06 394.135 -2.69006
7670 1081.09 974779 394.776 -2.70219
7680 1146.89 932642 395.208 -2.70979
7690 1172.74 924033 394.989 -2.70571
7700 1030.87 1.05404e+06 394.172 -2.69025
7710 986.756 1.11942e+06 393.854 -2.68361
7720 1173.88 969677 394.467 -2.69589
7730 961.731 990942 394.993 -2.70602
7740 875.59 937008 395.303 -2.71194
7750 888.809 965926 395.105 -2.70785
7760 954.645 992866 394.556 -2.69681
7770 959.89 1.09587e+06 394.045 -2.68573
7780 1219.92 1.00768e+06 394.283 -2.68967
7790 1277.3 944592 394.619 -2.69551
7800 1049.11 1.02245e+06 394.565 -2.69449
7810 1009.92 985196 394.598 -2.69528
7820 1012.24 1.00531e+06 394.566 -2.69468
7830 1048 998542 394.548 -2.69426
7840 1068.02 1.0159e+06 394.554 -2.69434
7850 1084.42 974270 394.652 -2.69626
7860 940.063 1.0127e+06 394.59 -2.69506
7870 1020.52 993314 394.585 -2.69482
7880 1165.64 985379 394.542 -2.69379
7890 1201.85 1.00728e+06 394.388 -2.69086
7900 1146.05 1.00883e+06 394.28 -2.68922
7910 958.525 1.04199e+06 394.315 -2.69045
7920 1009.66 966716 394.635 -2.69701
7930 946.916 1.00563e+06 394.761 -2.6995
7940 985.294 971173 394.848 -2.70115
7950 961.362 1.0021e+06 394.739 -2.6988
7960 1038.76 987717 394.595 -2.69563
7970 1019.37 1.04883e+06 394.422 -2.69186
7980 1107.68 1.00794e+06 394.63 -2.69572
7990 1252.38 925963 394.871 -2.70011
8000 1101.1 1.04185e+06 394.599 -2.69502
8010 1047.98 1.00715e+06 394.565 -2.69469
8020 953.47 1.02606e+06 394.694 -2.69752
8030 1045.24 954464 394.954 -2.70268
8040 1027.89 1.00233e+06 394.92 -2.70197
8050 1144.38 957227 394.792 -2.69957
8060 1021.74 1.03323e+06 394.377 -2.69182
8070 981.105 1.08471e+06 394.295 -2.69026
8080 1250.05 923780 394.803 -2.70018
8090 1133.65 1.00889e+06 394.842 -2.70113
8100 1131.84 976747 394.815 -2.70124
8110 982.555 1.01965e+06 394.659 -2.69885
8120 904.033 1.01751e+06 394.655 -2.69913
8130 943.724 990013 394.797 -2.7019
8140 1053.23 975492 394.869 -2.70311
8150 1063.55 965056 394.682 -2.69952
8160 930.697 1.09419e+06 394.332 -2.69233
8170 1272.55 948946 394.596 -2.6973
8180 1139.44 1.03954e+06 394.638 -2.69813
8190 1132.27 987062 394.886 -2.70352
8200 1118.94 952841 395.047 -2.70711
8210 893.272 1.05104e+06 394.89 -2.7045
8220 890.521 1.00037e+06 395.065 -2.70811
8230 915.622 987193 395.307 -2.71261
8240 1000.74 942607 395.364 -2.71333
8250 1022.14 999904 394.999 -2.70575
8260 1130.25 988224 394.537 -2.69633
8270 955.224 1.10195e+06 394.112 -2.68749
8280 1084 1.04167e+06 394.524 -2.69576
8290 1304.08 883235 395.232 -2.70881
8300 1113.08 986461 395.071 -2.70588
8310 1065.53 1.02166e+06 394.67 -2.69845
8320 1035.87 1.03914e+06 394.514 -2.69567
8330 978.034 1.01411e+06 394.685 -2.69935
8340 857.506 1.02519e+06 395.051 -2.70673
8350 968.155 907917 395.519 -2.71544
8360 1031.51 924303 395.214 -2.70957
8370 1091.61 1.05581e+06 394.297 -2.69126
8380 1247.36 1.04933e+06 393.778 -2.68029
8390 1037.56 1.11583e+06 393.859 -2.68227
8400 864.19 1.01404e+06 394.888 -2.70387
8410 884.503 873050 396.018 -2.72446
8420 998.734 852233 395.995 -2.72363
8430 1025.12 1.00167e+06 394.688 -2.69932
8440 1082.6 1.14501e+06 393.414 -2.67202
8450 1140.44 1.12664e+06 393.425 -2.67167
8460 1090.12 1.02136e+06 394.595 -2.69581
8470 1122.51 860602 395.903 -2.72006
8480 1143.73 841907 395.958 -2.72116
8490 1020.88 1.01619e+06 394.647 -2.69739
8500 1053.8 1.13539e+06 393.469 -2.6729
8510 1085.58 1.11652e+06 393.502 -2.67375
8520 968.912 1.01729e+06 394.603 -2.69678
8530 876.155 899239 395.83 -2.71972
8540 939.01 867275 396.145 -2.72491
8550 1170.97 915048 395.218 -2.70835
8560 1158.18 1.11484e+06 393.626 -2.67686
8570 1158.68 1.18287e+06 393.073 -2.66455
8580 1243.15 1.01941e+06 394.071 -2.68585
8590 1047.1 918710 395.321 -2.71024
8600 822.362 901846 395.832 -2.7197
8610 911.292 925583 395.412 -2.71214
8620 1088.25 1.00176e+06 394.316 -2.69151
8630 1017.79 1.1605e+06 393.357 -2.6713
8640 1109.19 1.07493e+06 393.728 -2.67901
8650 1041.02 978156 394.835 -2.70072
8660 1060.63 872386 395.687 -2.71641
8670 1090.32 894974 395.411 -2.71163
8680 1025.92 1.05377e+06 394.237 -2.68919
8690 1033.37 1.12721e+06 393.536 -2.67433
8700 1123.88 1.04615e+06 393.934 -2.6826
8710 1007.59 988483 394.811 -2.69992
8720 916.818 935805 395.569 -2.7143
8730 1057.03 864305 395.663 -2.71596
8740 1100.44 978326 394.607 -2.69678
8750 1061.17 1.14514e+06 393.425 -2.67226
8760 1147.37 1.09332e+06 393.441 -2.67238
8770 1109.68 1.02333e+06 394.386 -2.69202
8780 1067.83 903273 395.482 -2.71299
8790 1035.04 877776 395.707 -2.71725
8800 972.389 980539 394.852 -2.70188
8810 943.569 1.09644e+06 393.843 -2.68141
8820 1058.4 1.09724e+06 393.686 -2.67787
8830 1078.49 1.01711e+06 394.4 -2.69229
8840 1045.94 941016 395.284 -2.70908
8850 1068.77 895660 395.606 -2.71485
8860 1096.91 922667 394.959 -2.70344
8870 1025.48 1.09656e+06 393.752 -2.67974
8880 1145.63 1.10478e+06 393.288 -2.66986
8890 964.527 1.09087e+06 393.885 -2.68289
8900 904.831 931023 395.203 -2.70888
8910 920.696 857498 395.909 -2.72101
8920 926.227 932150 395.355 -2.7106
8930 1075.16 1.04559e+06 394.189 -2.68735
8940 1299.9 1.0913e+06 393.41 -2.67053
8950 1299.05 1.09408e+06 393.518 -2.67287
8960 1131.99 1.00644e+06 394.442 -2.69236
8970 930.738 926253 395.436 -2.71182
8980 900.981 897597 395.735 -2.71747
8990 950.984 964644 395.122 -2.70619
9000 998.504 1.03738e+06 394.178 -2.68752
9010 988.782 1.11932e+06 393.639 -2.67601
9020 1065.06 1.05878e+06 394.13 -2.686
9030 1146.13 921560 395.118 -2.70471
9040 1107.85 896366 395.433 -2.7102
9050 1060.54 984088 394.843 -2.69927
9060 1162.88 1.02981e+06 394.058 -2.68392
9070 1083.14 1.08768e+06 393.604 -2.675
9080 934.975 1.08585e+06 393.957 -2.68289
9090 928.017 950602 395.018 -2.70403
9100 881.004 884877 395.644 -2.71501
9110 953.18 931384 395.246 -2.70731
9120 1133.17 1.01078e+06 394.21 -2.68707
9130 1209.23 1.10254e+06 393.318 -2.66826
9140 1143.25 1.11197e+06 393.364 -2.66923
9150 1179.65 998545 394.389 -2.6906
9160 1239.08 852931 395.348 -2.70871
9170 972.831 930776 395.072 -2.70452
9180 775.266 1.06019e+06 394.173 -2.6873
9190 867.951 1.08283e+06 393.782 -2.67905
9200 1034.82 1.01429e+06 394.117 -2.68536
9210 1160.12 952043 394.605 -2.69419
9220 1211.16 931147 394.647 -2.69481
9230 1117.55 1.00983e+06 394.119 -2.68501
9240 960.545 1.08921e+06 393.699 -2.6768
9250 946.27 1.03755e+06 394.036 -2.6838
9260 1079.7 946028 394.698 -2.69647
9270 1064.76 936660 394.906 -2.70016
9280 1094.69 962900 394.522 -2.69302
9290 1063.21 1.05895e+06 393.854 -2.68003
9300 1007.68 1.10295e+06 393.73 -2.67759
9310 1041.62 982726 394.455 -2.69221
9320 1064.31 919876 395.061 -2.70341
9330 1132.15 938167 394.951 -2.70141
9340 1195 982425 394.263 -2.68877
9350 1105.54 1.09951e+06 393.49 -2.67383
9360 964.953 1.126e+06 393.624 -2.67742
9370 1000.49 953304 394.783 -2.70108
9380 915.041 894509 395.597 -2.71577
9390 1032.64 901659 395.416 -2.71244
9400 1268.41 966715 394.333 -2.69261
9410 1203.35 1.14115e+06 393.056 -2.66716
9420 1001.4 1.18257e+06 393.054 -2.66796
9430 936.329 983401 394.59 -2.70041
9440 867.167 873789 396.043 -2.72674
9450 940.711 852616 396.315 -2.73113
9460 1101.48 889606 395.184 -2.71153
9470 997.999 1.14452e+06 393.201 -2.67276
9480 874.886 1.28465e+06 392.582 -2.65823
9490 1139.52 975284 394.279 -2.69393
9500 1084.37 848041 395.911 -2.72204
9510 1027.19 849365 396.131 -2.72534
9520 1124.59 931566 394.953 -2.70453
9530 1154.05 1.12154e+06 393.227 -2.67028
9540 1029.48 1.24933e+06 392.686 -2.65844
9550 1137.56 1.002e+06 394.186 -2.69101
9560 1056.37 851616 395.801 -2.72013
9570 816.184 880721 396.1 -2.72516
9580 863.962 917049 395.225 -2.70951
9590 976.862 1.07705e+06 393.681 -2.67932
9600 960.35 1.19984e+06 392.886 -2.66118
9610 993.668 1.06619e+06 393.81 -2.68043
9620 1174.1 875685 395.309 -2.70796
9630 1313.25 846005 395.721 -2.71435
9640 1309.22 940749 394.732 -2.69715
9650 1036.04 1.13384e+06 393.28 -2.66904
9660 928.846 1.19011e+06 393.048 -2.66446
9670 1217.11 965454 394.384 -2.69244
9680 1146.16 873613 395.503 -2.71311
9690 900.087 917836 395.483 -2.71329
9700 832.665 1.01095e+06 394.725 -2.69905
9710 1113.81 1.02138e+06 393.992 -2.68443
9720 1155.87 1.08327e+06 393.558 -2.67554
9730 1062.94 1.05694e+06 393.848 -2.68176
9740 927.43 971543 394.635 -2.69744
9750 985.225 903703 395.153 -2.70695
9760 1133.63 929529 394.809 -2.7006
9770 1242.38 1.02134e+06 393.848 -2.68224
9780 1164.67 1.11621e+06 393.124 -2.66783
9790 976.786 1.11149e+06 393.452 -2.67563
9800 1032.07 956948 394.715 -2.70142
9810 1126.62 847971 395.587 -2.71734
9820 957.058 927529 395.127 -2.70961
9830 893.898 1.08134e+06 394.056 -2.68853
9840 1049.78 1.07488e+06 393.633 -2.6794
9850 1078.05 1.04754e+06 393.942 -2.68558
9860 1015.35 984138 394.678 -2.70002
9870 1061.86 893716 395.217 -2.70993
9880 1124.58 942792 394.839 -2.70308
9890 1087.26 1.08673e+06 394.025 -2.68687
9900 1269.49 1.01411e+06 393.832 -2.68306
9910 1039.3 1.06932e+06 393.944 -2.68596
9920 896.078 1.02811e+06 394.614 -2.70028
9930 1013.65 888404 395.469 -2.71656
9940 1058.13 889223 395.353 -2.71459
9950 1062.68 1.01194e+06 394.267 -2.69433
9960 1064.24 1.12789e+06 393.322 -2.67484
9970 1006.01 1.10911e+06 393.509 -2.67893
9980 1056.54 960570 394.636 -2.70164
9990 1086.2 870764 395.424 -2.71576
10000 1046.53 910021 395.045 -2.70917
