# Time-averaged data for fix 4
# TimeStep c_mytemp c_mypress v_vmyvol v_avgEtotal
10 1314.19 881874 395.922 -2.68336
20 1157.09 871524 396.221 -2.68912
30 1010.63 990407 395.538 -2.67688
40 1109.81 1.02399e+06 394.691 -2.66029
50 1063.08 1.10972e+06 394.133 -2.64867
60 1044.6 1.08968e+06 394.433 -2.65472
70 1232.25 943550 395.384 -2.6728
80 1347.89 882650 395.918 -2.68177
90 1303.16 945048 395.54 -2.67472
100 1255.48 1.01093e+06 394.696 -2.65854
110 1282.72 1.08355e+06 393.979 -2.6443
120 1270.81 1.10962e+06 393.954 -2.64421
130 1302.52 995911 394.746 -2.66091
140 1154.32 939105 395.543 -2.67647
150 1088.65 910379 395.833 -2.68221
160 1199.13 932993 395.387 -2.67444
170 1326.18 1.05164e+06 394.468 -2.65671
180 1359.3 1.09206e+06 393.937 -2.64612
190 1294.68 1.07688e+06 394.165 -2.65172
200 1235.97 982631 394.979 -2.66892
210 1142.78 928707 395.679 -2.68273
220 1112.73 882476 395.739 -2.68449
230 970.785 1.0383e+06 394.984 -2.67055
240 1133.51 1.06566e+06 394.458 -2.65931
250 1345.91 1.00435e+06 394.43 -2.65836
260 1340.58 1.04405e+06 394.538 -2.66054
270 1359.85 988376 394.934 -2.66875
280 1274 948889 395.249 -2.6754
290 1111.58 967274 395.162 -2.67449
300 1074.64 1.03973e+06 394.859 -2.6689
310 1268.09 981745 394.78 -2.66749
320 1102.52 1.04056e+06 394.66 -2.66533
330 1068.26 1.02839e+06 394.82 -2.6686
340 1145.62 969624 395.201 -2.67564
350 1137.52 957561 395.342 -2.67793
360 1041.56 1.01642e+06 395.199 -2.67463
370 1305.71 945813 395.062 -2.67139
380 1332.72 1.00233e+06 394.605 -2.66225
390 1219.75 1.08134e+06 394.182 -2.65355
400 1262.38 1.04375e+06 394.367 -2.65735
410 1320.43 963204 394.899 -2.66792
420 1265.83 970390 395.178 -2.67351
430 1155.1 957711 395.184 -2.67409
440 984.893 1.03288e+06 394.909 -2.6691
450 1053.48 1.05814e+06 394.876 -2.66827
460 1366.08 919074 395.211 -2.67431
470 1321.56 955912 395.002 -2.67034
480 1099.74 1.06745e+06 394.477 -2.66013
490 1122.05 1.05043e+06 394.439 -2.65929
500 1197.74 975131 394.781 -2.66578
510 1108.42 1.00919e+06 395.01 -2.66996
520 1199.44 947459 395.224 -2.67378
530 1199.11 963716 395.063 -2.67046
540 1086.75 1.05018e+06 394.649 -2.66202
550 1161 1.04425e+06 394.599 -2.66053
560 1280.76 989198 394.9 -2.66597
570 1207.13 964386 395.119 -2.6698
580 1213.04 978303 395.076 -2.66875
590 1353.7 975799 394.829 -2.66397
600 1243.92 1.05962e+06 394.46 -2.65689
610 1134.28 1.05576e+06 394.531 -2.65863
620 1127.62 991949 395.043 -2.66888
630 1171.82 952836 395.495 -2.67741
640 1116.85 955633 395.573 -2.67868
650 1255.57 947581 395.265 -2.6727
660 1366.23 1.0195e+06 394.579 -2.65958
670 1279.88 1.09391e+06 394.079 -2.64951
680 1219.01 1.05225e+06 394.301 -2.6545
690 1191.83 991352 394.945 -2.66768
700 1157.45 945223 395.531 -2.67911
710 1201.71 903662 395.633 -2.68126
720 1173.33 987640 395.018 -2.67002
730 1207.88 1.08216e+06 394.327 -2.65615
740 1259.31 1.03504e+06 394.223 -2.65403
750 1100.29 1.04214e+06 394.479 -2.65931
760 1122.85 1.01415e+06 395.07 -2.67127
770 1356.07 866864 395.657 -2.68217
780 1225.34 953061 395.306 -2.67594
790 1146.11 1.04774e+06 394.565 -2.66143
800 1183.98 1.07991e+06 394.188 -2.65383
810 1119.13 1.08195e+06 394.495 -2.66042
820 1189.56 929282 395.349 -2.67694
830 1071.79 955319 395.772 -2.68436
840 1186.89 899847 395.696 -2.68277
850 1177.77 1.00797e+06 394.927 -2.66809
860 1234.38 1.08227e+06 394.207 -2.65286
870 1328.98 1.06902e+06 394.138 -2.65112
880 1295.83 1.03066e+06 394.639 -2.66145
890 1184.74 959968 395.375 -2.67596
900 1217.34 887414 395.749 -2.68308
910 1162.89 973547 395.296 -2.67499
920 1169.14 1.04473e+06 394.592 -2.66113
930 1194.58 1.07772e+06 394.296 -2.65501
940 1244.02 992943 394.535 -2.6598
950 1120.43 1.01507e+06 394.828 -2.66553
960 1121.31 973585 395.178 -2.67232
970 1138.95 960786 395.33 -2.67492
980 1219.46 973696 395.173 -2.67157
990 1302.79 1.00501e+06 394.802 -2.66424
1000 1299.46 1.05436e+06 394.516 -2.65841
1010 1396.19 986445 394.58 -2.66
1020 1153.09 1.05221e+06 394.664 -2.66229
1030 1077.31 991271 395.078 -2.67102
1040 1071.15 962924 395.45 -2.67812
1050 1152.5 957057 395.518 -2.67925
1060 1289.75 960584 395.217 -2.67349
1070 1241.6 1.04918e+06 394.681 -2.66279
1080 1206.45 1.04193e+06 394.468 -2.65853
1090 1243.56 1.05455e+06 394.666 -2.66273
1100 1355.57 945379 395.198 -2.67332
1110 1124.56 1.00226e+06 395.435 -2.67812
1120 1172.35 944837 395.554 -2.68073
1130 1303.61 978522 395.314 -2.67638
1140 1474.63 968727 394.84 -2.66788
1150 1254.24 1.07258e+06 394.199 -2.65652
1160 922.476 1.15529e+06 394.21 -2.6578
1170 1076.19 962620 395.282 -2.67972
1180 1045.21 905416 396.153 -2.69549
1190 1103.39 905083 396.249 -2.69674
1200 1283.93 917800 395.529 -2.68339
1210 1274.94 1.05037e+06 394.225 -2.65827
1220 1130.14 1.22204e+06 393.418 -2.6407
1230 1267.83 1.04903e+06 394.2 -2.65748
1240 1193.58 942849 395.488 -2.68188
1250 1158.01 884063 396.289 -2.69629
1260 1299.51 853495 396.108 -2.69328
1270 1235.25 1.01269e+06 394.838 -2.67023
1280 1200.36 1.14146e+06 393.654 -2.64559
1290 1117.03 1.17349e+06 393.667 -2.64615
1300 1171.29 984136 394.936 -2.67239
1310 1132.76 904616 396.168 -2.69487
1320 1106.09 841330 396.567 -2.70165
1330 1090.57 924568 395.71 -2.68661
1340 1169.41 1.08478e+06 394.304 -2.65807
1350 1233.88 1.17219e+06 393.58 -2.64195
1360 1128.35 1.13713e+06 394.246 -2.65667
1370 1309.15 882990 395.877 -2.68814
1380 1265.34 843996 396.69 -2.70137
1390 1275.91 853218 396.153 -2.69249
1400 1235.43 1.0459e+06 394.542 -2.66294
1410 1279.3 1.19891e+06 393.326 -2.63659
1420 1296.21 1.12415e+06 393.619 -2.64333
1430 1070.57 1.01e+06 394.958 -2.67165
1440 1010.38 852556 396.316 -2.69657
1450 1121.04 834129 396.51 -2.69956
1460 1210.98 933026 395.362 -2.6793
1470 1242.3 1.13883e+06 393.766 -2.64691
1480 1344.7 1.15876e+06 393.218 -2.63428
1490 1228.73 1.10702e+06 393.992 -2.65126
1500 1158.76 928717 395.554 -2.68291
1510 1192.16 818583 396.537 -2.69965
1520 1108.37 925277 396.135 -2.69238
1530 1121.24 1.00234e+06 395.061 -2.67207
1540 1102.35 1.13292e+06 394.098 -2.65189
1550 1213.82 1.07983e+06 394.109 -2.65151
1560 1221.81 1.02817e+06 394.837 -2.66593
1570 1226.8 892269 395.703 -2.6821
1580 1144.16 921604 395.781 -2.68311
1590 1186.54 981488 395.214 -2.672
1600 1289.25 1.02603e+06 394.47 -2.65756
1610 1260.11 1.12316e+06 394.048 -2.6486
1620 1421.98 1.01141e+06 394.479 -2.65752
1630 1149.5 1.02097e+06 395.135 -2.67109
1640 1032.74 910399 395.828 -2.68465
1650 930.349 940445 395.9 -2.68574
1660 1254.53 907232 395.365 -2.67575
1670 1315.6 1.07433e+06 394.254 -2.65402
1680 1362.12 1.13551e+06 393.698 -2.64182
1690 1445.11 1.03937e+06 394.162 -2.65178
1700 1140.22 1.03736e+06 395.072 -2.67105
1710 1186.3 874211 396.123 -2.69152
1720 1136.51 869863 396.238 -2.69387
1730 961.077 974253 395.297 -2.67705
1740 982.452 1.12589e+06 394.23 -2.65491
1750 1271.24 1.05863e+06 394.032 -2.64987
1760 1116.32 1.09421e+06 394.479 -2.65867
1770 1168.72 948709 395.541 -2.67945
1780 1299.21 859707 396.207 -2.69061
1790 1275.05 936794 395.805 -2.68296
1800 1325.37 1.00668e+06 394.833 -2.6646
1810 1222.36 1.15692e+06 394.061 -2.64861
1820 1354.48 1.04327e+06 394.374 -2.65537
1830 1183.86 1.00513e+06 395.151 -2.67129
1840 1117.72 903367 395.892 -2.68577
1850 1054.71 922846 395.905 -2.68609
1860 1017.6 992238 395.288 -2.67421
1870 1133.17 1.03746e+06 394.607 -2.66033
1880 1285.56 1.07362e+06 394.26 -2.65257
1890 1347.21 1.01354e+06 394.453 -2.65606
1900 1225.05 1.01984e+06 394.843 -2.66373
1910 1224.11 938126 395.295 -2.67257
1920 1113.72 974483 395.344 -2.67345
1930 1222.23 980362 395.127 -2.66928
1940 1228.77 1.01727e+06 394.776 -2.66247
1950 1191.79 1.04699e+06 394.596 -2.65884
1960 1204.33 1.00616e+06 394.742 -2.66174
1970 1152.73 1.02737e+06 395.016 -2.66725
1980 1267.19 916628 395.39 -2.6744
1990 1259.12 984073 395.217 -2.67118
2000 1251.82 1.00428e+06 394.84 -2.66404
2010 1088.76 1.09485e+06 394.623 -2.65992
2020 1241.04 978533 394.997 -2.66756
2030 1174.74 978791 395.318 -2.67357
2040 1174.86 978068 395.441 -2.67599
2050 1318.32 918507 395.314 -2.67386
2060 1126.23 1.09318e+06 394.741 -2.66277
2070 1270.94 1.03308e+06 394.709 -2.66211
2080 1309.84 999238 395.044 -2.66894
2090 1246.52 960543 395.334 -2.67492
2100 1199.68 973577 395.351 -2.67567
2110 1229.51 970462 395.126 -2.67189
2120 1147.25 1.04677e+06 394.706 -2.66407
2130 1188.57 1.0463e+06 394.646 -2.66308
2140 1172.1 989542 394.932 -2.66886
2150 1025.82 1.00617e+06 395.194 -2.67401
2160 1143.03 969763 395.47 -2.67911
2170 1357.57 902152 395.438 -2.67835
2180 1262.34 1.02837e+06 394.752 -2.66539
2190 1291.87 1.09312e+06 394.27 -2.65552
2200 1407.16 1.00135e+06 394.458 -2.6597
2210 1174.94 1.00357e+06 394.74 -2.66595
2220 896.112 1.02179e+06 395.07 -2.67297
2230 1057.57 921049 395.476 -2.68072
2240 1204.82 926321 395.294 -2.67707
2250 1110.02 1.04457e+06 394.587 -2.66295
2260 1111.59 1.05302e+06 394.169 -2.65385
2270 1131.48 1.06548e+06 394.238 -2.65465
2280 1304.85 970822 394.753 -2.66423
2290 1264.06 961897 395.119 -2.67055
2300 1282.52 951654 395.119 -2.67039
2310 1341.66 1.00294e+06 394.788 -2.66404
2320 1387.63 1.00308e+06 394.43 -2.65749
2330 1156.51 1.0953e+06 394.188 -2.65341
2340 1015.03 1.06708e+06 394.682 -2.66445
2350 1116.94 911669 395.62 -2.68247
2360 1040.42 906107 395.93 -2.68777
2370 1107.3 947100 395.469 -2.67896
2380 1337.54 1.00926e+06 394.565 -2.66112
2390 1381.82 1.09981e+06 393.805 -2.6453
2400 1228.67 1.12918e+06 393.847 -2.64647
2410 1143.64 998090 394.854 -2.66773
2420 1035.43 924432 395.91 -2.68723
2430 1193.27 862025 396.285 -2.6938
2440 1259.13 905887 395.565 -2.68128
2450 1079.11 1.12295e+06 394.216 -2.65438
2460 1439.49 1.08137e+06 393.686 -2.64246
2470 1309.45 1.11004e+06 393.972 -2.64879
2480 1090.17 1.00507e+06 395.047 -2.67148
2490 1257.36 847286 396.121 -2.69132
2500 1276.78 870940 396.023 -2.68988
2510 1025.69 1.03417e+06 394.929 -2.66974
2520 983.127 1.12696e+06 394.105 -2.65224
2530 1318.85 1.02346e+06 394.197 -2.65357
2540 1245.99 1.04831e+06 394.628 -2.66191
2550 1189.97 960399 395.352 -2.67625
2560 1218.75 896048 395.745 -2.68331
2570 1138.39 997080 395.416 -2.67689
2580 1240.65 980249 394.914 -2.6673
2590 1116.98 1.09603e+06 394.431 -2.65736
2600 1308.4 1.01513e+06 394.56 -2.65974
2610 1303.2 1.03732e+06 394.952 -2.66767
2620 1351.06 893846 395.479 -2.67815
2630 995.566 1.04032e+06 395.362 -2.67625
2640 1085.09 1.01172e+06 395.44 -2.67792
2650 1318.15 917400 395.558 -2.6801
2660 1028.11 1.08121e+06 395.23 -2.67349
2670 1100.45 968136 395.291 -2.67446
2680 993.835 1.06197e+06 395.349 -2.67511
2690 1342.03 894746 395.645 -2.68015
2700 1268.19 1.00307e+06 395.313 -2.6733
2710 1325.64 1.00969e+06 394.904 -2.66487
2720 1222.67 1.06743e+06 394.64 -2.65975
2730 1113.91 1.03929e+06 394.895 -2.66521
2740 1158.25 984007 395.468 -2.67602
2750 1290.1 956435 395.913 -2.68457
2760 1435.69 875096 395.926 -2.68519
2770 1178.75 1.04325e+06 395.101 -2.67006
2780 1186.28 1.04156e+06 394.494 -2.65804
2790 1172.34 1.08907e+06 394.333 -2.65513
2800 1278.76 988617 394.766 -2.66422
2810 1081.9 1.01581e+06 395.258 -2.67396
2820 1198.32 927632 395.738 -2.6834
2830 1231.88 934349 395.698 -2.68275
2840 1127.31 1.00979e+06 395.162 -2.67248
2850 1232.89 1.02058e+06 394.637 -2.66222
2860 1276.47 1.08665e+06 394.391 -2.65721
2870 1376.39 998579 394.718 -2.66402
2880 1188.19 1.00651e+06 395.143 -2.67293
2890 1110.14 929528 395.536 -2.68083
2900 1130.4 965965 395.426 -2.67896
2910 1231.12 982067 395 -2.67082
2920 1267.47 1.02367e+06 394.454 -2.6604
2930 1155.93 1.08655e+06 394.158 -2.6545
2940 1197.24 1.03822e+06 394.493 -2.66148
2950 1152.36 985035 395.171 -2.67503
2960 1200.42 918446 395.685 -2.6845
2970 1133.79 948342 395.581 -2.68247
2980 1214.54 963327 395.026 -2.672
2990 1358.19 1.04728e+06 394.236 -2.65646
3000 1391.05 1.07688e+06 393.803 -2.64781
3010 1247.77 1.0878e+06 394.035 -2.65347
3020 1047.12 987304 394.91 -2.67181
3030 919.48 930933 395.722 -2.68712
3040 1093.12 893389 395.932 -2.69063
3050 1223.92 937961 395.298 -2.67873
3060 1252.63 1.04279e+06 394.203 -2.657
3070 1233.92 1.12944e+06 393.469 -2.64137
3080 1188.02 1.12216e+06 393.786 -2.64823
3090 1190 968761 395.015 -2.67293
3100 1106.07 881372 396.023 -2.69097
3110 1086.52 865743 396.048 -2.69112
3120 1104.88 989401 395.054 -2.67246
3130 1254.54 1.07062e+06 393.931 -2.6492
3140 1177.32 1.16921e+06 393.468 -2.63885
3150 1173.28 1.07956e+06 394.295 -2.65659
3160 1362.42 879636 395.696 -2.68279
3170 1338.13 837634 396.19 -2.69106
3180 1207.73 924694 395.367 -2.67722
3190 1067.76 1.13578e+06 394.043 -2.65081
3200 1140.32 1.14283e+06 393.717 -2.64347
3210 1110.99 1.06771e+06 394.56 -2.66122
3220 1208.64 904687 395.894 -2.68683
3230 1215.8 861601 396.501 -2.69681
3240 1227.77 904108 395.967 -2.68722
3250 1240.78 1.02413e+06 394.699 -2.66338
3260 1279.56 1.14486e+06 393.656 -2.64139
3270 1334.97 1.11073e+06 393.738 -2.64329
3280 1174.43 1.04739e+06 394.763 -2.66517
3290 1095.32 892539 396.065 -2.69029
3300 980.511 885745 396.598 -2.69941
3310 1185.48 864872 396.079 -2.69051
3320 1016.58 1.10567e+06 394.678 -2.66321
3330 1288.21 1.10791e+06 393.968 -2.64683
3340 1337.51 1.09921e+06 394.212 -2.6514
3350 1206.48 1.01454e+06 395.232 -2.67266
3360 1236.89 848558 396.293 -2.69189
3370 1114.51 924689 396.251 -2.69086
3380 1103.05 980036 395.537 -2.67724
3390 1122.39 1.03765e+06 394.668 -2.65998
3400 1157.9 1.10643e+06 394.159 -2.6489
3410 1282.6 1.07983e+06 394.492 -2.65539
3420 1434.62 928230 395.39 -2.67295
3430 1302.8 888229 395.76 -2.67974
3440 985.752 1.02758e+06 395.324 -2.67175
3450 1077.74 1.00127e+06 394.982 -2.66486
3460 1219.65 1.02011e+06 394.711 -2.65932
3470 1263.72 1.04237e+06 394.612 -2.65708
3480 1207.66 1.03497e+06 394.869 -2.66217
3490 1133.93 959303 395.358 -2.6717
3500 1115.8 929371 395.533 -2.67475
3510 1141.62 1.00182e+06 395.194 -2.66794
3520 1258.85 1.00876e+06 394.803 -2.6599
3530 1193.52 1.0666e+06 394.576 -2.65503
3540 1300.29 1.00351e+06 394.786 -2.65904
3550 1259.1 1.02546e+06 395.136 -2.66596
3560 1333.72 925483 395.571 -2.6746
3570 1203.14 946071 395.471 -2.67323
3580 1080.22 1.02999e+06 394.986 -2.66402
3590 1201.56 1.02486e+06 394.663 -2.65778
3600 1217.17 1.06058e+06 394.622 -2.65703
3610 1298.88 968426 394.976 -2.66412
3620 1133.22 1.00235e+06 395.186 -2.66833
3630 1242.5 946159 395.314 -2.67102
3640 1168.67 992780 395.091 -2.66693
3650 1224.81 1.00134e+06 394.762 -2.66061
3660 1300.45 1.03535e+06 394.489 -2.65542
3670 1293.47 1.05944e+06 394.511 -2.6563
3680 1258.58 981002 394.962 -2.66582
3690 1236.51 948190 395.29 -2.67259
3700 1130.36 972244 395.201 -2.67148
3710 1097.05 1.0127e+06 394.916 -2.6662
3720 1365.47 994351 394.689 -2.66194
3730 1453.14 1.0148e+06 394.443 -2.65775
3740 1202.89 1.07642e+06 394.391 -2.65773
3750 1070.61 981988 394.831 -2.66733
3760 908.569 1.00876e+06 395.247 -2.67563
3770 1032.76 953444 395.65 -2.68327
3780 1231.71 903857 395.657 -2.68295
3790 1229.44 1.00695e+06 394.97 -2.66957
3800 1234.22 1.09007e+06 394.34 -2.65636
3810 1272.66 1.04641e+06 394.395 -2.65719
3820 1283.84 1.00141e+06 394.836 -2.66585
3830 1204.76 988157 395.323 -2.67557
3840 1249.65 912817 395.647 -2.68184
3850 1194.52 955191 395.32 -2.67608
3860 1211.79 1.02519e+06 394.644 -2.66315
3870 1279.95 1.05943e+06 394.156 -2.65357
3880 1064.66 1.09443e+06 394.207 -2.655
3890 974.37 1.01314e+06 394.951 -2.67019
3900 1085.18 937757 395.82 -2.6864
3910 1317.4 866238 396.134 -2.69146
3920 1210.25 996379 395.484 -2.67906
3930 1278.19 1.01589e+06 394.686 -2.66298
3940 1214.42 1.14096e+06 394.182 -2.65262
3950 1409.69 1.01091e+06 394.63 -2.66205
3960 1402.3 928142 395.242 -2.67395
3970 1132.33 995838 395.351 -2.67676
3980 919.637 995306 395.353 -2.67729
3990 969.078 991768 395.34 -2.67692
4000 1356.37 924571 395.184 -2.67366
4010 1283.91 1.04716e+06 394.567 -2.66156
4020 1233.82 1.0601e+06 394.258 -2.65511
4030 1219.89 1.03866e+06 394.455 -2.65914
4040 1356.6 973792 394.936 -2.66894
4050 1372.36 912230 395.202 -2.67441
4060 1196.3 973368 394.808 -2.66793
4070 1127.93 1.06277e+06 394.226 -2.65703
4080 1221.8 1.04911e+06 394.103 -2.65493
4090 1118.71 1.02842e+06 394.398 -2.66125
4100 1010.76 998032 394.933 -2.67203
4110 1186.04 910336 395.398 -2.68058
4120 1183.01 939811 395.175 -2.6763
4130 975.127 1.08422e+06 394.557 -2.66375
4140 1150.54 1.02073e+06 394.481 -2.66146
4150 1201.09 996142 394.635 -2.66366
4160 1257.64 985900 394.758 -2.66541
4170 1296.54 996716 394.784 -2.66543
4180 1251.04 1.00775e+06 394.79 -2.66533
4190 1389.48 950297 394.793 -2.66551
4200 1256.48 1.02489e+06 394.511 -2.66044
4210 1167.55 1.03338e+06 394.356 -2.65787
4220 1054.3 1.05997e+06 394.556 -2.66232
4230 1199.16 938216 395.104 -2.67299
4240 1212.09 981736 395.281 -2.67615
4250 1308.49 945114 395.227 -2.67518
4260 1322.38 966036 394.736 -2.66664
4270 983.332 1.14645e+06 394.146 -2.65492
4280 999.907 1.05444e+06 394.542 -2.66317
4290 1052.83 964031 395.428 -2.68024
4300 1161.74 880634 395.99 -2.68974
4310 1143.81 984837 395.697 -2.68341
4320 1347.78 951883 395.14 -2.672
4330 1327.65 1.03929e+06 394.294 -2.65562
4340 1244.61 1.12776e+06 393.812 -2.64534
4350 1209.78 1.06803e+06 394.304 -2.65564
4360 1295.23 950529 395.32 -2.67612
4370 1463.24 826828 395.894 -2.68674
4380 1266.89 972028 395.212 -2.67539
4390 1185.39 1.03919e+06 394.207 -2.65645
4400 965.615 1.17712e+06 393.668 -2.64587
4410 1129.04 1.04482e+06 394.37 -2.66115
4420 1209.58 924382 395.5 -2.68252
4430 1194.81 878004 396.01 -2.69157
4440 1095.66 945360 395.558 -2.68343
4450 1063.43 1.06604e+06 394.711 -2.66637
4460 1291.85 1.03289e+06 394.291 -2.6573
4470 1195.48 1.09003e+06 394.278 -2.65676
4480 1221.55 990046 394.863 -2.66838
4490 1271.79 948052 395.435 -2.67898
4500 1358.51 913286 395.55 -2.68121
4510 1320.36 972085 394.999 -2.67157
4520 1193.41 1.07765e+06 394.269 -2.65754
4530 1100.48 1.11244e+06 394.155 -2.65567
4540 1229.71 989656 394.867 -2.6706
4550 1281.03 908239 395.526 -2.68296
4560 1131.88 978388 395.524 -2.68314
4570 1210.07 935508 395.23 -2.67792
4580 1189.58 1.05375e+06 394.533 -2.66489
4590 1096.32 1.12147e+06 394.272 -2.65948
4600 1190.79 998234 394.898 -2.67207
4610 1198.02 944018 395.563 -2.68458
4620 1147.57 911413 395.747 -2.68782
4630 1166.84 964035 395.247 -2.67844
4640 1149.47 1.05103e+06 394.475 -2.66305
4650 1208.15 1.11821e+06 394.164 -2.65621
4660 1605.42 936083 394.615 -2.66507
4670 1306.61 1.02808e+06 394.786 -2.66882
4680 1108.45 1.0101e+06 395.086 -2.67576
4690 1207.35 892430 395.391 -2.68209
4700 1000.66 1.03074e+06 394.998 -2.67494
4710 996.28 1.07806e+06 394.791 -2.67065
4720 1297.15 944504 395.102 -2.67642
4730 1304.67 954741 395.065 -2.67547
4740 1016.38 1.08291e+06 394.751 -2.66917
4750 1143.15 991577 394.957 -2.67303
4760 1210.31 937295 395.128 -2.67579
4770 1194.1 1.02023e+06 394.88 -2.67059
4780 1334.92 986018 394.702 -2.66678
4790 1266.67 1.04114e+06 394.498 -2.66281
4800 1163.81 1.07204e+06 394.626 -2.66567
4810 1202.7 982089 395.276 -2.6787
4820 1179.99 917797 395.787 -2.6883
4830 1147.58 912066 395.635 -2.68562
4840 1157.48 1.02048e+06 394.83 -2.67035
4850 1251.32 1.0702e+06 394.158 -2.6564
4860 1236 1.08465e+06 394.093 -2.65499
4870 1077 1.03237e+06 394.674 -2.66695
4880 938.141 981078 395.546 -2.68383
4890 1105.1 889698 396.204 -2.69538
4900 1300.01 881387 395.975 -2.69062
4910 1373.89 992427 394.841 -2.6691
4920 1371.94 1.11917e+06 393.658 -2.64499
4930 1327.77 1.16995e+06 393.486 -2.64162
4940 1312.7 1.00078e+06 394.557 -2.66444
4950 963.524 936914 395.722 -2.68706
4960 922.959 865100 396.321 -2.69788
4970 1191.08 881887 395.826 -2.68913
4980 1290.66 1.02659e+06 394.43 -2.66262
4990 1108.34 1.21368e+06 393.336 -2.63898
5000 1104.17 1.12899e+06 393.842 -2.65004
5010 1212.76 932680 395.364 -2.67971
5020 1269.11 846991 396.379 -2.69699
5030 1339.31 845980 396.129 -2.69269
5040 1323.17 991114 394.684 -2.66694
5050 1228.76 1.19486e+06 393.25 -2.63712
5060 1212.33 1.17671e+06 393.319 -2.63905
5070 1268.05 977525 394.729 -2.66861
5080 1125.94 884900 396.035 -2.69279
5090 1067.95 857986 396.376 -2.69886
5100 1118.26 927044 395.579 -2.68477
5110 1110.43 1.06248e+06 394.224 -2.65839
5120 1127.41 1.17621e+06 393.418 -2.64058
5130 1219.79 1.09029e+06 393.959 -2.65184
5140 1304.67 931552 395.214 -2.67607
5150 1345.31 847847 395.914 -2.68823
5160 1173.36 933814 395.453 -2.68015
5170 1113.08 1.07236e+06 394.466 -2.66106
5180 1268.76 1.09927e+06 394.025 -2.6516
5190 1196.32 1.06881e+06 394.417 -2.65984
5200 1092.87 977624 395.32 -2.67792
5210 1191.9 893065 396.036 -2.69097
5220 1166.36 918284 395.915 -2.68857
5230 1183.52 968640 395.116 -2.67347
5240 1275.9 1.05682e+06 394.105 -2.65349
5250 1280.97 1.13061e+06 393.571 -2.64219
5260 1181.62 1.10228e+06 394.109 -2.65408
5270 1274.92 912653 395.347 -2.67848
5280 1125.89 902300 395.987 -2.68981
5290 1067.39 925316 395.81 -2.68658
5300 1223.15 975820 394.996 -2.6716
5310 1261.4 1.10556e+06 394.102 -2.65305
5320 1305.56 1.08231e+06 393.955 -2.64995
5330 1070.64 1.08562e+06 394.58 -2.6636
5340 1190.09 910487 395.749 -2.68614
5350 1123.42 919769 396.32 -2.69607
5360 1220.63 849109 396.095 -2.69226
5370 1107.87 1.0248e+06 394.796 -2.66874
5380 1161.98 1.16508e+06 393.721 -2.64506
5390 1328.3 1.09291e+06 393.894 -2.64818
5400 1238.22 1.01961e+06 394.848 -2.66783
5410 1267.55 906151 395.93 -2.68821
5420 1233.01 878824 396.267 -2.6943
5430 1124.87 919262 395.604 -2.6829
5440 1072.64 1.07578e+06 394.38 -2.65909
5450 1341.33 1.09498e+06 393.687 -2.64418
5460 1141.23 1.14968e+06 393.882 -2.64861
5470 1103.41 986249 395.147 -2.6752
5480 1207.61 810450 396.273 -2.6948
5490 1113.06 911127 395.993 -2.68944
5500 1263.8 977939 394.914 -2.66894
5510 1213.28 1.11854e+06 393.738 -2.64528
5520 1129.2 1.1751e+06 393.54 -2.64079
5530 1364.4 987224 394.611 -2.66265
5540 1236.85 924525 395.692 -2.68293
5550 1184.35 871640 396.092 -2.69026
5560 1140.93 945215 395.513 -2.67991
5570 1196.72 1.01621e+06 394.451 -2.65976
5580 1144.03 1.16216e+06 393.64 -2.64276
5590 1227.14 1.09462e+06 394.032 -2.65114
5600 1207.77 962711 395.186 -2.67403
5610 1173.74 862191 396.022 -2.6891
5620 1067.54 922811 395.804 -2.68503
5630 1093.43 1.01055e+06 394.942 -2.66821
5640 1302.63 1.05943e+06 394.168 -2.65215
5650 1325.83 1.11791e+06 393.93 -2.64693
5660 1354.34 1.01603e+06 394.557 -2.66004
5670 1338.87 935309 395.353 -2.67551
5680 1275.4 891053 395.593 -2.68068
5690 1013.28 985466 395.029 -2.67095
5700 1061.68 1.06388e+06 394.334 -2.65717
5710 1283.95 1.05065e+06 394.122 -2.65272
5720 1300.71 1.04586e+06 394.367 -2.65784
5730 1180.93 973265 394.933 -2.66925
5740 1084.34 952917 395.323 -2.67674
5750 1197.51 913029 395.27 -2.67588
5760 1104.95 1.01823e+06 394.617 -2.66347
5770 1232.6 1.05228e+06 394.061 -2.65187
5780 1391.27 1.05084e+06 393.942 -2.64932
5790 1320.76 1.03663e+06 394.252 -2.656
5800 1213.1 960524 394.817 -2.66751
5810 1114.86 951462 395.1 -2.67322
5820 1143.48 959982 394.974 -2.67112
5830 1150.71 1.00269e+06 394.547 -2.66297
5840 1144.55 1.04157e+06 394.139 -2.65484
5850 1182.82 1.05467e+06 394.087 -2.65362
5860 1187.59 1.00811e+06 394.453 -2.66074
5870 1214.15 951780 394.873 -2.66862
5880 1226.24 959356 394.935 -2.66963
5890 1212.89 994767 394.671 -2.6645
5900 1233.46 1.01914e+06 394.361 -2.65841
5910 1275.66 1.06099e+06 394.24 -2.65611
5920 1227.98 1.03562e+06 394.593 -2.66356
5930 1156.79 942224 395.181 -2.67518
5940 1077.65 950105 395.368 -2.67867
5950 1164.81 966919 395.117 -2.67386
5960 1171.14 1.02749e+06 394.641 -2.66435
5970 1225.66 1.04862e+06 394.375 -2.65872
5980 1341.9 1.01097e+06 394.48 -2.66067
5990 1286.69 990574 394.701 -2.66513
6000 1154.12 992736 394.853 -2.66838
6010 1185.22 973385 394.933 -2.67014
6020 1353.21 947620 394.769 -2.66737
6030 1270.71 1.05077e+06 394.29 -2.65849
6040 1219.21 1.04704e+06 394.147 -2.65615
6050 1030.39 1.04867e+06 394.427 -2.66231
6060 994.164 986357 395.073 -2.67534
6070 1258.95 879080 395.547 -2.6838
6080 1237.31 945728 395.134 -2.67606
6090 1167.54 1.04126e+06 394.281 -2.65939
6100 1250.37 1.08768e+06 393.77 -2.64862
6110 1344.83 1.03353e+06 393.916 -2.6516
6120 1087.17 1.04322e+06 394.425 -2.66215
6130 1065.91 934619 395.183 -2.67694
6140 1117.8 912239 395.447 -2.68141
6150 1080.62 996995 395.057 -2.67352
6160 1291.31 991885 394.558 -2.66331
6170 1333.89 1.05453e+06 394.077 -2.65334
6180 1275.92 1.09009e+06 394.037 -2.65253
6190 1245.37 1.01776e+06 394.687 -2.66613
6200 1254.49 901755 395.44 -2.68051
6210 1115.24 960495 395.499 -2.68174
6220 1106.45 972879 395.166 -2.67551
6230 1152.21 1.01616e+06 394.654 -2.66553
6240 1161.02 1.07381e+06 394.287 -2.65788
6250 1217.16 1.04819e+06 394.504 -2.66213
6260 1263.78 950146 395.061 -2.67274
6270 1105.6 987368 395.308 -2.67724
6280 1193.31 958006 395.392 -2.67865
6290 1357.98 934838 395.106 -2.67342
6300 1063.04 1.12031e+06 394.473 -2.66087
6310 1138.99 1.03858e+06 394.63 -2.66395
6320 1245.77 932551 395.116 -2.67293
6330 1138.72 984145 395.148 -2.67328
6340 1037.77 1.0154e+06 395.021 -2.67052
6350 1116.27 985046 394.98 -2.66922
6360 1120.53 1.05395e+06 394.918 -2.66729
6370 1304.81 978375 395.171 -2.67166
6380 1320.75 946401 395.302 -2.67356
6390 1187.65 1.01314e+06 395.041 -2.66837
6400 1166.28 1.03402e+06 394.875 -2.66489
6410 1309.58 969092 394.924 -2.66574
6420 1132.89 1.04136e+06 394.825 -2.66385
6430 969.61 1.06248e+06 395.056 -2.66861
6440 1271.31 889757 395.645 -2.67948
6450 1278.9 937080 395.468 -2.6759
6460 1095.94 1.07139e+06 394.859 -2.66351
6470 1352.17 1.00154e+06 394.647 -2.65904
6480 1343.94 1.054e+06 394.606 -2.65824
6490 1333.65 1.01465e+06 394.936 -2.66525
6500 1224.05 966811 395.386 -2.67465
6510 1188 939226 395.56 -2.67851
6520 1056.44 1.01437e+06 395.306 -2.67406
6530 1093.49 998388 395.094 -2.66996
6540 1260.57 1.02488e+06 394.932 -2.66666
6550 1391.29 1.01331e+06 394.935 -2.66679
6560 1339.42 996505 395.071 -2.66991
6570 1190.59 1.01088e+06 395.184 -2.67283
6580 1112.92 1.02346e+06 395.405 -2.67782
6590 1224.45 937170 395.749 -2.68478
6600 1268.96 948989 395.615 -2.68275
6610 1071.75 1.06415e+06 395.155 -2.67399
6620 1054.44 1.03896e+06 395.12 -2.67332
6630 1090.2 1.01585e+06 395.439 -2.6795
6640 1200.9 930587 395.837 -2.6867
6650 1238.67 923983 395.699 -2.68384
6660 1161.28 1.02394e+06 394.999 -2.67019
6670 1193.49 1.0869e+06 394.498 -2.65955
6680 1444.81 1.01343e+06 394.632 -2.66198
6690 1365.98 1.00712e+06 394.931 -2.66814
6700 1119.32 1.04217e+06 395.345 -2.67712
6710 1181.29 908473 395.95 -2.68917
6720 1089.24 920300 395.907 -2.68857
6730 1121.43 987960 395.22 -2.67572
6740 1205.93 1.06177e+06 394.453 -2.66026
6750 1220.22 1.08757e+06 394.178 -2.65441
6760 1059.87 1.08675e+06 394.658 -2.66451
6770 1113.29 930265 395.726 -2.68533
6780 1101.21 889089 396.29 -2.6947
6790 1083.96 951333 395.983 -2.68836
6800 1229.21 980311 395.228 -2.67338
6810 1322.5 1.05109e+06 394.356 -2.65546
6820 1235.48 1.13558e+06 393.964 -2.6469
6830 1294.64 1.05602e+06 394.589 -2.66003
6840 1309.21 921044 395.644 -2.68041
6850 1115.19 911292 396.114 -2.68896
6860 1012.28 957229 395.862 -2.68431
6870 1146.9 989271 395.245 -2.67225
6880 1256.88 1.04818e+06 394.563 -2.65838
6890 1315.14 1.07896e+06 394.277 -2.65221
6900 1331.55 1.04655e+06 394.652 -2.66003
6910 1276.04 942361 395.326 -2.67342
6920 1035.85 998270 395.666 -2.68012
6930 1112.94 953390 395.878 -2.68428
6940 1275.26 920297 395.712 -2.68122
6950 1259.5 1.01265e+06 394.974 -2.66739
6960 1199.04 1.12625e+06 394.379 -2.65523
6970 1271.76 1.0414e+06 394.7 -2.66207
6980 1131.94 969473 395.385 -2.67558
6990 1105.58 980249 395.891 -2.68531
7000 1431.49 875371 396.106 -2.68942
7010 1357.8 956194 395.398 -2.67745
7020 978.771 1.14476e+06 394.446 -2.65841
7030 1191.75 1.08506e+06 394.511 -2.65984
7040 1302.8 1.00925e+06 395.334 -2.67682
7050 1180.16 907435 396.167 -2.69256
7060 924.446 955364 396.346 -2.69583
7070 1065.97 936095 396.064 -2.69039
7080 1161.65 1.03371e+06 395.367 -2.6763
7090 1368.32 1.01742e+06 394.843 -2.66513
7100 1218.39 1.09145e+06 394.58 -2.65953
7110 1166.35 1.02688e+06 394.969 -2.6675
7120 1154.73 963872 395.615 -2.67965
7130 1259.39 939750 395.965 -2.68596
7140 1321.45 923358 395.788 -2.68276
7150 1137.34 1.03288e+06 395.086 -2.66942
7160 1082.52 1.06841e+06 394.599 -2.65945
7170 1154.25 1.0786e+06 394.71 -2.6616
7180 1320.9 950772 395.361 -2.67425
7190 1272.77 907661 395.659 -2.6796
7200 1203.87 984512 395.271 -2.67245
7210 1240.87 1.03378e+06 394.732 -2.66201
7220 1281.8 1.04201e+06 394.453 -2.65662
7230 1121.31 1.06606e+06 394.561 -2.65921
7240 1044.36 1.00319e+06 395.162 -2.67158
7250 1076.9 907747 395.757 -2.68251
7260 1083.82 951901 395.669 -2.68038
7270 1289.69 995679 395.179 -2.67033
7280 1448.73 1.00205e+06 394.622 -2.65918
7290 1315.96 1.08188e+06 394.166 -2.65019
7300 1225.13 1.09076e+06 394.355 -2.65473
7310 1306.95 976343 395.217 -2.67272
7320 1227.65 911856 395.915 -2.68616
7330 1094.42 938428 395.921 -2.68677
7340 1125.94 962786 395.396 -2.67735
7350 1045.72 1.08015e+06 394.647 -2.66264
7360 1130.03 1.06825e+06 394.485 -2.65895
7370 1084.7 1.02882e+06 394.893 -2.66669
7380 1047.7 968372 395.527 -2.67876
7390 1202.8 914593 395.895 -2.68465
7400 1314.64 945427 395.588 -2.67822
7410 1374.66 998977 394.838 -2.66371
7420 1257.73 1.11768e+06 394.168 -2.64998
7430 1336.34 1.04513e+06 394.328 -2.6535
7440 1157.7 1.02313e+06 394.956 -2.66649
7450 1223.81 904659 395.658 -2.68025
7460 1273.87 911569 395.658 -2.68058
7470 1209.12 1.01341e+06 394.984 -2.66821
7480 1181.12 1.0368e+06 394.352 -2.65606
7490 985.617 1.11875e+06 394.136 -2.6519
7500 1071.58 1.03322e+06 394.75 -2.66453
7510 1111.58 968503 395.708 -2.68287
7520 1289.22 832960 396.297 -2.69299
7530 1286.88 905229 395.621 -2.68116
7540 1161.72 1.09361e+06 394.267 -2.65434
7550 1301.45 1.1176e+06 393.553 -2.63896
7560 1243.76 1.13585e+06 393.905 -2.64697
7570 1198.07 972047 395.226 -2.67392
7580 1151.69 887709 396.379 -2.69515
7590 1312.04 815347 396.548 -2.69836
7600 1208.11 983221 395.327 -2.67724
7610 1161.9 1.12775e+06 393.978 -2.64921
7620 1240.44 1.15486e+06 393.642 -2.6421
7630 1141.98 1.09746e+06 394.568 -2.66291
7640 1228.22 852504 396.159 -2.69332
7650 1199.98 814293 396.627 -2.70102
7660 1071.64 968010 395.667 -2.68382
7670 1236.13 1.05927e+06 394.383 -2.65834
7680 1339.82 1.10959e+06 393.595 -2.64166
7690 1067.75 1.19231e+06 393.806 -2.64686
7700 1253.08 969242 395.382 -2.68057
7710 1403.15 771381 396.695 -2.7029
7720 958.491 960849 396.377 -2.69702
7730 1089.85 951475 395.511 -2.68068
7740 1228.3 1.05512e+06 394.379 -2.65857
7750 1186.15 1.18717e+06 393.765 -2.64515
7760 1211.1 1.05474e+06 394.522 -2.66127
7770 1148.78 910983 395.745 -2.68436
7780 1131.31 882667 396.27 -2.69327
7790 1233.37 934805 395.87 -2.68559
7800 1393.59 945097 394.848 -2.66692
7810 1134.39 1.21901e+06 393.644 -2.6424
7820 1305.52 1.10164e+06 393.957 -2.64928
7830 1236.35 963513 395.15 -2.67277
7840 973.459 949703 396.119 -2.69133
7850 1107.11 861745 396.567 -2.69927
7860 1200.81 901851 395.935 -2.68794
7870 1145.31 1.05403e+06 394.559 -2.66156
7880 1160.48 1.17911e+06 393.672 -2.64185
7890 1388.6 1.04626e+06 394.087 -2.65005
7900 1249.31 1.01004e+06 395.009 -2.66835
7910 1166.75 896637 395.906 -2.6854
7920 1009.41 911073 396.03 -2.68748
7930 968.251 998147 395.442 -2.67607
7940 1218.72 1.01485e+06 394.798 -2.66261
7950 1316.04 1.07213e+06 394.33 -2.6525
7960 1232.98 1.09129e+06 394.456 -2.65483
7970 1243.68 979915 395.261 -2.67076
7980 1321.3 884699 395.884 -2.68214
7990 1278.5 951006 395.664 -2.6782
8000 1380.45 980462 394.98 -2.66568
8010 1185.49 1.0962e+06 394.231 -2.65153
8020 1101.71 1.10601e+06 394.228 -2.652
8030 1302.43 955931 394.99 -2.66755
8040 1037.34 978602 395.537 -2.67807
8050 1040.54 945269 395.821 -2.68353
8060 1181.52 924719 395.652 -2.68022
8070 1256.39 1.00477e+06 394.932 -2.66635
8080 1335.19 1.07414e+06 394.257 -2.65248
8090 1461.06 1.03723e+06 394.143 -2.65031
8100 1372.07 1.01567e+06 394.357 -2.65544
8110 1074.81 1.05407e+06 394.772 -2.66487
8120 1124.04 917916 395.486 -2.6794
8130 1152.95 882547 395.569 -2.68134
8140 1064.73 1.03693e+06 394.829 -2.66734
8150 1351.42 1.01971e+06 394.244 -2.65551
8160 1309.71 1.06477e+06 393.92 -2.64922
8170 1059.29 1.08378e+06 394.125 -2.65395
8180 1012.65 986521 394.946 -2.67065
8190 1171.28 898419 395.659 -2.68347
8200 1376.98 884161 395.543 -2.68118
8210 1391.67 977776 394.538 -2.66298
8220 1193.38 1.12924e+06 393.401 -2.64041
8230 1176.96 1.15993e+06 393.302 -2.63869
8240 1307.66 974847 394.374 -2.66109
8250 1092.88 919414 395.342 -2.67925
8260 1152.07 876639 395.606 -2.68422
8270 1361.33 917312 394.882 -2.67183
8280 1295.37 1.08158e+06 393.571 -2.64674
8290 1145.13 1.18905e+06 392.934 -2.63351
8300 1050.84 1.10696e+06 393.761 -2.65233
8310 1035.69 910463 395.392 -2.68428
8320 1077.75 818739 396.329 -2.69993
8330 1255.43 848162 395.783 -2.69054
8340 1315.6 1.04018e+06 394.091 -2.65889
8350 1262.3 1.2087e+06 392.752 -2.62979
8360 1097.07 1.19358e+06 393.066 -2.63719
8370 1193.67 975573 394.85 -2.67456
8380 1253.96 810292 396.454 -2.7025
8390 1109.63 808922 396.529 -2.70361
8400 1008.2 954032 395.082 -2.67826
8410 1055.26 1.17426e+06 393.345 -2.64208
8420 1179.04 1.20432e+06 392.959 -2.63231
8430 1260.59 1.05098e+06 394.178 -2.65792
8440 1317.02 867771 395.78 -2.68737
8450 1175.17 844580 396.365 -2.69674
8460 1182.29 902551 395.666 -2.68443
8470 1278.66 1.04873e+06 394.224 -2.65697
8480 1276.93 1.17562e+06 393.215 -2.63515
8490 1212.71 1.12537e+06 393.57 -2.64311
8500 1040.79 1.00188e+06 394.939 -2.67152
8510 1025.97 855758 396.278 -2.69579
8520 1124.65 821913 396.453 -2.69826
8530 1181.46 944153 395.22 -2.67628
8540 1236.06 1.15316e+06 393.618 -2.64304
8550 1449.83 1.14171e+06 393.158 -2.63204
8560 1321.32 1.08112e+06 393.892 -2.64778
8570 1167.54 975574 395.262 -2.67588
8580 1217.88 826114 396.363 -2.69584
8590 1193.2 853223 396.104 -2.69186
8600 1025.68 1.03015e+06 394.712 -2.66637
8610 1069.63 1.14907e+06 393.578 -2.64199
8620 1313.06 1.08978e+06 393.561 -2.64105
8630 1252.56 1.07217e+06 394.378 -2.65816
8640 1279.34 908859 395.659 -2.68308
8650 1207.28 837509 396.218 -2.69288
8660 1055.63 947799 395.533 -2.68077
8670 1269.7 1.04768e+06 394.397 -2.65852
8680 1375.61 1.10028e+06 393.665 -2.64321
8690 1314.98 1.10919e+06 393.766 -2.64587
8700 1211.49 1.00363e+06 394.696 -2.66572
8710 1103.87 908275 395.663 -2.6842
8720 1093.7 908580 395.904 -2.68868
8730 1277.57 924237 395.375 -2.67918
8740 1490.98 991640 394.246 -2.6586
8750 1267.23 1.18259e+06 393.183 -2.63744
8760 1005.48 1.18411e+06 393.543 -2.64667
8770 1123.66 942998 395.25 -2.68206
8780 1116.41 832024 396.566 -2.70489
8790 1185.71 824007 396.497 -2.70372
8800 1265.06 922924 394.998 -2.6782
8810 1124.7 1.23625e+06 393.07 -2.63857
8820 1169.68 1.22995e+06 392.908 -2.63433
8830 1252.64 981404 394.513 -2.66783
8840 1172.37 871903 396.06 -2.69573
8850 1258.74 808986 396.503 -2.70318
8860 1261.82 902945 395.436 -2.6853
8870 1111.31 1.14168e+06 393.677 -2.65083
8880 996.216 1.25001e+06 393.077 -2.63702
8890 1065.62 1.03088e+06 394.318 -2.66346
8900 1113.23 889091 395.888 -2.6921
8910 1202.01 811769 396.524 -2.70211
8920 1306.96 868360 395.642 -2.68693
8930 1372.62 1.07484e+06 393.781 -2.65131
8940 1258.3 1.24344e+06 392.577 -2.62456
8950 1128.01 1.15726e+06 393.239 -2.63995
8960 1120.28 953582 395.143 -2.67895
8970 1149.04 785761 396.642 -2.70459
8980 1104 801473 396.424 -2.70091
8990 1092.82 1.00487e+06 394.669 -2.66929
9000 1256.82 1.17604e+06 392.96 -2.63251
9010 1361.1 1.22636e+06 392.705 -2.62632
9020 1401.2 1.02429e+06 394.149 -2.65773
9030 1316.17 863206 395.827 -2.68889
9040 1235.13 798580 396.368 -2.69867
9050 1016.04 931427 395.341 -2.68183
9060 1001.78 1.12644e+06 393.807 -2.65094
9070 1228.09 1.1695e+06 393.258 -2.63853
9080 1252.72 1.06183e+06 394.031 -2.65496
9090 1164.33 955007 395.338 -2.68035
9100 1173.99 845061 396.224 -2.69613
9110 1307.61 851421 395.857 -2.69011
9120 1154.71 1.06133e+06 394.414 -2.66297
9130 1248.97 1.15526e+06 393.413 -2.64142
9140 1338.8 1.11272e+06 393.648 -2.64666
9150 1191.61 1.02236e+06 394.813 -2.6711
9160 1244.8 873514 396.093 -2.69547
9170 1291.27 810023 396.329 -2.70004
9180 1074 1.00641e+06 395.169 -2.67962
9190 1153.84 1.10372e+06 393.985 -2.65529
9200 1119.87 1.16249e+06 393.7 -2.64924
9210 1091.2 1.06519e+06 394.674 -2.67039
9220 1197.91 862927 396.094 -2.69672
9230 1163.74 836913 396.479 -2.70275
9240 1292.37 898558 395.499 -2.686
9250 1221.34 1.15006e+06 393.867 -2.65339
9260 1319.84 1.15738e+06 393.312 -2.64068
9270 1282.94 1.09167e+06 394.088 -2.65776
9280 1221.96 926524 395.527 -2.68657
9290 1184.48 823182 396.365 -2.70146
9300 1186.65 888678 395.821 -2.69251
9310 1070.31 1.05901e+06 394.411 -2.66608
9320 1011.48 1.17724e+06 393.511 -2.6464
9330 1080.04 1.09146e+06 393.952 -2.65542
9340 875.619 1.01011e+06 395.188 -2.68011
9350 961.1 854506 396.422 -2.70187
9360 1282.28 807357 396.469 -2.70135
9370 1379.2 963543 395.042 -2.67491
9380 1485 1.12734e+06 393.335 -2.63942
9390 1363.32 1.22584e+06 392.701 -2.62524
9400 1230.49 1.10628e+06 393.821 -2.65106
9410 1210.45 884292 395.737 -2.6884
9420 1100.63 819505 396.764 -2.70587
9430 1000.74 886547 396.323 -2.69842
9440 1139.87 978201 394.948 -2.67276
9450 1268.68 1.13974e+06 393.471 -2.64265
9460 1090.53 1.2502e+06 393.193 -2.63634
9470 1113.57 1.00851e+06 394.732 -2.66924
9480 1143.8 833168 396.394 -2.69855
9490 1304.6 793670 396.693 -2.70286
9500 1333.1 938015 395.374 -2.67998
9510 1256.04 1.1301e+06 393.589 -2.64414
9520 1223.96 1.22068e+06 392.893 -2.62853
9530 1242.39 1.07767e+06 393.862 -2.65001
9540 1054.01 926646 395.491 -2.68212
9550 1167.27 826191 396.499 -2.69941
9560 1209.81 873897 396.114 -2.69275
9570 1127.36 1.01621e+06 394.744 -2.66718
9580 1189.23 1.15368e+06 393.538 -2.64172
9590 1257.66 1.14156e+06 393.554 -2.64179
9600 1252.3 983447 394.642 -2.66391
9610 1178.77 924354 395.661 -2.68282
9620 1145.11 901424 396.044 -2.68965
9630 1214.4 911252 395.599 -2.68174
9640 1205.25 1.0264e+06 394.498 -2.66088
9650 1193.13 1.14906e+06 393.663 -2.64327
9660 1288.28 1.07338e+06 393.936 -2.64897
9670 1246.53 1.00207e+06 394.853 -2.66746
9680 1201.16 928826 395.76 -2.68491
9690 1145.92 885001 396.074 -2.69075
9700 1014.18 947919 395.476 -2.68009
9710 963.55 1.10147e+06 394.545 -2.66113
9720 1350.55 1.03944e+06 394.296 -2.65503
9730 1398.41 1.02182e+06 394.446 -2.65747
9740 1325.67 997400 394.777 -2.66416
9750 1247.78 952650 395.06 -2.6699
9760 1104.19 1.00661e+06 395.024 -2.66954
9770 1240.19 987807 394.98 -2.66892
9780 1296.57 1.00519e+06 394.881 -2.66725
9790 1234.7 993478 394.781 -2.6658
9800 929.526 1.08397e+06 394.75 -2.66553
9810 1117.07 987983 395.264 -2.67588
9820 1298.58 896967 395.671 -2.68302
9830 1143.86 1.00066e+06 395.368 -2.67703
9840 1152.13 1.01588e+06 394.981 -2.66922
9850 1163.58 1.07249e+06 394.81 -2.66547
9860 1312.06 979699 395.105 -2.67106
9870 1272.58 979536 395.327 -2.67515
9880 1240.37 983903 395.375 -2.67621
9890 1184.92 990857 395.272 -2.67447
9900 1217.9 1.00752e+06 395.121 -2.67161
9910 1300.64 996279 395.01 -2.6697
9920 1152.92 1.04063e+06 394.923 -2.6683
9930 1055.92 1.01206e+06 395.123 -2.67245
9940 1092.48 957535 395.41 -2.67793
9950 1156.66 957314 395.376 -2.67695
9960 1200.87 994098 395.007 -2.66941
9970 1253.07 1.03378e+06 394.599 -2.66108
9980 1224.37 1.07137e+06 394.496 -2.65878
9990 1336.76 971322 394.884 -2.66641
10000 1206.12 984838 395.129 -2.67116
