# Time-averaged data for fix 4
# TimeStep c_mytemp c_mypress v_vmyvol v_avgEtotal
10 1078.72 1.01037e+06 394.947 -2.68123
20 1084.3 1.09323e+06 394.181 -2.66506
30 1114.36 1.1111e+06 394.222 -2.66551
40 1288.55 946093 395.052 -2.6817
50 1194.1 933888 395.561 -2.69061
60 1073.85 993647 395.531 -2.6899
70 1220.39 918211 395.311 -2.68579
80 1110.67 1.06571e+06 394.586 -2.67195
90 1229.38 1.07157e+06 394.299 -2.66576
100 1319.59 1.0025e+06 394.646 -2.67279
110 1143.21 987519 395.03 -2.68065
120 975.882 1.01176e+06 395.343 -2.68709
130 1167.98 904332 395.641 -2.69286
140 1175.75 941245 395.198 -2.68511
150 986.475 1.11532e+06 394.392 -2.66871
160 1249.62 1.01763e+06 394.356 -2.66757
170 1251.97 1.01157e+06 394.588 -2.67203
180 1190.02 984662 394.888 -2.67806
190 1166 971963 395.077 -2.68191
200 1253.41 938172 394.98 -2.68049
210 1146.01 1.04371e+06 394.476 -2.67124
220 1052.38 1.07534e+06 394.286 -2.66769
230 989.482 1.03084e+06 394.727 -2.67677
240 1123.75 925459 395.384 -2.68924
250 1209.2 909143 395.437 -2.68992
260 1262.52 981168 394.769 -2.67724
270 1266.96 1.04666e+06 393.923 -2.66098
280 1030.1 1.17339e+06 393.586 -2.65431
290 1163.64 1.00232e+06 394.512 -2.67394
300 1180.39 907752 395.544 -2.69301
310 1234.43 873008 395.775 -2.69735
320 1224.02 938852 394.955 -2.68333
330 1141.02 1.10695e+06 393.698 -2.65868
340 1139.99 1.15233e+06 393.307 -2.65053
350 1107.99 1.06367e+06 394.17 -2.6694
360 1094.45 904058 395.524 -2.69554
370 1024.05 871987 396.114 -2.70571
380 1014.17 915739 395.613 -2.69659
390 1102.68 1.01852e+06 394.422 -2.67374
400 1152.44 1.13923e+06 393.433 -2.65253
410 1175.52 1.11917e+06 393.592 -2.6555
420 1190.76 966084 394.675 -2.67686
430 1145.88 917019 395.558 -2.69284
440 1289.73 865613 395.662 -2.69469
450 1267.12 978220 394.718 -2.6778
460 1229.19 1.11565e+06 393.621 -2.65584
470 1153.52 1.121e+06 393.448 -2.6526
480 991.551 1.04874e+06 394.314 -2.67137
490 995.743 912269 395.525 -2.6944
500 1110.41 872405 396.038 -2.70321
510 1149.1 902740 395.441 -2.69266
520 1089.76 1.09596e+06 394.152 -2.66705
530 1376.06 1.11121e+06 393.575 -2.65418
540 1434.51 1.04981e+06 393.932 -2.66178
550 1078.21 1.03382e+06 394.784 -2.67985
560 997.749 933544 395.842 -2.70074
570 1145.58 838623 396.292 -2.709
580 1037.35 948080 395.484 -2.69479
590 1129.17 1.07595e+06 394.229 -2.6697
600 1334.07 1.09795e+06 393.591 -2.656
610 1199.42 1.11177e+06 393.84 -2.66162
620 1103.57 987143 394.945 -2.68465
630 1068 892901 395.965 -2.70342
640 1076.39 859272 396.05 -2.70499
650 965.573 1.00492e+06 395.04 -2.68648
660 1117.38 1.09678e+06 394.035 -2.66507
670 1379.35 1.06675e+06 393.814 -2.65981
680 1228.95 1.07187e+06 394.238 -2.66864
690 1105.28 956431 395.183 -2.68757
700 1136.49 866695 395.749 -2.69788
710 1017.91 945176 395.26 -2.6891
720 1066.47 1.0726e+06 394.339 -2.67066
730 1265.21 1.07344e+06 393.972 -2.66252
740 1258.25 1.02338e+06 394.216 -2.66733
750 854.112 1.07592e+06 394.781 -2.67896
760 863.028 922341 395.812 -2.6991
770 1150.15 825585 396.192 -2.70488
780 1134.62 996905 395.255 -2.68676
790 1373.37 1.03943e+06 394.169 -2.6641
800 1399.97 1.1202e+06 393.51 -2.65023
810 1232.97 1.12959e+06 393.864 -2.65853
820 1046.74 999396 395.258 -2.68774
830 997.594 834288 396.594 -2.71224
840 1130.54 815096 396.537 -2.7114
850 1066.37 1.01591e+06 395.044 -2.68388
860 1241.31 1.10395e+06 393.582 -2.65356
870 1163.09 1.2285e+06 393.152 -2.64421
880 1061 1.0464e+06 394.457 -2.67277
890 1124.26 845803 396.172 -2.70429
900 1055.15 806312 396.599 -2.71091
910 1026.26 958614 395.462 -2.69042
920 1312.72 1.05302e+06 393.914 -2.65934
930 1252.44 1.20352e+06 392.928 -2.63807
940 1107.5 1.15474e+06 393.603 -2.65387
950 1214.5 895286 395.448 -2.69008
960 1171.61 843938 396.526 -2.70844
970 1188.39 853970 396.224 -2.70362
980 1143.73 1.00845e+06 394.755 -2.67713
990 1124.43 1.16926e+06 393.4 -2.64869
1000 1125.32 1.18137e+06 393.45 -2.65003
1010 1135.2 989087 394.934 -2.68142
1020 1117.92 828073 396.324 -2.70597
1030 1029.43 886251 396.353 -2.70603
1040 1175.61 931339 395.325 -2.68746
1050 1166.14 1.1315e+06 393.87 -2.6584
1060 1188.76 1.14979e+06 393.43 -2.64829
1070 1133.01 1.07372e+06 394.287 -2.66645
1080 1212.23 907142 395.677 -2.69348
1090 1282.59 839910 396.323 -2.70463
1100 1242.35 894503 395.617 -2.69297
1110 1097.33 1.08098e+06 394.101 -2.66451
1120 1074.84 1.20035e+06 393.29 -2.64696
1130 1112.13 1.06499e+06 394.043 -2.66329
1140 1087.42 937795 395.384 -2.68938
1150 1115.12 854123 396.178 -2.70335
1160 1040.17 883928 395.749 -2.69584
1170 1052.07 1.04582e+06 394.419 -2.67035
1180 1239.09 1.13355e+06 393.448 -2.64925
1190 1376.47 1.10203e+06 393.598 -2.65214
1200 1253.61 992917 394.57 -2.672
1210 961.968 967449 395.556 -2.6912
1220 1014.45 871001 396.161 -2.70233
1230 1200.23 874927 395.688 -2.69422
1240 1086.43 1.07835e+06 394.308 -2.66756
1250 1130.47 1.14405e+06 393.479 -2.64949
1260 1066.05 1.14293e+06 393.951 -2.65995
1270 1038.77 957548 395.497 -2.69067
1280 1000.51 867105 396.735 -2.71234
1290 1122.94 826035 396.801 -2.7128
1300 1293.9 958243 395.445 -2.68845
1310 1378.44 1.11531e+06 393.788 -2.65406
1320 1291.19 1.18921e+06 393.113 -2.63948
1330 1196.96 1.09614e+06 393.983 -2.65948
1340 1130.53 912554 395.622 -2.69158
1350 1082.44 847122 396.565 -2.70839
1360 1231.08 821367 396.131 -2.70195
1370 1158.58 1.07283e+06 394.371 -2.66982
1380 1260.16 1.18551e+06 393.168 -2.64351
1390 1195.95 1.1509e+06 393.51 -2.65167
1400 980.722 1.00618e+06 395.102 -2.68607
1410 922.976 853715 396.715 -2.715
1420 989.235 820998 397.096 -2.72108
1430 1195.11 859978 395.904 -2.7014
1440 1072.45 1.17968e+06 393.763 -2.65848
1450 1227.67 1.19815e+06 392.974 -2.63918
1460 1239.07 1.10498e+06 393.901 -2.65912
1470 1249.25 908192 395.602 -2.6925
1480 1149.21 858414 396.64 -2.71042
1490 1226.38 816871 396.353 -2.70624
1500 1095.04 1.03192e+06 394.682 -2.6764
1510 1197.3 1.19546e+06 393.286 -2.64617
1520 1243.76 1.11865e+06 393.439 -2.64949
1530 1079.03 1.02474e+06 394.642 -2.67482
1540 1004 906586 396.014 -2.70091
1550 1058.07 846047 396.591 -2.71078
1560 1202.56 873623 395.832 -2.69793
1570 1046.57 1.13594e+06 394.196 -2.6658
1580 1305.35 1.12257e+06 393.534 -2.6504
1590 1410.06 1.06098e+06 393.962 -2.65927
1600 1176.41 981707 394.899 -2.67877
1610 1006.22 926068 395.688 -2.69378
1620 1052.99 928666 395.851 -2.69692
1630 1202.09 936089 395.374 -2.68832
1640 1154.64 1.06402e+06 394.458 -2.67046
1650 1327.03 1.04954e+06 393.984 -2.66074
1660 1162.68 1.11789e+06 394.076 -2.66326
1670 1058.72 993219 395.007 -2.683
1680 1150.06 868198 395.893 -2.69932
1690 1085.75 912793 395.726 -2.69636
1700 1163.64 994739 394.812 -2.67922
1710 1286.41 1.06311e+06 393.871 -2.6604
1720 1278.96 1.09949e+06 393.473 -2.65248
1730 1017.62 1.10401e+06 393.959 -2.66354
1740 990.213 924280 395.186 -2.68814
1750 1078.2 859438 395.828 -2.6991
1760 1120.28 928162 395.323 -2.68968
1770 1345.62 1.00075e+06 394.171 -2.66794
1780 1303.33 1.16021e+06 393.156 -2.64691
1790 1117.71 1.15909e+06 393.43 -2.65361
1800 934.361 997967 394.98 -2.68652
1810 1029.87 816912 396.466 -2.71287
1820 1073.54 859296 396.491 -2.71259
1830 1249.03 920598 395.252 -2.69033
1840 1173.59 1.14452e+06 393.493 -2.65547
1850 1092.29 1.25153e+06 392.953 -2.64293
1860 1295.1 1.01555e+06 394.346 -2.67277
1870 1170.33 887371 395.962 -2.70252
1880 990.353 850202 396.62 -2.71385
1890 1175.47 884279 395.981 -2.70293
1900 1283.97 1.04347e+06 394.423 -2.67353
1910 1233.62 1.20536e+06 393.315 -2.64973
1920 1207.68 1.11157e+06 393.808 -2.66093
1930 1002.51 1.00049e+06 395.299 -2.6917
1940 1104.19 806567 396.679 -2.71687
1950 1138.09 798244 396.459 -2.7136
1960 916.805 1.05749e+06 394.686 -2.68075
1970 1057.62 1.21121e+06 393.364 -2.6514
1980 1355.05 1.08655e+06 393.696 -2.65776
1990 1192.07 981757 394.824 -2.67962
2000 1038.32 943811 395.832 -2.69877
2010 1310.46 825235 396.235 -2.70594
2020 1267.39 953173 395.303 -2.68967
2030 1272.06 1.09144e+06 393.958 -2.66322
2040 1161.34 1.1667e+06 393.437 -2.6525
2050 1096.5 1.0657e+06 394.221 -2.66981
2060 1051.69 945708 395.591 -2.69717
2070 1105.46 826295 396.437 -2.71212
2080 977.694 932368 395.918 -2.70285
2090 1096.99 1.00569e+06 394.764 -2.68038
2100 1163.37 1.11554e+06 393.736 -2.65906
2110 1097.25 1.13928e+06 393.672 -2.6573
2120 1101.63 1.01544e+06 394.737 -2.67904
2130 1202.37 866046 395.883 -2.69976
2140 1112.46 894545 395.978 -2.70084
2150 1113.06 979287 395.172 -2.68555
2160 1303.38 1.04528e+06 394.187 -2.66579
2170 1383.78 1.1019e+06 393.629 -2.65421
2180 1088.79 1.10937e+06 393.934 -2.6613
2190 971.705 985336 395.095 -2.68553
2200 1040.71 869631 396.129 -2.70408
2210 1003.84 903335 396.104 -2.70317
2220 1219.98 935491 395.202 -2.68637
2230 1388.05 1.06199e+06 393.841 -2.65969
2240 1245.22 1.19159e+06 393.06 -2.6431
2250 994.776 1.12174e+06 393.83 -2.66074
2260 1195.6 884611 395.521 -2.6939
2270 1286.93 805778 396.285 -2.7067
2280 1076.04 960732 395.515 -2.69326
2290 1044.93 1.04734e+06 394.325 -2.67005
2300 986.645 1.15793e+06 393.641 -2.65552
2310 1108.38 1.06562e+06 394.176 -2.66662
2320 1167.64 918468 395.249 -2.6868
2330 1134.39 888932 395.681 -2.69399
2340 1194.18 943747 395.184 -2.68467
2350 1315.96 1.00767e+06 394.204 -2.66575
2360 1267.86 1.11875e+06 393.357 -2.64872
2370 1141.13 1.15315e+06 393.53 -2.65317
2380 1307.88 941346 394.831 -2.68009
2390 1275.48 850663 395.703 -2.69607
2400 1034.38 957017 395.4 -2.69124
2410 977.71 1.02085e+06 394.673 -2.6775
2420 1082.45 1.05619e+06 394.142 -2.66686
2430 1149.81 1.05043e+06 394.074 -2.66536
2440 1048.27 1.0451e+06 394.486 -2.67362
2450 1177.3 910034 395.14 -2.68596
2460 1168.93 969939 395.194 -2.6865
2470 1342.77 951088 394.879 -2.68049
2480 1318.76 1.02364e+06 394.238 -2.66869
2490 1193.28 1.10223e+06 393.818 -2.66067
2500 1170.24 1.07168e+06 394.232 -2.67008
2510 1248.72 933320 395.181 -2.68953
2520 1114.58 898410 395.612 -2.69789
2530 1006.75 973652 395.23 -2.69122
2540 1101.82 1.00623e+06 394.57 -2.67881
2550 1090.21 1.11534e+06 394.08 -2.66881
2560 1255.55 1.00443e+06 394.394 -2.67515
2570 1124.57 1.00157e+06 394.887 -2.68475
2580 1193.98 927864 395.282 -2.69247
2590 1141.77 965253 395.167 -2.69038
2600 1236.33 957770 394.663 -2.68118
2610 1025.03 1.11815e+06 393.981 -2.66787
2620 1051.51 1.0846e+06 394.178 -2.6721
2630 1204.5 919754 395.015 -2.68813
2640 986.422 957058 395.312 -2.69324
2650 935.511 985160 395.2 -2.69069
2660 1183.49 951220 394.913 -2.68457
2670 1168.09 1.0212e+06 394.286 -2.67192
2680 1107.13 1.11995e+06 393.911 -2.66358
2690 1383.74 965798 394.355 -2.67199
2700 1240.52 977138 394.664 -2.67765
2710 1017.9 1.00357e+06 394.764 -2.6798
2720 941.683 986124 394.863 -2.68159
2730 1162.26 964439 394.838 -2.6807
2740 1250.74 995087 394.541 -2.6746
2750 1067.08 1.07198e+06 394.263 -2.66875
2760 1108.44 1.00589e+06 394.484 -2.67291
2770 1107.33 999656 394.841 -2.67946
2780 1311.74 910498 395.091 -2.68392
2790 1144.13 1.00427e+06 394.717 -2.67685
2800 999.23 1.06305e+06 394.352 -2.66935
2810 1074.73 1.02431e+06 394.48 -2.67158
2820 1238.15 994214 394.839 -2.67826
2830 1307.24 935551 395.104 -2.68305
2840 1145.01 985197 394.901 -2.67928
2850 1197.28 1.01191e+06 394.538 -2.6724
2860 1210.8 1.04849e+06 394.319 -2.66823
2870 1172.92 998041 394.441 -2.67101
2880 1052.35 1.02963e+06 394.646 -2.67533
2890 1171.3 951618 394.984 -2.68209
2900 1112.98 955807 394.986 -2.68219
2910 974.056 1.01593e+06 394.636 -2.6754
2920 1059.13 1.03771e+06 394.414 -2.67061
2930 1298.15 974024 394.442 -2.67068
2940 1149.88 1.03787e+06 394.374 -2.66913
2950 1094.47 1.00654e+06 394.551 -2.67253
2960 1334.11 938330 394.753 -2.67627
2970 1275.71 1.01002e+06 394.54 -2.6724
2980 1116.8 1.03642e+06 394.367 -2.66939
2990 1140.33 1.00825e+06 394.489 -2.67217
3000 1155.83 977761 394.685 -2.67621
3010 1198.37 980319 394.712 -2.67699
3020 1247.89 976186 394.554 -2.6744
3030 1041.56 1.03955e+06 394.252 -2.66893
3040 975.388 1.05009e+06 394.266 -2.66939
3050 1091.27 990040 394.668 -2.67717
3060 1111.46 946248 394.986 -2.68289
3070 982.598 988775 394.908 -2.68096
3080 1151.16 977197 394.677 -2.67591
3090 1336.85 982637 394.27 -2.66759
3100 1219.63 1.07583e+06 393.795 -2.65795
3110 1126.61 1.07724e+06 393.922 -2.6607
3120 1138.04 982989 394.659 -2.67548
3130 1146.41 913381 395.253 -2.6865
3140 1045.39 957394 395.174 -2.68487
3150 1163.19 992420 394.695 -2.67554
3160 1292.69 1.03097e+06 394.182 -2.66522
3170 1245.27 1.06546e+06 393.941 -2.66053
3180 1128.7 1.05346e+06 394.253 -2.66736
3190 1098.97 962479 394.97 -2.68166
3200 1009.1 933069 395.404 -2.68976
3210 1054.96 930295 395.252 -2.68681
3220 1230.38 988228 394.538 -2.67311
3230 1170.52 1.10204e+06 393.783 -2.65768
3240 1102.21 1.09954e+06 393.842 -2.65883
3250 1143.51 979984 394.697 -2.6759
3260 1048.22 937762 395.438 -2.68942
3270 1101.22 906365 395.61 -2.69225
3280 1324.76 925314 394.99 -2.68087
3290 1313.93 1.08815e+06 393.853 -2.65863
3300 1269.34 1.1318e+06 393.397 -2.64922
3310 1067.79 1.08784e+06 394.078 -2.66448
3320 986.267 944093 395.424 -2.69138
3330 986.087 866068 396.322 -2.70728
3340 1132.9 857408 396.06 -2.7026
3350 1202.59 1.00026e+06 394.658 -2.67684
3360 1174.65 1.17389e+06 393.322 -2.64841
3370 1171.38 1.15313e+06 393.38 -2.64945
3380 1203.17 999707 394.689 -2.67671
3390 1100.59 890535 396.024 -2.7012
3400 1093.83 826848 396.386 -2.70751
3410 1063.61 921156 395.334 -2.68947
3420 993.537 1.13664e+06 393.709 -2.65653
3430 1113.79 1.15952e+06 393.155 -2.64343
3440 1197.81 1.07116e+06 393.943 -2.65966
3450 1224.43 928766 395.307 -2.68589
3460 1284.67 820273 396.038 -2.6984
3470 1182.54 908459 395.323 -2.68626
3480 1096.53 1.10222e+06 393.9 -2.65851
3490 1237.76 1.15244e+06 393.289 -2.64514
3500 1241.6 1.05054e+06 393.91 -2.65844
3510 1011.53 984624 395.022 -2.68077
3520 1096.39 851471 395.901 -2.69698
3530 1088.2 886987 395.597 -2.69167
3540 1037.28 1.043e+06 394.391 -2.66854
3550 1080.05 1.13014e+06 393.533 -2.65007
3560 1161.86 1.08569e+06 393.74 -2.65393
3570 1135.74 991557 394.665 -2.67199
3580 1068.98 912577 395.516 -2.68751
3590 1179.45 878378 395.606 -2.68869
3600 1280.87 982363 394.738 -2.67237
3610 1323.52 1.09358e+06 393.73 -2.65204
3620 1223.79 1.13076e+06 393.523 -2.64798
3630 1103.67 1.03066e+06 394.351 -2.6657
3640 1072.24 927695 395.457 -2.68722
3650 1159.36 848233 395.909 -2.69537
3660 1057.27 961555 395.166 -2.68219
3670 1017.82 1.11345e+06 394.133 -2.66111
3680 1289.99 1.07469e+06 393.968 -2.65709
3690 1426.5 973668 394.408 -2.66581
3700 1072.95 1.03591e+06 394.78 -2.67351
3710 1135.1 939373 395.295 -2.68401
3720 1167.8 923360 395.352 -2.68533
3730 1044.48 1.02963e+06 394.839 -2.67563
3740 1153.98 1.01667e+06 394.48 -2.66847
3750 1150.04 1.04536e+06 394.334 -2.66556
3760 1146.65 1.02993e+06 394.55 -2.66994
3770 1283.98 947245 394.975 -2.67821
3780 1255.33 966589 395.017 -2.67928
3790 1058.38 1.04684e+06 394.813 -2.67572
3800 1112.54 1.0009e+06 394.926 -2.67821
3810 1152.04 974001 395.06 -2.68093
3820 1000.89 1.0295e+06 395.053 -2.68082
3830 1106.67 981712 395.206 -2.68362
3840 1254.15 960708 395.221 -2.68365
3850 1299.96 993827 394.947 -2.67836
3860 1318.19 1.02623e+06 394.606 -2.67205
3870 1180.4 1.04597e+06 394.514 -2.67088
3880 1000.72 1.03126e+06 394.799 -2.67717
3890 1069.03 970450 395.327 -2.68781
3900 1237.53 893204 395.562 -2.69228
3910 1068.08 1.03104e+06 395.041 -2.68254
3920 1121.73 1.03096e+06 394.671 -2.67493
3930 1224.08 1.02779e+06 394.615 -2.67374
3940 1286.4 987750 394.732 -2.67626
3950 1045.11 1.05689e+06 394.893 -2.67975
3960 1085.74 945494 395.35 -2.68896
3970 997.5 993805 395.498 -2.69148
3980 1161.57 956410 395.498 -2.6912
3990 1271 954961 395.133 -2.68436
4000 1152.3 1.07885e+06 394.508 -2.67171
4010 1181.53 1.07464e+06 394.476 -2.67106
4020 1152.39 1.006e+06 395.062 -2.68317
4030 1152.92 886302 395.64 -2.69396
4040 1111.55 994179 395.425 -2.68981
4050 1322.48 939765 394.957 -2.68116
4060 1140.6 1.1037e+06 394.241 -2.66731
4070 1282.86 1.03725e+06 394.182 -2.66633
4080 1119.37 1.05748e+06 394.579 -2.67488
4090 997.173 1.00382e+06 395.421 -2.69246
4100 1113.98 839477 396.171 -2.70628
4110 1015.19 930604 395.726 -2.69821
4120 1074.37 1.00806e+06 394.608 -2.67678
4130 1074.3 1.18287e+06 393.731 -2.65795
4140 1245.07 1.05556e+06 394.188 -2.66706
4150 1149.05 980358 395.207 -2.68654
4160 1141.91 896346 396.027 -2.70167
4170 1219.43 851340 395.923 -2.7
4180 1027.19 1.06372e+06 394.755 -2.67764
4190 1290.41 1.05331e+06 393.931 -2.66026
4200 1239.59 1.12386e+06 393.722 -2.656
4210 1156.39 1.03457e+06 394.446 -2.67145
4220 1138.38 918966 395.468 -2.69113
4230 1133.82 875827 395.809 -2.69735
4240 1030.64 974756 395.153 -2.68552
4250 1079.5 1.06563e+06 394.291 -2.668
4260 1140.11 1.06819e+06 393.942 -2.66052
4270 1054.21 1.08702e+06 394.234 -2.66643
4280 1165.55 947088 395.158 -2.68444
4290 1164.42 876782 395.656 -2.69294
4300 963.031 981687 395.204 -2.68418
4310 1055.96 1.03897e+06 394.554 -2.67073
4320 1303.75 1.02491e+06 394.201 -2.66285
4330 1338.15 1.03713e+06 394.107 -2.66055
4340 1200.62 1.05365e+06 394.358 -2.66578
4350 1294.34 944641 394.96 -2.67792
4360 1359.22 925860 395.155 -2.68211
4370 1174.68 1.00966e+06 394.781 -2.67591
4380 1164.26 1.00829e+06 394.403 -2.6694
4390 1004.48 1.08328e+06 394.209 -2.66624
4400 993.676 1.0219e+06 394.62 -2.67496
4410 1025.26 960789 395.243 -2.68691
4420 1077.31 908319 395.494 -2.69131
4430 1047.53 1.00833e+06 395.081 -2.68303
4440 1300.78 980252 394.609 -2.67321
4450 1320.64 1.05853e+06 394.095 -2.66296
4460 1216.64 1.09581e+06 394.071 -2.66273
4470 1252.98 975977 394.754 -2.67674
4480 1141.24 960686 395.338 -2.68831
4490 1140.88 896437 395.479 -2.69149
4500 995.603 1.04244e+06 394.916 -2.68102
4510 1108.25 1.03248e+06 394.58 -2.67409
4520 1159.22 1.02518e+06 394.563 -2.67364
4530 1121.76 996787 394.748 -2.67718
4540 1135.64 982660 394.921 -2.68035
4550 1194.99 990155 394.962 -2.68099
4560 1222.57 964931 394.877 -2.67941
4570 1049.96 1.04561e+06 394.59 -2.67386
4580 1013.64 1.03749e+06 394.629 -2.67455
4590 1112.38 993578 394.987 -2.68124
4600 1286.57 933776 395.261 -2.68606
4610 1336.33 952711 395.013 -2.68144
4620 1199.24 1.03679e+06 394.412 -2.67012
4630 1006.97 1.07826e+06 394.099 -2.66411
4640 979.801 1.06626e+06 394.473 -2.67207
4650 1116.31 926588 395.297 -2.68774
4660 1035.85 941282 395.611 -2.69295
4670 1079.61 928687 395.356 -2.68778
4680 1221.8 1.00871e+06 394.558 -2.67222
4690 1273.66 1.11289e+06 393.883 -2.65782
4700 1336.04 1.04945e+06 394.057 -2.66129
4710 1106.51 1.03533e+06 394.758 -2.67586
4720 1151.71 899420 395.614 -2.6924
4730 1035.74 948509 395.762 -2.69499
4740 1182.07 938759 395.362 -2.68761
4750 1211.65 1.02367e+06 394.528 -2.67177
4760 1166.63 1.12098e+06 393.945 -2.65973
4770 1304.85 1.0395e+06 394.253 -2.6663
4780 1192.11 999030 394.998 -2.68168
4790 1194.64 891135 395.643 -2.69418
4800 1176 929662 395.43 -2.69095
4810 1126.64 1.02247e+06 394.652 -2.67649
4820 1168.31 1.0898e+06 394.062 -2.66493
4830 1184.06 1.06791e+06 394.217 -2.66862
4840 1191.68 965124 394.895 -2.68234
4850 1187.09 943710 395.335 -2.69108
4860 1124.46 937343 395.277 -2.69048
4870 1102.24 1.00899e+06 394.734 -2.68051
4880 1059.64 1.04657e+06 394.243 -2.67083
4890 1023.07 1.10714e+06 394.217 -2.67039
4900 1163.12 984275 394.971 -2.68562
4910 1242.78 878079 395.599 -2.69682
4920 1052.93 974344 395.315 -2.69138
4930 1085.04 998116 394.726 -2.67977
4940 1191.83 1.05015e+06 394.179 -2.66864
4950 1208.55 1.077e+06 394.051 -2.6658
4960 1252.99 1.03139e+06 394.565 -2.67636
4970 1331.85 921159 395.294 -2.69057
4980 1186.7 925221 395.402 -2.69312
4990 979.402 1.02638e+06 394.952 -2.68486
5000 1173.44 981652 394.58 -2.67787
5010 977.362 1.10046e+06 394.242 -2.6712
5020 1102.76 1.01143e+06 394.583 -2.67803
5030 1169.16 962622 395.096 -2.68741
5040 1165.31 939806 395.27 -2.69046
5050 1046.81 997387 394.989 -2.68491
5060 1179.6 1.00081e+06 394.636 -2.67762
5070 1289.96 1.02136e+06 394.317 -2.67117
5080 1140.46 1.07714e+06 394.237 -2.66963
5090 1050.11 991229 394.71 -2.67913
5100 1097.27 949671 395.155 -2.68743
5110 1098.42 948244 395.175 -2.68751
5120 1158.56 980024 394.758 -2.67932
5130 1177.53 1.05893e+06 394.225 -2.66847
5140 1203.21 1.04902e+06 394.137 -2.66647
5150 1133.7 1.03023e+06 394.504 -2.67375
5160 1213.73 950342 395.065 -2.68467
5170 1081.95 951015 395.258 -2.68822
5180 946.611 984571 395.043 -2.68398
5190 1133.23 994604 394.666 -2.67634
5200 1251.99 1.05343e+06 394.308 -2.66868
5210 1301.55 1.01822e+06 394.337 -2.66901
5220 1293.5 994147 394.557 -2.67352
5230 1183 973070 394.713 -2.67702
5240 927.536 1.03325e+06 394.722 -2.67755
5250 994.006 983779 394.905 -2.68112
5260 1150.58 975398 395.004 -2.68262
5270 1306.91 966880 394.873 -2.67982
5280 1305.7 993885 394.488 -2.67248
5290 1173.51 1.05877e+06 394.092 -2.66503
5300 1003.99 1.05432e+06 394.166 -2.66689
5310 1019.69 980465 394.657 -2.67662
5320 980.403 993383 395.065 -2.68411
5330 1155.22 933208 395.333 -2.68873
5340 1259.99 918496 395.041 -2.68302
5350 1149.37 1.05856e+06 394.175 -2.66604
5360 1121.93 1.11989e+06 393.767 -2.65727
5370 1180.98 1.03351e+06 394.313 -2.66845
5380 1201.78 941297 395.143 -2.68417
5390 1112.43 965306 395.555 -2.69173
5400 1146.47 923167 395.581 -2.69224
5410 1107.52 995033 395.019 -2.68177
5420 1098.36 1.07122e+06 394.443 -2.66982
5430 1259.94 1.03237e+06 394.409 -2.66888
5440 1244.56 1.01015e+06 394.684 -2.67437
5450 1204.92 991412 395.044 -2.68161
5460 1078.05 995446 395.363 -2.68811
5470 1134.91 911874 395.532 -2.69157
5480 1036.04 1.02929e+06 395.13 -2.68387
5490 1269.23 973886 394.808 -2.67739
5500 1245.41 1.03887e+06 394.394 -2.66953
5510 1104.68 1.08717e+06 394.306 -2.66804
5520 1026.23 1.0236e+06 394.913 -2.68055
5530 1029.77 918061 395.691 -2.69536
5540 1166.35 867592 395.76 -2.69641
5550 1097.17 1.01199e+06 394.835 -2.6788
5560 1256.72 1.05111e+06 393.911 -2.65988
5570 1206.59 1.14999e+06 393.556 -2.65239
5580 1199.93 1.03113e+06 394.312 -2.66843
5590 1102.39 940265 395.393 -2.68918
5600 1186.5 873821 395.935 -2.69903
5610 1232.53 921377 395.441 -2.69053
5620 1137.01 1.05528e+06 394.335 -2.66931
5630 1115.37 1.1225e+06 393.671 -2.6556
5640 1098.55 1.09477e+06 394.045 -2.66387
5650 1048.4 953184 395.151 -2.68567
5660 1039.15 916913 395.936 -2.69977
5670 1252.95 863813 395.928 -2.69943
5680 1351.24 960121 394.843 -2.67999
5690 1208.92 1.12757e+06 393.494 -2.65292
5700 966.163 1.20982e+06 393.222 -2.64742
5710 1062.15 1.03025e+06 394.588 -2.67734
5720 1232.62 818307 396.194 -2.70597
5730 1193.67 827459 396.334 -2.70806
5740 1155.4 951562 395.021 -2.68512
5750 1092.01 1.16353e+06 393.374 -2.65181
5760 927.085 1.23131e+06 393.104 -2.64563
5770 980.003 1.0418e+06 394.658 -2.6789
5780 1066.21 833978 396.558 -2.71346
5790 1168.42 756573 397.049 -2.72041
5800 1186.92 919179 395.556 -2.69462
5810 1300.77 1.14213e+06 393.406 -2.65131
5820 1267.35 1.2768e+06 392.526 -2.63067
5830 1310.51 1.07246e+06 393.772 -2.65842
5840 1068.25 937410 395.751 -2.69765
5850 1058.95 770225 397.09 -2.72077
5860 1109.65 792563 396.503 -2.71199
5870 1035.47 1.06786e+06 394.309 -2.67183
5880 1170.04 1.24355e+06 392.647 -2.63449
5890 1243.09 1.205e+06 393.021 -2.6431
5900 1194.71 955856 395.015 -2.68456
5910 1028.76 800580 396.675 -2.71327
5920 944.038 803502 396.643 -2.71256
5930 1096.65 973711 394.998 -2.68323
5940 1324.6 1.15652e+06 393.175 -2.64479
5950 1438.36 1.19533e+06 392.646 -2.63257
5960 1282.4 1.07866e+06 393.734 -2.65711
5970 1068.41 905055 395.449 -2.69076
5980 926.745 849434 396.398 -2.70744
5990 1043.68 860371 396.028 -2.70125
6000 1160.77 1.01017e+06 394.549 -2.67388
6010 1231.95 1.15444e+06 393.179 -2.64492
6020 1154.4 1.18173e+06 393.129 -2.64381
6030 1181.7 1.00057e+06 394.499 -2.67267
6040 1127.24 861844 395.889 -2.69792
6050 1033.7 869652 396.151 -2.70219
6060 1155.23 936902 395.291 -2.68671
6070 1276.95 1.06649e+06 393.934 -2.66021
6080 1280.14 1.18299e+06 393.216 -2.64477
6090 1220.07 1.09557e+06 393.936 -2.66086
6100 1142.32 933962 395.44 -2.69133
6110 1087.98 841727 396.39 -2.70814
6120 980.296 934090 396.066 -2.70241
6130 1087.26 998618 395.135 -2.6845
6140 1221.68 1.07959e+06 394.226 -2.66608
6150 1197.64 1.1217e+06 394.024 -2.66167
6160 1204.11 1.02776e+06 394.802 -2.67779
6170 1249.43 905192 395.762 -2.69614
6180 1133.14 926104 396.001 -2.7006
6190 1138.66 976856 395.604 -2.69339
6200 1125.51 1.02566e+06 395.015 -2.6821
6210 1080.67 1.06038e+06 394.643 -2.67469
6220 1116.14 1.03402e+06 394.777 -2.67736
6230 1160.11 989504 395.196 -2.68545
6240 1072.27 973913 395.539 -2.69194
6250 979.637 964893 395.662 -2.69399
6260 1096.14 955661 395.461 -2.68972
6270 1353.87 976248 394.906 -2.67864
6280 1300.44 1.05465e+06 394.182 -2.66439
6290 1110.11 1.13319e+06 393.991 -2.66064
6300 1336.07 969390 394.755 -2.67639
6310 1195.05 958435 395.393 -2.68873
6320 970.539 947384 395.629 -2.69364
6330 1016.65 946760 395.425 -2.69
6340 1103.45 1.00466e+06 394.78 -2.67763
6350 1110.3 1.08274e+06 394.231 -2.66609
6360 1143.87 1.04851e+06 394.315 -2.66744
6370 984.279 1.02345e+06 394.856 -2.67805
6380 1085.3 922685 395.531 -2.69041
6390 1215.95 898565 395.563 -2.69035
6400 1116.51 1.01911e+06 394.827 -2.67592
6410 1184.84 1.06501e+06 394.211 -2.66287
6420 1323.72 1.03753e+06 394.11 -2.66045
6430 1154.51 1.0918e+06 394.457 -2.66782
6440 1234.51 921341 395.385 -2.68639
6450 1214.89 870470 395.722 -2.6926
6460 1063.43 1.0127e+06 395.069 -2.6807
6470 1235.31 1.0101e+06 394.393 -2.6674
6480 1155.57 1.08556e+06 393.914 -2.65819
6490 933.54 1.11537e+06 394.161 -2.66388
6500 1116.81 946019 395.268 -2.68597
6510 1243.98 850824 395.931 -2.69742
6520 1063.79 986093 395.462 -2.68858
6530 1220.63 988550 394.748 -2.67439
6540 1275.8 1.0565e+06 394.01 -2.6601
6550 1044.71 1.18061e+06 393.869 -2.65758
6560 1229.02 961040 395.002 -2.68101
6570 1248.78 860092 395.896 -2.6971
6580 1036.74 952268 395.692 -2.69352
6590 1077.25 1.00949e+06 395.029 -2.68074
6600 1179.55 1.02655e+06 394.432 -2.66892
6610 1135.14 1.08898e+06 394.137 -2.66283
6620 1170.97 1.0266e+06 394.521 -2.67071
6630 1120.94 973289 395.163 -2.68312
6640 1200.87 900929 395.524 -2.68985
6650 1159.86 955329 395.113 -2.68245
6660 1115.52 1.07273e+06 394.377 -2.66784
6670 1226.56 1.05427e+06 394.169 -2.66354
6680 1124.14 1.04791e+06 394.485 -2.67012
6690 1070.27 972802 395.147 -2.68325
6700 1111.4 937637 395.608 -2.69177
6710 1195.95 904474 395.495 -2.68967
6720 1233.81 1.00564e+06 394.655 -2.67406
6730 1307.06 1.09708e+06 393.882 -2.65826
6740 1379.73 1.04993e+06 393.855 -2.65826
6750 1034.87 1.06742e+06 394.355 -2.6695
6760 928.107 956125 395.315 -2.68905
6770 974.424 884012 395.92 -2.69995
6780 980.93 917812 395.562 -2.69323
6790 1105.07 1.02829e+06 394.551 -2.67332
6800 1332.95 1.07099e+06 393.749 -2.6561
6810 1318.17 1.09537e+06 393.582 -2.65235
6820 1120.45 1.07403e+06 394.238 -2.6665
6830 1091.6 936327 395.438 -2.69006
6840 1187.79 843198 396.087 -2.70156
6850 1156.14 918335 395.474 -2.69095
6860 1106.62 1.06646e+06 394.209 -2.66635
6870 1168.82 1.12116e+06 393.474 -2.65076
6880 1104.85 1.11645e+06 393.797 -2.65778
6890 1236.11 937120 394.978 -2.68147
6900 1212.67 868845 395.697 -2.69416
6910 1029.47 959041 395.362 -2.68815
6920 1109.51 1.00978e+06 394.639 -2.67408
6930 1165.11 1.05474e+06 394.006 -2.66138
6940 1063.53 1.1182e+06 393.909 -2.65929
6950 1242.95 987026 394.692 -2.67508
6960 1392.62 877048 395.361 -2.68738
6970 1158.23 962431 395.097 -2.68295
6980 1047.66 1.04887e+06 394.515 -2.67182
6990 1133.35 1.02082e+06 394.258 -2.66688
7000 1007.71 1.0793e+06 394.3 -2.66786
7010 1080.4 992924 394.91 -2.68005
7020 1227.43 872319 395.419 -2.6892
7030 1146.72 965132 394.972 -2.68094
7040 1096.76 1.0552e+06 394.206 -2.66554
7050 1173.81 1.07339e+06 393.911 -2.65924
7060 1097.75 1.05705e+06 394.234 -2.66576
7070 1031.68 997175 395.025 -2.68139
7080 1142.48 897800 395.755 -2.69463
7090 1308.21 867561 395.609 -2.6919
7100 1217.97 1.03212e+06 394.464 -2.67052
7110 1195.34 1.12599e+06 393.561 -2.65165
7120 1179.96 1.09558e+06 393.695 -2.65467
7130 1092.03 1.01417e+06 394.629 -2.67407
7140 993.406 935318 395.693 -2.69441
7150 1107.62 845504 396.14 -2.70226
7160 1142.94 928503 395.349 -2.68828
7170 1073.9 1.10782e+06 394.029 -2.66161
7180 1148.61 1.13858e+06 393.554 -2.65085
7190 1185.38 1.06192e+06 394.248 -2.66528
7200 1236.08 918022 395.409 -2.68735
7210 1211.14 883858 395.931 -2.69654
7220 1199.59 921205 395.457 -2.68832
7230 1215.31 1.03605e+06 394.356 -2.66751
7240 1174.04 1.14638e+06 393.614 -2.65225
7250 1151.71 1.07712e+06 394.01 -2.66107
7260 1071.34 972974 395.083 -2.68271
7270 1162.38 857726 395.871 -2.69716
7280 1072.14 926447 395.547 -2.69143
7290 1024.23 1.0244e+06 394.588 -2.67289
7300 1083.75 1.10751e+06 393.864 -2.65772
7310 1240.67 1.06402e+06 393.995 -2.65999
7320 1373.26 971086 394.665 -2.67295
7330 1317.61 933164 395.112 -2.68166
7340 1341.41 925230 394.977 -2.68011
7350 1175.46 1.04232e+06 394.301 -2.66824
7360 1044.5 1.0933e+06 393.946 -2.66176
7370 1037.48 1.03534e+06 394.348 -2.6706
7380 1033.85 945095 395.028 -2.68394
7390 1081.25 931820 395.284 -2.68857
7400 1163.94 936662 394.935 -2.68205
7410 1061.47 1.05108e+06 394.127 -2.66637
7420 946.005 1.11678e+06 393.753 -2.65818
7430 1005.15 1.03103e+06 394.292 -2.66865
7440 1124.13 941317 395.108 -2.68356
7450 1327.58 871406 395.391 -2.68782
7460 1343.05 957891 394.678 -2.67442
7470 1369.56 1.05766e+06 393.596 -2.65345
7480 1259.86 1.15942e+06 393.068 -2.64292
7490 1129.25 1.07836e+06 393.802 -2.65963
7500 1077.29 924160 395.158 -2.68662
7510 1010.19 865957 395.91 -2.70013
7520 1030.79 901925 395.525 -2.69343
7530 1157 1.0238e+06 394.347 -2.67104
7540 1201.73 1.14181e+06 393.403 -2.65111
7550 1154.62 1.13115e+06 393.64 -2.65631
7560 1214.56 944548 394.869 -2.68098
7570 1132.49 891584 395.722 -2.69625
7580 1160.53 876885 395.615 -2.69452
7590 1198.52 1.00193e+06 394.533 -2.67498
7600 1184 1.14365e+06 393.508 -2.65364
7610 1244.76 1.10385e+06 393.622 -2.65629
7620 1106.71 1.01057e+06 394.624 -2.67728
7630 1147.49 879751 395.658 -2.69676
7640 1131.63 889490 395.745 -2.69837
7650 1149.11 954841 394.862 -2.68272
7660 1173.21 1.12171e+06 393.722 -2.65978
7670 1249.91 1.11819e+06 393.504 -2.65521
7680 1057.82 1.04503e+06 394.31 -2.67251
7690 1077.15 914956 395.445 -2.69426
7700 1113.06 882611 395.896 -2.70214
7710 1214.92 907883 395.327 -2.69217
7720 1117.93 1.10643e+06 394.113 -2.66852
7730 1218.49 1.12227e+06 393.708 -2.6595
7740 1291.72 1.01264e+06 394.296 -2.67157
7750 1069.4 979652 395.048 -2.6866
7760 927.337 934924 395.604 -2.69716
7770 995.775 915396 395.595 -2.69678
7780 992.886 992181 394.908 -2.68345
7790 1046.55 1.08554e+06 394.198 -2.66817
7800 1321.86 1.02449e+06 394.111 -2.66529
7810 1314.64 1.02365e+06 394.316 -2.66872
7820 1208.98 986446 394.689 -2.67595
7830 1143.08 969665 394.961 -2.6812
7840 1217.81 963610 394.97 -2.68146
7850 1256.69 986787 394.68 -2.67624
7860 1029.74 1.05676e+06 394.33 -2.66957
7870 1065.15 1.02848e+06 394.396 -2.67102
7880 1028.25 1.02166e+06 394.757 -2.67808
7890 1088.92 941240 395.221 -2.68673
7900 1127.95 936700 395.238 -2.68657
7910 1192.79 976719 394.727 -2.6765
7920 1265.3 1.03365e+06 394.026 -2.6626
7930 1167.14 1.10696e+06 393.673 -2.65524
7940 1220.01 1.02452e+06 394.125 -2.66462
7950 1131.73 982806 394.844 -2.67877
7960 1081.41 921082 395.371 -2.68882
7970 1073.52 942296 395.269 -2.68688
7980 1159.57 987079 394.662 -2.6752
7990 1153.3 1.07829e+06 394.009 -2.66204
8000 1096.99 1.09249e+06 393.999 -2.66169
8010 1183.11 974369 394.693 -2.67538
8020 1177.54 939904 395.23 -2.6852
8030 1194.03 939821 395.252 -2.68555
8040 1217.81 978525 394.766 -2.67659
8050 1087.66 1.09457e+06 394.184 -2.66503
8060 1103.3 1.06908e+06 394.312 -2.66776
8070 1115.47 974993 395.02 -2.68185
8080 1079.07 918307 395.518 -2.69081
8090 1148.22 964072 395.374 -2.68782
8100 1293.59 958203 394.862 -2.67803
8110 1185.39 1.06436e+06 394.092 -2.66314
8120 1010.01 1.12424e+06 393.875 -2.65872
8130 959.374 1.04308e+06 394.636 -2.6744
8140 1081.16 918857 395.749 -2.69558
8150 1296.69 822484 396.137 -2.70179
8160 1342.3 953931 395.136 -2.68387
8170 1332.42 1.10141e+06 393.732 -2.65623
8180 1124.9 1.21733e+06 393.277 -2.64694
8190 1110.97 1.02659e+06 394.449 -2.67257
8200 977.274 913438 395.945 -2.70101
8210 1024.14 834004 396.661 -2.71341
8220 1059.5 872241 395.975 -2.70169
8230 1152.01 1.05346e+06 394.3 -2.66954
8240 1350.7 1.17433e+06 393.055 -2.64246
8250 1204.39 1.19205e+06 393.33 -2.64905
8260 1138.51 964074 395.066 -2.68525
8270 1013.07 846204 396.57 -2.71193
8280 1013.17 830754 396.753 -2.71479
8290 1075.75 930105 395.506 -2.69291
8300 1110.15 1.11981e+06 393.76 -2.65744
8310 1159.6 1.20805e+06 393.007 -2.64009
8320 1069.33 1.14385e+06 394 -2.66247
8330 1202.17 862522 396.066 -2.70249
8340 1294.26 757531 397.015 -2.71715
8350 1173.74 931278 396.031 -2.70006
8360 1205.65 1.07427e+06 394.403 -2.66832
8370 1282.65 1.14591e+06 393.418 -2.64721
8380 1122.93 1.16889e+06 393.713 -2.65437
8390 1020.22 1.04115e+06 395.383 -2.69104
8400 1186.53 754167 397.247 -2.7244
8410 1056.02 808710 397.168 -2.72288
8420 954.129 994589 395.485 -2.69207
8430 1038.09 1.1667e+06 393.789 -2.65664
8440 1178.57 1.18992e+06 393.475 -2.64865
8450 1252.83 1.02174e+06 394.695 -2.67375
8460 1147.46 915834 396.153 -2.70099
8470 1156.66 809729 396.81 -2.71222
8480 1083.13 929082 395.968 -2.69749
8490 1143.99 1.06147e+06 394.501 -2.6685
8500 1217.22 1.15571e+06 393.608 -2.6491
8510 1310.13 1.0795e+06 393.942 -2.65612
8520 1181.88 996057 395 -2.67764
8530 1135.66 890698 395.973 -2.69607
8540 1072.79 879042 396.036 -2.69737
8550 1084.88 984799 395.128 -2.68069
8560 1253.21 1.05494e+06 394.056 -2.65939
8570 1184.54 1.14629e+06 393.541 -2.64865
8580 1079.68 1.0827e+06 394.191 -2.66285
8590 1107.5 928006 395.486 -2.68827
8600 1182.36 853744 396.202 -2.70075
8610 1263.46 890922 395.673 -2.69181
8620 1230.43 1.05207e+06 394.302 -2.66594
8630 1315.14 1.14588e+06 393.373 -2.64662
8640 1330.72 1.11502e+06 393.641 -2.65331
8650 1249.58 970536 394.832 -2.67877
8660 1060.11 896877 395.814 -2.69757
8670 1009.82 883637 395.894 -2.69973
8680 984.876 976893 395.037 -2.68455
8690 858.717 1.13272e+06 394.048 -2.66423
8700 1058.26 1.06793e+06 394.066 -2.66385
8710 1328.86 959830 394.658 -2.67463
8720 1222.2 968652 394.99 -2.68037
8730 1214.95 951802 395.006 -2.6806
8740 1210.04 987354 394.645 -2.67387
8750 1129.93 1.06775e+06 394.225 -2.66564
8760 1194.13 1.03191e+06 394.316 -2.6676
8770 1328.57 968870 394.668 -2.67469
8780 1328.64 978903 394.81 -2.67807
8790 1166.65 973825 394.744 -2.67779
8800 956.039 1.02875e+06 394.5 -2.67377
8810 883.456 1.07836e+06 394.524 -2.67457
8820 1063.78 963881 395.101 -2.6858
8830 1219.43 898175 395.392 -2.69068
8840 1217.97 976406 394.899 -2.68121
8850 1226.1 1.05017e+06 394.198 -2.66727
8860 1158.05 1.08648e+06 393.929 -2.66181
8870 1038.87 1.06427e+06 394.395 -2.67162
8880 1198.52 933804 395.323 -2.6897
8890 1217.73 900467 395.742 -2.69711
8900 1145.6 960945 395.337 -2.68977
8910 1214.73 1.01624e+06 394.602 -2.67561
8920 1233.32 1.06278e+06 394.002 -2.66392
8930 1032.77 1.13576e+06 394.023 -2.6649
8940 1173.72 966352 395.027 -2.68558
8950 1277.51 869963 395.791 -2.69941
8960 1237.52 887811 395.468 -2.69425
8970 1038.38 1.05677e+06 394.289 -2.67262
8980 936.43 1.15948e+06 393.584 -2.65755
8990 1007.55 1.04948e+06 394.129 -2.66874
9000 1043.34 949021 395.114 -2.68734
9010 1084.69 897598 395.672 -2.69678
9020 1222.93 930929 395.384 -2.69081
9030 1359.25 984734 394.496 -2.67361
9040 1188.16 1.11641e+06 393.571 -2.65493
9050 1162.23 1.11617e+06 393.583 -2.65531
9060 1248.82 982442 394.506 -2.67405
9070 1133.02 935901 395.355 -2.6903
9080 1180.92 870509 395.581 -2.69476
9090 1094.02 982312 394.817 -2.68113
9100 988.628 1.09566e+06 393.904 -2.66272
9110 1007.26 1.11387e+06 393.795 -2.66018
9120 1128.11 987731 394.555 -2.67513
9130 1153.05 943525 395.286 -2.68828
9140 1144.68 931206 395.527 -2.69223
9150 1221.69 931957 395.153 -2.68513
9160 1281.91 1.03971e+06 394.291 -2.66834
9170 1365.75 1.06485e+06 393.709 -2.65658
9180 1103.01 1.12011e+06 393.775 -2.65869
9190 1006.96 1.01071e+06 394.737 -2.67912
9200 1092.98 894053 395.794 -2.69883
9210 1143.66 872534 395.969 -2.7018
9220 1209.18 937260 395.058 -2.68573
9230 1075.06 1.14448e+06 393.775 -2.65978
9240 1172.58 1.12475e+06 393.553 -2.65466
9250 1084.58 1.06187e+06 394.446 -2.67356
9260 1137.28 907883 395.781 -2.69911
9270 1158.02 857833 396.381 -2.70927
9280 1175.74 883535 395.743 -2.69837
9290 914.428 1.10148e+06 394.252 -2.66971
9300 985.451 1.16227e+06 393.559 -2.65373
9310 1184.62 1.03927e+06 394.172 -2.6656
9320 1145.58 965809 395.166 -2.6843
9330 1097.98 893703 395.844 -2.69609
9340 1079.63 912827 395.633 -2.69173
9350 1222.95 1.00877e+06 394.724 -2.67386
9360 1273.37 1.0961e+06 393.902 -2.65667
9370 1222.04 1.10406e+06 393.886 -2.65618
9380 1233.29 994522 394.691 -2.67258
9390 1167.28 943950 395.504 -2.68817
9400 1250.48 870321 395.772 -2.69345
9410 1097.46 957924 395.016 -2.68052
9420 933.26 1.11731e+06 393.979 -2.65957
9430 1128.94 1.09515e+06 393.831 -2.65614
9440 1136.12 1.03193e+06 394.522 -2.67017
9450 1222.52 906306 395.417 -2.68686
9460 1137.3 923233 395.595 -2.68984
9470 1028.74 966373 395.101 -2.68054
9480 1048.73 1.0471e+06 394.361 -2.66578
9490 1117.56 1.08335e+06 394.013 -2.65805
9500 1225.69 1.02406e+06 394.331 -2.66398
9510 1282.95 969947 394.877 -2.67426
9520 1257.04 928046 395.141 -2.67928
9530 1122.47 995344 394.88 -2.67451
9540 1316.26 979872 394.49 -2.66727
9550 1337.15 1.04987e+06 394.023 -2.65881
9560 1160.57 1.07028e+06 393.961 -2.65847
9570 1019.68 1.01007e+06 394.452 -2.66906
9580 919.43 1.00184e+06 395.093 -2.68201
9590 979.586 903164 395.644 -2.6923
9600 984.649 924930 395.435 -2.68807
9610 1066.89 1.03691e+06 394.64 -2.67202
9620 1217.93 1.07701e+06 394.129 -2.66058
9630 1380.55 1.02275e+06 394.238 -2.66207
9640 1290.37 996900 394.562 -2.66829
9650 1053.74 1.03971e+06 394.945 -2.6762
9660 1277.71 879946 395.471 -2.68646
9670 1313.98 941665 395.132 -2.68078
9680 1231.16 1.06015e+06 394.321 -2.66543
9690 1129.69 1.06603e+06 393.964 -2.65882
9700 928.154 1.07959e+06 394.222 -2.66474
9710 1060.69 976977 395.078 -2.68201
9720 1250.16 866739 395.718 -2.69359
9730 1275.82 902699 395.276 -2.68608
9740 1142.69 1.06922e+06 394.099 -2.6636
9750 1178.92 1.12601e+06 393.447 -2.6501
9760 1062.63 1.13112e+06 393.916 -2.66079
9770 1218.94 914895 395.329 -2.68929
9780 1168.95 828479 396.088 -2.7024
9790 930.563 956892 395.483 -2.69164
9800 1070.26 1.03625e+06 394.459 -2.67134
9810 1243.35 1.08075e+06 393.756 -2.65653
9820 1259.29 1.08562e+06 393.747 -2.65617
9830 1144.18 1.0475e+06 394.479 -2.67142
9840 1199.58 897524 395.505 -2.69123
9850 1194.63 883211 395.739 -2.69543
9860 1035.26 1.01991e+06 395.049 -2.6827
9870 1062.24 1.04798e+06 394.459 -2.67058
9880 1197.39 1.01249e+06 394.258 -2.66638
9890 1123.22 1.06157e+06 394.249 -2.6661
9900 1183.35 994744 394.694 -2.67497
9910 1307.5 908346 395.062 -2.68186
9920 1185.1 978960 394.759 -2.67642
9930 1199.99 1.01963e+06 394.236 -2.66662
9940 1173.68 1.05879e+06 393.907 -2.66043
9950 1047.9 1.06218e+06 394.075 -2.6643
9960 972.408 1.00208e+06 394.75 -2.67804
9970 959.373 922240 395.406 -2.69013
9980 906.894 960076 395.479 -2.69078
9990 1225.91 932676 395.12 -2.68324
10000 1342.53 1.00889e+06 394.27 -2.66637
