# Time-averaged data for fix 4
# TimeStep c_mytemp c_mypress v_vmyvol v_avgEtotal
10 1198.25 992536 394.681 -2.68651
20 1038.26 1.08166e+06 394.438 -2.68186
30 1018.38 1.00177e+06 394.781 -2.68885
40 874.829 991549 395.214 -2.69704
50 938.92 959044 395.547 -2.70301
60 1143.74 935060 395.494 -2.70128
70 1194.94 991708 394.914 -2.68952
80 1164.74 1.06529e+06 394.293 -2.67677
90 1176.87 1.08869e+06 394.239 -2.67552
100 1230.79 980695 394.893 -2.68872
110 1058.45 965811 395.466 -2.69972
120 1211.49 887927 395.623 -2.70307
130 1181.68 993546 394.929 -2.69087
140 1126.32 1.06983e+06 394.142 -2.67534
150 1108.88 1.07746e+06 393.961 -2.67219
160 966.934 1.06044e+06 394.511 -2.68426
170 1021.91 926151 395.483 -2.70302
180 1052.24 899893 395.876 -2.71003
190 1125.89 911235 395.336 -2.70055
200 1094.67 1.07146e+06 394.132 -2.67697
210 1105.57 1.13259e+06 393.519 -2.66386
220 976.466 1.11993e+06 394.093 -2.67638
230 1106.75 895293 395.565 -2.70543
240 1076.41 850313 396.227 -2.71614
250 905.292 974573 395.615 -2.70454
260 1084.54 1.02302e+06 394.714 -2.68633
270 1244.46 1.08341e+06 394.063 -2.67245
280 1270.77 1.06543e+06 394.109 -2.67313
290 1081.27 1.04631e+06 394.818 -2.68789
300 1143.12 889888 395.76 -2.70596
310 1151.78 933542 395.903 -2.7085
320 1161.36 967453 395.376 -2.69912
330 1066.09 1.04071e+06 394.598 -2.68426
340 994.802 1.13135e+06 394.267 -2.67769
350 1062.64 1.01594e+06 394.922 -2.69127
360 1065.73 925922 395.786 -2.70763
370 1066.1 910759 396.012 -2.71145
380 1198.97 964506 395.429 -2.70063
390 1252.45 1.05956e+06 394.611 -2.68437
400 1159.63 1.08429e+06 394.259 -2.67759
410 966.656 1.05998e+06 394.686 -2.68711
420 1009.54 940913 395.587 -2.7045
430 1096.44 906407 395.982 -2.71164
440 1149.95 923414 395.558 -2.70395
450 1075.21 1.06649e+06 394.529 -2.68427
460 1001.09 1.12458e+06 394.06 -2.67414
470 1003.41 1.05271e+06 394.682 -2.68692
480 1129.86 903336 395.68 -2.70567
490 1164.5 866152 395.872 -2.70874
500 1157.81 1.00747e+06 394.98 -2.69218
510 1242.37 1.0729e+06 394.098 -2.67411
520 1288.5 1.0649e+06 393.856 -2.66951
530 1075.94 1.05373e+06 394.213 -2.67765
540 911.331 985480 395.021 -2.69421
550 1039.78 893255 395.668 -2.70634
560 1144.96 901445 395.386 -2.70147
570 966.108 1.07462e+06 394.359 -2.68154
580 1000.33 1.09038e+06 393.883 -2.67116
590 1136.22 1.05325e+06 394.221 -2.67773
600 1207.59 966805 395.014 -2.69314
610 1216.86 893378 395.497 -2.70192
620 1108.41 958435 395.099 -2.69485
630 1129.59 1.04675e+06 394.358 -2.6805
640 1242.52 1.0413e+06 393.958 -2.67271
650 1053.95 1.0831e+06 394.017 -2.67452
660 973.232 1.02725e+06 394.766 -2.69036
670 1190.53 859125 395.642 -2.70686
680 1167.57 906400 395.399 -2.70282
690 1012.55 1.04399e+06 394.36 -2.68316
700 982.043 1.11282e+06 393.693 -2.66936
710 914.33 1.0968e+06 394.017 -2.67619
720 857.859 973448 395.137 -2.69828
730 1001.54 848430 396 -2.71309
740 1049.15 894603 395.573 -2.70476
750 991.319 1.07595e+06 394.31 -2.67911
760 1243.1 1.08536e+06 393.614 -2.66321
770 1377.74 1.06648e+06 393.698 -2.66411
780 1324.81 1.02288e+06 394.399 -2.6785
790 1298.34 900777 395.214 -2.6945
800 1066.08 930193 395.233 -2.69568
810 843.551 1.05548e+06 394.703 -2.68594
820 1026.67 1.00891e+06 394.527 -2.68236
830 1143.61 978242 394.468 -2.68115
840 983.326 1.04308e+06 394.297 -2.67771
850 894.939 1.03967e+06 394.468 -2.68093
860 1060.43 973762 394.957 -2.68995
870 1261.83 906268 395.184 -2.69354
880 1247.93 987712 394.684 -2.68394
890 1283.38 1.04081e+06 394.043 -2.67133
900 1185.09 1.0791e+06 393.788 -2.66674
910 988.921 1.08687e+06 394.258 -2.67741
920 1049.19 925958 395.365 -2.69954
930 1099.32 860148 395.868 -2.70855
940 1065.62 941255 395.175 -2.69638
950 1135.19 1.08797e+06 394.021 -2.67357
960 1272.18 1.09256e+06 393.562 -2.66393
970 1094.61 1.06501e+06 393.965 -2.67285
980 933.705 996739 394.925 -2.69242
990 1114.27 879429 395.793 -2.70866
1000 1150.23 896417 395.647 -2.70615
1010 1028.45 1.0409e+06 394.657 -2.68728
1020 1128.59 1.07206e+06 393.958 -2.67283
1030 1206.1 1.07433e+06 393.932 -2.67232
1040 1244.16 1.00528e+06 394.519 -2.68454
1050 1102.93 962851 395.204 -2.69821
1060 1044.29 889376 395.473 -2.70375
1070 967.636 989934 394.886 -2.69313
1080 1139.81 1.04807e+06 394.166 -2.6787
1090 1202.32 1.05908e+06 393.867 -2.6727
1100 939.374 1.09548e+06 394.167 -2.67934
1110 930.704 962276 395.177 -2.69954
1120 1083.84 882657 395.889 -2.71199
1130 1125.3 918027 395.581 -2.70608
1140 1084.66 1.03937e+06 394.618 -2.68711
1150 1253.65 1.03954e+06 393.902 -2.67229
1160 1212.81 1.11359e+06 393.662 -2.66748
1170 1171.62 1.02348e+06 394.314 -2.68145
1180 1039.16 940769 395.206 -2.69875
1190 897.231 933530 395.59 -2.70595
1200 954.973 953171 395.377 -2.70181
1210 1113.44 982071 394.74 -2.68927
1220 1145.59 1.0503e+06 393.978 -2.67387
1230 991.148 1.14393e+06 393.751 -2.66889
1240 1099.53 991957 394.612 -2.68626
1250 1100.19 896841 395.46 -2.7014
1260 999.952 927517 395.443 -2.70061
1270 992.245 1.00351e+06 394.788 -2.68771
1280 1172.87 1.03893e+06 394.15 -2.67425
1290 1273.28 1.05374e+06 393.857 -2.66787
1300 1093.17 1.08143e+06 394.106 -2.67308
1310 1077.81 959159 394.957 -2.68999
1320 1018.73 923998 395.513 -2.70004
1330 1165.97 899776 395.345 -2.69696
1340 1221.71 1.0035e+06 394.365 -2.67893
1350 1095.83 1.14188e+06 393.484 -2.66071
1360 1035.24 1.09789e+06 393.754 -2.66661
1370 1024.62 989694 394.897 -2.69003
1380 1054.27 860945 395.893 -2.70792
1390 941.726 923167 395.76 -2.70511
1400 1055.81 977114 394.892 -2.68842
1410 1181.17 1.07243e+06 393.873 -2.66767
1420 1269.11 1.10687e+06 393.499 -2.65936
1430 1202.35 1.03984e+06 394.028 -2.67033
1440 1062.8 986552 394.942 -2.68873
1450 1152.93 886149 395.671 -2.70248
1460 1175.83 903243 395.434 -2.69868
1470 1025.64 1.04217e+06 394.412 -2.6796
1480 956.842 1.11806e+06 393.746 -2.66579
1490 1087.19 1.05278e+06 394.055 -2.67214
1500 978.808 996044 394.881 -2.68832
1510 923.883 913682 395.624 -2.70194
1520 1054.87 897343 395.611 -2.70112
1530 1174.3 1.00684e+06 394.759 -2.68442
1540 1288.11 1.05611e+06 393.92 -2.66697
1550 1144.46 1.14132e+06 393.682 -2.66207
1560 1156.15 1.02481e+06 394.551 -2.68062
1570 1165.82 901553 395.657 -2.70147
1580 1069.61 885918 395.924 -2.70645
1590 1082.64 949248 395.173 -2.69336
1600 1110.82 1.09309e+06 394.071 -2.67137
1610 1209.91 1.08104e+06 393.674 -2.66322
1620 969.752 1.11588e+06 394.131 -2.67353
1630 1037.51 927624 395.425 -2.69944
1640 1077.66 856166 396.148 -2.7119
1650 1055.86 923198 395.636 -2.70266
1660 1055.65 1.0439e+06 394.451 -2.67988
1670 1084.57 1.131e+06 393.698 -2.66356
1680 1172.33 1.07701e+06 394.028 -2.67018
1690 1171.57 989296 395.055 -2.69098
1700 1174 859672 395.923 -2.70685
1710 1036.34 936254 395.661 -2.70226
1720 1056.22 1.00979e+06 394.794 -2.68572
1730 1079.27 1.08139e+06 394.049 -2.67062
1740 1169.09 1.07228e+06 393.996 -2.66942
1750 1094.12 1.02178e+06 394.587 -2.6814
1760 1102.61 945517 395.359 -2.69647
1770 1299.72 865093 395.588 -2.70091
1780 1156.74 1.00677e+06 394.779 -2.68643
1790 1054.11 1.0821e+06 393.968 -2.67046
1800 1004.96 1.10603e+06 393.925 -2.66993
1810 1134.23 985434 394.703 -2.68588
1820 1044 938049 395.426 -2.69955
1830 957.83 951744 395.612 -2.70293
1840 1044.34 952706 395.332 -2.69745
1850 1164.86 1.00519e+06 394.664 -2.68445
1860 1192.35 1.09111e+06 394.091 -2.67261
1870 1101.4 1.08824e+06 394.306 -2.6772
1880 1214.7 928248 395.186 -2.69474
1890 1052.61 959473 395.571 -2.70179
1900 913.591 992222 395.573 -2.70187
1910 1226.93 912746 395.396 -2.69865
1920 1171.1 1.04247e+06 394.609 -2.68364
1930 1089.7 1.09795e+06 394.164 -2.67451
1940 1151.99 1.02687e+06 394.536 -2.68225
1950 1184.87 952834 395.137 -2.69414
1960 998.64 964168 395.382 -2.699
1970 1044.55 963483 395.275 -2.69713
1980 1175.91 967467 394.827 -2.68877
1990 1031.95 1.10479e+06 394.236 -2.67713
2000 1050.42 1.03377e+06 394.393 -2.6803
2010 1047.96 1.02959e+06 394.984 -2.6919
2020 1198.79 906402 395.693 -2.70544
2030 1166.72 914327 395.672 -2.705
2040 1073.61 1.0195e+06 394.918 -2.69081
2050 1127.22 1.05065e+06 394.283 -2.67811
2060 1132 1.10433e+06 394.209 -2.6768
2070 1193.8 964444 394.872 -2.69031
2080 1102.09 967927 395.379 -2.70012
2090 1158.99 915845 395.496 -2.70279
2100 1064.85 986849 394.942 -2.69298
2110 1006.29 1.08808e+06 394.331 -2.68077
2120 1096.74 1.02628e+06 394.384 -2.68183
2130 982.351 1.0174e+06 394.738 -2.68885
2140 982.881 991754 395.246 -2.6986
2150 1194.2 902555 395.595 -2.70484
2160 1112.39 945704 395.168 -2.69684
2170 984.54 1.09873e+06 394.328 -2.68012
2180 1160.73 1.06569e+06 394.259 -2.6782
2190 1183.42 973043 394.756 -2.68764
2200 966.31 1.00981e+06 395.129 -2.69479
2210 1130.04 929165 395.466 -2.70107
2220 1202.19 919720 395.207 -2.69628
2230 1109.2 1.04296e+06 394.326 -2.67955
2240 961.856 1.15818e+06 393.864 -2.66992
2250 1158.87 1.01624e+06 394.636 -2.68604
2260 1197.5 890554 395.584 -2.70349
2270 1038.41 946221 395.646 -2.70454
2280 1044.16 970227 395.182 -2.6957
2290 1084.74 1.02838e+06 394.483 -2.68223
2300 1068.2 1.11043e+06 394.094 -2.674
2310 1159.45 1.02342e+06 394.576 -2.68367
2320 1104.36 963476 395.308 -2.69783
2330 1034.87 906189 395.686 -2.70476
2340 1011.73 996407 395.324 -2.69781
2350 1233.81 983443 394.831 -2.6878
2360 1210.7 1.05053e+06 394.273 -2.67708
2370 1065.54 1.10272e+06 394.187 -2.67559
2380 1119.67 995906 394.927 -2.6906
2390 1068.45 953344 395.687 -2.70528
2400 1053.66 867440 395.923 -2.70982
2410 895.918 1.0257e+06 395.185 -2.69591
2420 1011.41 1.06416e+06 394.543 -2.68235
2430 1136.4 1.05475e+06 394.509 -2.681
2440 1255.14 973143 394.914 -2.68852
2450 1163.42 977217 395.131 -2.69249
2460 1086.71 1.00003e+06 395.188 -2.69366
2470 1215.89 929492 395.119 -2.69265
2480 1160.35 1.04377e+06 394.599 -2.68281
2490 1148.7 1.047e+06 394.372 -2.67865
2500 982.714 1.04424e+06 394.598 -2.6837
2510 925.885 979219 395.177 -2.69524
2520 1029.21 960090 395.603 -2.70301
2530 1232.93 900137 395.609 -2.70291
2540 1127.06 975488 394.797 -2.68833
2550 804.681 1.1798e+06 393.918 -2.66993
2560 1123.35 1.02266e+06 394.367 -2.67874
2570 1196.48 965353 395.142 -2.69288
2580 1193.38 937151 395.597 -2.70123
2590 1198.84 931215 395.481 -2.6992
2600 1042.72 1.05143e+06 394.842 -2.68703
2610 1072.44 1.06167e+06 394.603 -2.68212
2620 1162.12 1.01441e+06 394.901 -2.68811
2630 1056.62 960747 395.312 -2.6962
2640 882.424 988352 395.441 -2.69854
2650 1037.5 946338 395.368 -2.69686
2660 1101.35 1.01983e+06 394.935 -2.68809
2670 1068.07 1.0816e+06 394.671 -2.6822
2680 1171.85 985449 395.035 -2.68902
2690 1215.26 950097 395.32 -2.69411
2700 1112.02 997814 395.207 -2.69192
2710 1095.31 1.01697e+06 395.07 -2.68926
2720 1137.04 1.00306e+06 395.043 -2.68883
2730 1042.63 1.02666e+06 395.088 -2.68983
2740 976.715 1.02221e+06 395.39 -2.69584
2750 1115.68 900404 395.739 -2.70234
2760 1049.47 1.00064e+06 395.408 -2.69575
2770 1211.61 995154 394.954 -2.68657
2780 1260.12 1.04224e+06 394.525 -2.67821
2790 1116.32 1.08725e+06 394.526 -2.67863
2800 1112.66 973893 395.158 -2.6915
2810 1011.76 971741 395.682 -2.70178
2820 1145.03 891145 395.833 -2.70487
2830 982.82 1.03935e+06 395.193 -2.69289
2840 1018.01 1.0519e+06 394.789 -2.68439
2850 1128.86 1.02783e+06 394.865 -2.68561
2860 1208.33 976691 395.183 -2.69178
2870 1154.86 939273 395.271 -2.69354
2880 1049.22 1.06213e+06 394.979 -2.6879
2890 1220.58 946258 395.006 -2.6886
2900 1070.62 1.0624e+06 394.793 -2.6847
2910 1164.69 1.00343e+06 394.974 -2.68864
2920 1200.69 950763 395.211 -2.69348
2930 1060.03 1.0024e+06 395.083 -2.69147
2940 1018.8 995653 394.92 -2.68866
2950 1055.28 1.03425e+06 394.779 -2.68599
2960 1172.58 984165 394.866 -2.68774
2970 1166.49 996246 394.88 -2.68818
2980 1184 975383 394.815 -2.68727
2990 1156.49 1.02451e+06 394.605 -2.68369
3000 1087.13 1.03838e+06 394.584 -2.68379
3010 1019.92 988914 394.867 -2.68979
3020 910.036 1.01585e+06 395.143 -2.69527
3030 1114.32 915429 395.407 -2.70023
3040 1146.14 978795 395.066 -2.69365
3050 1193.74 1.02129e+06 394.493 -2.6823
3060 1200.31 1.04293e+06 394.117 -2.675
3070 1040.99 1.09406e+06 394.202 -2.67721
3080 1113.08 957418 394.953 -2.69241
3090 1046.83 929523 395.427 -2.70123
3100 979.522 955199 395.276 -2.69843
3110 1035.35 1.01978e+06 394.744 -2.688
3120 1121.04 1.04473e+06 394.386 -2.68038
3130 1133.11 1.05304e+06 394.421 -2.68086
3140 1213.26 965081 394.866 -2.68968
3150 1153.89 955554 395.07 -2.69349
3160 972.7 1.03585e+06 394.944 -2.69114
3170 1120.18 945983 394.973 -2.69176
3180 1071.88 1.02746e+06 394.692 -2.68623
3190 1202.89 1.00827e+06 394.552 -2.6834
3200 1229.91 1.01644e+06 394.556 -2.68361
3210 1241.38 971913 394.625 -2.68552
3220 1012.93 1.04686e+06 394.581 -2.6853
3230 962.282 993113 394.839 -2.69084
3240 876.874 967149 395.059 -2.69502
3250 890.802 1.00644e+06 395.05 -2.69444
3260 1127.79 954448 395.004 -2.69286
3270 1102.26 1.00802e+06 394.633 -2.685
3280 1103.46 1.05277e+06 394.346 -2.67859
3290 1330.37 984527 394.451 -2.68016
3300 1322.47 983621 394.47 -2.68061
3310 1096.19 1.06282e+06 394.428 -2.68036
3320 1131.85 974497 394.811 -2.68853
3330 1140.34 932853 394.991 -2.69246
3340 938.558 1.05027e+06 394.709 -2.68736
3350 996.039 1.00842e+06 394.736 -2.68799
3360 1028.61 991960 394.891 -2.69081
3370 1082.36 976545 394.954 -2.69176
3380 1136.71 982104 394.826 -2.68902
3390 1216.99 1.0018e+06 394.549 -2.68348
3400 1148.85 1.05155e+06 394.325 -2.67915
3410 1028.24 1.04422e+06 394.54 -2.68372
3420 1142.95 929197 395.058 -2.69385
3430 1084.88 957473 395.059 -2.69385
3440 1118.74 988491 394.651 -2.68611
3450 1199.78 1.03442e+06 394.167 -2.6768
3460 1134.63 1.07212e+06 394.007 -2.67384
3470 1116.34 1.02632e+06 394.447 -2.68316
3480 1157.8 943877 395.093 -2.69603
3490 1105.88 949427 395.3 -2.70021
3500 1133.04 964222 395.032 -2.69558
3510 1124.31 1.02505e+06 394.469 -2.68526
3520 969.602 1.09621e+06 394.198 -2.68
3530 996.428 996115 394.635 -2.68882
3540 901.141 990430 395.147 -2.69856
3550 1001.74 946000 395.513 -2.70497
3560 1132.28 949892 395.424 -2.70261
3570 1242.88 961448 394.87 -2.69175
3580 1076.34 1.09667e+06 394.085 -2.67596
3590 1133.48 1.08407e+06 394.084 -2.67572
3600 1266.57 988887 394.793 -2.68966
3610 1205.61 959393 395.461 -2.70281
3620 1143.48 904827 395.695 -2.7077
3630 922.651 1.01509e+06 395.214 -2.69896
3640 974.369 1.00574e+06 394.758 -2.68997
3650 919.219 1.07454e+06 394.445 -2.68355
3660 982.678 1.02386e+06 394.72 -2.68873
3670 1008.24 959658 395.219 -2.6974
3680 1040.84 948842 395.372 -2.69947
3690 1111.6 973755 395.08 -2.69313
3700 1228.55 1.02691e+06 394.587 -2.68259
3710 1336.21 995964 394.258 -2.6758
3720 1124.92 1.11433e+06 394.072 -2.6723
3730 1180.87 994951 394.694 -2.6854
3740 1118.07 928172 395.356 -2.69811
3750 992.057 956083 395.392 -2.69911
3760 963.951 1.00893e+06 395.063 -2.69275
3770 1153.61 980148 394.751 -2.68653
3780 1139.53 1.0357e+06 394.32 -2.67811
3790 1050.88 1.07518e+06 394.25 -2.67667
3800 1145.24 961803 394.715 -2.68573
3810 1002.83 1.01762e+06 394.996 -2.69106
3820 1116.66 949470 395.315 -2.69713
3830 1273.62 903151 395.18 -2.6948
3840 1103.15 1.05772e+06 394.34 -2.67893
3850 1109.78 1.10083e+06 393.932 -2.67062
3860 1195.71 1.02108e+06 394.381 -2.68008
3870 1179.23 936084 395.004 -2.6924
3880 955.019 989338 395.168 -2.69585
3890 1012.14 946624 395.124 -2.69522
3900 1140.87 980912 394.667 -2.68671
3910 1147.32 1.06093e+06 394.086 -2.67508
3920 1140.68 1.06179e+06 394.006 -2.67359
3930 1108.32 1.00856e+06 394.467 -2.68312
3940 1121.65 958077 394.998 -2.69342
3950 1096.59 953234 395.18 -2.69705
3960 1071.66 950562 394.92 -2.6925
3970 941.808 1.06496e+06 394.324 -2.68084
3980 1086.54 1.03524e+06 394.201 -2.67803
3990 1172.54 991761 394.409 -2.68181
4000 1149.91 1.00108e+06 394.592 -2.68527
4010 1210.28 946690 394.711 -2.6877
4020 1125.8 996998 394.449 -2.68301
4030 981.267 1.05233e+06 394.151 -2.67736
4040 940.387 1.05398e+06 394.325 -2.68097
4050 1027.69 944774 394.874 -2.69136
4060 957.555 980760 395.062 -2.6943
4070 1179.03 938422 394.976 -2.69211
4080 1263.39 981374 394.399 -2.68098
4090 1112.76 1.11075e+06 393.763 -2.66792
4100 1021.85 1.06904e+06 393.988 -2.67257
4110 982.655 989610 394.842 -2.68966
4120 1086.54 878325 395.546 -2.70224
4130 1042.3 949710 395.28 -2.69692
4140 1060.26 1.00045e+06 394.522 -2.68189
4150 1084.37 1.0973e+06 393.835 -2.66765
4160 1087.67 1.10126e+06 393.974 -2.67025
4170 1151.11 958778 394.933 -2.68894
4180 1202.1 896911 395.576 -2.70033
4190 1263.63 907436 395.293 -2.69542
4200 1217.86 1.04496e+06 394.291 -2.6767
4210 1187.59 1.11355e+06 393.643 -2.66382
4220 1176.81 1.08334e+06 393.991 -2.67204
4230 1134.19 953727 395.012 -2.69315
4240 941.474 926804 395.704 -2.70641
4250 955.062 912579 395.685 -2.70645
4260 903.665 1.01599e+06 394.981 -2.69307
4270 1018.6 1.0531e+06 394.355 -2.67997
4280 1205.12 1.05896e+06 394.25 -2.67721
4290 1343.74 986033 394.586 -2.68356
4300 1195.97 979227 394.874 -2.68935
4310 1126.96 981351 394.972 -2.6917
4320 1103.41 994965 394.896 -2.69075
4330 1031.75 994908 394.783 -2.68892
4340 927.536 1.02189e+06 394.647 -2.68643
4350 1061.61 1.00437e+06 394.664 -2.68662
4360 1118.7 989656 394.752 -2.68805
4370 1030.62 998126 394.751 -2.68779
4380 1097.41 992079 394.733 -2.68715
4390 1189.44 989015 394.635 -2.68504
4400 1029.4 1.03374e+06 394.486 -2.68198
4410 982.028 1.01191e+06 394.608 -2.68419
4420 1151.84 975118 394.821 -2.68793
4430 1310.72 955862 394.816 -2.68761
4440 1249.01 997044 394.46 -2.68113
4450 1072.44 1.06508e+06 394.113 -2.6747
4460 1112.68 1.02932e+06 394.282 -2.67855
4470 1227.54 961029 394.704 -2.68723
4480 1211.79 929030 394.775 -2.68935
4490 960.177 1.04996e+06 394.347 -2.68175
4500 990.537 1.05003e+06 394.265 -2.68042
4510 1098.59 985464 394.607 -2.68728
4520 981.332 993468 394.874 -2.69243
4530 910.348 976979 395.054 -2.69572
4540 974.447 980791 395.049 -2.69508
4550 1084.3 977225 394.849 -2.69049
4560 1193.42 1.00494e+06 394.475 -2.68255
4570 1190.06 1.04214e+06 394.166 -2.67589
4580 1089.96 1.05855e+06 394.242 -2.67722
4590 1176.38 984567 394.777 -2.68787
4600 1220.56 920403 395.178 -2.69534
4610 1166.58 983377 394.953 -2.69134
4620 1251.87 984323 394.509 -2.68334
4630 1089.23 1.0676e+06 394.015 -2.67431
4640 976.078 1.08637e+06 394.105 -2.67679
4650 1053.13 956730 394.853 -2.69182
4660 1084.18 930001 395.309 -2.70028
4670 1275.89 887008 395.061 -2.6962
4680 1127.73 1.05205e+06 393.97 -2.6762
4690 897.29 1.16863e+06 393.334 -2.6629
4700 990.515 1.05696e+06 394.078 -2.67876
4710 1133.14 893702 395.296 -2.70173
4720 1053.03 874224 395.633 -2.70725
4730 1065.12 969372 394.899 -2.69354
4740 1204.14 1.04676e+06 393.862 -2.673
4750 1109.43 1.15665e+06 393.339 -2.66191
4760 1110.5 1.05634e+06 394.064 -2.67741
4770 1085.3 941981 395.314 -2.70166
4780 1086.04 869204 396.035 -2.71453
4790 1171.24 887364 395.601 -2.70713
4800 1082.65 1.05263e+06 394.266 -2.682
4810 928.574 1.18052e+06 393.401 -2.66347
4820 1067.76 1.07536e+06 394.035 -2.67705
4830 1211.16 910173 395.303 -2.70087
4840 1140.96 894666 395.85 -2.71041
4850 1161.39 927970 395.449 -2.70328
4860 1160.48 1.02808e+06 394.446 -2.68432
4870 1129.35 1.10718e+06 393.7 -2.66919
4880 1114.86 1.10596e+06 393.903 -2.67396
4890 1056.04 992620 394.988 -2.69636
4900 949.171 881470 395.995 -2.71504
4910 1004.62 878040 395.968 -2.71445
4920 1146.72 986419 394.91 -2.69464
4930 1240.61 1.1087e+06 393.764 -2.6712
4940 1143.42 1.12009e+06 393.534 -2.66629
4950 900.072 1.0827e+06 394.407 -2.68509
4960 1015.08 892228 395.885 -2.7138
4970 1179.48 791079 396.42 -2.72248
4980 1050.09 963975 395.235 -2.70159
4990 968.025 1.15126e+06 393.761 -2.67085
5000 1211.49 1.11046e+06 393.488 -2.66414
5010 1207.69 1.06352e+06 394.283 -2.68065
5020 1184.16 928164 395.554 -2.70545
5030 1105.3 845638 396.197 -2.71701
5040 1036.84 917711 395.505 -2.70538
5050 983.026 1.1231e+06 394.217 -2.67959
5060 1090.84 1.09632e+06 393.84 -2.67118
5070 860.522 1.07161e+06 394.427 -2.68337
5080 961.663 922764 395.523 -2.70402
5090 1224.98 864199 395.984 -2.71137
5100 1406.84 879279 395.215 -2.69796
5110 1139.9 1.14883e+06 393.591 -2.6664
5120 1080.75 1.1784e+06 393.132 -2.65613
5130 1035.24 1.05505e+06 394.236 -2.67987
5140 1070.89 910339 395.803 -2.71008
5150 1214.75 796575 396.536 -2.72275
5160 1158.22 896838 395.541 -2.70654
5170 975.777 1.15447e+06 393.756 -2.67117
5180 996.558 1.20878e+06 393.257 -2.65977
5190 1097.88 1.00992e+06 394.463 -2.68523
5200 979.997 926227 395.88 -2.71137
5210 1159.25 814128 396.53 -2.72263
5220 1240.6 860118 395.577 -2.70716
5230 907.973 1.19128e+06 393.611 -2.66826
5240 871.49 1.23437e+06 393.182 -2.65781
5250 1086.7 982453 394.684 -2.68892
5260 1139.01 851986 396.11 -2.71343
5270 1097 870751 396.265 -2.71534
5280 1204.61 925064 395.223 -2.69673
5290 1236.64 1.12933e+06 393.663 -2.66552
5300 1154.11 1.19934e+06 393.202 -2.65542
5310 1032.64 1.05402e+06 394.413 -2.68199
5320 1162.61 862450 396.067 -2.71309
5330 1071.13 854009 396.58 -2.72166
5340 1131.29 882456 395.731 -2.70732
5350 1014.01 1.10654e+06 394 -2.67461
5360 884.549 1.25414e+06 393.212 -2.6568
5370 952.458 1.05756e+06 394.498 -2.68485
5380 1096.67 843599 396.29 -2.7172
5390 1155.77 834211 396.765 -2.72415
5400 1169.65 923957 395.772 -2.70625
5410 1231.29 1.05246e+06 394.106 -2.67429
5420 1199.26 1.2301e+06 393.054 -2.65136
5430 1177.02 1.11228e+06 393.855 -2.66958
5440 955.576 938708 395.658 -2.70589
5450 1062.77 786879 396.864 -2.72674
5460 1251.89 829724 396.231 -2.71673
5470 1194.54 1.04195e+06 394.165 -2.67935
5480 921.217 1.30533e+06 392.612 -2.64531
5490 1018.17 1.14116e+06 393.485 -2.66557
5500 1021.25 917942 395.64 -2.70792
5510 972.439 783150 397.058 -2.73166
5520 1058.75 799299 396.546 -2.72339
5530 1041.2 1.06575e+06 394.398 -2.68372
5540 1161.94 1.2343e+06 392.828 -2.64787
5550 1306.95 1.13667e+06 393.21 -2.65579
5560 1121.58 997701 394.837 -2.68956
5570 1061.36 833175 396.381 -2.71755
5580 1059.95 809456 396.46 -2.71899
5590 993.556 985982 394.936 -2.69204
5600 1078.79 1.18454e+06 393.35 -2.6584
5610 1194.94 1.13957e+06 393.269 -2.656
5620 1061.19 1.04911e+06 394.47 -2.68132
5630 977.689 890279 396.031 -2.71099
5640 976.715 809602 396.616 -2.72057
5650 1075.49 911695 395.567 -2.70226
5660 1121.88 1.1201e+06 393.821 -2.66715
5670 1220.97 1.19158e+06 393.101 -2.65057
5680 1156.26 1.1101e+06 394.044 -2.67137
5690 1069.49 924462 395.901 -2.70829
5700 1057.83 786905 397.059 -2.72793
5710 1060.18 844204 396.375 -2.71675
5720 1174.04 1.06591e+06 394.385 -2.67974
5730 1328.05 1.19944e+06 392.987 -2.64873
5740 1118.54 1.18358e+06 393.341 -2.65735
5750 892.316 1.02692e+06 395.263 -2.69952
5760 975.234 773330 397.316 -2.73597
5770 928.507 757760 397.409 -2.73714
5780 895.398 979077 395.451 -2.70277
5790 1182.1 1.16061e+06 393.289 -2.65693
5800 1281.32 1.24018e+06 392.59 -2.64009
5810 1057.63 1.12822e+06 393.972 -2.67154
5820 1066.94 849637 396.347 -2.71717
5830 1097.81 740877 397.435 -2.73406
5840 1023.42 871513 396.273 -2.71509
5850 1149.7 1.1047e+06 394.037 -2.67141
5860 1310.55 1.23298e+06 392.752 -2.64223
5870 1227.13 1.16376e+06 393.448 -2.65845
5880 1046.8 959664 395.547 -2.70269
5890 973.918 775369 397.241 -2.73181
5900 822.935 822408 397.01 -2.72784
5910 1013.75 949309 395.169 -2.69558
5920 1085.48 1.24324e+06 393.095 -2.65144
5930 1299.09 1.18675e+06 392.957 -2.647
5940 1217.46 1.03531e+06 394.524 -2.68008
5950 1075.29 851706 396.316 -2.7135
5960 948.62 834332 396.867 -2.72245
5970 1138.39 882780 395.881 -2.70575
5980 1169.61 1.09909e+06 394.003 -2.6696
5990 1172.87 1.23189e+06 393.027 -2.64768
6000 1237.3 1.06533e+06 393.92 -2.66733
6010 1102.42 942537 395.48 -2.6982
6020 1080.44 829765 396.452 -2.71575
6030 1025.81 885921 395.978 -2.70796
6040 1030.39 1.03853e+06 394.539 -2.68094
6050 1086.49 1.16385e+06 393.467 -2.65816
6060 1214.48 1.11121e+06 393.795 -2.66534
6070 1215.39 938887 395.017 -2.68958
6080 980.871 942426 395.838 -2.70493
6090 1047.32 865825 396.004 -2.70825
6100 1054.05 972670 395.094 -2.69201
6110 1089.24 1.11179e+06 393.984 -2.66916
6120 1180.73 1.12517e+06 393.838 -2.6659
6130 1272 979185 394.688 -2.6834
6140 1184.39 916539 395.43 -2.69745
6150 1095.94 934010 395.446 -2.69826
6160 1106.71 966629 394.851 -2.68782
6170 971.74 1.09575e+06 394.066 -2.67256
6180 886.849 1.10372e+06 394.078 -2.6729
6190 1084.74 965539 394.918 -2.68946
6200 1227.62 892004 395.487 -2.69945
6210 1130.31 958960 395.162 -2.6934
6220 1016.73 1.04544e+06 394.482 -2.68003
6230 963.267 1.07494e+06 394.196 -2.67398
6240 1103.55 1.01646e+06 394.533 -2.68045
6250 1296.63 921574 394.986 -2.6887
6260 1213.86 970733 394.836 -2.68595
6270 1150.39 1.02237e+06 394.423 -2.67819
6280 1178.24 1.02413e+06 394.177 -2.6738
6290 1108.87 1.07425e+06 394.223 -2.67539
6300 1120.51 981834 394.82 -2.6879
6310 1081.71 914334 395.259 -2.69654
6320 938.507 1.01515e+06 395.056 -2.69291
6330 1040.29 1.0151e+06 394.912 -2.68997
6340 1213.13 939256 394.83 -2.68841
6350 1006.91 1.07136e+06 394.399 -2.67999
6360 1107.82 1.04573e+06 394.482 -2.68163
6370 1260.58 933048 394.922 -2.69006
6380 1234.14 974114 394.873 -2.68941
6390 1204.48 1.01175e+06 394.577 -2.68424
6400 1127.24 1.03098e+06 394.392 -2.68134
6410 1103.84 1.02752e+06 394.472 -2.68366
6420 1106.03 1.01542e+06 394.816 -2.69111
6430 1150.09 936356 395.231 -2.69973
6440 1047.18 936744 395.111 -2.69819
6450 860.703 1.08261e+06 394.571 -2.68777
6460 1074.47 1.00634e+06 394.568 -2.6875
6470 1043.24 1.00674e+06 394.73 -2.69038
6480 955.503 1.00296e+06 394.939 -2.69414
6490 1144.22 938503 395.12 -2.69711
6500 1303.92 949098 394.798 -2.69079
6510 1207.5 1.06572e+06 394.106 -2.67727
6520 1158.33 1.07778e+06 393.941 -2.67414
6530 1142.46 1.02996e+06 394.462 -2.68519
6540 1088.38 969927 395.241 -2.70089
6550 1049.46 912687 395.74 -2.71047
6560 1084.6 922850 395.451 -2.70564
6570 1039.43 1.05881e+06 394.595 -2.68908
6580 1093.64 1.06207e+06 394.167 -2.68015
6590 1061.3 1.05995e+06 394.333 -2.68355
6600 1069.95 985429 394.994 -2.69669
6610 1089.17 920084 395.506 -2.70604
6620 1035.64 946731 395.356 -2.70304
6630 1073.72 1.02542e+06 394.764 -2.69145
6640 1215.02 1.05164e+06 394.373 -2.68315
6650 1222.23 1.03106e+06 394.43 -2.68429
6660 1009.42 1.04755e+06 394.819 -2.69243
6670 1121.26 922085 395.501 -2.70575
6680 1129.08 935773 395.599 -2.70752
6690 1073.3 985327 395.108 -2.69835
6700 1017.9 1.05797e+06 394.532 -2.68696
6710 1183.43 1.0157e+06 394.389 -2.68394
6720 1087.44 1.03755e+06 394.467 -2.68548
6730 1019.93 1.01697e+06 394.855 -2.6934
6740 1036.92 953433 395.361 -2.70289
6750 1083.64 930397 395.463 -2.70455
6760 1133.01 964630 394.96 -2.69512
6770 1105.48 1.09528e+06 394.242 -2.6805
6780 1247.96 1.03583e+06 394.235 -2.68015
6790 1094.3 1.02372e+06 394.632 -2.68823
6800 1047.16 960259 395.18 -2.69911
6810 1159.87 924940 395.386 -2.70303
6820 1098.55 991738 394.983 -2.69557
6830 1026.83 1.02697e+06 394.474 -2.68565
6840 931.427 1.08689e+06 394.27 -2.68146
6850 1110.94 990249 394.721 -2.6903
6860 1189.72 931457 395.124 -2.69745
6870 999.801 1.0097e+06 395.007 -2.69498
6880 1012.32 995773 394.887 -2.69236
6890 1177.48 995183 394.771 -2.68969
6900 1305.4 981230 394.576 -2.68579
6910 1001.97 1.09731e+06 394.364 -2.68175
6920 1131.56 966512 394.798 -2.69062
6930 1143.2 943355 395.046 -2.69524
6940 929.948 1.0362e+06 394.871 -2.69186
6950 1028.62 989899 394.885 -2.69199
6960 1110.9 1.00207e+06 394.895 -2.6918
6970 1156.84 975025 394.865 -2.69095
6980 1108.31 1.01744e+06 394.695 -2.68743
6990 1262.01 972146 394.581 -2.68529
7000 1047.84 1.06496e+06 394.378 -2.68149
7010 1087.67 998501 394.606 -2.68623
7020 1147.52 954196 394.862 -2.69118
7030 1085.33 994094 394.761 -2.68938
7040 1018.35 1.00507e+06 394.58 -2.68596
7050 1008.71 1.0272e+06 394.468 -2.68366
7060 1166.98 1.00556e+06 394.568 -2.68544
7070 1179.15 994691 394.744 -2.68876
7080 1040.03 972787 394.846 -2.69079
7090 1034.2 989499 394.747 -2.68883
7100 1167.82 997872 394.531 -2.68453
7110 1122.59 1.02456e+06 394.333 -2.68056
7120 1137.98 1.00922e+06 394.323 -2.68042
7130 1129.32 1.01098e+06 394.416 -2.68238
7140 1039.81 1.01805e+06 394.634 -2.68685
7150 1073.74 952962 394.93 -2.69264
7160 1031.75 989556 394.91 -2.69209
7170 1223.53 959713 394.7 -2.68806
7180 1133.72 1.05565e+06 394.266 -2.67966
7190 1048.15 1.05193e+06 394.246 -2.67939
7200 1061 1.01172e+06 394.706 -2.68862
7210 1195.64 908071 395.189 -2.69783
7220 1130.55 963168 394.969 -2.69392
7230 1011.85 1.04862e+06 394.435 -2.68349
7240 1037.31 1.05579e+06 394.29 -2.68054
7250 1043.18 1.03402e+06 394.656 -2.6879
7260 1164.4 916427 395.238 -2.69882
7270 1144.88 947737 395.176 -2.69752
7280 1090 1.00391e+06 394.652 -2.68742
7290 1086.26 1.06446e+06 394.183 -2.67811
7300 1108.4 1.03643e+06 394.233 -2.67911
7310 1038.74 1.00775e+06 394.637 -2.687
7320 957.66 971662 395.102 -2.69594
7330 1092.2 921257 395.278 -2.69888
7340 1217.32 980562 394.827 -2.68998
7350 1336.8 1.00613e+06 394.16 -2.67709
7360 1088.25 1.13734e+06 393.679 -2.66778
7370 912.085 1.09431e+06 394.316 -2.6821
7380 1009.9 891766 395.684 -2.70854
7390 1113.86 845366 396.174 -2.71658
7400 1292.28 910538 395.29 -2.7012
7410 1158.8 1.11375e+06 393.729 -2.67093
7420 933.556 1.20777e+06 393.14 -2.65812
7430 1011.73 1.06816e+06 394.308 -2.68386
7440 1209.48 833956 395.992 -2.71491
7450 1073.67 842787 396.322 -2.72007
7460 925.254 973896 395.291 -2.70128
7470 1106.33 1.06996e+06 393.985 -2.6751
7480 1202.74 1.14961e+06 393.373 -2.66158
7490 1157.48 1.05956e+06 393.982 -2.67431
7500 1037.31 974790 395.169 -2.69797
7510 1140.71 853352 396.053 -2.71391
7520 1203.72 905417 395.72 -2.70812
7530 1123.94 1.01078e+06 394.542 -2.68624
7540 943.151 1.18034e+06 393.583 -2.66642
7550 1133.64 1.04241e+06 393.976 -2.67457
7560 986.856 1.0062e+06 394.921 -2.69297
7570 1148.49 868390 395.784 -2.70911
7580 1295.38 864595 395.531 -2.70495
7590 1169.03 1.0622e+06 394.217 -2.68008
7600 1120.61 1.15161e+06 393.38 -2.66283
7610 1155.92 1.09494e+06 393.864 -2.674
7620 1079.37 935883 395.125 -2.69893
7630 981.913 916481 395.91 -2.71354
7640 1148.11 851177 395.834 -2.71266
7650 1028.97 1.04707e+06 394.628 -2.69056
7660 1058.75 1.11936e+06 393.756 -2.67184
7670 1043.96 1.08845e+06 393.944 -2.67561
7680 1046.28 988483 394.872 -2.69436
7690 1132.3 878984 395.68 -2.70882
7700 1193.22 899657 395.469 -2.70489
7710 1205.39 993072 394.37 -2.68483
7720 1012.5 1.19024e+06 393.361 -2.66396
7730 1077.49 1.07212e+06 393.81 -2.6736
7740 1082.39 966596 394.975 -2.69642
7750 1198.81 863597 395.791 -2.71132
7760 1185.12 891808 395.45 -2.70567
7770 1068.86 1.0529e+06 394.226 -2.68266
7780 1088.64 1.13231e+06 393.432 -2.66609
7790 1127.7 1.09364e+06 393.816 -2.67462
7800 1171.13 914693 394.892 -2.69577
7810 885.195 957205 395.398 -2.70503
7820 971.517 923758 395.405 -2.70512
7830 1096.11 975729 394.78 -2.6933
7840 1021.75 1.08946e+06 394.011 -2.67732
7850 910.21 1.10694e+06 394.005 -2.67671
7860 1084.42 962114 394.825 -2.69264
7870 1177.31 902462 395.397 -2.70208
7880 1195.44 944109 395.116 -2.69638
7890 1224.95 1.00844e+06 394.351 -2.68149
7900 1121.84 1.10072e+06 393.704 -2.66849
7910 942.357 1.10233e+06 393.93 -2.67351
7920 1043.45 943745 394.963 -2.69382
7930 1209.44 865855 395.526 -2.70358
7940 1166.21 944257 394.973 -2.69357
7950 1097.51 1.05562e+06 393.941 -2.67347
7960 1131.04 1.10254e+06 393.383 -2.66192
7970 1006.57 1.11133e+06 393.779 -2.6707
7980 994.506 936984 395.008 -2.69519
7990 1151.75 869604 395.755 -2.70808
8000 1256.58 913043 395.359 -2.70095
8010 1260.34 1.01139e+06 394.217 -2.67969
8020 1132.12 1.12755e+06 393.216 -2.6597
8030 875.256 1.1838e+06 393.373 -2.66403
8040 847.626 972240 394.99 -2.69812
8050 973.162 786510 396.352 -2.72116
8060 998.568 865592 395.933 -2.71329
8070 1147.8 1.00391e+06 394.312 -2.68258
8080 1159.11 1.17722e+06 392.787 -2.6501
8090 1045.24 1.21268e+06 392.835 -2.65098
8100 1045.27 981834 394.599 -2.68752
8110 1058.45 827162 396.242 -2.71616
8120 1156.77 802106 396.357 -2.71751
8130 1333.05 923762 394.739 -2.68988
8140 1217.62 1.21602e+06 392.618 -2.64662
8150 1082.19 1.27521e+06 392.321 -2.64009
8160 1082.24 1.01862e+06 394.289 -2.68367
8170 1042.13 811672 396.453 -2.72259
8180 845.58 800409 396.993 -2.73099
8190 868.349 895730 395.741 -2.70954
8200 1147.01 1.10892e+06 393.643 -2.66836
8210 1349.59 1.22308e+06 392.537 -2.64231
8220 1232.46 1.12198e+06 393.314 -2.65932
8230 996.444 969364 395.162 -2.6975
8240 1042.77 798830 396.679 -2.72394
8250 1080.24 826826 396.467 -2.72032
8260 1085.92 978026 394.732 -2.68953
8270 945.688 1.26813e+06 393.005 -2.6525
8280 1242.16 1.1205e+06 393.33 -2.65891
8290 1265.85 971462 394.833 -2.68878
8300 1048.96 889299 396.082 -2.71184
8310 962.544 843207 396.303 -2.71586
8320 986.795 950497 395.203 -2.69634
8330 1081.88 1.11207e+06 393.71 -2.66603
8340 1163.15 1.17385e+06 393.216 -2.65473
8350 1238.75 1.00939e+06 394.118 -2.67339
8360 1080.12 961010 395.222 -2.69433
8370 1130.72 880732 395.905 -2.70707
8380 1253.12 862225 395.509 -2.70091
8390 999.681 1.107e+06 394.099 -2.67412
8400 1048.6 1.13541e+06 393.485 -2.66073
8410 1137.98 1.06092e+06 394.093 -2.67363
8420 1240.95 917477 395.164 -2.69449
8430 1065.66 901810 395.582 -2.70224
8440 989.801 972760 395.146 -2.69445
8450 1007.65 1.06636e+06 394.48 -2.68127
8460 1112.72 1.05135e+06 394.384 -2.67901
8470 1268.39 974705 394.677 -2.68459
8480 1114.35 1.02031e+06 394.87 -2.68857
8490 1134.55 976152 395.167 -2.6946
8500 1237.06 920936 395.204 -2.69579
8510 1059.91 1.03726e+06 394.697 -2.68664
8520 1000.5 1.06676e+06 394.439 -2.68171
8530 1106.43 992693 394.739 -2.68782
8540 1146.73 964030 395.011 -2.69313
8550 1040 992138 394.984 -2.69275
8560 1027.08 987231 394.869 -2.69056
8570 1112.78 990381 394.64 -2.68609
8580 1226.44 1.0288e+06 394.363 -2.68056
8590 1223.31 1.00844e+06 394.313 -2.67978
8600 1094.2 1.02347e+06 394.372 -2.68143
8610 970.636 1.02829e+06 394.651 -2.68741
8620 1001.14 945588 395.104 -2.69621
8630 1115.69 927907 395.114 -2.69626
8640 1245.62 972859 394.498 -2.6848
8650 1168.42 1.08481e+06 393.717 -2.66941
8660 996.928 1.11941e+06 393.653 -2.66846
8670 912.98 1.03126e+06 394.621 -2.689
8680 1058.14 855051 395.764 -2.70975
8690 1004.82 905123 395.749 -2.70886
8700 1081.18 986982 394.878 -2.69204
8710 1253.9 1.04001e+06 393.863 -2.67162
8720 1128.33 1.17427e+06 393.347 -2.66067
8730 1135.57 1.05934e+06 394.213 -2.67949
8740 1153.71 884968 395.566 -2.70502
8750 1019.16 882217 395.995 -2.71247
8760 1091.69 929837 395.344 -2.70095
8770 1202.97 1.04177e+06 394.125 -2.67735
8780 1147 1.15048e+06 393.301 -2.66037
8790 959.798 1.14051e+06 393.812 -2.67226
8800 1011.25 916060 395.41 -2.70387
8810 995.439 856012 396.354 -2.71988
8820 1099.69 877330 396.007 -2.71351
8830 1176.25 999999 394.602 -2.68766
8840 1007.09 1.19767e+06 393.315 -2.66014
8850 966.601 1.15414e+06 393.664 -2.66767
8860 1139.36 931906 395.275 -2.69978
8870 1176.39 834319 396.347 -2.71771
8880 1024.85 904138 395.996 -2.71123
8890 985.316 1.01415e+06 394.789 -2.68825
8900 1137.7 1.12991e+06 393.758 -2.66634
8910 1281.33 1.09191e+06 393.803 -2.66679
8920 1129.99 1.01535e+06 394.688 -2.68483
8930 974.808 945392 395.695 -2.70412
8940 1060.92 890592 396.205 -2.71326
8950 1313.65 847940 395.675 -2.70449
8960 1163.78 1.09729e+06 394.016 -2.6737
8970 1056.31 1.21692e+06 393.174 -2.65507
8980 1041.01 1.05103e+06 394.107 -2.6753
8990 899.484 930885 395.547 -2.70304
9000 869.063 872531 396.375 -2.71739
9010 1049.62 842841 396.012 -2.7108
9020 1095.84 1.02217e+06 394.367 -2.6805
9030 919.537 1.30352e+06 393.106 -2.652
9040 1331.48 1.01771e+06 394.105 -2.67277
9050 1294.96 899426 395.454 -2.69664
9060 977.313 946301 395.981 -2.70608
9070 1062.15 900072 395.902 -2.70466
9080 1187.93 960240 394.997 -2.68807
9090 1132.44 1.13776e+06 393.861 -2.6651
9100 1221.85 1.10957e+06 393.828 -2.66436
9110 1223.92 975990 394.72 -2.68253
9120 1002.44 973313 395.522 -2.6983
9130 1076.22 892584 395.965 -2.70683
9140 1104.33 921564 395.5 -2.69882
9150 1047.29 1.07301e+06 394.436 -2.67828
9160 1120.43 1.09997e+06 393.951 -2.66799
9170 1156.41 1.03918e+06 394.346 -2.67619
9180 1073.66 999837 395.105 -2.69132
9190 1128.62 918275 395.821 -2.70512
9200 1224.24 867570 395.787 -2.70496
9210 1025.17 1.05053e+06 394.731 -2.68555
9220 1022.19 1.13254e+06 394.093 -2.67204
9230 1291.05 991423 394.471 -2.67972
9240 1058.48 1.01583e+06 394.941 -2.6892
9250 899.017 1.00566e+06 395.522 -2.70096
9260 1168.92 857072 396.003 -2.70996
9270 1127.63 948291 395.371 -2.6988
9280 937.33 1.12979e+06 394.354 -2.67809
9290 1101.35 1.04306e+06 394.318 -2.67681
9300 1097.1 1.01183e+06 394.752 -2.68499
9310 1046.08 992438 395.284 -2.69523
9320 1157.71 909647 395.702 -2.70278
9330 1297.3 894740 395.305 -2.69593
9340 1116.08 1.10888e+06 394.179 -2.67422
9350 1152.69 1.10804e+06 393.872 -2.66775
9360 1191.43 988774 394.46 -2.67999
9370 932.499 1.01457e+06 395.103 -2.69295
9380 1058.82 906596 395.724 -2.70494
9390 1165.62 877456 395.546 -2.70202
9400 1006.94 1.05232e+06 394.409 -2.6808
9410 993.17 1.1556e+06 393.727 -2.66605
9420 1204.92 1.01919e+06 394.279 -2.67719
9430 1203.57 950943 395.086 -2.69252
9440 1199.76 914610 395.431 -2.69908
9450 1200.01 956398 395.061 -2.69267
9460 1291.97 993124 394.269 -2.67839
9470 1045.37 1.1645e+06 393.585 -2.66541
9480 1018.75 1.06174e+06 394.161 -2.67855
9490 985.325 913373 395.289 -2.70033
9500 874.147 911705 395.726 -2.70812
9510 1045.24 907415 395.309 -2.70047
9520 1142.35 1.03751e+06 394.177 -2.67855
9530 1090.64 1.15317e+06 393.395 -2.66171
9540 1087.24 1.10726e+06 393.927 -2.67319
9550 1210.3 885995 395.26 -2.69871
9560 1067.5 917885 395.767 -2.70721
9570 1141.98 929638 395.461 -2.70156
9580 1285.35 978120 394.545 -2.68487
9590 1153.57 1.1503e+06 393.569 -2.66532
9600 1071.88 1.11117e+06 393.795 -2.67072
9610 919.917 1.00423e+06 395.029 -2.69639
9620 903.956 844850 396.204 -2.71779
9630 989.57 875367 396.105 -2.71554
9640 1186.02 966613 394.88 -2.69271
9650 1224.5 1.11134e+06 393.414 -2.66295
9660 1093.97 1.20261e+06 392.997 -2.65369
9670 1072.51 1.02506e+06 394.187 -2.6789
9680 1040.65 902627 395.672 -2.70677
9690 1170.82 829367 396.255 -2.7166
9700 1303.84 889060 395.349 -2.70133
9710 1251.96 1.09388e+06 393.566 -2.6676
9720 1107.36 1.24724e+06 392.652 -2.648
9730 1030.89 1.08362e+06 393.733 -2.6727
9740 779.998 944047 395.641 -2.71037
9750 802.663 784557 396.939 -2.73269
9760 964.062 836775 396.413 -2.7234
9770 1168.1 1.0231e+06 394.462 -2.68682
9780 1188.61 1.23416e+06 392.813 -2.65011
9790 1195.46 1.18039e+06 393.136 -2.65695
9800 1085.54 994071 394.991 -2.69501
9810 1098.27 818295 396.783 -2.72744
9820 1253.68 741812 396.918 -2.72984
9830 1158.46 1.00257e+06 394.95 -2.69579
9840 1251.72 1.1813e+06 392.963 -2.65377
9850 1101.28 1.25723e+06 392.615 -2.64661
9860 876.463 1.06861e+06 394.412 -2.68794
9870 870.078 805429 396.769 -2.73071
9880 920.76 732023 397.414 -2.74029
9890 941.715 888165 395.732 -2.71269
9900 1095.2 1.17332e+06 393.175 -2.66033
9910 1289.44 1.28617e+06 392.112 -2.63427
9920 1149.59 1.18698e+06 393.573 -2.66913
9930 1283.38 776010 396.398 -2.72305
9940 1080.45 737802 397.451 -2.73823
9950 988.726 881679 396.169 -2.7172
9960 1150.3 1.08317e+06 393.855 -2.67333
9970 1156.72 1.28971e+06 392.415 -2.64054
9980 1174.89 1.1521e+06 393.328 -2.66169
9990 999.442 940313 395.611 -2.70869
10000 984.422 726252 397.26 -2.73607
