# Time-averaged data for fix 2
# TimeStep c_mytemp c_mypress v_vmyvol v_avgEtotal
10 1330.38 6794.66 656.45 -2.76374
20 1435.65 4678.21 656.563 -2.76287
30 1547.4 3948.68 656.752 -2.7614
40 1695.89 -512.363 656.997 -2.75951
50 1804.08 -2150.5 657.24 -2.75749
60 1960.27 -3687.61 657.451 -2.75565
70 2103.07 -6950.48 657.603 -2.75432
80 2124.15 -4833.85 657.661 -2.75384
90 2111.96 -3692.43 657.647 -2.75426
100 2038.07 -4029.38 657.58 -2.75534
110 1866.3 -1360 657.464 -2.7567
120 1715.11 3119.17 657.338 -2.75785
130 1676.6 3323.79 657.261 -2.75858
140 1708.39 2411.47 657.24 -2.7589
150 1760.21 4158.4 657.267 -2.75892
160 1842.3 4260.75 657.361 -2.75882
170 1931.53 1297.35 657.52 -2.75877
180 2015.15 -1959.81 657.702 -2.759
190 2013.62 -1587.29 657.863 -2.75966
200 1988.08 -1365.06 658.001 -2.76068
210 1990.37 -217.969 658.123 -2.76201
220 1973.59 2274.52 658.248 -2.76355
230 1950.46 3493.37 658.41 -2.76528
240 1845.82 4976.79 658.63 -2.76696
250 1909.96 2516.04 658.924 -2.76854
260 1952.24 -1839.59 659.254 -2.77014
270 1859.86 -3948.26 659.56 -2.77174
280 1769.19 -4825.65 659.808 -2.77311
290 1793.4 -7261.74 659.978 -2.77419
300 1862.11 -7369.64 660.042 -2.77508
310 1924.66 -9191.53 659.993 -2.77598
320 1929.63 -8412.58 659.812 -2.77703
330 1939.88 -8490.83 659.507 -2.77823
340 1925.28 -9658.49 659.081 -2.77959
350 1791.58 -7606.39 658.523 -2.78094
360 1641.65 -6056.22 657.862 -2.78195
370 1558.76 -5819.43 657.122 -2.78242
380 1572.26 -4178.46 656.314 -2.7823
390 1693.56 -4304.89 655.459 -2.7817
400 1812.61 -4416.62 654.559 -2.78086
410 1816.2 -3631.84 653.614 -2.78005
420 1707.33 260.287 652.642 -2.7793
430 1541.09 5898.24 651.7 -2.77836
440 1577.5 7223.8 650.863 -2.77699
450 1801.79 3531.05 650.148 -2.77529
460 1716.53 8237.26 649.517 -2.77357
470 1414.5 17059.4 649.033 -2.77192
480 1342.3 17582.5 648.806 -2.77007
490 1507.02 12784.1 648.846 -2.76763
500 1811.51 3776.36 649.076 -2.76461
510 2002.06 -1317.25 649.371 -2.7615
520 2028.04 -2882.81 649.652 -2.75909
530 1958.7 -4155.09 649.89 -2.75752
540 1911.32 -2935.85 650.072 -2.75655
550 2035.66 -6227.06 650.207 -2.756
560 2128.65 -7411.65 650.254 -2.75604
570 2094.91 -7454.88 650.196 -2.75685
580 2002.97 -6562.12 650.035 -2.75823
590 1987.19 -5134.57 649.784 -2.75984
600 2149.46 -7726.06 649.46 -2.76182
610 2253.1 -4861.03 649.04 -2.76454
620 2289.17 -3441.46 648.558 -2.76816
630 2231.81 -3518.6 648.038 -2.77259
640 2076.77 -2851.87 647.481 -2.77725
650 1959.1 -1568.89 646.899 -2.78162
660 1935.53 -1839.15 646.307 -2.78556
670 1928.63 12.0906 645.706 -2.78915
680 1896.06 1590.82 645.122 -2.79239
690 1775.8 713.1 644.573 -2.79519
700 1562.78 3720.66 644.056 -2.79718
710 1449.78 6840.45 643.607 -2.7982
720 1458.83 7782.55 643.269 -2.79836
730 1477.64 9318.38 643.057 -2.79782
740 1471.87 12074.1 642.991 -2.79672
750 1522.24 13098.1 643.109 -2.79515
760 1647.63 9715.22 643.416 -2.79317
770 1787.72 6848.23 643.869 -2.79096
780 1893.51 1417.56 644.419 -2.7888
790 1974.93 -5097.35 644.985 -2.78697
800 2013.03 -9002.43 645.478 -2.78568
810 1989.3 -9341.49 645.839 -2.785
820 1995.72 -8627.73 646.062 -2.78488
830 2008.1 -6969.49 646.161 -2.78523
840 1914.15 -889.488 646.166 -2.78596
850 1773.93 4702.11 646.162 -2.78674
860 1693.92 9810.35 646.235 -2.78731
870 1666.46 10243.2 646.452 -2.78753
880 1708.22 10526.7 646.824 -2.78743
890 1812.64 10485.5 647.353 -2.78715
900 1927.64 7006.67 648.032 -2.78689
910 1952.02 7436.32 648.819 -2.78688
920 1867.12 8680.25 649.713 -2.78721
930 1705.33 12185.2 650.735 -2.78763
940 1706.35 12144.8 651.928 -2.7879
950 1812.2 8934.16 653.291 -2.78791
960 1863.33 5991.67 654.779 -2.78783
970 1900.79 2268.05 656.344 -2.78779
980 1949.05 -1107.15 657.93 -2.78786
990 1979.14 -3510.32 659.485 -2.78814
1000 1938.91 -3591.32 660.973 -2.78871
1010 1787.23 2417.57 662.4 -2.78949
1020 1587.03 6985.01 663.85 -2.79017
1030 1431.72 9757.15 665.393 -2.79039
1040 1410.24 10294.8 667.072 -2.79003
1050 1533.3 4248.06 668.888 -2.78891
1060 1601.36 411.372 670.757 -2.7871
1070 1588.25 -2913.56 672.613 -2.78493
1080 1503.4 -3806.6 674.407 -2.78255
1090 1428.79 -3309.8 676.122 -2.78002
1100 1439.14 -5439.59 677.759 -2.77715
1110 1388.8 -5194.59 679.294 -2.77395
1120 1470.76 -7744.88 680.721 -2.77045
1130 1662.8 -11575.2 682.003 -2.76642
1140 1874.09 -16962.2 683.076 -2.76217
1150 1988.55 -19218.6 683.862 -2.75832
1160 1933.49 -18463.3 684.325 -2.75544
1170 1794.63 -17208 684.478 -2.75346
1180 1688.42 -14288.2 684.35 -2.75191
1190 1715.41 -14512.4 683.983 -2.75044
1200 1798.69 -12916.4 683.389 -2.74899
1210 1875.5 -8782.68 682.6 -2.74764
1220 1993.19 -7124.02 681.679 -2.74656
1230 2060.92 -5784.82 680.661 -2.74604
1240 1862.17 2363.22 679.583 -2.74603
1250 1587.01 9782.3 678.567 -2.74591
1260 1549.81 9835.1 677.723 -2.74536
1270 1585.81 11648.3 677.065 -2.74433
1280 1699.9 9863.7 676.607 -2.74294
1290 1893.92 6428.13 676.321 -2.74143
1300 1995.26 3422.66 676.151 -2.74019
1310 1982.97 3340.24 676.052 -2.73949
1320 1958.97 4129.65 676.015 -2.73929
1330 2016.78 2887.05 676.05 -2.73949
1340 2116.22 3142.25 676.141 -2.7402
1350 2091.59 5848.01 676.29 -2.74161
1360 1810.62 15910.6 676.552 -2.74333
1370 1697.9 17546.6 677.065 -2.7448
1380 1797.64 11638 677.852 -2.74595
1390 1878.32 5061.28 678.826 -2.74682
1400 2052.28 -2230.99 679.873 -2.74773
1410 2077.62 -5137.26 680.882 -2.749
1420 1891.9 -603.032 681.81 -2.75064
1430 1665.65 5170.52 682.721 -2.75213
1440 1571.83 8467.03 683.709 -2.75311
1450 1577.55 7948.24 684.825 -2.75352
1460 1613.52 5252.9 686.061 -2.75337
1470 1682.42 -266.003 687.37 -2.75274
1480 1685.92 -4521.1 688.665 -2.75172
1490 1647.29 -9546.72 689.869 -2.75046
1500 1558.27 -10851.6 690.905 -2.74892
1510 1675.87 -15191.3 691.742 -2.74712
1520 1895.36 -20800.7 692.309 -2.74505
1530 1977.34 -18636.9 692.529 -2.74335
1540 1895.37 -13717.2 692.436 -2.7423
1550 1792.78 -8537.27 692.118 -2.74166
1560 1799.28 -7009.76 691.657 -2.74109
1570 1882.42 -7468.2 691.086 -2.74054
1580 1979.61 -7983.29 690.404 -2.74024
1590 1973.23 -7329.08 689.606 -2.74036
1600 1812.18 -3336.67 688.706 -2.74076
1610 1677.5 1327.87 687.773 -2.74096
1620 1857.16 -1379.52 686.871 -2.74091
1630 2049.1 -6475.21 685.963 -2.74103
1640 1969.65 -5157.47 684.98 -2.74162
1650 1933.82 -6086.76 683.927 -2.74256
1660 1828.06 -3533.73 682.802 -2.74359
1670 1688.7 102.909 681.644 -2.74435
1680 1606.19 -99.4008 680.507 -2.74468
1690 1531.9 1854.4 679.397 -2.7445
1700 1545.17 2418.74 678.337 -2.74375
1710 1696.11 1013.42 677.339 -2.74252
1720 1872.67 1012.72 676.381 -2.7411
1730 1903.95 4968.05 675.465 -2.73984
1740 1758.12 10935.6 674.655 -2.7388
1750 1752.68 14059.7 674.04 -2.73782
1760 1898.66 10208.2 673.657 -2.73684
1770 2039.21 3074.83 673.447 -2.73618
1780 1987.57 984.37 673.306 -2.73609
1790 1831.15 -131.346 673.188 -2.73638
1800 1778.01 -1315.9 673.077 -2.73666
1810 1809.96 -3380.03 672.951 -2.73684
1820 1794.87 -5911.22 672.776 -2.73692
1830 1920.73 -8809.52 672.514 -2.73701
1840 2086.02 -12594 672.119 -2.7374
1850 2184.1 -13501.6 671.536 -2.73854
1860 2163.99 -9861.34 670.758 -2.74053
1870 2102.88 -6122.82 669.842 -2.74312
1880 2103.23 -3552.35 668.847 -2.74604
1890 2150.27 -1596.45 667.816 -2.74937
1900 2048.24 4447.89 666.79 -2.75297
1910 1831.12 10838.1 665.859 -2.75616
1920 1730.88 11609.6 665.113 -2.75865
1930 1778.46 8413.95 664.562 -2.76061
1940 1886.1 5426.82 664.158 -2.76233
1950 1971.27 3393.99 663.854 -2.76403
1960 2096.56 -2501.82 663.61 -2.76598
1970 2229.09 -9676.78 663.333 -2.76859
1980 2236.68 -12029.2 662.923 -2.77207
1990 2088.89 -11299.8 662.341 -2.77608
2000 1952.63 -9502.45 661.598 -2.77999
2010 1852.03 -6971.28 660.726 -2.78346
2020 1836.63 -5884.75 659.763 -2.7864
2030 1860.31 -6371.86 658.727 -2.78899
2040 1862.17 -5914.39 657.617 -2.79131
2050 1817.79 -6098.51 656.438 -2.79337
2060 1733.5 -2046.08 655.197 -2.79503
2070 1646.84 -96.022 653.946 -2.79613
2080 1566.93 2857.15 652.723 -2.79658
2090 1671.08 1488.94 651.562 -2.79646
2100 1837.35 -2000 650.445 -2.79612
2110 1745.83 -69.1313 649.328 -2.79578
2120 1514.95 6264.74 648.242 -2.79519
2130 1593.32 4614.49 647.261 -2.79416
2140 1779.48 2809.24 646.369 -2.79276
2150 1908.08 5274.12 645.546 -2.79127
2160 2065.03 4013.52 644.815 -2.79016
2170 1979.35 6977.29 644.168 -2.78968
2180 1745.33 10637.2 643.642 -2.78958
2190 1664.7 12834.1 643.284 -2.78937
2200 1759.54 13680.8 643.126 -2.7889
2210 1874.92 13403.3 643.177 -2.78837
2220 1933.67 13065.9 643.431 -2.78805
2230 2012.7 10525 643.878 -2.78809
2240 2190.09 5201.18 644.478 -2.78869
2250 2301.39 1265.73 645.156 -2.79024
2260 2155.1 3238.62 645.858 -2.79284
2270 1794.06 9320.92 646.61 -2.79565
2280 1536.05 12899.3 647.494 -2.79777
2290 1515.42 14394.9 648.563 -2.79907
2300 1587.49 11359 649.834 -2.79967
2310 1749.57 5257.83 651.261 -2.79971
2320 1862.42 439.654 652.758 -2.79941
2330 1874.98 -2056.08 654.251 -2.79913
2340 1798.54 -4050.45 655.7 -2.79892
2350 1683.74 -2395.68 657.08 -2.79863
2360 1841.43 -7699.07 658.399 -2.79814
2370 1980.91 -12735.8 659.588 -2.79755
2380 1957.89 -11727.5 660.577 -2.79735
2390 1802.54 -6261.58 661.382 -2.79753
2400 1613.55 -692.355 662.083 -2.79769
2410 1483.16 3251.52 662.767 -2.79745
2420 1587.24 3304.65 663.492 -2.79669
2430 1692.42 1680.09 664.261 -2.79544
2440 1736.76 2200.26 665.055 -2.79402
2450 1666.92 5685.07 665.882 -2.79261
2460 1555.47 9795.03 666.795 -2.79121
2470 1578.18 8667.89 667.85 -2.78964
2480 1629.1 6135.91 669.032 -2.78771
2490 1546.1 7362.54 670.309 -2.78566
2500 1511.45 4994.53 671.687 -2.7835
2510 1617.52 68.1495 673.128 -2.78093
2520 1692.47 -3217.44 674.561 -2.77803
2530 1765.93 -8341.96 675.924 -2.77505
2540 1771.97 -10995.7 677.142 -2.77218
2550 1754.35 -11877.2 678.173 -2.7696
2560 1755.23 -14026.3 678.996 -2.76724
2570 1745.47 -13133.7 679.587 -2.76507
2580 1836.22 -14016.1 679.956 -2.76309
2590 2004.21 -16453 680.09 -2.76138
2600 1945.34 -13281.3 679.965 -2.76031
2610 1648.89 -3499.86 679.639 -2.75968
2620 1573.71 -965.848 679.254 -2.75889
2630 1769.11 -5726.73 678.852 -2.75773
2640 1897.73 -6621.11 678.376 -2.7565
2650 1875.64 -6039.01 677.805 -2.75555
2660 1820.22 -5053.88 677.151 -2.75489
2670 1724.28 -1654.25 676.433 -2.75431
2680 1568.73 2796.64 675.707 -2.75355
2690 1544.66 2826.31 675.037 -2.75243
2700 1708.54 -2708.98 674.42 -2.75092
2710 1876.29 -6776.08 673.778 -2.74926
2720 2047.65 -11232.9 673.04 -2.74792
2730 2178.68 -15900.9 672.138 -2.74739
2740 2178.12 -17577.1 671.006 -2.748
2750 2104.88 -16988.6 669.619 -2.74961
2760 2015.02 -13683.6 667.994 -2.75177
2770 1889.08 -7924.73 666.188 -2.75399
2780 1755.74 -800.888 664.296 -2.75576
2790 1710.73 3162.21 662.427 -2.75688
2800 1747.7 4788.34 660.642 -2.75755
2810 1760.28 7820.08 658.972 -2.75785
2820 1756.34 8191.23 657.453 -2.75792
2830 1716.01 10397.3 656.097 -2.75776
2840 1712.68 9930.89 654.924 -2.7574
2850 1560.98 12783.8 653.933 -2.75677
2860 1570.64 12205.4 653.155 -2.75575
2870 1848.22 3937.62 652.57 -2.75441
2880 2053.33 -1078.97 652.065 -2.75319
2890 2070.79 -856.143 651.565 -2.75264
2900 2072.49 504.467 651.068 -2.75278
2910 2224.53 -3329.72 650.585 -2.7537
2920 2279.94 -7046.5 650.067 -2.75568
2930 2154.36 -6490.27 649.463 -2.75862
2940 2006.54 -4373.37 648.779 -2.76184
2950 2017.96 -4791.74 648.044 -2.76501
2960 2132.77 -8980.04 647.25 -2.76846
2970 2146.81 -8909.47 646.345 -2.77243
2980 1970.74 -3382.71 645.337 -2.77642
2990 1927.71 -1397.39 644.297 -2.77995
3000 1966.16 765.577 643.259 -2.78327
3010 1882.14 5889.14 642.259 -2.78626
3020 1829.26 10613 641.369 -2.78874
3030 1918.12 9788.66 640.647 -2.7909
3040 2043.1 6351.55 640.083 -2.79317
3050 1996.73 6415.2 639.633 -2.79568
3060 1848.67 7629.34 639.291 -2.79807
3070 1819.01 4829.44 639.065 -2.80014
3080 1774.55 4824.02 638.923 -2.80188
3090 1595.52 7251.01 638.862 -2.80313
3100 1345.94 13119.1 638.917 -2.80366
3110 1228.65 16514 639.165 -2.80334
3120 1448.96 9822.16 639.641 -2.80219
3130 1660.72 3641.71 640.259 -2.80019
3140 1703.74 3774.71 640.936 -2.79793
3150 1691.56 2431.49 641.662 -2.79572
3160 1681.4 1973.97 642.42 -2.79355
3170 1721.79 2914.61 643.204 -2.79139
3180 1774.88 4946.42 644.027 -2.7893
3190 1693.67 9738.47 644.922 -2.78741
3200 1714.22 11123.6 645.951 -2.78573
3210 1791.62 7179.3 647.13 -2.78401
3220 1755.48 5722.63 648.412 -2.78237
3230 1681.74 5144.44 649.77 -2.78087
3240 1764.68 -887.207 651.186 -2.77928
3250 1967.8 -10387.6 652.57 -2.77745
3260 2105.12 -12190.4 653.797 -2.77595
3270 2187.99 -12642.2 654.827 -2.77536
3280 2102.59 -10388.2 655.66 -2.77582
3290 1823.19 -5258 656.332 -2.77684
3300 1569.03 -938.418 656.918 -2.77765
3310 1531.42 547.556 657.483 -2.77785
3320 1701.36 -4414.11 658.043 -2.77747
3330 1799.7 -6079.85 658.539 -2.77676
3340 1798.24 -4018.64 658.943 -2.77608
3350 1633.06 2936.77 659.291 -2.77543
3360 1520.22 7571.2 659.683 -2.7746
3370 1604.9 6033.69 660.183 -2.77336
3380 1721.03 4070.07 660.776 -2.77174
3390 1806.85 2207.44 661.429 -2.77
3400 1874.34 -1810.44 662.111 -2.76835
3410 2085.19 -9435.08 662.755 -2.76698
3420 2054.93 -13414.1 663.253 -2.76622
3430 1893.26 -13709.7 663.544 -2.76616
3440 1869.99 -13032.3 663.624 -2.76638
3450 1896.59 -14188.5 663.499 -2.76672
3460 1923.97 -16359.9 663.156 -2.76729
3470 1887.22 -14178.5 662.574 -2.76806
3480 1935.85 -13726.2 661.783 -2.76897
3490 1998.25 -16127.5 660.79 -2.77018
3500 1906.24 -12783.8 659.577 -2.77169
3510 1802.85 -9031.94 658.19 -2.77311
3520 1780.8 -7656.69 656.69 -2.77426
3530 1890.91 -7412.8 655.102 -2.77524
3540 2061.17 -6014.89 653.435 -2.77634
3550 2116.97 -3500.99 651.713 -2.77791
3560 2022.43 1156.16 649.977 -2.7799
3570 1834.63 8510.01 648.297 -2.78176
3580 1680.63 16810.9 646.784 -2.78298
3590 1719.25 16738.1 645.542 -2.78361
3600 1847.98 13282.4 644.57 -2.78412
3610 1813.46 16404.6 643.827 -2.78458
3620 1749.94 18272.1 643.342 -2.78497
3630 1662.6 22064.9 643.144 -2.78518
3640 1630.43 24489.8 643.279 -2.78515
3650 1692.23 22653 643.773 -2.78491
3660 1757.26 20714.8 644.604 -2.78455
3670 1791.56 18606.6 645.735 -2.78419
3680 1836.5 17064.1 647.137 -2.78392
3690 1812.44 15285.4 648.782 -2.78377
3700 1718.66 16364.5 650.647 -2.78374
3710 1759.47 13499.3 652.739 -2.78368
3720 1952.57 4150.8 655.006 -2.78332
3730 1985.91 -895.235 657.325 -2.78296
3740 1888.48 -4155.07 659.61 -2.78283
3750 1859.1 -7418.94 661.807 -2.78275
3760 1958.67 -10601.4 663.867 -2.78268
3770 1972.66 -10715.3 665.744 -2.78285
3780 1752.14 -5746.83 667.44 -2.78332
3790 1482.65 -1406.01 669.026 -2.78361
3800 1483.44 -4247.89 670.563 -2.78328
3810 1634.01 -8187.27 672.014 -2.78219
3820 1852.46 -11947.5 673.318 -2.78067
3830 2019.92 -16615.8 674.415 -2.7792
3840 2046.84 -16407 675.238 -2.77834
3850 1905.77 -10615.2 675.796 -2.77819
3860 1729.88 -3104.31 676.18 -2.77833
3870 1666.18 2175.72 676.51 -2.77829
3880 1754.11 4053.56 676.873 -2.77799
3890 1851.07 2090.27 677.295 -2.77755
3900 1791.69 1669.68 677.754 -2.77715
3910 1784.65 -789.919 678.237 -2.77677
3920 1819.16 -5252.05 678.702 -2.77633
3930 1750.9 -5835.41 679.085 -2.77588
3940 1675.55 -5506.4 679.374 -2.77533
3950 1741.71 -8475.98 679.568 -2.7746
3960 1798.23 -9979.06 679.626 -2.77375
3970 1728.45 -6262.65 679.532 -2.77295
3980 1529.09 2127.8 679.348 -2.77206
3990 1430.22 7110.09 679.202 -2.77083
4000 1533.44 4443.51 679.169 -2.76906
4010 1697.92 256.908 679.213 -2.76681
4020 1750.73 -1331.17 679.271 -2.7644
4030 1753.04 -3635.16 679.309 -2.76214
4040 1751.26 -4091.69 679.296 -2.76004
4050 1753.4 -3021.11 679.223 -2.75808
4060 1760.9 -2082.48 679.108 -2.75622
4070 1824.87 -5940.72 678.958 -2.75448
4080 1869.3 -10833.9 678.716 -2.75296
4090 1823.19 -11239.8 678.312 -2.75176
4100 1851.15 -14282 677.732 -2.75085
4110 1827.38 -14284.7 676.937 -2.75021
4120 1695.79 -11761.5 675.93 -2.74967
4130 1723.23 -11630.2 674.749 -2.7491
4140 1756.12 -10254.9 673.407 -2.74836
4150 1894.53 -12166.9 671.922 -2.74765
4160 2025.42 -13618.8 670.274 -2.74729
4170 2073.6 -11961.2 668.446 -2.74755
4180 1984.04 -6746.69 666.471 -2.74834
4190 1830.06 -916.286 664.434 -2.74914
4200 1865.42 -905.418 662.416 -2.74985
4210 1881.25 2103.97 660.431 -2.75049
4220 1816.66 3752.04 658.519 -2.75106
4230 1639.64 7175.56 656.709 -2.75137
4240 1549.02 9107.3 655.046 -2.75112
4250 1627.82 6935.86 653.551 -2.7504
4260 1744.52 6025.41 652.196 -2.74934
4270 1931.04 3659.92 650.96 -2.74825
4280 2058.05 3145.27 649.809 -2.74752
4290 2005.74 6376.36 648.736 -2.7474
4300 1849.13 13766.9 647.79 -2.74756
4310 1884.98 17130.4 647.066 -2.74779
4320 1856.82 20060.4 646.616 -2.74816
4330 1681.33 27511.8 646.485 -2.74852
4340 1736.4 28583.3 646.765 -2.74879
4350 1995.28 20710.8 647.463 -2.74907
4360 2298.64 9580.75 648.464 -2.74984
4370 2393.21 568.784 649.604 -2.75174
4380 2243 -2726.39 650.752 -2.75484
4390 1986.76 -931.401 651.858 -2.75836
4400 1876.31 -851.711 652.937 -2.76151
4410 2012.82 -6213.14 653.986 -2.76447
4420 1925.01 -4812.14 654.942 -2.76739
4430 1673.56 -761.476 655.819 -2.76988
4440 1471.65 3207.1 656.678 -2.7715
4450 1491.95 1383.83 657.571 -2.77221
4460 1715.88 -5325.96 658.471 -2.77217
4470 1934.95 -10428.4 659.283 -2.77179
4480 1995.92 -10888.4 659.934 -2.77165
4490 1892.97 -11495.1 660.41 -2.77193
4500 1693.53 -8705.77 660.711 -2.7723
4510 1552.48 -7295.28 660.875 -2.77234
4520 1587.62 -8715.01 660.924 -2.7719
4530 1698.14 -9177.58 660.843 -2.77102
4540 1816.97 -10274 660.622 -2.76998
4550 1774.55 -6963.19 660.257 -2.769
4560 1640.32 -539.788 659.8 -2.76805
4570 1591.38 752.728 659.339 -2.76688
4580 1641.49 -1914.52 658.896 -2.76543
4590 1701.72 -2797.96 658.44 -2.76374
4600 1783.07 -3358.5 657.952 -2.76198
4610 1863.84 -2745.69 657.428 -2.76029
4620 1884.67 1577.09 656.879 -2.75886
4630 1766.33 10155.4 656.375 -2.75769
4640 1634.49 16269.8 656.039 -2.75656
4650 1817.47 12519.1 655.95 -2.75533
4660 2044.85 6057.19 656.057 -2.75415
4670 1984.02 4442.17 656.269 -2.75354
4680 1859.31 4441.26 656.556 -2.75343
4690 1895.64 2284.11 656.907 -2.75347
4700 2052.03 -874.998 657.295 -2.75371
4710 2214.42 -4442.45 657.67 -2.75454
4720 2243.7 -3781.32 657.982 -2.75635
4730 2092.59 23.7942 658.244 -2.75898
4740 1922.96 1561.55 658.505 -2.76175
4750 1895.4 -1618.33 658.787 -2.76431
4760 1887.24 -5720.29 659.043 -2.76665
4770 1892.59 -7301.93 659.217 -2.76877
4780 2001.79 -10641.2 659.279 -2.7709
4790 2070.25 -13877.5 659.179 -2.77329
4800 2028.87 -12022.1 658.88 -2.77603
4810 1881.74 -7047.4 658.408 -2.77877
4820 1696.67 -703.746 657.843 -2.781
4830 1616.51 2394.95 657.275 -2.78246
4840 1754.58 -98.4689 656.751 -2.78332
4850 2041.9 -5446.99 656.237 -2.78413
4860 2077.38 -6204.34 655.658 -2.7854
4870 1917.69 -4245.68 655.002 -2.78704
4880 1774.73 -362.371 654.302 -2.78856
4890 1750.05 240.966 653.606 -2.78969
4900 1824.57 -1079.82 652.929 -2.79054
4910 1895.83 -2528.82 652.252 -2.79131
4920 1976.53 -7009.01 651.548 -2.79223
4930 2011.88 -10733.8 650.756 -2.79351
4940 2010.97 -12078.8 649.823 -2.79518
4950 1997.52 -12468 648.73 -2.79718
4960 1956.92 -9858.12 647.478 -2.79937
4970 1873.71 -7340.58 646.104 -2.8015
4980 1807.14 -5534.76 644.648 -2.80335
4990 1773.42 -4116.83 643.14 -2.8049
5000 1651.79 -200.665 641.605 -2.80596
5010 1578.48 5524.4 640.101 -2.80635
5020 1618.74 7512.62 638.704 -2.80606
5030 1772.63 5480.28 637.438 -2.80543
5040 1740.1 9771.93 636.289 -2.80465
5050 1598.5 13397.9 635.304 -2.80371
5060 1597.93 15822.2 634.531 -2.80249
5070 1729.54 14347.9 633.999 -2.80099
5080 1787.18 12188.2 633.687 -2.79942
5090 1771.41 9961.23 633.558 -2.79799
5100 1775.64 8080.84 633.581 -2.79668
5110 1765.27 8070.79 633.728 -2.79545
5120 1782.65 7840.84 633.993 -2.79428
5130 1854.07 7563.74 634.373 -2.79319
5140 1956.07 5453.37 634.86 -2.7923
5150 2000.59 2579.48 635.423 -2.79181
5160 1850.34 1810.06 636.024 -2.79176
5170 1561.79 5718.1 636.656 -2.79176
5180 1570.97 4185.08 637.359 -2.79135
5190 1798.91 588.49 638.117 -2.79043
5200 2020.54 -1719.15 638.88 -2.78944
5210 2046.03 -1932.86 639.616 -2.78895
5220 1887.78 911.473 640.323 -2.78903
5230 1834.31 2024.81 641.038 -2.78933
5240 1839.17 907.574 641.776 -2.78962
5250 1826.96 -203.554 642.523 -2.78988
5260 1836.19 -970.926 643.264 -2.79012
5270 1815.95 -2328.69 643.985 -2.79032
5280 1768.35 -3516.64 644.666 -2.79046
5290 1654.28 -750.975 645.297 -2.79041
5300 1705.54 -258.324 645.911 -2.79008
5310 1817.96 -452.919 646.515 -2.78953
5320 1744.72 5828.44 647.12 -2.789
5330 1658.27 7339.69 647.803 -2.78847
5340 1704.57 6950.65 648.589 -2.7877
5350 1866.18 7095.56 649.476 -2.78681
5360 1980.34 5721.17 650.462 -2.78606
5370 1902.57 6936.12 651.531 -2.78575
5380 1738.83 9101.68 652.7 -2.78574
5390 1733.38 6751.95 653.993 -2.78566
5400 1783.9 2450.01 655.375 -2.78531
5410 1804.97 -1312.51 656.783 -2.78481
5420 1808.71 -1476.92 658.164 -2.78426
5430 1845.98 1753.15 659.515 -2.78381
5440 1936.35 1292.63 660.877 -2.78352
5450 1935.51 1959.95 662.249 -2.78351
5460 1772.16 6764.38 663.647 -2.78379
5470 1630.26 10210.5 665.138 -2.78407
5480 1693.87 5595.45 666.766 -2.784
5490 1893.85 -1428.07 668.464 -2.78349
5500 2013.89 -5342.9 670.129 -2.78298
5510 2041.23 -9902.61 671.693 -2.78287
5520 1931.45 -11511.6 673.087 -2.78317
5530 1800.63 -13363.9 674.281 -2.78363
5540 1682.43 -12481.6 675.252 -2.78393
5550 1641.88 -10198 676.013 -2.78393
5560 1648.87 -9146.3 676.598 -2.7836
5570 1558.06 -5589.14 677.036 -2.78293
5580 1537.12 -3763.41 677.378 -2.78192
5590 1573.22 -3508.01 677.656 -2.78047
5600 1610.63 -5140.07 677.873 -2.77869
5610 1472.5 -125.539 678.019 -2.77672
5620 1391.59 1929.43 678.161 -2.77455
5630 1439.24 1557 678.333 -2.77196
5640 1485.67 1937.78 678.536 -2.76892
5650 1743.89 -1888.8 678.764 -2.76547
5660 1939.49 -2029.38 678.97 -2.76183
5670 1995.14 -597.649 679.148 -2.7588
5680 1906.13 960.189 679.319 -2.75663
5690 1704.73 4916.87 679.515 -2.75508
5700 1622.31 6508.04 679.791 -2.75368
5710 1722.6 5959.38 680.173 -2.75212
5720 1800.51 3952.83 680.651 -2.75045
5730 1790.76 2045.24 681.194 -2.74891
5740 1711.93 3208.98 681.774 -2.74753
5750 1684.66 1793.44 682.402 -2.74617
5760 1811.72 -4687.52 683.049 -2.74467
5770 1929.15 -10698.4 683.614 -2.74317
5780 1897.78 -12399.6 684.006 -2.74203
5790 1836.92 -11973.7 684.194 -2.74127
5800 1900.93 -14532.5 684.179 -2.74074
5810 1905.52 -13529.9 683.933 -2.7405
5820 1798.47 -9419.46 683.474 -2.74049
5830 1688.01 -4893.43 682.872 -2.74041
5840 1768.16 -6045 682.196 -2.74009
5850 1924.34 -13830.2 681.423 -2.73981
5860 1801.35 -11632.3 680.457 -2.73981
5870 1680.29 -9676.7 679.318 -2.73974
5880 1883.26 -13975.9 678.033 -2.7396
5890 1957.43 -11845.2 676.557 -2.73963
5900 1923.9 -8107.43 674.92 -2.73993
5910 1913.68 -6080.11 673.182 -2.74043
5920 1891.76 -2444.53 671.383 -2.74103
5930 1857.86 913.636 669.583 -2.74154
5940 1879.17 304.965 667.83 -2.74207
5950 1922.13 -877.293 666.118 -2.74266
5960 1996.83 -4748.12 664.422 -2.74356
5970 1937.08 -4337.45 662.695 -2.7448
5980 1854.69 -1488.66 660.938 -2.74607
5990 1906.49 -815.839 659.193 -2.74715
6000 2213.05 -8831.71 657.46 -2.74869
6010 2325.02 -10923.3 655.637 -2.75146
6020 2103.69 -5298.99 653.697 -2.75507
6030 1780.47 -43.2793 651.716 -2.75829
6040 1586.46 2538.46 649.774 -2.76049
6050 1542.99 2574.49 647.907 -2.76175
6060 1551.44 6338.8 646.123 -2.76222
6070 1655.51 7889.46 644.467 -2.76196
6080 1912.37 3863.35 642.956 -2.76145
6090 2079.48 450.94 641.535 -2.76129
6100 2039.35 5144.36 640.164 -2.76173
6110 1953.07 9486.58 638.898 -2.76247
6120 1981.42 8179.24 637.79 -2.76345
6130 1951.7 10623 636.833 -2.76467
6140 1910.7 12787.3 636.051 -2.76595
6150 1925.27 11078.6 635.468 -2.7673
6160 1958.08 9671.06 635.061 -2.76878
6170 1892.95 14421.7 634.815 -2.77038
6180 1767.84 18430.8 634.784 -2.77185
6190 1692.78 19112.9 635.02 -2.77305
6200 1593.59 22231.7 635.538 -2.77386
6210 1671.27 20705.6 636.368 -2.7743
6220 1836.74 15468.5 637.487 -2.77447
6230 1796.43 16068.7 638.829 -2.77463
6240 1703.46 19584.1 640.4 -2.7749
6250 1898.14 13051.8 642.227 -2.77511
6260 1954.9 9543.78 644.236 -2.77524
6270 1863.06 8809.18 646.371 -2.77569
6280 1750.79 8694.23 648.617 -2.7762
6290 1697.78 8223.81 650.972 -2.77657
6300 1679.9 8188.98 653.429 -2.77665
6310 1707.83 7283.38 655.987 -2.77649
6320 1867.58 1408.61 658.622 -2.776
6330 1915.92 -230.35 661.261 -2.7754
6340 1937.17 -4725.01 663.863 -2.77498
6350 1974.15 -8230.67 666.366 -2.77467
6360 1911.25 -9696.9 668.713 -2.77461
6370 1692.49 -5792.9 670.888 -2.77473
6380 1423.03 -1456.54 672.946 -2.77464
6390 1389.18 -3040.81 674.947 -2.77399
6400 1335.49 -4076.99 676.877 -2.77252
6410 1449.55 -7329.07 678.713 -2.77039
6420 1629.41 -13064 680.403 -2.76744
6430 1805.23 -18396.6 681.858 -2.76407
6440 1967.29 -22861.4 682.99 -2.7608
6450 2082.98 -24582.6 683.735 -2.75823
6460 2119.27 -25532.4 684.064 -2.75676
6470 2044.43 -21953 683.975 -2.75641
6480 1919.99 -15163.7 683.53 -2.7568
6490 1796.65 -9189.21 682.846 -2.75734
6500 1751.96 -6726.61 682.022 -2.75776
6510 1765.85 -5142.18 681.105 -2.75794
6520 1852.81 -6568.07 680.12 -2.75801
6530 1894.2 -7933.99 679.051 -2.75821
6540 1713.86 -6145.11 677.881 -2.75848
6550 1527.17 -3620.36 676.638 -2.75845
6560 1540.16 -5820.13 675.358 -2.7579
6570 1659.02 -9972.38 674.008 -2.75696
6580 1786.9 -12983.6 672.527 -2.75586
6590 1832.68 -11506.1 670.878 -2.75483
6600 1866.19 -9560.89 669.081 -2.75396
6610 1900.4 -8629.24 667.17 -2.75332
6620 1867.81 -5679.92 665.169 -2.7529
6630 1782.4 -4629.88 663.12 -2.7526
6640 1661.77 -466.976 661.049 -2.7522
6650 1627.16 2614.53 659.016 -2.75139
6660 1661.33 3078.62 657.065 -2.75024
6670 1632.54 8416.06 655.213 -2.74877
6680 1680.11 12425.9 653.528 -2.74692
6690 1817.84 13589.3 652.066 -2.7449
6700 1874.49 15794.6 650.846 -2.74299
6710 1894.75 17238.9 649.892 -2.74142
6720 1948.21 13592 649.214 -2.74028
6730 1981.59 8985.5 648.758 -2.73968
6740 1947.15 8628.27 648.459 -2.73953
6750 2045.38 4915.34 648.294 -2.7398
6760 2175.52 944.84 648.212 -2.74068
6770 2180.03 2929.75 648.161 -2.74239
6780 2143.73 5388.83 648.161 -2.74483
6790 2104.89 5034.21 648.246 -2.74776
6800 2102.89 2988.13 648.409 -2.75104
6810 2118.3 1864.8 648.622 -2.75458
6820 2254.75 -2705.46 648.862 -2.7586
6830 2356.53 -5931.47 649.066 -2.7635
6840 2265.66 -2684.03 649.193 -2.76917
6850 2085.05 -269.08 649.283 -2.77485
6860 1932.38 -249.208 649.371 -2.77996
6870 1738.76 3.9686 649.46 -2.7841
6880 1620.6 209.849 649.554 -2.78709
6890 1662.1 -3216 649.649 -2.78915
6900 1753.45 -3989.67 649.703 -2.79065
6910 1664.15 -1557.15 649.705 -2.79171
6920 1520.55 976.597 649.689 -2.7922
6930 1481.72 2072.81 649.691 -2.79205
6940 1590.09 3110.2 649.729 -2.79127
6950 1795.85 773.88 649.813 -2.79007
6960 1930.28 1486.59 649.918 -2.78885
6970 1938.17 5059.11 650.053 -2.78799
6980 1924.46 4486.94 650.263 -2.78755
6990 1910.39 4043.75 650.544 -2.78741
7000 1942.41 3518.84 650.888 -2.78753
7010 1969.67 1611.41 651.284 -2.78793
7020 1934.3 1756.51 651.709 -2.78859
7030 1937.77 -725.432 652.155 -2.78944
7040 1911.65 -1087.09 652.592 -2.79045
7050 1802.77 2091.34 653.017 -2.79146
7060 1768.8 3203.3 653.471 -2.7923
7070 1800.68 675.483 653.968 -2.79291
7080 1836.35 -2504.02 654.472 -2.79337
7090 1843.57 -4041.59 654.938 -2.79378
7100 1731.96 -137.192 655.35 -2.79412
7110 1604.22 1521.88 655.755 -2.79424
7120 1484.62 1164.11 656.179 -2.79392
7130 1337.64 5431.96 656.627 -2.79304
7140 1413.43 5257.59 657.15 -2.79155
7150 1661.62 82.8549 657.745 -2.78931
7160 1883.91 -5957.91 658.336 -2.78662
7170 1915.44 -5395.9 658.842 -2.78421
7180 1750.98 -2159.81 659.266 -2.78237
7190 1674.76 121.473 659.654 -2.78081
7200 1724.43 -1287.44 660.039 -2.77918
7210 1723.49 -1346.72 660.406 -2.77749
7220 1730.71 -1569.41 660.752 -2.77582
7230 1905.73 -5976.8 661.066 -2.77415
7240 1991.41 -4998.19 661.297 -2.77275
7250 1883.65 3678.51 661.463 -2.77193
7260 1783.22 11025.5 661.688 -2.77142
7270 1879.92 11720.4 662.079 -2.77105
7280 1820.3 11937.7 662.654 -2.77081
7290 1677.39 13701.6 663.418 -2.77069
7300 1687.79 8352.88 664.382 -2.77037
7310 1873.53 -1079.43 665.466 -2.7697
7320 2017.26 -9660.45 666.523 -2.76899
7330 1946 -10432.5 667.432 -2.76868
7340 1831.73 -11207.6 668.166 -2.76871
7350 1789.06 -11975 668.717 -2.76877
7360 1832.94 -13514 669.074 -2.76879
7370 1902.83 -16159 669.213 -2.76887
7380 1910.97 -16491 669.1 -2.76918
7390 1836.43 -14570.6 668.734 -2.76971
7400 1752.26 -11333.8 668.148 -2.77023
7410 1682.49 -8556.66 667.395 -2.77051
7420 1715.07 -7499.9 666.521 -2.77047
7430 1809.76 -8484.99 665.544 -2.77026
7440 1806.21 -4166.17 664.462 -2.77001
7450 1673.89 3273.84 663.342 -2.7696
7460 1610.85 8204.24 662.294 -2.76885
7470 1713.01 7044.07 661.389 -2.76774
7480 1803.19 5438.81 660.612 -2.76651
7490 1806.84 5624.07 659.941 -2.76533
7500 1865.02 4381.18 659.373 -2.76429
7510 1931.82 3245.31 658.888 -2.76347
7520 1929.9 3609.96 658.467 -2.763
7530 1859.16 7262.48 658.12 -2.76282
7540 1786.48 9926.31 657.896 -2.76274
7550 1775.18 9505.19 657.83 -2.76262
7560 1806.44 8098.06 657.917 -2.76244
7570 1817.49 8251.63 658.136 -2.76225
7580 1826.64 6562.87 658.482 -2.76211
7590 1772.82 8703.17 658.936 -2.76198
7600 1720 9409.33 659.523 -2.7618
7610 1794.37 6352.06 660.25 -2.76148
7620 1915.22 2483.48 661.07 -2.7611
7630 1926.46 4392.83 661.932 -2.76093
7640 1845.41 5857.96 662.856 -2.76106
7650 1706.29 8802.37 663.869 -2.76126
7660 1658.29 10800.5 665.013 -2.7613
7670 1712.47 9544.05 666.313 -2.76108
7680 1706.57 8642.88 667.755 -2.76064
7690 1697.18 5439.63 669.32 -2.76001
7700 1767.6 -3587.41 670.949 -2.75904
7710 1858.4 -10999.7 672.509 -2.75776
7720 1895.65 -16320.8 673.879 -2.75653
7730 1831.36 -19294.5 674.976 -2.75554
7740 1660.35 -17601.7 675.755 -2.75475
7750 1556.11 -15124.7 676.242 -2.75386
7760 1699.65 -15576 676.475 -2.75268
7770 1811.88 -13884.7 676.458 -2.75132
7780 1816.68 -8866.41 676.225 -2.75008
7790 1853.01 -6717.84 675.852 -2.74902
7800 1932.4 -7721.21 675.377 -2.74816
7810 2002.96 -8451.68 674.788 -2.74771
7820 2013.36 -8446.65 674.08 -2.74773
7830 2147.17 -13307.2 673.246 -2.74841
7840 2223.32 -16984 672.216 -2.75006
7850 2119.62 -12336.5 670.949 -2.75261
7860 1984.68 -8864.13 669.508 -2.75543
7870 1787.06 -6477.72 667.954 -2.75809
7880 1496.25 1372.26 666.339 -2.75984
7890 1427.93 4741.03 664.77 -2.76044
7900 1585.86 2338.84 663.3 -2.76025
7910 1813.52 1074.19 661.899 -2.75961
7920 2015.6 554.107 660.545 -2.75901
7930 2108.7 1247.29 659.23 -2.7589
7940 2099.52 -294.155 657.959 -2.75957
7950 1939.93 6139.64 656.725 -2.76073
7960 1824.97 11467 655.609 -2.76177
7970 1816.54 14265 654.689 -2.76268
7980 1674.65 20586.9 654.015 -2.76328
7990 1558.56 25827.3 653.67 -2.76353
8000 1481.18 25942.2 653.724 -2.76331
8010 1703.01 17894.6 654.167 -2.76272
8020 1849.21 10171.2 654.884 -2.7618
8030 1770.19 9607.69 655.764 -2.76101
8040 1699.01 10019.3 656.786 -2.7603
8050 1823.24 5662.93 657.947 -2.75948
8060 1831.07 5756.7 659.194 -2.75861
8070 1988.28 2660.7 660.514 -2.75795
8080 2124.28 -411.139 661.866 -2.75766
8090 2084.83 -218.477 663.205 -2.75812
8100 1922.82 3006.46 664.535 -2.75918
8110 1763.22 3285.38 665.895 -2.76029
8120 1756.31 875.905 667.293 -2.76112
8130 1783.11 -926.781 668.694 -2.76162
8140 1897.27 -4944.13 670.063 -2.76193
8150 2020.09 -6464.25 671.345 -2.76233
8160 2055.81 -5516.93 672.514 -2.76317
8170 1943.6 -1587.56 673.59 -2.76446
8180 1823.68 2483.75 674.633 -2.76589
8190 1701.62 3906.8 675.702 -2.7671
8200 1612.71 2793.19 676.825 -2.76781
8210 1826.45 -8255.02 677.968 -2.76799
8220 2060.77 -19692 678.964 -2.76794
8230 2049.56 -22353.8 679.642 -2.76841
8240 1873.14 -20704.4 679.952 -2.76941
8250 1647.01 -15646.1 679.928 -2.77039
8260 1487.33 -13061.9 679.645 -2.77091
8270 1323.02 -9456.24 679.158 -2.7707
8280 1426.6 -11449.2 678.518 -2.76977
8290 1689.01 -16892.3 677.701 -2.76817
8300 1891.16 -19533.5 676.628 -2.76643
8310 1935.76 -15937.5 675.269 -2.76505
8320 1854.49 -10824 673.681 -2.76413
8330 1649.6 -2396.22 671.958 -2.76329
8340 1612.81 470.738 670.223 -2.76215
8350 1801.24 -3024.55 668.521 -2.76074
8360 1961.95 -6025.28 666.809 -2.75943
8370 2009.25 -8005.88 665.038 -2.75867
8380 1968.42 -7415.06 663.183 -2.75851
8390 1968.13 -7020.73 661.251 -2.75879
8400 1919.78 -6691.96 659.25 -2.7594
8410 1810.7 -5484.3 657.19 -2.7601
8420 1814.62 -5137.54 655.088 -2.76073
8430 1836.9 -4825.7 652.951 -2.76126
8440 1882.55 -6501.32 650.786 -2.76181
8450 1941.86 -8052.51 648.568 -2.76258
8460 1982.69 -4140.04 646.287 -2.76353
8470 1931 2813.19 643.998 -2.76454
8480 1803.95 10650.2 641.802 -2.76523
8490 1798.45 16573.5 639.809 -2.76553
8500 1803.12 17904.9 638.095 -2.76556
8510 1847.79 17476.1 636.677 -2.76562
8520 1792.88 19800.1 635.548 -2.76572
8530 1647.44 25142.9 634.734 -2.76565
8540 1745.42 22127 634.29 -2.76537
8550 2014.54 13433.4 634.17 -2.76514
8560 2142.88 5728.94 634.253 -2.76545
8570 1929.29 8494.34 634.437 -2.76646
8580 1582.45 16239.1 634.752 -2.76742
8590 1575.45 14839.1 635.289 -2.7679
8600 1832.41 9987.36 636.034 -2.76787
8610 2072.42 7391.65 636.92 -2.76785
8620 2089.51 11180.9 637.915 -2.76846
8630 2063.4 15864.5 639.066 -2.76982
8640 2107.11 20649.3 640.441 -2.77191
8650 2124.25 21667.8 642.101 -2.77477
8660 1970.75 21969 644.065 -2.77818
8670 1690.26 24071.2 646.339 -2.78144
8680 1636.81 22753.8 648.947 -2.7842
8690 1697.95 16975.6 651.865 -2.78629
8700 1638.36 15248.3 655.018 -2.78781
8710 1474.69 16521.9 658.379 -2.78889
8720 1521.5 10821.2 661.953 -2.78931
8730 1805.75 82.1722 665.652 -2.78858
8740 2010.05 -9485.68 669.314 -2.78703
8750 2003.61 -14189.5 672.793 -2.78553
8760 1863.78 -15266.9 676.007 -2.78445
8770 1725.94 -16068.1 678.934 -2.78354
8780 1657.2 -18315.6 681.558 -2.78244
8790 1656.29 -19744.7 683.845 -2.78107
8800 1610.93 -18631.1 685.776 -2.7795
8810 1708.52 -19339.4 687.366 -2.7778
8820 1843.65 -22232.7 688.605 -2.776
8830 1873.15 -21738.6 689.458 -2.77446
8840 1773.46 -19709.6 689.934 -2.77335
8850 1598.94 -16862.2 690.074 -2.77242
8860 1562.44 -17325.9 689.925 -2.77136
8870 1666.75 -19654.6 689.487 -2.77001
8880 1808.02 -21612.6 688.729 -2.76858
8890 1906.32 -22837 687.628 -2.76739
8900 1906.89 -23310.7 686.168 -2.76675
8910 1843.13 -20011.3 684.359 -2.76658
8920 1844.91 -17592 682.257 -2.7666
8930 1880.19 -17556.9 679.91 -2.76682
8940 1843.19 -14573.3 677.334 -2.76724
8950 1743.89 -8685.15 674.586 -2.76754
8960 1697.92 -5347.55 671.759 -2.76749
8970 1668.58 -1446.41 668.916 -2.76706
8980 1663.12 2622.7 666.12 -2.76613
8990 1812.24 4494.48 663.431 -2.76484
9000 2012.69 3553.09 660.873 -2.76356
9010 2116.66 3187.51 658.435 -2.76288
9020 2083.94 4955.96 656.111 -2.76296
9030 1968.03 5454.6 653.919 -2.76361
9040 1879.83 8138.2 651.867 -2.76439
9050 1907.3 9734.26 649.988 -2.76513
9060 1955.3 9451.66 648.3 -2.76596
9070 1955.01 6864.85 646.792 -2.76704
9080 1887.5 6261.92 645.427 -2.7683
9090 1772.73 7078.59 644.19 -2.76945
9100 1658.94 8826.57 643.09 -2.77022
9110 1612.48 11764.8 642.15 -2.77049
9120 1643.8 15125.7 641.407 -2.77025
9130 1740.24 15759.6 640.902 -2.76969
9140 1806 14418.9 640.64 -2.76904
9150 1815.8 13564.9 640.601 -2.76845
9160 1943.87 9966.23 640.765 -2.76802
9170 2046.85 5160.02 641.076 -2.76791
9180 2018.51 4099.22 641.468 -2.76835
9190 1937.44 2968.25 641.92 -2.76919
9200 1903.44 310.253 642.41 -2.77018
9210 1846.5 2886.13 642.911 -2.77121
9220 1768.52 4497.43 643.45 -2.77213
9230 1687.98 6539.59 644.052 -2.77284
9240 1478.16 13349.8 644.753 -2.77313
9250 1489.59 14872.7 645.637 -2.77295
9260 1591.1 12287 646.729 -2.77216
9270 1781.11 6870.82 647.989 -2.77093
9280 1955.02 -25.9439 649.337 -2.76949
9290 1970.49 -3535.56 650.672 -2.76833
9300 1901.72 -4276.82 651.942 -2.76761
9310 1878.56 -3481.98 653.136 -2.76723
9320 1797.32 -1060.69 654.266 -2.76702
9330 1693.55 3110.22 655.37 -2.76685
9340 1642.48 6924.43 656.509 -2.76655
9350 1655.62 8962.99 657.74 -2.76601
9360 1748.56 6576.53 659.09 -2.76523
9370 1885.68 -795.137 660.519 -2.76421
9380 2042.31 -5653.66 661.925 -2.76327
9390 2219.9 -10440.5 663.226 -2.76288
9400 2246.84 -11181.3 664.355 -2.76355
9410 2076.24 -3588.74 665.309 -2.76524
9420 2001.83 617.834 666.192 -2.76739
9430 2059.4 -277.775 667.07 -2.76981
9440 1975.09 3388.96 667.943 -2.77245
9450 1854.6 4975.74 668.86 -2.77499
9460 1894.21 1891.96 669.843 -2.77727
9470 1930.66 -1519.23 670.847 -2.77937
9480 1926.62 -6410.14 671.812 -2.78139
9490 1852.88 -8739.94 672.671 -2.78323
9500 1788.96 -10765.7 673.38 -2.78478
9510 1793.14 -13477 673.907 -2.78603
9520 1820.37 -15349.5 674.213 -2.78708
9530 1781.36 -14257.2 674.276 -2.78799
9540 1780.93 -13661.7 674.11 -2.78874
9550 1808.98 -11535.2 673.732 -2.78936
9560 1777.18 -5774.19 673.185 -2.78984
9570 1743.33 -2313.96 672.558 -2.79012
9580 1687.74 79.0624 671.907 -2.79015
9590 1561.83 4036.47 671.277 -2.78983
9600 1445.59 5227.05 670.723 -2.78904
9610 1451.9 3593.61 670.265 -2.78772
9620 1519.77 -353.64 669.873 -2.78586
9630 1667.45 -3728.25 669.488 -2.78357
9640 1742.27 -5840.12 669.056 -2.78111
9650 1653.8 -2966.27 668.551 -2.7788
9660 1578.45 -449.752 668.013 -2.77656
9670 1719.06 -5036.55 667.471 -2.77417
9680 1855.19 -7420.92 666.867 -2.77173
9690 1808.58 -3419.12 666.17 -2.76958
9700 1707.02 2072.35 665.438 -2.76773
9710 1718.67 4518.49 664.753 -2.76591
9720 1837.39 3279.88 664.151 -2.76408
9730 1994.5 2060.8 663.618 -2.76245
9740 2043.62 -502.755 663.13 -2.76139
9750 1949.18 -1966.22 662.649 -2.76103
9760 1743.14 2367.96 662.161 -2.76098
9770 1682.01 3843.8 661.718 -2.76078
9780 1704.66 4136.21 661.347 -2.7603
9790 1729.56 5467.72 661.054 -2.75961
9800 1798.33 3940.03 660.852 -2.75882
9810 1753.41 5566.3 660.726 -2.75803
9820 1720.04 7193.55 660.693 -2.75721
9830 1856.76 4920.66 660.774 -2.75634
9840 1904.21 1731.09 660.935 -2.75556
9850 1853.91 478.706 661.128 -2.75505
9860 1780.73 1465.16 661.337 -2.75468
9870 1866.8 -1190.24 661.564 -2.7543
9880 2108.1 -6318.4 661.772 -2.75411
9890 2216.48 -8572.56 661.889 -2.75467
9900 2016.7 -3308.96 661.888 -2.75611
9910 1776.74 721.988 661.837 -2.75762
9920 1830.43 -569.404 661.799 -2.75888
9930 1902.57 -1992.59 661.757 -2.76003
9940 1818.12 1033.96 661.697 -2.76115
9950 1678.89 4272.97 661.66 -2.76202
9960 1659.38 3002.62 661.69 -2.76246
9970 1799.86 -1443.73 661.767 -2.76255
9980 1806 -1662.66 661.831 -2.76253
9990 1595.2 4161.42 661.883 -2.76241
10000 1393.68 9711.69 662.004 -2.76193
