# Time-averaged data for fix 2
# TimeStep c_mytemp c_mypress v_vmyvol v_avgEtotal
10 1684.72 -5625.59 637.763 -2.82312
20 1759.43 -6569.38 637.667 -2.82358
30 1769.83 -5166.99 637.469 -2.82459
40 1641.46 1074.35 637.199 -2.82598
50 1479.24 6596.25 636.957 -2.82726
60 1409.58 7547.06 636.833 -2.82819
70 1402.07 7230.06 636.845 -2.82873
80 1447.37 8291.66 636.99 -2.82896
90 1490.4 6887.22 637.278 -2.82903
100 1478.2 5763.27 637.684 -2.829
110 1448.33 7323.68 638.195 -2.82889
120 1526.36 3733.35 638.82 -2.82868
130 1573.8 1786 639.508 -2.82843
140 1658.55 757.826 640.222 -2.82835
150 1726.93 -1941.21 640.94 -2.82859
160 1660.52 -1102.43 641.623 -2.82926
170 1552.61 486.431 642.282 -2.83015
180 1459.18 2711.28 642.944 -2.83096
190 1362.38 5891.04 643.65 -2.83152
200 1284.49 6618.41 644.449 -2.83169
210 1308.85 4693.17 645.354 -2.83141
220 1405.63 1714.71 646.33 -2.83069
230 1486.23 1556.35 647.33 -2.82973
240 1530.97 779.103 648.345 -2.82877
250 1547.97 -658.819 649.362 -2.8279
260 1554.54 -3304.08 650.354 -2.82717
270 1550.92 -7025.01 651.274 -2.82654
280 1516.49 -8870.99 652.059 -2.82602
290 1461.76 -9182.68 652.678 -2.82554
300 1513.92 -11334 653.121 -2.82504
310 1489.19 -11429.5 653.36 -2.82454
320 1489.38 -11230.4 653.391 -2.82409
330 1587.51 -14144.7 653.217 -2.82369
340 1695.87 -15589.1 652.796 -2.82357
350 1640.16 -11181.5 652.114 -2.82392
360 1487.21 -4482.18 651.252 -2.82438
370 1551.77 -6126.9 650.316 -2.82476
380 1705.09 -8589.24 649.294 -2.82525
390 1851.96 -10053.4 648.143 -2.82631
400 1856.28 -9245.43 646.845 -2.82818
410 1742.08 -7167.79 645.415 -2.83066
420 1580.66 -1134.02 643.898 -2.8331
430 1459.79 5037.38 642.397 -2.83499
440 1425.19 7481.35 641.014 -2.83629
450 1454.41 7754.05 639.792 -2.83716
460 1519.25 5434.94 638.729 -2.83783
470 1525.16 4563.99 637.79 -2.83841
480 1476.01 4419.66 636.954 -2.83891
490 1414.52 3764.03 636.215 -2.83919
500 1490.07 156.679 635.555 -2.83927
510 1596.34 -3309.62 634.915 -2.8393
520 1635.7 -6357.62 634.237 -2.83954
530 1652.79 -7868.92 633.469 -2.84007
540 1699.25 -5268.44 632.593 -2.8409
550 1723.47 -3044.63 631.648 -2.84206
560 1654.37 -293.955 630.676 -2.8435
570 1556.92 2512.41 629.723 -2.84493
580 1530.54 4260.64 628.834 -2.84616
590 1557.79 3650.03 628.035 -2.84726
600 1543.3 4764.04 627.322 -2.84828
610 1507.61 5276.31 626.705 -2.84916
620 1483.13 5462.82 626.193 -2.84985
630 1564.42 2573.23 625.782 -2.85042
640 1618.66 -60.4666 625.427 -2.85107
650 1512.15 3793.6 625.093 -2.85179
660 1340.03 11261.5 624.839 -2.85229
670 1230.23 15556.7 624.777 -2.85233
680 1319.29 14832.5 624.973 -2.85192
690 1462.04 11940.1 625.416 -2.85115
700 1597.13 9242.43 626.057 -2.85031
710 1629.18 10558 626.855 -2.84971
720 1638.2 12545.4 627.826 -2.84955
730 1583.85 13968.9 629 -2.84979
740 1385.51 16665.3 630.4 -2.85026
750 1167.21 19764.6 632.072 -2.85061
760 1215.58 13481.4 634.048 -2.8505
770 1423.91 3748.11 636.23 -2.84952
780 1534.98 -2356.02 638.46 -2.84796
790 1535.98 -4287.84 640.629 -2.8464
800 1465.76 -2771.46 642.704 -2.84511
810 1347.26 -1710.52 644.707 -2.84392
820 1490.74 -3827.74 646.652 -2.84261
830 1606.65 -7370 648.503 -2.84111
840 1623.28 -11039.6 650.202 -2.83984
850 1557.46 -13841.5 651.683 -2.83886
860 1465.26 -14326.7 652.9 -2.83809
870 1345.21 -11430.7 653.847 -2.83736
880 1309.31 -10610.7 654.572 -2.83647
890 1425.81 -13048.4 655.09 -2.83529
900 1454.34 -12751.7 655.371 -2.83398
910 1426.84 -10708.6 655.419 -2.83274
920 1369.71 -5225.46 655.281 -2.83151
930 1406.63 -1781.55 655.052 -2.83016
940 1445.42 -1266.28 654.794 -2.8287
950 1431.83 829.375 654.525 -2.82723
960 1398.3 2264.08 654.282 -2.82576
970 1430.34 1208.81 654.083 -2.82426
980 1454.79 1463.4 653.918 -2.82271
990 1480.6 3081.68 653.792 -2.82119
1000 1634.4 735.908 653.722 -2.81977
1010 1790.78 -3095.79 653.67 -2.8187
1020 1824.91 -3369.82 653.576 -2.81843
1030 1725.39 -1912.82 653.43 -2.81897
1040 1502.55 1305.56 653.262 -2.81985
1050 1294.3 4118.04 653.125 -2.82045
1060 1243.35 3426.34 653.064 -2.8205
1070 1368.32 -432.516 653.067 -2.82004
1080 1507.89 -2718.79 653.07 -2.81925
1090 1532.45 -2209.2 653.032 -2.81846
1100 1463.31 80.215 652.964 -2.81778
1110 1413.28 491.127 652.9 -2.81709
1120 1414.3 55.0068 652.851 -2.81626
1130 1546.54 -4515.32 652.801 -2.81531
1140 1718.36 -8229.37 652.678 -2.81449
1150 1762.5 -10455.4 652.415 -2.81424
1160 1637.32 -8772.31 651.979 -2.81463
1170 1522.52 -8536.87 651.394 -2.81522
1180 1581.4 -10524.2 650.665 -2.81584
1190 1704.48 -10029.6 649.769 -2.81661
1200 1829.09 -9301.3 648.713 -2.81787
1210 1834.63 -6670.85 647.518 -2.81982
1220 1684.43 28.8203 646.237 -2.82215
1230 1526.2 4053.76 644.981 -2.82421
1240 1544.6 2959.35 643.818 -2.82592
1250 1670.46 1213.57 642.732 -2.82759
1260 1734.2 2131.27 641.696 -2.8295
1270 1659.52 2534.66 640.72 -2.83162
1280 1479.2 5206.14 639.817 -2.83353
1290 1487.6 2406.09 639.016 -2.835
1300 1639.59 -2770.54 638.272 -2.83638
1310 1702.4 -4468.18 637.505 -2.83798
1320 1594.22 -3946.19 636.681 -2.83976
1330 1387.21 1253.77 635.819 -2.84121
1340 1376.7 -677.453 634.984 -2.84209
1350 1467.96 -5464.3 634.153 -2.84265
1360 1475.73 -5253.59 633.255 -2.84303
1370 1498.68 -5677.12 632.286 -2.84329
1380 1550.71 -4061.37 631.245 -2.84348
1390 1567.56 -2855.06 630.157 -2.84367
1400 1539.16 562.435 629.049 -2.8439
1410 1525.14 4167.23 627.975 -2.84405
1420 1546.61 7718.5 626.994 -2.84413
1430 1550.15 12088.4 626.168 -2.84418
1440 1535.89 11747.4 625.557 -2.84426
1450 1505.2 7340.68 625.151 -2.84441
1460 1395.9 7023.05 624.888 -2.84449
1470 1329.14 8511.98 624.753 -2.8443
1480 1425.45 7274.28 624.763 -2.84379
1490 1630.39 3625.48 624.896 -2.84312
1500 1746.93 2802.76 625.097 -2.84272
1510 1706.21 5540.54 625.355 -2.84292
1520 1516.41 8051.84 625.707 -2.84353
1530 1305.44 11391.7 626.195 -2.844
1540 1353.08 11873.2 626.868 -2.8441
1550 1472.84 9618.46 627.732 -2.84385
1560 1652.77 6191.79 628.75 -2.84352
1570 1735.26 3145.73 629.866 -2.84345
1580 1685 2528.35 631.031 -2.84387
1590 1654.2 429.212 632.227 -2.84463
1600 1669.98 -845.58 633.422 -2.84559
1610 1666.99 -2628.22 634.591 -2.84678
1620 1536.44 -1508.98 635.709 -2.84804
1630 1427.78 366.42 636.793 -2.84909
1640 1491.54 -405.754 637.87 -2.84985
1650 1537.99 1910.54 638.936 -2.85044
1660 1559.89 3390.86 640.025 -2.85105
1670 1532.97 3721.98 641.161 -2.85168
1680 1439.05 5161.96 642.357 -2.85223
1690 1478.45 1402.96 643.625 -2.85255
1700 1582.05 -2205.58 644.907 -2.85265
1710 1663.48 -7167.88 646.135 -2.85281
1720 1590.38 -8975.32 647.23 -2.85314
1730 1456.99 -6528.13 648.162 -2.85354
1740 1478.1 -6401.15 648.963 -2.85379
1750 1613.2 -8610.17 649.64 -2.85394
1760 1635.62 -6946.11 650.164 -2.85427
1770 1468.15 -1988.85 650.565 -2.85479
1780 1260.51 2056.62 650.928 -2.85507
1790 1237.8 3571.58 651.325 -2.85487
1800 1317.77 699.859 651.778 -2.85414
1810 1390.05 -4036.92 652.239 -2.85301
1820 1344.4 -4780.7 652.633 -2.85167
1830 1332.15 -6261.97 652.935 -2.8502
1840 1364.03 -5111.86 653.13 -2.84853
1850 1458.52 -4889.71 653.231 -2.84671
1860 1542.15 -5799.37 653.245 -2.84489
1870 1553.7 -5305.97 653.16 -2.8433
1880 1524.15 -5320.84 652.985 -2.84201
1890 1491.78 -5644.61 652.721 -2.84094
1900 1422.53 -2886.72 652.368 -2.83997
1910 1356.86 5.66837 651.974 -2.83893
1920 1398.16 -2178.45 651.582 -2.83773
1930 1408.56 -1061.48 651.169 -2.83639
1940 1464.33 125.38 650.748 -2.83495
1950 1676.26 -5135.52 650.329 -2.83355
1960 1787.52 -6912.44 649.838 -2.8326
1970 1740.65 -5518.79 649.239 -2.83244
1980 1633.04 -3016.48 648.559 -2.83284
1990 1566.12 -1018.06 647.841 -2.83342
2000 1560.82 339.947 647.121 -2.834
2010 1568.34 -1483.49 646.418 -2.83462
2020 1504.25 -959.911 645.71 -2.8352
2030 1503.72 -2624.99 644.998 -2.83569
2040 1511.92 -2814.14 644.258 -2.83609
2050 1456.55 -305.024 643.49 -2.83635
2060 1520.03 -1712.33 642.728 -2.83645
2070 1644.55 -4248.48 641.951 -2.83661
2080 1706.11 -3647.97 641.123 -2.83703
2090 1742.74 -2943.35 640.25 -2.83791
2100 1629.09 -399.39 639.348 -2.83912
2110 1535.14 4752.35 638.465 -2.8403
2120 1520.27 6743.3 637.678 -2.84128
2130 1483.27 9086.7 637.03 -2.84207
2140 1502.01 7734.15 636.549 -2.84265
2150 1628.08 453.038 636.204 -2.84323
2160 1663.12 -4206.35 635.884 -2.84404
2170 1559.33 -5483.83 635.506 -2.84503
2180 1408.64 -3020.65 635.05 -2.84591
2190 1333.38 2099.73 634.559 -2.84633
2200 1430.73 2297.12 634.108 -2.84633
2210 1546.32 1084.08 633.707 -2.84612
2220 1562.54 355.023 633.337 -2.84597
2230 1418.79 3361.53 632.99 -2.84589
2240 1229.99 7934.69 632.713 -2.84557
2250 1242.48 8597.98 632.575 -2.84481
2260 1394.54 5700.61 632.585 -2.84358
2270 1541.75 3804.24 632.7 -2.84211
2280 1647.38 1294.36 632.883 -2.84077
2290 1724.29 -637.046 633.093 -2.83984
2300 1843.27 -3356.6 633.294 -2.83955
2310 1964.49 -6660.64 633.439 -2.84022
2320 1943.78 -6050.41 633.482 -2.84209
2330 1760.73 -3832.64 633.429 -2.84475
2340 1526.75 904.964 633.321 -2.84734
2350 1391.64 3405.56 633.232 -2.8493
2360 1536.02 -244.847 633.199 -2.8508
2370 1662.67 -2275.48 633.17 -2.85224
2380 1688.05 -1646.3 633.112 -2.85384
2390 1703.71 -361.547 633.033 -2.85569
2400 1571.87 4172.52 632.961 -2.85759
2410 1499.84 5071.17 632.962 -2.85926
2420 1496.69 3707.7 633.052 -2.86062
2430 1513.34 1953.81 633.21 -2.86175
2440 1520.14 -1781.66 633.401 -2.86269
2450 1505.46 -3659.56 633.568 -2.86346
2460 1508.35 -4725.31 633.675 -2.86408
2470 1557.82 -6190.66 633.705 -2.86461
2480 1616.74 -6420.72 633.636 -2.86518
2490 1634.06 -5044.39 633.465 -2.86591
2500 1637.43 -4333 633.215 -2.86683
2510 1595.67 -2695.55 632.901 -2.86788
2520 1468.08 558.215 632.555 -2.86886
2530 1397.93 2245.79 632.225 -2.8695
2540 1521.53 -1199.49 631.936 -2.86988
2550 1562.71 -2457 631.64 -2.87019
2560 1508.48 -902.116 631.317 -2.87052
2570 1532.98 -3424.58 630.981 -2.87079
2580 1576.04 -5068.2 630.598 -2.87108
2590 1544.43 -4097.51 630.145 -2.87145
2600 1480.67 -2115.36 629.636 -2.87177
2610 1479.07 -1449.34 629.102 -2.87196
2620 1525.81 -2353.88 628.554 -2.87206
2630 1461.83 1960 627.989 -2.8721
2640 1377.88 6328.35 627.469 -2.87192
2650 1431.71 6061.59 627.062 -2.8715
2660 1480.03 5663.3 626.77 -2.8709
2670 1526.69 1475.5 626.575 -2.87029
2680 1516.98 -995.773 626.417 -2.86975
2690 1486.66 -1907.1 626.251 -2.86928
2700 1423.75 -877.393 626.064 -2.86878
2710 1366.55 827.323 625.871 -2.86816
2720 1332.46 3386.51 625.7 -2.86729
2730 1533.05 3297.3 625.59 -2.86616
2740 1769.51 -919.222 625.536 -2.86506
2750 1803.39 -3185.21 625.477 -2.86464
2760 1641.5 356.292 625.381 -2.86495
2770 1461.33 4769.82 625.298 -2.86545
2780 1421.89 6278.11 625.298 -2.86575
2790 1521.52 4633.85 625.404 -2.86584
2800 1611.94 1553.58 625.588 -2.86593
2810 1546.66 4231.86 625.811 -2.86616
2820 1416.29 9230.32 626.111 -2.8664
2830 1460.76 7253.56 626.556 -2.86647
2840 1538.03 5704.04 627.124 -2.86639
2850 1551.57 3957.96 627.785 -2.86633
2860 1486.2 6258.46 628.517 -2.86633
2870 1501.74 3676.63 629.344 -2.8663
2880 1589.58 -2983.47 630.221 -2.86617
2890 1582.88 -4542.43 631.05 -2.86611
2900 1494.71 -3594.63 631.8 -2.86616
2910 1413.38 -1694.62 632.486 -2.86616
2920 1418.23 -1311.43 633.136 -2.86594
2930 1545.6 -2683.44 633.759 -2.86554
2940 1698.67 -5481.43 634.33 -2.8652
2950 1720.83 -7037.81 634.807 -2.86528
2960 1596.25 -5216.35 635.168 -2.8658
2970 1464.54 -4572.2 635.437 -2.86639
2980 1426.59 -5669.41 635.626 -2.86677
2990 1436.11 -4282.73 635.724 -2.8669
3000 1428.25 -1761.61 635.753 -2.86681
3010 1446.94 -2515.44 635.751 -2.86654
3020 1434.29 -3950.62 635.71 -2.86611
3030 1405.99 -3498.78 635.61 -2.86555
3040 1435.31 -2688.84 635.454 -2.86483
3050 1439.04 -334.173 635.264 -2.86399
3060 1414.58 1291.01 635.074 -2.86307
3070 1397.63 3674.53 634.915 -2.86205
3080 1392.73 3793.55 634.823 -2.86091
3090 1295.65 4743.38 634.806 -2.85965
3100 1184.88 4067 634.871 -2.85823
3110 1196.84 3374.53 635.012 -2.85648
3120 1347.84 -372.443 635.209 -2.85426
3130 1529.12 -6143.56 635.397 -2.85169
3140 1643.61 -7398.76 635.489 -2.84926
3150 1708.06 -6257.41 635.461 -2.84737
3160 1701.27 -5161.93 635.331 -2.84619
3170 1627.36 -2338.84 635.123 -2.84562
3180 1538.76 990.982 634.884 -2.84541
3190 1393.15 6015.53 634.674 -2.84522
3200 1261.21 10986.1 634.576 -2.84482
3210 1238.24 12118.9 634.667 -2.84405
3220 1293.1 9368.03 634.965 -2.84287
3230 1395.36 5968.65 635.426 -2.84135
3240 1516.78 2523.81 635.989 -2.83963
3250 1636.65 -4999.09 636.587 -2.83796
3260 1605.49 -8461.32 637.102 -2.83664
3270 1442.44 -7552.65 637.476 -2.83572
3280 1314.84 -4870.69 637.721 -2.83486
3290 1381.48 -4243.27 637.879 -2.83377
3300 1482.14 -5831.48 637.964 -2.83245
3310 1498.2 -6069.62 637.951 -2.83116
3320 1435.13 -3378.11 637.844 -2.82998
3330 1474.63 -1849.75 637.683 -2.82882
3340 1586.33 -3106.22 637.492 -2.82768
3350 1622.18 -1383.19 637.261 -2.82675
3360 1676.75 -970.866 637.012 -2.8262
3370 1723.09 -1693.51 636.755 -2.82608
3380 1744.56 -1501.36 636.48 -2.82651
3390 1665.3 358.771 636.192 -2.82741
3400 1540.54 1984.2 635.92 -2.82843
3410 1556.16 -1497.45 635.684 -2.82938
3420 1643.02 -2754.87 635.435 -2.83034
3430 1703.35 -959.819 635.152 -2.83152
3440 1668.21 -1302.13 634.858 -2.83298
3450 1510.54 972.431 634.558 -2.83445
3460 1501.34 887.34 634.281 -2.83565
3470 1601.92 -3527.26 634.019 -2.83674
3480 1537.41 -1128.68 633.719 -2.83781
3490 1469.93 1553.7 633.409 -2.8387
3500 1525.02 -101.523 633.128 -2.83937
3510 1650.19 -1277.86 632.857 -2.84003
3520 1713.58 -597.627 632.576 -2.84093
3530 1778.76 -1793.88 632.293 -2.84225
3540 1789.68 -4353.68 631.986 -2.84411
3550 1690.11 -1420.22 631.625 -2.84636
3560 1599.68 4522.14 631.256 -2.84852
3570 1710.04 2605.1 630.961 -2.85066
3580 1813.95 1214.49 630.723 -2.85316
3590 1728.6 2324.68 630.52 -2.85603
3600 1537.22 4259.71 630.366 -2.85876
3610 1364.07 8297.83 630.296 -2.86085
3620 1319.52 8404.15 630.367 -2.86223
3630 1329.22 7182.43 630.583 -2.86303
3640 1297.86 8585.73 630.929 -2.86331
3650 1376.75 6060.58 631.414 -2.86317
3660 1482.58 2873.65 632.001 -2.8627
3670 1530.77 2741.93 632.64 -2.86216
3680 1485.26 3579.89 633.324 -2.86168
3690 1450.61 4230.54 634.066 -2.86122
3700 1476.86 3024.11 634.874 -2.8607
3710 1513.76 -87.3418 635.727 -2.8601
3720 1520.39 -4076.85 636.572 -2.85948
3730 1493.29 -7499.79 637.341 -2.85887
3740 1453.48 -7378.02 637.98 -2.85825
3750 1463 -6265.17 638.49 -2.8576
3760 1527.03 -6862.71 638.885 -2.8569
3770 1521.33 -5589.45 639.163 -2.85628
3780 1443.83 -3209.36 639.347 -2.85574
3790 1343.69 709.001 639.48 -2.85513
3800 1362.53 1036.98 639.624 -2.85429
3810 1389.08 -743.103 639.784 -2.8532
3820 1345.49 223.193 639.939 -2.85196
3830 1346.41 -945.907 640.098 -2.85056
3840 1405.12 -3011.15 640.241 -2.84893
3850 1622.61 -8420.55 640.33 -2.8472
3860 1761.78 -13423.1 640.275 -2.84574
3870 1680.58 -12188.7 640.002 -2.84506
3880 1515.2 -8905.42 639.527 -2.84493
3890 1413.47 -4572.36 638.912 -2.84481
3900 1530.33 -4351.05 638.223 -2.84451
3910 1687.94 -2898.57 637.477 -2.84426
3920 1692.31 2218.5 636.704 -2.84435
3930 1562.36 7132.43 635.987 -2.84473
3940 1422.04 10268.1 635.407 -2.84507
3950 1388.87 11500.3 635.016 -2.84514
3960 1475.9 8329.92 634.828 -2.84498
3970 1581.44 5833.13 634.792 -2.84475
3980 1599.59 5065.95 634.867 -2.84468
3990 1493.92 5541.45 635.035 -2.84476
4000 1396.06 6885.89 635.304 -2.84477
4010 1486.34 4066.82 635.687 -2.84458
4020 1608.41 552.435 636.14 -2.84429
4030 1668.4 -623.501 636.606 -2.8442
4040 1708.68 -3674.2 637.058 -2.84447
4050 1657.01 -3897.67 637.45 -2.84515
4060 1521.51 -331.945 637.781 -2.84596
4070 1579.69 -2906.77 638.098 -2.84675
4080 1558.13 -3807.98 638.367 -2.84751
4090 1444.56 1067.59 638.582 -2.8482
4100 1397.46 2755.66 638.812 -2.84863
4110 1413.19 3285.76 639.091 -2.84875
4120 1433.9 5711.84 639.433 -2.84862
4130 1484.49 6004.95 639.871 -2.84835
4140 1515.89 6085.47 640.415 -2.84801
4150 1559.1 4466.1 641.061 -2.84772
4160 1573.29 2203.84 641.782 -2.84752
4170 1601.06 1068.09 642.541 -2.84744
4180 1701.53 -1107.58 643.312 -2.84759
4190 1683.83 -473.383 644.065 -2.84812
4200 1554.96 2387.96 644.81 -2.84894
4210 1428.08 4089.77 645.59 -2.8497
4220 1359.54 6153.06 646.44 -2.85017
4230 1323.72 9036.51 647.397 -2.85029
4240 1398.44 8862.44 648.505 -2.8501
4250 1480.98 4428.9 649.756 -2.84963
4260 1432.78 2692.58 651.083 -2.84901
4270 1442.63 -1062.05 652.445 -2.84826
4280 1555.49 -5248.86 653.776 -2.84733
4290 1553.52 -6267.68 655.003 -2.84645
4300 1389.16 -3381.53 656.113 -2.84575
4310 1316.26 -3016.95 657.148 -2.84499
4320 1373.6 -6086.36 658.113 -2.84389
4330 1503.88 -9748.99 658.957 -2.84251
4340 1573.46 -12312.7 659.615 -2.84114
4350 1557.4 -11447 660.047 -2.84004
4360 1550.16 -11712 660.263 -2.83923
4370 1548.52 -12059.4 660.263 -2.83864
4380 1477.33 -9538.64 660.046 -2.83822
4390 1341.07 -4166.54 659.668 -2.83774
4400 1388.7 -5435.2 659.21 -2.83704
4410 1484.39 -8974.75 658.659 -2.83614
4420 1496.18 -8494.84 657.962 -2.83526
4430 1422.85 -7789.1 657.126 -2.83445
4440 1439.22 -8714.15 656.161 -2.83363
4450 1543.87 -10145.4 655.054 -2.83277
4460 1625.13 -10527.1 653.786 -2.83209
4470 1611.88 -7643.91 652.359 -2.83174
4480 1517.9 -3492.05 650.824 -2.83157
4490 1460.25 -1167.73 649.254 -2.83135
4500 1519.58 -63.0582 647.693 -2.83101
4510 1642.14 1569.04 646.164 -2.83066
4520 1727.52 919.694 644.69 -2.83062
4530 1665.35 2861.85 643.267 -2.83107
4540 1502.22 6889.7 641.931 -2.83158
4550 1612.05 -454.8 640.724 -2.83208
4560 1851.06 -7601.81 639.536 -2.83305
4570 1935.13 -7970.93 638.252 -2.83498
4580 1796.51 -4438.52 636.862 -2.83774
4590 1451.68 7291.72 635.439 -2.84026
4600 1187.46 17114.5 634.168 -2.84154
4610 1304.61 17813.1 633.203 -2.84197
4620 1474.01 13398.8 632.556 -2.84204
4630 1499.97 12968.8 632.161 -2.84205
4640 1477.95 13771.8 632.002 -2.84202
4650 1547.24 8207.24 632.074 -2.84199
4660 1603.1 4694.75 632.297 -2.842
4670 1624.14 6259.48 632.61 -2.84223
4680 1632.31 7227.14 633.03 -2.84269
4690 1686.17 2861.93 633.566 -2.84341
4700 1605.4 1706.01 634.156 -2.84433
4710 1553.2 1322.99 634.773 -2.84531
4720 1598.16 2117.81 635.413 -2.84626
4730 1669.22 2807.54 636.085 -2.84733
4740 1625.88 5819.7 636.807 -2.84862
4750 1544.83 7889.51 637.625 -2.84998
4760 1561.63 4178.53 638.567 -2.85122
4770 1633.35 -2091.14 639.571 -2.85236
4780 1710.91 -7579.29 640.532 -2.85356
4790 1729.49 -11345.1 641.356 -2.85504
4800 1627.11 -12830.2 641.978 -2.85676
4810 1458.31 -9538.03 642.378 -2.85835
4820 1420.57 -8390.72 642.606 -2.85955
4830 1466.29 -10151.6 642.682 -2.8604
4840 1467.33 -8577.65 642.589 -2.86103
4850 1418.96 -4702.09 642.354 -2.86144
4860 1398.45 -1884.45 642.043 -2.86156
4870 1425.69 1156.81 641.709 -2.86139
4880 1441.3 5949.09 641.409 -2.861
4890 1415.16 9375.31 641.222 -2.86046
4900 1387.62 8763.3 641.201 -2.85979
4910 1381.22 6179.22 641.337 -2.85895
4920 1410.16 3527.06 641.585 -2.85793
4930 1394.49 2933.62 641.9 -2.85679
4940 1302.9 3833.01 642.27 -2.85554
4950 1315.71 3570.04 642.705 -2.85413
4960 1349.44 323.979 643.197 -2.85242
4970 1309.58 784.971 643.699 -2.85057
4980 1241.18 5041.7 644.22 -2.84865
4990 1308.54 5039.18 644.82 -2.84655
5000 1497.32 1877.92 645.502 -2.84412
5010 1635.37 -828.37 646.216 -2.84167
5020 1676.26 -5316.37 646.908 -2.83966
5030 1631.09 -8785.96 647.503 -2.83824
5040 1641.67 -11892.7 647.939 -2.83733
5050 1639.95 -13763.7 648.162 -2.83683
5060 1622.04 -14171.6 648.143 -2.83674
5070 1619.93 -13918.9 647.876 -2.83697
5080 1649.75 -13467.1 647.369 -2.83749
5090 1674.64 -12912.5 646.634 -2.83833
5100 1645.77 -10439.1 645.689 -2.83948
5110 1577.47 -5252.51 644.583 -2.84069
5120 1539.98 -2490.27 643.403 -2.8418
5130 1426.1 -94.9751 642.204 -2.84269
5140 1270.15 2177 641.028 -2.84309
5150 1325.31 -587.105 639.906 -2.84298
5160 1512.4 -3888.26 638.796 -2.84255
5170 1572.24 -3619.97 637.647 -2.84212
5180 1488.16 -414.453 636.463 -2.84181
5190 1340.25 7519.07 635.306 -2.84132
5200 1378.97 8063.83 634.29 -2.8405
5210 1538.08 5032.02 633.429 -2.83948
5220 1634.94 3332.14 632.676 -2.83857
5230 1613.35 1469.17 631.997 -2.83802
5240 1610.17 -161.017 631.361 -2.8378
5250 1634.82 1172.13 630.741 -2.83783
5260 1671.67 3701.7 630.159 -2.83811
5270 1701.26 2688.92 629.648 -2.83876
5280 1510.92 8951.08 629.211 -2.83962
5290 1321.45 12900.7 628.931 -2.84022
5300 1276.82 14840 628.877 -2.84037
5310 1293.53 17633.5 629.082 -2.84009
5320 1430.02 15830 629.58 -2.83949
5330 1601.8 13662.7 630.346 -2.83876
5340 1745.73 9173.41 631.336 -2.83828
5350 1776.55 7507.3 632.481 -2.83837
5360 1830.62 4583.71 633.745 -2.83915
5370 1933.47 661.769 635.076 -2.8407
5380 1897.8 1948.95 636.418 -2.84318
5390 1799.4 1777.3 637.781 -2.84629
5400 1742.35 -861.9 639.161 -2.84961
5410 1598.45 -1299.51 640.518 -2.85276
5420 1439.67 778.406 641.845 -2.85539
5430 1348.08 2213.06 643.173 -2.85733
5440 1342.45 -372.834 644.52 -2.85857
5450 1411.11 -3575.92 645.85 -2.85923
5460 1488.1 -6078.08 647.105 -2.85949
5470 1527.93 -7850.48 648.24 -2.8596
5480 1498.65 -7056.73 649.229 -2.85967
5490 1395.1 -4857.68 650.084 -2.85966
5500 1342.38 -5140.19 650.842 -2.85943
5510 1336.75 -7280.9 651.498 -2.85883
5520 1348.06 -10802.8 652.013 -2.85793
5530 1272.15 -10953.6 652.337 -2.85678
5540 1223.39 -10068.5 652.463 -2.85538
5550 1419.14 -15610.9 652.396 -2.85364
5560 1671.64 -21268.2 652.051 -2.85174
5570 1720.09 -19626.9 651.342 -2.85041
5580 1530.33 -13108.5 650.302 -2.84983
5590 1274 -4320.64 649.052 -2.84934
5600 1252.06 -3153.51 647.737 -2.84848
5610 1317.33 -4378.12 646.388 -2.84721
5620 1333.23 -3540.43 644.992 -2.84567
5630 1335.87 -3837.44 643.561 -2.84393
5640 1439.4 -8092.74 642.084 -2.84211
5650 1561.1 -10786.4 640.498 -2.84037
5660 1607.78 -10033.6 638.762 -2.83892
5670 1616.51 -7018.34 636.891 -2.83787
5680 1652.26 -2351.76 634.94 -2.83708
5690 1695.46 1582 632.987 -2.8366
5700 1620.5 9653.18 631.112 -2.83634
5710 1558.3 15795.8 629.437 -2.83613
5720 1522.18 17271.3 628.059 -2.83588
5730 1676.41 14327.4 626.994 -2.83584
5740 1740.76 16275.9 626.203 -2.83623
5750 1697.14 19550.1 625.705 -2.83713
5760 1598.9 21918.3 625.548 -2.83839
5770 1480.11 23700.9 625.764 -2.8397
5780 1453.87 25348.2 626.382 -2.84093
5790 1536.28 23352.2 627.417 -2.84211
5800 1635.96 16098 628.829 -2.84332
5810 1606.77 12171.8 630.507 -2.8446
5820 1516.97 9695.1 632.379 -2.84587
5830 1428.72 9337.19 634.404 -2.84694
5840 1414.28 6943.05 636.566 -2.84769
5850 1416.66 4805.13 638.829 -2.84805
5860 1416.15 2542.64 641.152 -2.84808
5870 1379.93 1663.06 643.499 -2.8478
5880 1322.62 4382.37 645.858 -2.84733
5890 1376.14 2261.44 648.263 -2.84661
5900 1496.06 -2476.57 650.679 -2.84545
5910 1475.51 -1584.63 653.036 -2.84421
5920 1267.16 3295.46 655.345 -2.84318
5930 1077.45 5842.01 657.686 -2.8422
5940 1190.73 -743.26 660.093 -2.84065
5950 1391.33 -6687.21 662.461 -2.8381
5960 1507.22 -8793.7 664.684 -2.83518
5970 1530.7 -9051.07 666.718 -2.83244
5980 1485.1 -6387.8 668.562 -2.83014
5990 1421.6 -3521.5 670.263 -2.82822
6000 1467.8 -3468.68 671.872 -2.82645
6010 1487.66 -1598.44 673.401 -2.82475
6020 1387.26 3483.55 674.887 -2.82333
6030 1235.36 6531.34 676.421 -2.82206
6040 1262.81 3108.01 678.054 -2.8206
6050 1384.04 -2781.9 679.725 -2.81857
6060 1418.77 -5262.24 681.33 -2.81627
6070 1431.89 -8220.38 682.809 -2.81397
6080 1460.44 -7021.57 684.117 -2.81174
6090 1602.12 -9547.01 685.262 -2.80964
6100 1759.61 -14381 686.2 -2.80781
6110 1790.83 -15461.3 686.847 -2.80674
6120 1680.32 -12622.9 687.184 -2.80656
6130 1517.53 -8151.1 687.27 -2.80684
6140 1398.01 -4995.38 687.194 -2.80708
6150 1375.77 -3928.61 687.021 -2.80704
6160 1382.33 -5338.97 686.77 -2.80669
6170 1399.02 -5227.06 686.426 -2.80612
6180 1419.13 -4667.88 685.988 -2.80535
6190 1427.55 -4444.22 685.468 -2.80446
6200 1387.41 -3736.31 684.876 -2.80348
6210 1300.66 -1661.89 684.225 -2.80237
6220 1232.07 -334.879 683.557 -2.80102
6230 1311.93 -2636.62 682.891 -2.79935
6240 1439.65 -3053.4 682.194 -2.79734
6250 1624.31 -4686.67 681.451 -2.79528
6260 1804.99 -7908.93 680.63 -2.79361
6270 1836.79 -6881.51 679.683 -2.79285
6280 1720.28 -3662.43 678.627 -2.793
6290 1568.8 -765.359 677.523 -2.79354
6300 1491.78 -1744.13 676.423 -2.79409
6310 1436.25 -793.449 675.319 -2.79448
6320 1466.97 -1926.71 674.22 -2.79463
6330 1584.49 -5497.03 673.105 -2.79473
6340 1604.68 -8895.49 671.909 -2.79503
6350 1545.11 -10363.1 670.572 -2.79554
6360 1528.05 -11236.6 669.066 -2.79616
6370 1493.15 -10094.7 667.382 -2.79677
6380 1417.61 -4060.78 665.552 -2.79714
6390 1487.97 -2824.38 663.676 -2.79713
6400 1655.19 -7108.65 661.781 -2.79718
6410 1627.39 -7892.81 659.8 -2.79761
6420 1498.98 -3924.22 657.724 -2.79816
6430 1536.72 -1954.15 655.619 -2.7985
6440 1727.75 -5092.78 653.515 -2.79896
6450 1859.22 -5638.28 651.371 -2.80004
6460 1821.01 -3680.5 649.178 -2.80188
6470 1655.18 769.244 646.974 -2.80401
6480 1558.52 2772.54 644.829 -2.80588
6490 1628.58 314.439 642.775 -2.80762
6500 1758.18 -2045.77 640.773 -2.80964
6510 1777.59 -1195.81 638.787 -2.81209
6520 1661.85 277.229 636.827 -2.81469
6530 1579.4 2719.05 634.919 -2.81707
6540 1598.46 5232.24 633.101 -2.81911
6550 1691.33 6974.07 631.413 -2.82108
6560 1707.41 9352.87 629.883 -2.82319
6570 1554.89 15382.2 628.554 -2.82518
6580 1492.51 18133.7 627.51 -2.82676
6590 1495.02 16913.4 626.79 -2.82805
6600 1569.9 13675.2 626.369 -2.82925
6610 1615.04 14122.1 626.197 -2.83048
6620 1601.9 12786.9 626.268 -2.83182
6630 1553.98 11016.9 626.558 -2.83317
6640 1526.63 11477.9 627.037 -2.83442
6650 1577.29 6169.28 627.698 -2.83557
6660 1580.8 2675.33 628.461 -2.83666
6670 1503.77 3565.1 629.271 -2.83768
6680 1474.43 1654.6 630.129 -2.83849
6690 1510.68 -1538.98 631.006 -2.83907
6700 1501.26 -2757.28 631.851 -2.83948
6710 1487.29 -2437.5 632.644 -2.83976
6720 1475.03 -1323.07 633.39 -2.83995
6730 1396.02 187.316 634.108 -2.83999
6740 1296.76 2979.63 634.825 -2.83976
6750 1396.68 2510.41 635.582 -2.83918
6760 1607.59 -1178.23 636.372 -2.83832
6770 1734.94 -2401.01 637.138 -2.83764
6780 1717.75 -658.419 637.861 -2.83756
6790 1547.37 4867.19 638.574 -2.83796
6800 1420.89 9658.08 639.366 -2.83845
6810 1411.67 12587 640.318 -2.83875
6820 1550.61 10405.2 641.475 -2.83892
6830 1588.8 9221.37 642.807 -2.83909
6840 1464.07 11471 644.293 -2.83942
6850 1356.81 11825 645.967 -2.83972
6860 1387.92 6484.39 647.826 -2.83967
6870 1491.49 1312.66 649.781 -2.83916
6880 1575.9 -504.759 651.745 -2.83851
6890 1590.65 -3476.77 653.676 -2.83795
6900 1513.54 -6134.3 655.525 -2.83748
6910 1506.51 -9070.93 657.24 -2.83699
6920 1503.55 -11428 658.769 -2.8364
6930 1496.92 -12930.9 660.071 -2.83583
6940 1475.51 -13186.3 661.12 -2.83526
6950 1396.79 -11230.1 661.915 -2.83469
6960 1310.12 -10136.6 662.492 -2.834
6970 1269.19 -9564.43 662.873 -2.83303
6980 1311.15 -7904.66 663.075 -2.83174
6990 1420.3 -8763.54 663.126 -2.83016
7000 1437.77 -8292.98 663.019 -2.82849
7010 1361.57 -6500.31 662.765 -2.82688
7020 1315.44 -6363.14 662.396 -2.82526
7030 1434.42 -8968.93 661.914 -2.82347
7040 1626.62 -10568.9 661.279 -2.82162
7050 1723.39 -10697.4 660.465 -2.82015
7060 1683.2 -9431.93 659.475 -2.81938
7070 1641.63 -9119.32 658.332 -2.81918
7080 1659.53 -9800.78 657.044 -2.81938
7090 1691.42 -10946.9 655.604 -2.81999
7100 1619.26 -9676.24 653.999 -2.82098
7110 1528.62 -6643.19 652.256 -2.82198
7120 1587.21 -7178.57 650.425 -2.82292
7130 1645.97 -7522.43 648.504 -2.82398
7140 1599.46 -5337.18 646.495 -2.82517
7150 1563.78 -1103.98 644.44 -2.82625
7160 1703.7 -1056.32 642.404 -2.82728
7170 1845.44 -3000.37 640.392 -2.82884
7180 1764.26 -582.686 638.379 -2.83102
7190 1538.43 6363.16 636.41 -2.83309
7200 1423.43 9428.28 634.587 -2.83455
7210 1442.66 11551.7 632.966 -2.83548
7220 1540.94 13430.4 631.578 -2.8361
7230 1618.82 13768.5 630.449 -2.83673
7240 1579.42 16238.9 629.581 -2.83749
7250 1519.14 19515 629.014 -2.83822
7260 1610.55 14386.5 628.78 -2.83901
7270 1661.55 9175.83 628.797 -2.84002
7280 1557.86 9418.04 628.985 -2.84118
7290 1477.39 6960.38 629.329 -2.84223
7300 1462.12 7644.78 629.798 -2.84305
7310 1452.7 7319.49 630.392 -2.84365
7320 1364.06 7966.47 631.108 -2.844
7330 1283.45 10696.1 631.959 -2.84404
7340 1295.1 10296.8 632.978 -2.8437
7350 1357.7 11335.1 634.167 -2.843
7360 1476.97 10486.9 635.537 -2.84208
7370 1624.34 7852.4 637.072 -2.84111
7380 1618.26 9609.26 638.735 -2.84046
7390 1424.72 13079.5 640.551 -2.84028
7400 1221.66 16166.4 642.579 -2.84023
7410 1232.03 13441 644.863 -2.8399
7420 1448.04 5229.28 647.351 -2.83882
7430 1553.45 994.092 649.916 -2.83727
7440 1580.93 -3748.67 652.47 -2.83573
7450 1611.17 -8790.28 654.927 -2.83429
7460 1663.22 -13757.4 657.196 -2.83301
7470 1677.56 -17859.2 659.187 -2.83205
7480 1605.02 -19904.9 660.827 -2.83151
7490 1446.79 -17858.1 662.081 -2.83124
7500 1294.15 -12899 662.993 -2.83095
7510 1327.31 -11486.5 663.646 -2.83039
7520 1445.61 -11340.4 664.075 -2.8295
7530 1495.1 -8206.2 664.294 -2.82853
7540 1486.64 -4986.88 664.36 -2.82762
7550 1469.71 -5068.36 664.331 -2.82678
7560 1425.57 -6987.28 664.21 -2.82595
7570 1407.22 -7611.96 663.967 -2.82504
7580 1607.7 -12608.6 663.582 -2.82408
7590 1761.17 -17887.5 662.972 -2.82343
7600 1711.73 -19229.8 662.048 -2.82361
7610 1504.55 -16368.8 660.795 -2.82429
7620 1465.88 -15674.6 659.261 -2.82496
7630 1559.55 -18247.7 657.465 -2.82562
7640 1638.71 -17999.7 655.377 -2.82651
7650 1682.35 -15811 653.01 -2.82769
7660 1744.63 -12620.9 650.411 -2.82922
7670 1639.13 -4624.81 647.651 -2.83092
7680 1351.31 5679.4 644.877 -2.83199
7690 1169.84 13396.2 642.265 -2.83197
7700 1455.94 9250.8 639.927 -2.83125
7710 1833.32 4316.21 637.804 -2.8307
7720 1915.92 5640.49 635.816 -2.83096
7730 1898.59 6053.21 633.971 -2.83231
7740 1759.51 6316.41 632.273 -2.83439
7750 1537.55 12248.2 630.733 -2.83644
7760 1508.75 14604.7 629.432 -2.83797
7770 1681.32 11345.9 628.398 -2.8395
7780 1707.84 13288.4 627.591 -2.8413
7790 1624.34 14923.7 627.027 -2.84323
7800 1583.53 12873.5 626.725 -2.84512
7810 1617.32 12196.8 626.653 -2.84697
7820 1674.18 10689.8 626.791 -2.84889
7830 1692.59 5382.95 627.107 -2.85099
7840 1606.57 3447.94 627.518 -2.85314
7850 1484.78 5621 627.994 -2.85502
7860 1585.23 3342.07 628.556 -2.85662
7870 1730.75 -2423.87 629.164 -2.85827
7880 1628.25 -1884.58 629.739 -2.86012
7890 1389.47 1726.4 630.283 -2.86175
7900 1314.08 1844.89 630.847 -2.86276
7910 1471.59 -2804.73 631.43 -2.86328
7920 1602.06 -3818.89 631.969 -2.86359
7930 1602.39 -3199.91 632.441 -2.86404
7940 1472.88 -1162.15 632.857 -2.86455
7950 1361.87 2855.27 633.258 -2.86488
7960 1355.97 3290.22 633.699 -2.86487
7970 1381.89 4366.02 634.197 -2.86451
7980 1398.75 3377.54 634.764 -2.86392
7990 1332.26 2791.51 635.386 -2.86311
8000 1307.69 3366.07 636.053 -2.86208
8010 1458.92 1630.67 636.77 -2.86075
8020 1632.74 1046.15 637.511 -2.85927
8030 1698.19 3130.46 638.27 -2.85817
8040 1619.4 4805.67 639.077 -2.85764
8050 1458.57 8050.25 639.964 -2.85748
8060 1361.46 13443.5 640.99 -2.85736
8070 1448.12 12807.8 642.232 -2.8571
8080 1593.71 7901.17 643.682 -2.85669
8090 1597.72 5248.15 645.262 -2.85635
8100 1582.33 -189.848 646.916 -2.85617
8110 1552.26 -3743.49 648.553 -2.85599
8120 1529.16 -7800.6 650.103 -2.8558
8130 1546.07 -12982.8 651.495 -2.85553
8140 1552.25 -16040.8 652.64 -2.85525
8150 1524.49 -16606.6 653.485 -2.85508
8160 1489.76 -14481.8 654.023 -2.85498
8170 1487.92 -13222.7 654.291 -2.85491
8180 1468.99 -10929.2 654.321 -2.85481
8190 1372.63 -6259.44 654.16 -2.85461
8200 1246.88 -3167.18 653.888 -2.85416
8210 1198.96 -680.451 653.569 -2.85326
8220 1388.19 -6437.27 653.232 -2.85189
8230 1606.64 -12044 652.789 -2.85025
8240 1689.51 -14228.6 652.145 -2.84893
8250 1675.45 -14775.4 651.262 -2.84829
8260 1566.97 -14141.2 650.134 -2.84819
8270 1459.1 -11647.2 648.779 -2.8483
8280 1446.31 -10131 647.243 -2.8483
8290 1523.16 -11081.7 645.554 -2.84821
8300 1566.92 -11600.8 643.706 -2.8482
8310 1569.53 -12110.4 641.692 -2.8484
8320 1552.87 -8541.27 639.517 -2.84871
8330 1545.89 -5996.72 637.238 -2.84898
8340 1433.08 279.57 634.912 -2.84912
8350 1278.49 7782.62 632.643 -2.8487
8360 1295.42 9442.27 630.548 -2.8477
8370 1511.62 4134.38 628.649 -2.84639
8380 1729.73 -1158.69 626.862 -2.84529
8390 1780.92 231.962 625.106 -2.8448
8400 1668.44 2826.4 623.395 -2.84495
8410 1486.03 9775.67 621.777 -2.84524
8420 1427.14 17213.3 620.357 -2.84517
8430 1576.57 17354.5 619.24 -2.84492
8440 1678.12 15918.1 618.433 -2.8449
8450 1602.97 18801.3 617.913 -2.84526
8460 1514.87 19456.9 617.71 -2.8458
8470 1500.39 18127 617.832 -2.84636
8480 1501.38 15694.1 618.251 -2.84689
8490 1547.09 12611.8 618.926 -2.84738
8500 1598.97 10832.7 619.806 -2.84791
8510 1609.21 9057.49 620.854 -2.84857
8520 1591.15 8398.22 622.045 -2.84938
8530 1572.83 8228.86 623.365 -2.85027
8540 1567.53 7902.88 624.809 -2.8512
8550 1600.95 5687.41 626.367 -2.85215
8560 1611.02 3668.3 628.006 -2.85311
8570 1592.61 885.913 629.688 -2.85411
8580 1493.82 -13.919 631.371 -2.85503
8590 1382.43 -383.013 633.037 -2.85568
8600 1315.01 -1898.9 634.675 -2.8559
8610 1239.46 -453.252 636.268 -2.85565
8620 1192.48 1011.92 637.834 -2.85497
8630 1212.24 797.514 639.399 -2.85382
8640 1327.83 -2723.7 640.955 -2.85213
8650 1441.81 -4517.73 642.448 -2.85002
8660 1493.33 -5485.92 643.846 -2.84788
8670 1436.76 -5436.47 645.134 -2.84589
8680 1426.32 -5784.87 646.311 -2.84407
8690 1516.56 -7337.95 647.37 -2.84224
8700 1579.46 -9296.88 648.285 -2.84052
8710 1554.2 -7631.49 649.032 -2.83913
8720 1452.29 -2414.43 649.641 -2.83807
8730 1403.36 -930.786 650.196 -2.83711
8740 1504.46 -3610.21 650.725 -2.83603
8750 1578.15 -6294.4 651.186 -2.83494
8760 1606.35 -6846.85 651.534 -2.83409
8770 1617.18 -7943.22 651.758 -2.83356
8780 1611.7 -9594.41 651.838 -2.83333
8790 1614.09 -11402.5 651.749 -2.83338
8800 1622.57 -13297.5 651.459 -2.83369
8810 1608.9 -14785.6 650.94 -2.8343
8820 1544.04 -13942.2 650.171 -2.83507
8830 1567.48 -15006.9 649.167 -2.83588
8840 1654.83 -17534.4 647.911 -2.83692
8850 1639.09 -12508.5 646.384 -2.83818
8860 1676.44 -11570.9 644.659 -2.8396
8870 1721.96 -11261.8 642.767 -2.84134
8880 1734.51 -9386.58 640.721 -2.84341
8890 1720.29 -7660.76 638.556 -2.84574
8900 1687.05 -4132.06 636.309 -2.84819
8910 1616.22 -284.106 634.041 -2.85051
8920 1474.7 3183.64 631.818 -2.85244
8930 1320.12 9987.67 629.705 -2.85361
8940 1241.74 16839.8 627.806 -2.85386
8950 1263.11 20892 626.229 -2.85336
8960 1402.39 19892.3 625.029 -2.85245
8970 1643.21 16185.2 624.185 -2.8515
8980 1818.59 10889.3 623.629 -2.85101
8990 1795.38 6972.2 623.272 -2.85138
9000 1664.66 5680.11 623.048 -2.85238
9010 1617.34 4582.58 622.927 -2.85359
9020 1715.5 3036.43 622.89 -2.85493
9030 1842.21 -1532.6 622.905 -2.85673
9040 1822.66 -2162.58 622.906 -2.85917
9050 1657.51 205.803 622.883 -2.8619
9060 1507.18 3298.76 622.87 -2.86434
9070 1522.23 3822.49 622.914 -2.86633
9080 1655.48 1782.26 623.022 -2.86819
9090 1710.57 1343.97 623.167 -2.87018
9100 1677.39 1520.69 623.338 -2.87238
9110 1541.8 5311.63 623.544 -2.87448
9120 1550.34 4199.28 623.833 -2.87631
9130 1659.97 -4.1611 624.189 -2.87804
9140 1683.61 -936.143 624.55 -2.87988
9150 1612.65 1730.33 624.9 -2.88182
9160 1454.59 6459.46 625.284 -2.88359
9170 1266.12 8129.67 625.77 -2.88483
9180 1143.59 8402.7 626.389 -2.88536
9190 1114.26 7427.23 627.142 -2.88518
9200 1213.57 5264.59 628.011 -2.88432
9210 1330.01 3368.24 628.961 -2.88288
9220 1369.96 1446.27 629.96 -2.88112
9230 1372.51 1070.16 630.977 -2.87924
9240 1413.56 616.128 632.003 -2.87731
9250 1486.92 -2586.04 633.025 -2.8753
9260 1517.14 -4715 633.995 -2.87336
9270 1504.35 -5560.74 634.878 -2.87163
9280 1527.48 -7067.27 635.657 -2.87009
9290 1601.19 -9464 636.307 -2.86873
9300 1692.74 -10766 636.79 -2.8677
9310 1739.08 -11112.6 637.086 -2.86722
9320 1695.85 -10242.7 637.192 -2.86737
9330 1564.69 -7156.3 637.129 -2.86792
9340 1441.92 -3354.15 636.95 -2.86845
9350 1371.11 -1510.05 636.716 -2.8687
9360 1355.61 -1535.49 636.462 -2.86861
9370 1348.03 889.504 636.196 -2.86818
9380 1357.21 1742.73 635.95 -2.86744
9390 1344.4 436.654 635.741 -2.86645
9400 1277.63 -1853.19 635.545 -2.86524
9410 1218.89 -2066.84 635.328 -2.86379
9420 1285.44 -2424.72 635.084 -2.86199
9430 1448 -3370.29 634.804 -2.85984
9440 1521.71 310.377 634.484 -2.85759
9450 1481.89 4765.43 634.181 -2.85559
9460 1411.33 7174.34 633.965 -2.85383
9470 1312.41 10824.6 633.886 -2.85217
9480 1317.89 9615.61 633.99 -2.85045
9490 1369.52 7402.49 634.262 -2.84853
9500 1532.55 3257.99 634.66 -2.84648
9510 1714.5 -2051.69 635.112 -2.84449
9520 1747.4 -4012.8 635.533 -2.84309
9530 1629 -1530.83 635.892 -2.84244
9540 1462.64 2730.08 636.227 -2.84219
9550 1437.09 1377.73 636.602 -2.84189
9560 1588.73 -2658.07 636.996 -2.84147
9570 1673.22 -4885.48 637.347 -2.84118
9580 1617.31 -5907.77 637.616 -2.84126
9590 1466.76 -4530.41 637.788 -2.84152
9600 1475.67 -4225.1 637.883 -2.84162
9610 1705.03 -8001.48 637.901 -2.84173
9620 1729.46 -8031.35 637.792 -2.84221
9630 1612.17 -6358.29 637.553 -2.84312
9640 1428.99 -3078.28 637.215 -2.84404
9650 1304.01 395.333 636.834 -2.84452
9660 1414.85 588.789 636.466 -2.84455
9670 1545.91 1747.58 636.119 -2.84432
9680 1575.26 4138.9 635.817 -2.84409
9690 1640.41 1082.03 635.588 -2.84407
9700 1537.04 1609.39 635.393 -2.84428
9710 1303.08 5675.2 635.24 -2.84444
9720 1169.89 8979.5 635.19 -2.84414
9730 1397.77 1686.21 635.284 -2.8433
9740 1735.63 -6943.33 635.41 -2.84211
9750 1873.67 -10255.7 635.428 -2.84145
9760 1721.07 -6792.08 635.286 -2.84177
9770 1523.74 -2681.08 635.035 -2.84245
9780 1578.21 -3213.48 634.739 -2.84313
9790 1617.93 -3540.7 634.399 -2.84383
9800 1652.38 -6731.45 634.004 -2.84472
9810 1621.63 -5453.06 633.513 -2.84582
9820 1534.98 -3048.17 632.941 -2.84695
9830 1413.65 2451.77 632.338 -2.84784
9840 1399.45 4431.71 631.785 -2.8483
9850 1486.52 1967.58 631.314 -2.84851
9860 1400.81 3848.37 630.899 -2.84851
9870 1413.72 692.178 630.549 -2.84829
9880 1605.42 -2273.98 630.224 -2.8479
9890 1815.55 -4900.24 629.871 -2.84776
9900 1909.52 -5537.23 629.449 -2.84846
9910 1841.4 -5206.67 628.947 -2.85012
9920 1626.31 -622.197 628.379 -2.85224
9930 1473.2 2798.34 627.812 -2.85405
9940 1442.37 2944.23 627.3 -2.85549
9950 1323.99 7544.1 626.859 -2.8564
9960 1324.96 9739.83 626.553 -2.85675
9970 1501.63 5004.51 626.409 -2.85672
9980 1693.32 110.433 626.357 -2.85666
9990 1791.14 -4067.42 626.314 -2.85704
10000 1780.14 -5994.17 626.212 -2.85809
