# Time-averaged data for fix 2
# TimeStep c_mytemp c_mypress v_vmyvol v_avgEtotal
10 2144.18 -11272.3 672.806 -2.73473
20 2026.41 -9608.52 672.634 -2.73527
30 1898.39 -8514.55 672.324 -2.73595
40 1837.89 -9840.57 671.891 -2.73649
50 1802.35 -6471.07 671.331 -2.73675
60 1893.16 -7724.09 670.682 -2.73677
70 1944.73 -8319.78 669.934 -2.73676
80 1819.22 -6318.13 669.086 -2.73671
90 1852.18 -8202.78 668.159 -2.73655
100 1954.4 -9632.43 667.134 -2.7363
110 2013.66 -8315.42 665.994 -2.73619
120 1982.36 -5979.53 664.76 -2.73627
130 1932.72 -2154.58 663.471 -2.73642
140 1957.31 -1534.77 662.178 -2.73652
150 2081.34 -5434.31 660.889 -2.73681
160 2150.54 -7167.84 659.555 -2.73753
170 2068.53 -5809.06 658.154 -2.73874
180 1825.37 771.556 656.71 -2.7399
190 1715.44 5874.38 655.311 -2.74046
200 1846.96 4123.45 654.021 -2.74052
210 1985.46 6704.52 652.83 -2.74044
220 1901.57 13305 651.772 -2.74029
230 1860.9 14637.9 650.923 -2.74011
240 1780.86 17333.4 650.31 -2.73977
250 1890.59 14089.7 649.955 -2.73926
260 2223.97 4526.14 649.804 -2.73887
270 2344.36 -215.473 649.735 -2.73928
280 2110.42 1730.06 649.679 -2.74062
290 1834.55 5550.92 649.657 -2.74207
300 1814.57 3671.73 649.712 -2.74311
310 1931.95 1758.81 649.825 -2.74382
320 2059.14 576.417 649.968 -2.74449
330 2124.97 -2777.49 650.118 -2.74545
340 1986.91 2790.25 650.245 -2.74667
350 1908.73 8506.69 650.416 -2.74784
360 2058.36 4886.81 650.698 -2.74895
370 2152.33 2837.71 651.055 -2.75029
380 2065.26 4755.31 651.457 -2.75197
390 1908.08 6974.59 651.927 -2.7537
400 1770.54 8965.8 652.496 -2.75508
410 1722.29 11147.2 653.191 -2.75598
420 1783.89 10916.1 654.036 -2.75642
430 1871.12 8668.08 655.03 -2.75656
440 1814.2 8307.14 656.142 -2.7565
450 1821.83 6478.35 657.361 -2.75628
460 1913.09 2162.24 658.659 -2.75581
470 1951.64 -371.57 659.976 -2.75527
480 1984.36 -1592.72 661.276 -2.75482
490 2105.65 -5271.9 662.535 -2.75455
500 2192.89 -6801.69 663.704 -2.75469
510 2125 -3293.6 664.768 -2.75546
520 2026 -2742.74 665.768 -2.75666
530 1904.1 -3107.39 666.715 -2.75785
540 1799.47 -1489.5 667.61 -2.75878
550 1811.47 -4966.64 668.465 -2.75931
560 1830.81 -7485.49 669.24 -2.75947
570 1931.07 -11411.4 669.891 -2.75939
580 2042.84 -15170 670.364 -2.75934
590 1969.08 -13223.4 670.613 -2.75955
600 1765.51 -9604.68 670.664 -2.75982
610 1617.8 -7504.39 670.57 -2.75976
620 1577.65 -5677.62 670.369 -2.75913
630 1679.47 -5880.96 670.087 -2.75794
640 1843.7 -9853.8 669.719 -2.75636
650 1786.8 -8350.29 669.222 -2.75473
660 1610.98 -5118.5 668.614 -2.75311
670 1512.42 -4384.28 667.94 -2.75128
680 1379.54 121.737 667.223 -2.74902
690 1476.18 282.204 666.518 -2.74624
700 1767.43 -6699.07 665.823 -2.74272
710 1995.68 -12300.3 665.048 -2.73896
720 2079.44 -12868.5 664.115 -2.73572
730 2090.07 -9692.32 663.018 -2.73331
740 2069.35 -6133.22 661.802 -2.73167
750 1993.47 -740.817 660.527 -2.73055
760 1899.52 3362.34 659.268 -2.7297
770 1817.8 8091.51 658.088 -2.72882
780 1991.15 6778.46 657.046 -2.72784
790 2259.35 736.472 656.121 -2.72721
800 2223.67 -382.919 655.236 -2.72751
810 1787.64 8726.23 654.382 -2.72827
820 1454 13946 653.669 -2.72842
830 1544.43 10410.8 653.163 -2.72782
840 1772.33 5963.51 652.822 -2.72652
850 2131.24 -1119.58 652.573 -2.72497
860 2317.57 -4192.75 652.324 -2.72395
870 2321.28 -3450.2 652.029 -2.7241
880 2172.79 -94.8836 651.699 -2.72525
890 1979.86 4909.53 651.382 -2.72673
900 1970.58 3656.79 651.139 -2.72812
910 1985.17 5065.28 650.963 -2.72947
920 1927.93 7342.69 650.868 -2.7307
930 1948.32 7813.63 650.882 -2.73186
940 1797.55 16091.9 651.027 -2.73282
950 1751.25 19904.8 651.4 -2.73348
960 1878.41 16141.9 652.047 -2.73385
970 2006.34 13945.6 652.928 -2.73412
980 2013.06 14765.3 654.007 -2.73459
990 1861.5 17833.9 655.294 -2.73535
1000 1546.22 21743.2 656.83 -2.736
1010 1606.44 19012.4 658.661 -2.73621
1020 1881.38 9650.78 660.744 -2.73558
1030 2026.68 2001.96 662.952 -2.73452
1040 2057.88 -525.377 665.175 -2.73361
1050 2140.23 -5773.79 667.363 -2.73303
1060 2201.58 -8471.68 669.446 -2.73288
1070 2175.05 -8720.24 671.382 -2.73339
1080 2050.4 -8328.41 673.165 -2.7344
1090 1891.77 -5750.53 674.806 -2.73551
1100 1780.91 -4127.13 676.338 -2.7364
1110 1753.51 -4135.56 677.788 -2.73682
1120 1930.97 -8699.66 679.153 -2.73686
1130 2114.69 -13829 680.366 -2.73677
1140 2167.77 -15276.3 681.356 -2.73711
1150 2222.01 -17862.2 682.095 -2.73809
1160 2171.15 -17259.9 682.553 -2.73973
1170 2003.58 -14428.2 682.739 -2.74175
1180 1809.92 -10510 682.703 -2.74355
1190 1707.09 -8589.37 682.505 -2.7448
1200 1734.29 -10407.2 682.173 -2.74543
1210 1965.37 -11370.6 681.691 -2.74571
1220 2189.24 -11798.4 681.043 -2.74615
1230 2156.55 -8736.81 680.233 -2.7472
1240 1878.5 265.964 679.314 -2.74849
1250 1659.24 8360.31 678.421 -2.74917
1260 1847.09 6158.93 677.663 -2.74932
1270 2001.1 2049.21 677.02 -2.74927
1280 2038.79 -2060.88 676.424 -2.74946
1290 1979.26 -4506.56 675.814 -2.74989
1300 1947.06 -3660.44 675.156 -2.75043
1310 1876.2 -3308.85 674.456 -2.75092
1320 1772.45 -1333.9 673.726 -2.7512
1330 1775.08 -1987.39 672.989 -2.75112
1340 1858.54 -6457.15 672.233 -2.7508
1350 1806.69 -4176.02 671.408 -2.75036
1360 1716.08 -2622.95 670.537 -2.74971
1370 1687.04 -4054.45 669.641 -2.74877
1380 1761.49 -6469.25 668.703 -2.74753
1390 1900.52 -9376.93 667.688 -2.74609
1400 2110.29 -13659.7 666.552 -2.74483
1410 2153.59 -13193.6 665.243 -2.74417
1420 2099.5 -8349.87 663.771 -2.74419
1430 2022.28 -1301.07 662.209 -2.74452
1440 1908.98 6887.06 660.664 -2.74481
1450 1776.29 13773.2 659.253 -2.74476
1460 1800.69 12917.9 658.065 -2.74436
1470 1924.05 9351.16 657.089 -2.74384
1480 1961.62 8205.02 656.276 -2.74339
1490 1919.66 8707.05 655.605 -2.74306
1500 1929.77 6749.06 655.073 -2.74281
1510 1961.68 8253.5 654.658 -2.74262
1520 2015.69 10338.5 654.377 -2.74253
1530 2113.97 7103.85 654.248 -2.74275
1540 2057.45 10575.8 654.241 -2.74339
1550 1892.5 17335.4 654.398 -2.74422
1560 1826.27 20249.6 654.805 -2.74499
1570 1820.25 19118.8 655.502 -2.74559
1580 1826.25 17156.6 656.471 -2.74596
1590 1938.92 12894.1 657.681 -2.74618
1600 2071.8 3845.72 659.064 -2.74631
1610 2109.69 -1679.97 660.495 -2.74658
1620 2066.58 -1973.18 661.895 -2.74722
1630 1903.77 -2059.85 663.252 -2.74803
1640 1702.67 2031.93 664.574 -2.74865
1650 1634.39 3106.58 665.907 -2.7488
1660 1793.56 -714.613 667.269 -2.74838
1670 1834.6 -2333.63 668.61 -2.74757
1680 1698.76 786.619 669.909 -2.74666
1690 1637.45 248.908 671.202 -2.74554
1700 1784.86 -4834.85 672.481 -2.74394
1710 1939.96 -8991.03 673.674 -2.74197
1720 2062.47 -10143.2 674.722 -2.74015
1730 2078.82 -6188.72 675.612 -2.73885
1740 1991.32 -2081.25 676.4 -2.73817
1750 1829.78 -937.55 677.146 -2.73778
1760 1707.01 -108.272 677.872 -2.73727
1770 1822.77 -2761.08 678.586 -2.73643
1780 2067.45 -8835.19 679.248 -2.73538
1790 2086.97 -11113.4 679.773 -2.73465
1800 1828.01 -7133 680.131 -2.73436
1810 1639.16 -3443.96 680.378 -2.73397
1820 1801.85 -7717.72 680.56 -2.73318
1830 1981.85 -12033.3 680.625 -2.73212
1840 1937.06 -11669.6 680.511 -2.73128
1850 1726.71 -7539.12 680.227 -2.73063
1860 1725.17 -8239.8 679.827 -2.72975
1870 1890.49 -11554.2 679.307 -2.7286
1880 1948.95 -11532.6 678.624 -2.7275
1890 1889.84 -7879.63 677.783 -2.72654
1900 2011.15 -8791.43 676.833 -2.72573
1910 2202.84 -14040 675.764 -2.72531
1920 2284.13 -15865 674.505 -2.72579
1930 2221.59 -13917.5 673.036 -2.72724
1940 2049.54 -8775.95 671.389 -2.72919
1950 1882.78 -2360.38 669.646 -2.73087
1960 1941.77 -1559.11 667.896 -2.73218
1970 2069.04 -3267.55 666.157 -2.73346
1980 2104.39 -5378.04 664.406 -2.735
1990 2195.18 -10268.6 662.608 -2.73701
2000 2208.29 -14465.8 660.697 -2.73973
2010 2100.22 -12532.4 658.623 -2.74285
2020 1966.79 -9930.51 656.408 -2.7459
2030 1773.08 619.993 654.109 -2.74819
2040 1703.83 7784.59 651.863 -2.74933
2050 1746.08 11653.5 649.772 -2.7497
2060 1727.59 16186 647.895 -2.74941
2070 1707.91 19142.5 646.287 -2.74866
2080 1758.31 17964.3 644.978 -2.74753
2090 2021.39 12607.3 643.945 -2.74634
2100 2254.64 7418.43 643.114 -2.74556
2110 2287.7 5088.67 642.412 -2.74574
2120 2165.28 6846.45 641.803 -2.74683
2130 1980.07 9444.83 641.308 -2.74824
2140 1959.34 8252.94 640.953 -2.74959
2150 2022.26 8375.93 640.727 -2.75089
2160 2084.05 7141.41 640.625 -2.75233
2170 2042.85 7556.54 640.633 -2.75396
2180 1950.38 9100.44 640.753 -2.75558
2190 1994.83 7224.4 640.999 -2.75711
2200 2086 4076.68 641.346 -2.75867
2210 2044.07 5255.99 641.757 -2.76041
2220 1893.2 8218.71 642.243 -2.76213
2230 1825.8 10284.1 642.841 -2.76352
2240 1874.97 11048 643.578 -2.7646
2250 1857.67 9352.62 644.463 -2.76544
2260 1728.39 12562.1 645.479 -2.76603
2270 1671.33 13932.5 646.662 -2.76628
2280 1734.57 9870.54 648.022 -2.76605
2290 1762.29 9568.68 649.517 -2.76542
2300 1908.78 3562.71 651.127 -2.76451
2310 2036.87 -2473.68 652.772 -2.76341
2320 2081.3 -6241.24 654.369 -2.76253
2330 2071.5 -7900.33 655.862 -2.76205
2340 2006 -4983.52 657.232 -2.762
2350 1889.1 -2495.44 658.515 -2.76219
2360 1734.68 -2132.77 659.747 -2.76228
2370 1531.83 1716.69 660.94 -2.76199
2380 1450.89 3989.02 662.145 -2.76117
2390 1618.79 -1769.98 663.386 -2.75957
2400 1855.1 -7759.3 664.587 -2.75722
2410 2026.07 -12448.7 665.663 -2.75468
2420 2149.83 -15820.8 666.545 -2.75253
2430 2152.83 -15232.1 667.187 -2.75118
2440 2015.99 -12524.5 667.597 -2.75065
2450 1805.07 -6661.34 667.823 -2.75042
2460 1820.35 -3743.84 667.946 -2.75009
2470 1957.19 -5685.14 668.009 -2.74958
2480 2008.84 -3971.21 667.997 -2.74918
2490 1968.23 -600.434 667.933 -2.74899
2500 1949.58 1097.89 667.864 -2.74894
2510 1996.33 1644.23 667.818 -2.74899
2520 1955.73 3115.22 667.804 -2.74918
2530 1782.56 9619.14 667.851 -2.74937
2540 1675.96 14487.1 668.045 -2.74926
2550 1895.98 8791.89 668.448 -2.7488
2560 2107.78 1617.28 668.981 -2.74823
2570 2064.4 2381.84 669.548 -2.74805
2580 1920.21 4232.77 670.151 -2.74824
2590 1852.84 5989.02 670.816 -2.74844
2600 1899.39 5412.71 671.565 -2.74852
2610 1929.64 5011.93 672.393 -2.74853
2620 1861.78 7607.83 673.296 -2.74857
2630 1736.65 7660.14 674.306 -2.74852
2640 1591.54 8328.28 675.427 -2.74813
2650 1543.24 9423.79 676.668 -2.74729
2660 1680.88 5195.66 678.036 -2.74586
2670 1879.65 538.933 679.472 -2.74385
2680 1906.28 376.185 680.909 -2.74178
2690 1764.75 2469.28 682.344 -2.74001
2700 1684.46 1133.81 683.798 -2.7383
2710 1743.39 -4046.26 685.251 -2.73628
2720 1818.29 -8663.71 686.626 -2.73394
2730 1823.64 -9180.33 687.856 -2.73154
2740 1966.82 -11652.3 688.924 -2.72923
2750 2136.58 -15007.4 689.793 -2.72715
2760 2162.27 -12819.1 690.423 -2.7258
2770 2065.82 -6464.1 690.849 -2.72527
2780 2021.77 -1523.59 691.169 -2.72526
2790 2031.75 1799.18 691.463 -2.72551
2800 2089.13 4245.27 691.787 -2.72604
2810 2117.47 6183.15 692.182 -2.72695
2820 2046.33 8987.21 692.68 -2.72822
2830 1960.56 8393.32 693.318 -2.72961
2840 1842.34 8109.74 694.091 -2.73086
2850 1792.6 3812.67 694.987 -2.7317
2860 1936.03 -4978.5 695.93 -2.73213
2870 1990.56 -9778.06 696.792 -2.73238
2880 2030.11 -13733.3 697.487 -2.73273
2890 1982.85 -16028.4 697.955 -2.73326
2900 1819.83 -16364.8 698.158 -2.73386
2910 1601.35 -11863.1 698.102 -2.73413
2920 1620.06 -11485.8 697.85 -2.73383
2930 1801.01 -16472.2 697.407 -2.73302
2940 1936.34 -17538.4 696.713 -2.73209
2950 1979.42 -14855.8 695.753 -2.73133
2960 1932.53 -11583.6 694.571 -2.73084
2970 1817.77 -7004.14 693.228 -2.73039
2980 1858 -5444.39 691.795 -2.7298
2990 1954.7 -5379.65 690.301 -2.72913
3000 1867.43 -1469.01 688.758 -2.72852
3010 1759.91 3182.44 687.225 -2.72777
3020 1758.57 1854.24 685.765 -2.72677
3030 1807.85 -734.744 684.364 -2.72559
3040 1920.98 -3843.22 682.982 -2.72434
3050 2082.56 -9779.92 681.563 -2.72333
3060 2193.72 -12412.8 680.026 -2.72295
3070 2225.32 -15524.2 678.327 -2.72347
3080 2136.65 -15395.1 676.427 -2.72486
3090 1987.12 -9810.26 674.337 -2.72653
3100 1881.3 -5088.71 672.14 -2.72791
3110 1944.22 -4103.16 669.905 -2.72897
3120 2077.23 -940.588 667.661 -2.72995
3130 2181.08 1036.64 665.447 -2.73113
3140 2182.51 5505.6 663.302 -2.73266
3150 2265.95 5916.71 661.28 -2.73462
3160 2254.99 4707.52 659.387 -2.73732
3170 2014.19 9952.05 657.616 -2.74013
3180 1869.89 10980.6 656.023 -2.74245
3190 1819.95 9291.22 654.62 -2.74423
3200 1836.61 8342.22 653.384 -2.74556
3210 1796.13 6209.08 652.295 -2.74652
3220 1670.81 9011.26 651.326 -2.74702
3230 1584.24 10280.1 650.506 -2.74685
3240 1713.56 8466.93 649.849 -2.74611
3250 1877.65 8133.41 649.33 -2.74498
3260 2042.55 8138.58 648.942 -2.74386
3270 2003.25 11164.1 648.687 -2.74307
3280 1830.31 15195.1 648.602 -2.7426
3290 1729.42 18778.8 648.741 -2.74209
3300 1821.95 15194.4 649.141 -2.74141
3310 1883.73 14633.5 649.763 -2.74057
3320 1939.79 12522 650.588 -2.7398
3330 2066.79 8119.56 651.584 -2.73918
3340 2059.76 7450.07 652.694 -2.7389
3350 2040.34 8752.64 653.905 -2.73905
3360 2057.54 6714.03 655.227 -2.73954
3370 2038.4 6301.16 656.639 -2.74026
3380 2081.97 4936.36 658.129 -2.7412
3390 2150.1 3246.78 659.675 -2.74245
3400 2095.04 8119.93 661.267 -2.74412
3410 1972.71 12912.8 662.963 -2.74614
3420 1824.1 14855.7 664.83 -2.74811
3430 1633.65 19130.6 666.908 -2.74971
3440 1695.5 16283.8 669.243 -2.75078
3450 1912.03 7140 671.792 -2.75112
3460 2000.43 3385.8 674.435 -2.75109
3470 1943.11 3772.71 677.11 -2.75116
3480 1867.22 3445.5 679.814 -2.75132
3490 1846.85 2440.52 682.543 -2.75133
3500 1766.82 3078.65 685.284 -2.75115
3510 1753.32 3191.55 688.045 -2.75075
3520 1787.85 1457.09 690.825 -2.75002
3530 1923.3 -4954.58 693.59 -2.74888
3540 1980.65 -7350.48 696.25 -2.74756
3550 1932.38 -8949.38 698.76 -2.74641
3560 1800.52 -9631.91 701.094 -2.74536
3570 1643.73 -7861.61 703.245 -2.74423
3580 1750.95 -12443.6 705.228 -2.74272
3590 1876.61 -17060.7 706.977 -2.74072
3600 1838.72 -15314.4 708.426 -2.73881
3610 1677.26 -13017.5 709.598 -2.73709
3620 1459.98 -7863.95 710.541 -2.73534
3630 1404.94 -6241.15 711.332 -2.73327
3640 1641.73 -12954.2 711.995 -2.73045
3650 1828.46 -16900.1 712.435 -2.72702
3660 1904.79 -18155.6 712.586 -2.72371
3670 1880.55 -17284 712.432 -2.72085
3680 1782.2 -14124.2 711.992 -2.71847
3690 1689.87 -10733.1 711.324 -2.7163
3700 1696.5 -10205.9 710.485 -2.71409
3710 1718.16 -9916.41 709.492 -2.71175
3720 1692.53 -8171.27 708.355 -2.70936
3730 1603.55 -4689.77 707.109 -2.70688
3740 1570.89 -3691.1 705.807 -2.70425
3750 1634.45 -2518.36 704.473 -2.70131
3760 1745.27 -3285.41 703.124 -2.69809
3770 1855.21 -6869.67 701.746 -2.69486
3780 1958.55 -10473.9 700.286 -2.69193
3790 2074.37 -14013.8 698.685 -2.68956
3800 2173.36 -16010 696.892 -2.688
3810 2197.82 -16116.9 694.88 -2.68742
3820 2163.74 -13677.1 692.656 -2.68774
3830 2142.42 -11810.5 690.259 -2.68864
3840 2140.56 -11396.2 687.725 -2.69009
3850 2074.62 -7538.34 685.074 -2.69183
3860 2037.67 -4256.61 682.364 -2.69351
3870 2165.19 -6076.06 679.642 -2.69535
3880 2256.18 -6641.1 676.893 -2.69777
3890 2227.61 -6227.55 674.107 -2.70079
3900 2147.01 -3849.47 671.296 -2.70406
3910 2136.72 -3632.16 668.49 -2.70739
3920 2129.02 8.49591 665.705 -2.71067
3930 2319.51 -2412.94 662.977 -2.71414
3940 2473.63 -5448.13 660.279 -2.71882
3950 2215.01 2596.5 657.585 -2.72397
3960 1945.12 6686.13 654.988 -2.72816
3970 1881.02 8087.34 652.548 -2.73143
3980 1885.32 11507 650.287 -2.73391
3990 1941.27 12473.1 648.24 -2.73586
4000 1969.01 13176.8 646.421 -2.73757
4010 1920.49 15439.3 644.834 -2.73903
4020 1959.98 15461.8 643.501 -2.74023
4030 2075.74 12443.9 642.412 -2.7415
4040 2126.42 9823.7 641.526 -2.74306
4050 2102.96 8206.07 640.802 -2.74494
4060 2047.65 6825.16 640.212 -2.74695
4070 2133.5 1901.03 639.73 -2.74908
4080 2268.32 -4062.04 639.286 -2.75167
4090 2275.26 -1792.94 638.813 -2.75483
4100 2313.77 131.23 638.329 -2.75856
4110 2255.29 2521.44 637.864 -2.76279
4120 2029.68 6768.13 637.45 -2.76694
4130 1778.04 13613.4 637.147 -2.77027
4140 1670.7 14405.4 637.033 -2.77255
4150 1723 11754.2 637.122 -2.77403
4160 1871.8 7657.38 637.374 -2.77499
4170 2051.37 1347.91 637.729 -2.77577
4180 2087.75 67.9948 638.108 -2.77675
4190 1904.82 4407.06 638.495 -2.77788
4200 1733.63 5528.63 638.938 -2.77877
4210 1653.05 5874.68 639.454 -2.77912
4220 1779.77 2669.85 640.044 -2.77892
4230 2005.11 -836.682 640.666 -2.77839
4240 2082.35 1842.58 641.28 -2.77805
4250 2018.09 4749.83 641.915 -2.77814
4260 1846.82 11984.7 642.618 -2.77849
4270 1719.19 16848.8 643.48 -2.77877
4280 1777.24 14492.6 644.562 -2.77875
4290 1846.77 13600.6 645.84 -2.77845
4300 1817.43 11950.6 647.294 -2.77805
4310 1712.37 12002 648.906 -2.77754
4320 1744.7 6394.23 650.664 -2.77672
4330 1914.56 -2981.82 652.488 -2.77537
4340 1978.48 -7796.92 654.255 -2.77379
4350 2027.95 -11321.1 655.89 -2.77242
4360 2055.47 -15266 657.34 -2.77134
4370 1968.33 -14860 658.557 -2.77065
4380 1888.03 -15920.3 659.54 -2.77021
4390 1792.11 -14881.5 660.282 -2.76975
4400 1791.8 -13391.1 660.798 -2.76916
4410 1853.39 -13133.1 661.11 -2.7684
4420 1895.12 -12569.4 661.229 -2.7676
4430 1857.25 -9453.62 661.168 -2.76685
4440 1731.74 -4269.45 660.977 -2.76607
4450 1592.08 1122.12 660.731 -2.76505
4460 1549.91 4817.57 660.51 -2.76359
4470 1647.32 2380.36 660.358 -2.76161
4480 1735.63 -781.113 660.25 -2.75923
4490 1713.26 -234.256 660.142 -2.75671
4500 1728.33 364.689 660.037 -2.75413
4510 1869.05 -3021.33 659.939 -2.75144
4520 1975.93 -4286.05 659.806 -2.74883
4530 1954.91 -2713.49 659.622 -2.74661
4540 2028.1 -3620.39 659.404 -2.74482
4550 2081.56 -6292.5 659.139 -2.74348
4560 1960.87 -2535.86 658.802 -2.74269
4570 1809.35 -1189.4 658.435 -2.74209
4580 1908.51 -5130.38 658.055 -2.74143
4590 2095.21 -7515.14 657.614 -2.74082
4600 2274.6 -7849.54 657.079 -2.74074
4610 2277.74 -5074.28 656.448 -2.7416
4620 2031.45 637.674 655.764 -2.74308
4630 1783.47 5761.94 655.106 -2.74436
4640 1814.37 5173.43 654.542 -2.74515
4650 2010.48 4101.07 654.067 -2.7457
4660 2077.99 6579.09 653.67 -2.74639
4670 1990.35 8744.68 653.38 -2.74729
4680 1878.47 12358.8 653.23 -2.74821
4690 1776.52 15188.3 653.265 -2.74885
4700 1808.37 16686.9 653.523 -2.74926
4710 1612.19 22578 654.029 -2.74937
4720 1406.04 27515.2 654.861 -2.74916
4730 1529.57 22193.2 656.073 -2.7484
4740 1690.97 18467.7 657.6 -2.7469
4750 1840.84 12928.1 659.38 -2.74502
4760 1923.72 4666.45 661.33 -2.74287
4770 1889.19 2568.7 663.339 -2.74081
4780 1915.86 -195.691 665.365 -2.73896
4790 2017.6 -5943.12 667.363 -2.73713
4800 2159.33 -10036.6 669.254 -2.73552
4810 2220.89 -12366.7 670.975 -2.73457
4820 2061.53 -9899.9 672.498 -2.73443
4830 1707.28 -1600.96 673.862 -2.73466
4840 1614.2 -801.899 675.177 -2.73461
4850 1692.79 -4950.06 676.458 -2.73389
4860 1718.08 -4623.05 677.657 -2.7327
4870 1669.2 -1619.49 678.777 -2.73127
4880 1768.69 -5410.24 679.849 -2.72954
4890 2054.19 -11647.4 680.823 -2.72748
4900 2101.99 -11926.2 681.615 -2.72572
4910 1954.12 -6475.78 682.221 -2.72466
4920 1861.67 -2870.69 682.72 -2.72395
4930 1915.02 -2474.89 683.166 -2.72327
4940 1865.98 2321.31 683.578 -2.72263
4950 1811.29 4879.9 684.024 -2.72197
4960 2034.77 -134.628 684.536 -2.72124
4970 2217.2 -5837.11 685.044 -2.72072
4980 2217.41 -9291.59 685.46 -2.72094
4990 2166.7 -10764.6 685.733 -2.72189
5000 2188.31 -13315.8 685.834 -2.7234
5010 2165.51 -12750.9 685.732 -2.72542
5020 2088.47 -9634.68 685.439 -2.72776
5030 2069.44 -8350.81 685.001 -2.73018
5040 2096.18 -8915.49 684.44 -2.7327
5050 2022.9 -7130.7 683.757 -2.73528
5060 1870.59 -2836.13 682.983 -2.73754
5070 1787.32 -791.655 682.179 -2.73925
5080 1755.68 772.215 681.38 -2.74036
5090 1757.72 2376.81 680.612 -2.74095
5100 1703.24 6243.84 679.904 -2.74101
5110 1793.84 5079.47 679.302 -2.74064
5120 1924.68 1330.99 678.791 -2.74005
5130 1922.27 372.161 678.319 -2.7395
5140 1803.58 2794.44 677.872 -2.73899
5150 1754.94 1645.15 677.474 -2.73834
5160 1705.31 3221.28 677.12 -2.73742
5170 1703.92 4343.65 676.824 -2.73618
5180 1892.19 2321.78 676.602 -2.73465
5190 2061.67 1050.49 676.427 -2.7331
5200 2093.32 -1517.33 676.274 -2.732
5210 1989.37 178.975 676.112 -2.73145
5220 1872.29 3503.34 675.965 -2.73113
5230 1869.47 755.143 675.87 -2.73079
5240 1827.64 -201.596 675.798 -2.73033
5250 1844.76 116.64 675.731 -2.72976
5260 1964.52 -4862.06 675.665 -2.7291
5270 1971.28 -7459.69 675.534 -2.72859
5280 1838.53 -5312.14 675.302 -2.72821
5290 1845.35 -6333.39 674.993 -2.72778
5300 1910.26 -6886.01 674.597 -2.72724
5310 1987.42 -5911.53 674.107 -2.72674
5320 2014.27 -3597.81 673.543 -2.72642
5330 2019.76 -2212.15 672.937 -2.72635
5340 2046.67 155.852 672.313 -2.72651
5350 2100.98 5679.39 671.713 -2.72692
5360 2158.42 9417.93 671.212 -2.72771
5370 2093.71 13349.5 670.869 -2.72895
5380 1938.97 19270.6 670.746 -2.73035
5390 1937.63 19257.5 670.916 -2.73169
5400 1978.95 17902.1 671.383 -2.73303
5410 2011.48 16889.4 672.124 -2.73441
5420 2118.62 12868.6 673.116 -2.736
5430 2098.66 10612.3 674.303 -2.73786
5440 1961.37 11768.2 675.649 -2.73987
5450 1875.86 11551 677.163 -2.74171
5460 1928.26 8469.8 678.842 -2.74327
5470 1902.54 4825.22 680.637 -2.74453
5480 1830 3246.66 682.496 -2.74547
5490 1907.69 122.591 684.386 -2.74608
5500 1959.54 -1239.24 686.265 -2.74647
5510 2028.11 -4492.17 688.102 -2.74687
5520 1967.48 -5240.73 689.855 -2.74733
5530 1746.49 -2137.99 691.513 -2.74777
5540 1501.27 -51.4145 693.118 -2.74783
5550 1368.76 -2011.09 694.702 -2.74716
5560 1386.9 -5238.73 696.235 -2.74561
5570 1527.24 -9255.99 697.663 -2.74317
5580 1728.19 -13598.7 698.925 -2.73997
5590 1829.29 -17347.5 699.95 -2.73645
5600 1780.83 -17165.6 700.683 -2.73315
5610 1721.29 -15631.7 701.128 -2.73019
5620 1835.47 -19370.3 701.303 -2.72734
5630 1959.05 -22598.4 701.158 -2.72461
5640 1983.22 -22129.8 700.651 -2.72241
5650 1953.75 -22161.3 699.789 -2.72084
5660 1860.59 -22216.7 698.579 -2.71981
5670 1734.81 -19088 697.034 -2.71902
5680 1690.87 -17417.6 695.204 -2.71813
5690 1769.31 -17883.8 693.124 -2.71707
5700 1870.77 -16790.8 690.799 -2.71592
5710 1891.55 -13003.1 688.257 -2.71475
5720 1989.69 -13327.5 685.554 -2.71372
5730 2012.98 -10945.8 682.703 -2.713
5740 2009.05 -7918.77 679.742 -2.71251
5750 2047.54 -5028.2 676.724 -2.71226
5760 2050.23 653.113 673.699 -2.71211
5770 2027.83 5702.52 670.752 -2.71198
5780 1939.71 9458.9 667.958 -2.71182
5790 1930.95 8621.64 665.363 -2.71163
5800 1992.47 3732.68 662.951 -2.71159
5810 2100.39 -3225.44 660.646 -2.71201
5820 2174.55 -6073.76 658.353 -2.71307
5830 2180.71 -5014.23 656.028 -2.7147
5840 2158.17 -2523.52 653.685 -2.71672
5850 2185 -1002.33 651.36 -2.71899
5860 2294.81 16.4497 649.073 -2.72174
5870 2396.34 4437.6 646.846 -2.72511
5880 2509.32 4133.18 644.728 -2.72947
5890 2505.78 2155.33 642.718 -2.73509
5900 2354.41 2761.46 640.788 -2.74138
5910 2191.09 5812.32 638.946 -2.74737
5920 2159.29 5693.66 637.224 -2.7529
5930 2078.41 10402.9 635.627 -2.7579
5940 2013.21 15131.8 634.209 -2.76211
5950 1992.98 13155.3 633.022 -2.7658
5960 1853.16 16008.5 632.049 -2.76883
5970 1815.38 17783.9 631.315 -2.7711
5980 1882.89 16644.5 630.835 -2.77283
5990 1997.06 15267.4 630.594 -2.77437
6000 2019.7 15680.6 630.572 -2.77594
6010 1985.07 14539.1 630.764 -2.77752
6020 1977.49 14098.9 631.155 -2.77911
6030 1870.93 17333.4 631.742 -2.78059
6040 1775.37 17635.5 632.555 -2.78182
6050 1644.78 20970.7 633.604 -2.78265
6060 1584.69 21953.6 634.925 -2.78305
6070 1671.42 18577.2 636.526 -2.78289
6080 1843.12 17014.3 638.366 -2.78229
6090 1919.86 15050.3 640.421 -2.78158
6100 1808.8 14956.8 642.665 -2.78101
6110 1576.35 18293 645.098 -2.78059
6120 1467.33 15306.5 647.754 -2.77996
6130 1623.81 6078.08 650.59 -2.77844
6140 1758.02 -943 653.482 -2.77587
6150 1696.93 -2172.4 656.336 -2.77303
6160 1707.39 -4435.84 659.122 -2.77014
6170 1774.36 -6948.76 661.809 -2.76699
6180 1832.4 -8584.01 664.36 -2.76375
6190 1794.19 -5502.2 666.758 -2.76073
6200 1768.61 -3523.6 669.042 -2.75803
6210 1995.57 -7282.58 671.236 -2.75532
6220 2097.43 -8210.78 673.295 -2.75274
6230 1972.53 -6769.79 675.206 -2.75091
6240 1866.05 -7682.47 676.985 -2.74955
6250 1823.44 -10793.8 678.619 -2.74822
6260 1802.23 -13934.4 680.064 -2.74678
6270 1735.17 -14183.4 681.277 -2.74524
6280 1684.77 -14716.8 682.251 -2.7436
6290 1671.53 -15570.9 682.981 -2.74174
6300 1706.21 -15523.1 683.459 -2.73967
6310 1778.53 -15835.2 683.688 -2.73743
6320 1788.17 -13383.9 683.671 -2.7352
6330 1688.17 -8669.17 683.451 -2.73303
6340 1613.44 -6338.15 683.099 -2.73085
6350 1554.59 -2296.34 682.663 -2.72842
6360 1679.16 -2510.36 682.196 -2.72565
6370 1838.51 -6068.23 681.699 -2.72255
6380 1926.86 -8623.16 681.122 -2.71956
6390 1895.3 -7851.74 680.432 -2.71696
6400 1898.07 -7298.51 679.637 -2.71473
6410 2078.63 -11036.7 678.741 -2.71281
6420 2286.95 -13989.8 677.698 -2.71152
6430 2274.31 -12083.7 676.471 -2.71135
6440 2080.3 -5697.5 675.093 -2.71205
6450 1909.68 -501.404 673.658 -2.71287
6460 1757.84 4518.12 672.248 -2.71341
6470 1477.54 14059.6 670.948 -2.71324
6480 1434.18 16677.8 669.881 -2.71222
6490 1672.9 10478 669.08 -2.71051
6500 1847.94 8028.46 668.464 -2.70836
6510 1979.3 4426.4 667.983 -2.70622
6520 2062.88 886.279 667.584 -2.70444
6530 1989.14 3501.61 667.22 -2.70316
6540 2025 2655.1 666.915 -2.70231
6550 2022.93 5048.51 666.667 -2.70176
6560 2138.85 6812.32 666.505 -2.70157
6570 2239.71 6522.12 666.449 -2.702
6580 2079.41 14520.7 666.514 -2.70306
6590 2067.86 15438.8 666.792 -2.70447
6600 2155.2 13419.9 667.301 -2.70618
6610 2205.82 11325.3 668.011 -2.70834
6620 2250.7 9132.94 668.888 -2.71104
6630 2243.71 8407.54 669.899 -2.7143
6640 2087.42 11152.9 671.034 -2.71786
6650 1905.49 11336.1 672.327 -2.72117
6660 1861.15 6216.31 673.772 -2.72385
6670 1898.34 85.2731 675.298 -2.7259
6680 2009.14 -8321.76 676.806 -2.72749
6690 2079.95 -14304.1 678.172 -2.72893
6700 2030.9 -15455.6 679.307 -2.73046
6710 1955.52 -13331 680.195 -2.732
6720 1901.54 -10565.2 680.866 -2.73342
6730 1875.98 -9175.58 681.364 -2.7346
6740 1868.67 -8723.11 681.715 -2.73551
6750 1865.04 -5981.53 681.932 -2.7362
6760 1837.93 -4278.99 682.055 -2.73667
6770 1758.62 -2221.45 682.114 -2.73687
6780 1657.6 -535.39 682.143 -2.73667
6790 1663.06 -2892.82 682.163 -2.736
6800 1708.91 -6124.2 682.141 -2.73489
6810 1720.83 -8716.34 682.027 -2.73346
6820 1783.25 -8876.36 681.788 -2.73181
6830 1969.62 -10556.7 681.416 -2.73003
6840 2225.37 -14551 680.886 -2.72855
6850 2200.64 -13670.4 680.151 -2.72798
6860 1805 -3735.18 679.233 -2.72805
6870 1534.85 3537.24 678.274 -2.7278
6880 1640.83 2442.13 677.379 -2.72688
6890 1736.3 64.0086 676.541 -2.72548
6900 1680.13 1715.1 675.731 -2.72379
6910 1771.24 -832.862 674.959 -2.7219
6920 1865.31 -2667.77 674.194 -2.71984
6930 1910.25 -2709.51 673.408 -2.71787
6940 1981.95 -4278.44 672.599 -2.71612
6950 1999.04 -5439.8 671.743 -2.71473
6960 1966.55 -5210.38 670.827 -2.71371
6970 1979.76 -5440.23 669.852 -2.71299
6980 1992.56 -3901.25 668.818 -2.71248
6990 2001.16 214.319 667.754 -2.71216
7000 2028.05 946.317 666.711 -2.71202
7010 2098.74 -1091.66 665.704 -2.71217
7020 2219.98 -5341.45 664.702 -2.71285
7030 2313.36 -9910.31 663.643 -2.71437
7040 2318.84 -12430.1 662.463 -2.71692
7050 2177.08 -10229.8 661.132 -2.72013
7060 2074.24 -6261.11 659.682 -2.72337
7070 2156.44 -5321.54 658.167 -2.72653
7080 2291.39 -5189.5 656.606 -2.73014
7090 2094.2 2283.24 655.015 -2.73396
7100 1785.72 10740.4 653.493 -2.73692
7110 1813.1 8033.36 652.143 -2.73888
7120 2108.67 1217.89 650.934 -2.74076
7130 2124.25 2203.25 649.78 -2.74292
7140 1957.63 8615.12 648.691 -2.74506
7150 1873.67 11459.4 647.744 -2.74675
7160 1881.88 12394.1 646.978 -2.74813
7170 1822.72 15656.8 646.411 -2.74911
7180 1855.77 14562.7 646.074 -2.7498
7190 1955.88 9197.3 645.949 -2.75031
7200 2123.31 2214.5 645.96 -2.75096
7210 2089.92 1818.19 646.017 -2.75196
7220 1973.72 4087.16 646.108 -2.75318
7230 1927.85 5251.66 646.26 -2.75432
7240 2001.03 4081.6 646.486 -2.75539
7250 2032.74 4047.39 646.775 -2.75648
7260 2110.74 2040.94 647.12 -2.75776
7270 2167.15 -856.151 647.495 -2.75936
7280 2147.72 -5891.61 647.854 -2.76137
7290 1941.54 -3167.52 648.142 -2.76346
7300 1846.73 -454.048 648.384 -2.76521
7310 1898.88 -2627.37 648.616 -2.76659
7320 1862.32 -1188.6 648.817 -2.76769
7330 1776.62 2973.73 649.007 -2.76844
7340 1870.27 1126.89 649.235 -2.76883
7350 2092.06 -2498.98 649.478 -2.76911
7360 2164.41 -1601.35 649.694 -2.76975
7370 2047.03 1487.08 649.893 -2.77085
7380 1928.65 2752.78 650.114 -2.77204
7390 1984.27 1658.63 650.374 -2.77312
7400 2088.92 1241.17 650.661 -2.77427
7410 2073.65 2224.84 650.969 -2.77567
7420 1915.56 6553.27 651.316 -2.77715
7430 1887.9 7305.07 651.753 -2.77842
7440 1999.63 3044.86 652.288 -2.77952
7450 1964.1 3519.73 652.872 -2.78061
7460 1805.22 6197.14 653.507 -2.78158
7470 1660.42 8571.83 654.229 -2.78218
7480 1584.69 10314.8 655.069 -2.78223
7490 1546.87 14862.4 656.057 -2.78173
7500 1576.76 17177.3 657.25 -2.7808
7510 1675.82 14503.9 658.679 -2.77939
7520 1683.64 12154.9 660.31 -2.7776
7530 1646.15 9654.42 662.106 -2.77562
7540 1739.87 4422.04 664.023 -2.7733
7550 1772 3555.58 665.996 -2.77071
7560 1791.76 1316.16 668 -2.76813
7570 1713.74 -245.2 670.007 -2.76554
7580 1623.86 592.941 671.994 -2.76305
7590 1687.53 -3049.03 673.964 -2.76033
7600 1821.31 -7439.49 675.867 -2.75722
7610 1863.7 -10247.9 677.638 -2.75403
7620 1793.64 -9235 679.238 -2.75111
7630 1803.05 -10078.2 680.673 -2.74842
7640 1819.96 -11913.6 681.935 -2.74578
7650 1840.36 -12046.3 682.999 -2.74326
7660 1920.54 -9072.96 683.868 -2.74093
7670 2025.19 -7112.55 684.584 -2.73889
7680 2005.37 -5339.46 685.185 -2.73732
7690 1977.89 -4827.51 685.694 -2.73619
7700 2068.83 -5786.83 686.123 -2.73539
7710 2179.21 -7375.94 686.459 -2.73505
7720 2101.62 -4686.32 686.686 -2.73533
7730 1924.36 -801.519 686.841 -2.73597
7740 1811.63 2391.15 686.986 -2.73652
7750 1761.93 5264.6 687.174 -2.73675
7760 1841.42 3163 687.442 -2.73663
7770 2042.37 -4214.38 687.754 -2.73635
7780 2138.07 -11148.6 688.001 -2.73632
7790 2097.63 -14539.4 688.077 -2.7368
7800 2040.26 -16453.3 687.927 -2.7377
7810 2014.29 -16966.9 687.523 -2.73885
7820 1987.7 -14475.4 686.863 -2.74015
7830 1871.63 -9216.6 685.994 -2.74138
7840 1770.68 -3769.66 684.997 -2.74222
7850 1795.38 -1171.93 683.959 -2.74257
7860 1824.46 -1792.67 682.919 -2.7426
7870 1733.94 3036.95 681.882 -2.74232
7880 1694.96 7487.56 680.916 -2.74161
7890 1742.42 8584.46 680.082 -2.74052
7900 1700.45 11114.2 679.404 -2.73913
7910 1561.99 12251.6 678.915 -2.73752
7920 1659.91 7985.09 678.624 -2.73557
7930 1992.52 -2015.92 678.458 -2.73317
7940 2143.94 -6821.28 678.277 -2.73093
7950 2063.28 -6775.39 678.005 -2.72948
7960 1842.92 -4463.51 677.639 -2.72864
7970 1671.79 -603.586 677.219 -2.72779
7980 1773.46 -3415.45 676.79 -2.72666
7990 1846.75 -6028.42 676.323 -2.72526
8000 1919.52 -9606.9 675.773 -2.7239
8010 1966.54 -10690.4 675.09 -2.72274
8020 1916.2 -7349.26 674.267 -2.7218
8030 1902.41 -7348.53 673.344 -2.72102
8040 1897.94 -7042.43 672.329 -2.72035
8050 1842.31 -637.212 671.238 -2.71962
8060 1942.52 -1845.19 670.149 -2.71881
8070 2088.57 -2109.15 669.058 -2.71816
8080 2076.78 1589.81 667.965 -2.71787
8090 2034.76 5285.82 666.919 -2.71794
8100 1975.59 8291.37 665.976 -2.71817
8110 1961.5 8767.82 665.175 -2.71848
8120 1990.33 7053.25 664.521 -2.71888
8130 1932.55 9207.02 663.995 -2.71933
8140 1966.28 6745.2 663.614 -2.71977
8150 2129.61 357.633 663.34 -2.72038
8160 2130.38 680.477 663.091 -2.72141
8170 2023.1 6608.18 662.869 -2.72275
8180 1990.54 11581.1 662.754 -2.72413
8190 1937.46 14252.6 662.816 -2.7255
8200 1802.31 19475.3 663.1 -2.7267
8210 1708.96 19195.1 663.668 -2.72758
8220 1648.46 19181.7 664.523 -2.728
8230 1686.62 15377.1 665.652 -2.72795
8240 1780.86 9642.01 667.002 -2.72738
8250 2003.97 3602.69 668.487 -2.72646
8260 2218.43 -3980.21 670.009 -2.72557
8270 2271.23 -6713.5 671.467 -2.72535
8280 2236.37 -7639.68 672.811 -2.72606
8290 2038.68 -5670.45 674.031 -2.72733
8300 1884.87 -1682.71 675.157 -2.72871
8310 1746.63 2533.76 676.248 -2.72976
8320 1810.25 4391.67 677.366 -2.73042
8330 1948.06 4723.16 678.542 -2.73079
8340 2148.3 2468.28 679.778 -2.73124
8350 2227.25 3237.78 681.047 -2.7322
8360 2101.32 7683.2 682.363 -2.73385
8370 1880.45 11913.2 683.79 -2.7357
8380 1762.25 13132 685.39 -2.7373
8390 1703.43 12139.6 687.181 -2.73838
8400 1732.03 7844.98 689.146 -2.73889
8410 1803.65 1327.43 691.216 -2.73878
8420 1759.7 -2487.32 693.293 -2.73819
8430 1725.2 -8882.46 695.303 -2.73718
8440 1687.91 -12425.1 697.153 -2.73569
8450 1662.05 -12664.8 698.784 -2.73388
8460 1696.9 -13214.9 700.188 -2.7318
8470 1701.18 -12767.8 701.359 -2.7295
8480 1654.79 -11067.7 702.308 -2.7271
8490 1606.04 -7216.99 703.067 -2.72462
8500 1658.13 -6293.26 703.695 -2.72193
8510 1778.93 -8748.35 704.207 -2.71896
8520 1789.67 -6419.3 704.579 -2.71595
8530 1769.45 -3068.92 704.845 -2.71313
8540 1865.64 -2745.42 705.055 -2.71039
8550 2117.76 -6726.21 705.216 -2.70774
8560 2260.07 -11503.8 705.266 -2.70571
8570 2154.72 -9842.65 705.139 -2.70479
8580 1935.29 -5586.13 704.857 -2.70462
8590 1797.27 -1315.38 704.492 -2.70452
8600 1768.74 14.062 704.112 -2.70416
8610 1917.35 -4545.5 703.736 -2.70356
8620 2093.79 -11741.7 703.291 -2.70305
8630 2142.37 -13818.7 702.669 -2.70307
8640 2053.07 -11871.5 701.84 -2.70365
8650 1966.91 -11948.5 700.828 -2.70454
8660 1836.22 -8138.44 699.648 -2.70536
8670 1778.09 -6525.29 698.354 -2.70584
8680 1811.41 -5988.89 696.979 -2.70599
8690 1816.04 -1758.32 695.538 -2.70581
8700 1936.36 941.717 694.098 -2.70532
8710 2090.81 -856.709 692.696 -2.70495
8720 2008.96 1609.61 691.317 -2.70491
8730 1907.19 3346.06 689.994 -2.70503
8740 1888.05 5131.91 688.753 -2.70507
8750 1882.72 6094.2 687.62 -2.70498
8760 1822.88 6227.42 686.607 -2.70479
8770 1722.36 10373.7 685.723 -2.70434
8780 1708.97 12464 685.022 -2.70353
8790 1824.19 9785.81 684.528 -2.7024
8800 1922.42 7749.38 684.204 -2.7012
8810 1982.69 7624.97 684.018 -2.70008
8820 2215.81 188.258 683.951 -2.69931
8830 2393.98 -8701.76 683.892 -2.69938
8840 2304.01 -10807.3 683.714 -2.7007
8850 2085.66 -8664.76 683.379 -2.70277
8860 1926.76 -4827.77 682.922 -2.70479
8870 1962.49 -2877 682.398 -2.70653
8880 2099.79 -2650.02 681.84 -2.70826
8890 2074.8 -205.664 681.259 -2.71016
8900 1916.63 3961.48 680.694 -2.71203
8910 1838.92 3396.05 680.199 -2.71347
8920 1999.16 -1113.26 679.765 -2.71469
8930 2034.65 -1571.32 679.332 -2.71592
8940 2040.95 293.603 678.89 -2.71724
8950 2185.88 -3896.21 678.458 -2.71881
8960 2229.78 -5848.26 677.98 -2.72095
8970 1998.99 2333.92 677.441 -2.72338
8980 1835.12 7209.12 676.948 -2.72533
8990 2000.79 4793.1 676.569 -2.72696
9000 2095.02 3670.62 676.28 -2.72861
9010 2130.13 1993.38 676.057 -2.73053
9020 2090.58 743.335 675.874 -2.73269
9030 1991.6 2573.13 675.717 -2.73488
9040 1909.94 3877.46 675.607 -2.73682
9050 1892.96 6423.61 675.567 -2.73845
9060 1850.15 7798.74 675.63 -2.73977
9070 1718.37 9429.06 675.821 -2.74071
9080 1547.04 11722.5 676.161 -2.74105
9090 1565.79 7972.31 676.674 -2.74073
9100 1751.99 454.9 677.305 -2.73969
9110 1946.12 -5922.01 677.941 -2.73823
9120 2015.4 -10586 678.484 -2.73684
9130 1966.58 -12491.3 678.863 -2.7358
9140 1836.77 -11186.1 679.052 -2.73505
9150 1709.35 -8669.63 679.07 -2.73429
9160 1690.98 -6031.88 678.958 -2.73327
9170 1765.68 -6239.42 678.754 -2.73192
9180 1682.35 -1934.96 678.468 -2.73038
9190 1488.67 4329.06 678.164 -2.72862
9200 1566.49 2570.44 677.925 -2.72645
9210 1791.78 -2998.1 677.729 -2.72368
9220 2019.87 -7798.01 677.496 -2.72071
9230 2046.06 -7383.6 677.159 -2.71817
9240 1876.42 -1852.3 676.724 -2.7163
9250 1845.34 1109.88 676.27 -2.7147
9260 2042.63 -2892.65 675.836 -2.71315
9270 2122.95 -3553.2 675.374 -2.712
9280 1967.5 1610.05 674.878 -2.71142
9290 1791.29 6292.7 674.421 -2.71099
9300 1860.17 3028.45 674.063 -2.71042
9310 2035.04 -4665.41 673.755 -2.70981
9320 2076.72 -6343.38 673.395 -2.70951
9330 2053.05 -8079.61 672.949 -2.70963
9340 1988.57 -7352.73 672.395 -2.71012
9350 1839.25 -4790.38 671.745 -2.71057
9360 1871.44 -4066.52 671.035 -2.71087
9370 1793.74 -2289.53 670.28 -2.71096
9380 1523.81 7679.2 669.518 -2.71064
9390 1449.28 16220.6 668.888 -2.70957
9400 1876.43 10329.7 668.499 -2.70778
9410 2225.31 4859.69 668.278 -2.70576
9420 2249.62 7595.6 668.153 -2.7046
9430 1958.65 13010.3 668.154 -2.7044
9440 1760.99 16461 668.356 -2.70438
9450 2069.62 8751.11 668.795 -2.70423
9460 2448.84 -785.848 669.367 -2.70442
9470 2542.87 -6338.21 669.929 -2.706
9480 2368.96 -7514.69 670.402 -2.70902
9490 2387.66 -10961.8 670.757 -2.71286
9500 2579 -17982.5 670.942 -2.71784
9510 2565.95 -20399.5 670.864 -2.72429
9520 2354.39 -15115.7 670.494 -2.73146
9530 2075.76 -9686.87 669.905 -2.73805
9540 1860.16 -3003.89 669.185 -2.74327
9550 1858.31 1520.77 668.435 -2.74722
9560 1960.2 806.607 667.718 -2.75048
9570 1965.7 2464.93 667.033 -2.75338
9580 1941.2 5049.02 666.403 -2.75577
9590 2100.76 -1578.93 665.852 -2.75802
9600 2099.68 -5573.79 665.295 -2.76048
9610 1913.31 -2834.38 664.678 -2.76279
9620 1920.63 -3190.3 664.029 -2.76471
9630 1948.26 -2400.74 663.35 -2.76635
9640 1854.92 3101.28 662.657 -2.76773
9650 1689.86 8274.45 662.026 -2.7686
9660 1556.15 13328.8 661.534 -2.76875
9670 1672.29 12062 661.242 -2.76825
9680 1817.71 11039.1 661.139 -2.76729
9690 1903.68 10402.9 661.206 -2.7662
9700 1966.04 8604.38 661.432 -2.7652
9710 1965.2 7371.82 661.79 -2.76442
9720 1976.41 5237.59 662.257 -2.76386
9730 2014.68 602.781 662.798 -2.76349
9740 1996.18 -1706.13 663.35 -2.76334
9750 1915.57 -838.71 663.88 -2.76334
9760 1917.33 -3903.67 664.39 -2.76334
9770 1925.04 -6249.39 664.841 -2.7633
9780 1874.47 -6662.65 665.201 -2.76323
9790 1824.45 -6449.96 665.463 -2.76308
9800 1790.62 -4718.56 665.632 -2.76273
9810 1867.02 -5277.91 665.728 -2.76219
9820 1896.64 -3958.03 665.753 -2.76152
9830 1977.01 -1356.9 665.725 -2.76093
9840 1957.19 2811.01 665.686 -2.76047
9850 1915.61 3200.9 665.689 -2.76016
9860 1872.21 4007.16 665.748 -2.75988
9870 1784.93 9194.28 665.878 -2.75952
9880 1779.75 10157 666.143 -2.759
9890 1730.69 8443.74 666.56 -2.75825
9900 1686.9 7435.82 667.107 -2.75721
9910 1864.58 -106.617 667.754 -2.75585
9920 2073.1 -9242.1 668.395 -2.75427
9930 2141.42 -11858.1 668.902 -2.75309
9940 2062.84 -11525.4 669.231 -2.75262
9950 1862.23 -7692.88 669.392 -2.75252
9960 1814.29 -6304.7 669.436 -2.75238
9970 1947.06 -8853.56 669.383 -2.75207
9980 1949.58 -4798.94 669.212 -2.7518
9990 1874.69 1324.5 668.98 -2.7516
10000 1912.18 4028.35 668.771 -2.75134
