# Time-averaged data for fix 2
# TimeStep c_mytemp c_mypress v_vmyvol v_avgEtotal
10 874.435 820452 396.957 -2.73089
20 1133.72 934287 395.285 -2.70132
30 1289.3 1.14639e+06 393.153 -2.65855
40 1206.18 1.28623e+06 392.363 -2.6402
50 1187.07 1.06662e+06 393.804 -2.67231
60 1019.71 897430 395.921 -2.71354
70 1071.85 743953 397.044 -2.73201
80 1031.2 860830 396.049 -2.71582
90 1028.54 1.08693e+06 393.886 -2.67469
100 987.903 1.28669e+06 392.579 -2.64459
110 1134.32 1.11204e+06 393.532 -2.66551
120 1128.41 919711 395.485 -2.70314
130 1014.39 800357 396.723 -2.72381
140 963.197 846367 396.254 -2.7156
150 1038.04 1.04302e+06 394.528 -2.68269
160 1187.19 1.1948e+06 393.21 -2.65323
170 1311.63 1.12627e+06 393.479 -2.65826
180 1290.57 954443 394.793 -2.68442
190 1019.6 928011 395.824 -2.7033
200 939.49 864896 396.117 -2.70857
210 1168.47 914808 395.284 -2.69383
220 1306.12 1.08513e+06 393.804 -2.66466
230 1272.17 1.17336e+06 393.059 -2.64858
240 1053.44 1.10911e+06 393.776 -2.66486
250 1052.9 919272 395.343 -2.69601
260 1019.3 862715 396.285 -2.71237
270 1072.18 856254 395.972 -2.70706
280 1079.41 1.03879e+06 394.548 -2.68048
290 1226.15 1.14493e+06 393.429 -2.65623
300 1229 1.11386e+06 393.536 -2.65837
310 1034.95 1.02932e+06 394.638 -2.6815
320 1149.84 873754 395.905 -2.70516
330 1244.81 843831 396.13 -2.70903
340 1108.34 956154 395.02 -2.68999
350 909.838 1.18333e+06 393.681 -2.6622
360 1161.04 1.10937e+06 393.736 -2.66291
370 1210.34 994761 394.765 -2.68361
380 1190.11 899440 395.754 -2.70203
390 1232.51 858793 395.838 -2.70385
400 1169.11 978191 394.784 -2.68524
410 1067.02 1.13551e+06 393.597 -2.66138
420 1129.14 1.1396e+06 393.518 -2.65989
430 1141.09 1.01441e+06 394.606 -2.68287
440 1060.44 893399 395.811 -2.70549
450 976.284 871600 396.106 -2.71065
460 982.701 947514 395.307 -2.69614
470 1125.69 1.06797e+06 394.094 -2.67176
480 1271.58 1.1123e+06 393.456 -2.65773
490 1323.62 1.07944e+06 393.793 -2.6648
500 1292.9 961419 394.762 -2.6845
510 1025.38 930568 395.452 -2.69778
520 911.191 927070 395.505 -2.6991
530 992.089 986550 394.975 -2.68901
540 1153.28 1.01234e+06 394.275 -2.67506
550 965.667 1.1271e+06 393.822 -2.66543
560 1061.14 1.04339e+06 394.334 -2.6757
570 1292.63 912545 395.196 -2.69143
580 1225.7 914558 395.368 -2.69414
590 1199.4 963381 394.795 -2.68362
600 1250.6 1.07353e+06 393.973 -2.66763
610 1214.18 1.0802e+06 393.718 -2.66279
620 1075.44 1.07325e+06 394.223 -2.67398
630 1099.11 955827 395.268 -2.69514
640 1068.65 887201 395.947 -2.70768
650 1044.08 912440 395.67 -2.70285
660 1143.7 1.00018e+06 394.633 -2.68364
670 1121.25 1.16495e+06 393.734 -2.66482
680 1184.93 1.05546e+06 394.064 -2.67164
690 1053.94 995641 394.977 -2.68982
700 1092.21 899133 395.787 -2.70496
710 1249.16 870289 395.723 -2.70391
720 1192.16 992421 394.608 -2.68374
730 1072.57 1.17089e+06 393.51 -2.66123
740 1193.36 1.0909e+06 393.748 -2.66647
750 1154.04 971396 394.786 -2.68718
760 1015.76 941891 395.63 -2.7033
770 1175.12 852946 395.86 -2.70773
780 1119.12 973764 394.951 -2.69157
790 1072.64 1.09645e+06 393.789 -2.66825
800 934.07 1.19106e+06 393.566 -2.66356
810 1050.71 996705 394.776 -2.68868
820 1111.21 881456 396.03 -2.71102
830 1082.91 862031 396.267 -2.71456
840 1113.75 922698 395.286 -2.69716
850 1066.78 1.14127e+06 393.792 -2.66664
860 1206.72 1.15565e+06 393.411 -2.65749
870 1393.09 1.02775e+06 394.347 -2.67694
880 1478.74 860112 395.471 -2.6983
890 1134.33 926553 395.512 -2.69994
900 892.135 1.01831e+06 394.907 -2.68903
910 898.236 1.04926e+06 394.426 -2.67974
920 869.696 1.07385e+06 394.418 -2.67939
930 1064.66 964086 394.939 -2.68904
940 1035.78 980931 395.27 -2.69443
950 1138.78 924289 395.328 -2.69475
960 1206.79 986729 394.82 -2.68455
970 1111.78 1.07902e+06 394.224 -2.67199
980 1186.12 1.07078e+06 394.274 -2.67261
990 1266.27 982237 394.902 -2.68494
1000 1129.72 946823 395.402 -2.69434
1010 1117.29 957495 395.464 -2.69559
1020 1269.99 934221 395.092 -2.68904
1030 1088.22 1.08406e+06 394.304 -2.67397
1040 1192.82 1.06276e+06 394.126 -2.67043
1050 1161.67 1.02052e+06 394.525 -2.67879
1060 934.66 999100 395.118 -2.69088
1070 967.582 910722 395.643 -2.70075
1080 1078.8 914426 395.415 -2.69641
1090 1025.88 1.03651e+06 394.53 -2.67892
1100 1056.44 1.09226e+06 393.93 -2.66594
1110 1241.58 1.03997e+06 394.08 -2.66836
1120 1247.51 1.00732e+06 394.639 -2.67899
1130 1303.26 948749 395.215 -2.69009
1140 1272.62 904191 395.322 -2.69259
1150 1072.17 1.03145e+06 394.727 -2.68194
1160 1154.31 1.05712e+06 394.328 -2.67421
1170 1247.2 1.0079e+06 394.398 -2.67614
1180 1075.52 1.05037e+06 394.639 -2.68165
1190 1022.81 966380 395.19 -2.69303
1200 899.276 947660 395.526 -2.69938
1210 916.32 948682 395.367 -2.69622
1220 1012.96 1.03786e+06 394.851 -2.68549
1230 1242.09 1.0117e+06 394.562 -2.67881
1240 1232.76 1.02251e+06 394.439 -2.67574
1250 1074.47 1.05391e+06 394.548 -2.6777
1260 1091.4 988428 395.043 -2.6873
1270 1167.05 928247 395.452 -2.69468
1280 1184.55 959663 395.274 -2.6912
1290 1148.12 1.0301e+06 394.78 -2.68141
1300 1189.24 1.00702e+06 394.473 -2.67538
1310 1079.21 1.06367e+06 394.323 -2.67254
1320 1091.97 1.02337e+06 394.672 -2.67971
1330 1055.93 982236 395.217 -2.69019
1340 1111.76 939013 395.609 -2.69754
1350 1284.52 909702 395.443 -2.69456
1360 1198.29 1.03456e+06 394.597 -2.67853
1370 1093.73 1.10138e+06 394.035 -2.66722
1380 1123.37 1.07248e+06 394.327 -2.67362
1390 1214.72 927790 395.164 -2.69024
1400 1094.98 937442 395.481 -2.69616
1410 1137.12 958644 395.221 -2.69154
1420 1168.57 1.00927e+06 394.623 -2.6805
1430 991.111 1.11484e+06 394.182 -2.6717
1440 1149.4 1.00719e+06 394.582 -2.6799
1450 1158.75 974824 395.153 -2.69082
1460 1143.09 923641 395.421 -2.69602
1470 1010.57 1.002e+06 395.151 -2.69089
1480 1075.73 997431 394.802 -2.68398
1490 1100.2 1.03307e+06 394.488 -2.67753
1500 1206.05 1.03376e+06 394.459 -2.67669
1510 1288.3 975455 394.673 -2.68085
1520 1130.15 1.00032e+06 394.748 -2.6826
1530 981.856 1.00707e+06 394.813 -2.6841
1540 1042.53 997773 394.926 -2.68629
1550 1148.89 965911 395 -2.68751
1560 1129.07 993295 394.819 -2.68389
1570 1087.23 1.01389e+06 394.573 -2.67892
1580 921.196 1.0396e+06 394.482 -2.67685
1590 1042.21 989412 394.663 -2.67996
1600 1206.49 958355 394.786 -2.68159
1610 1272.86 982383 394.572 -2.67701
1620 1308.95 1.01982e+06 394.213 -2.66996
1630 1211.58 1.04884e+06 394.044 -2.66695
1640 1112.59 1.03592e+06 394.28 -2.67225
1650 1124.01 971561 394.805 -2.68305
1660 1041.98 944274 395.093 -2.68874
1670 896.612 993622 394.943 -2.68591
1680 959.946 1.01743e+06 394.714 -2.6811
1690 1146.38 1.01585e+06 394.635 -2.67885
1700 1389.67 971404 394.662 -2.67882
1710 1441.58 979582 394.483 -2.67556
1720 1181.64 1.05141e+06 394.169 -2.6703
1730 912.049 1.09118e+06 394.323 -2.67435
1740 1088.02 935975 395.112 -2.6902
1750 1138.32 934423 395.468 -2.69668
1760 1074.97 973456 395.231 -2.69236
1770 976.539 1.04425e+06 394.819 -2.68416
1780 1185.49 994616 394.681 -2.68117
1790 1199.68 1.03066e+06 394.596 -2.67932
1800 1078.05 1.03391e+06 394.767 -2.6828
1810 1092.26 954090 395.161 -2.69036
1820 1053.55 996274 395.264 -2.69209
1830 1124.82 971605 395.246 -2.69154
1840 1105.57 1.00228e+06 395.042 -2.68734
1850 1091.12 1.03294e+06 394.866 -2.68357
1860 1192.52 995361 394.919 -2.68435
1870 1173.7 1.01077e+06 394.995 -2.6857
1880 1197.08 972149 395.117 -2.68811
1890 1147.24 994087 395.048 -2.68694
1900 1108.9 1.01066e+06 394.915 -2.68454
1910 1078.13 1.03367e+06 394.898 -2.68432
1920 1151.09 996566 395.135 -2.68911
1930 1138.16 939511 395.314 -2.69262
1940 896.104 1.04655e+06 395.109 -2.68859
1950 1037.02 987908 395.156 -2.6892
1960 1177.02 977600 395.177 -2.689
1970 1247.22 972409 394.967 -2.68465
1980 1081.38 1.06975e+06 394.632 -2.67788
1990 1198.93 999727 394.76 -2.68037
2000 1120.79 995154 394.98 -2.68455
2010 1122.16 977116 395.111 -2.68716
2020 1132.47 985384 395.092 -2.6868
2030 1094.3 994940 394.91 -2.68335
2040 1008.25 1.07754e+06 394.773 -2.68058
2050 1154.18 990364 395.198 -2.68894
2060 1240.53 921896 395.537 -2.69507
2070 1169.11 978561 395.295 -2.69048
2080 1263.03 977439 394.791 -2.68126
2090 1154.28 1.08215e+06 394.195 -2.66984
2100 1148.02 1.06987e+06 394.253 -2.67157
2110 1010.63 1.02033e+06 394.924 -2.68549
2120 986.286 910019 395.705 -2.70064
2130 987.694 952264 395.803 -2.70206
2140 1089.53 997955 395.459 -2.69491
2150 1247.83 973072 395.047 -2.68668
2160 1054.31 1.13e+06 394.577 -2.67703
2170 1228.79 1.02241e+06 395.027 -2.68626
2180 1313.16 918659 395.719 -2.69921
2190 1177.7 936525 395.748 -2.70011
2200 1048.25 1.02884e+06 395.279 -2.69155
2210 983.344 1.03684e+06 395.003 -2.68611
2220 1116.74 983829 395.008 -2.68617
2230 1074.56 1.05239e+06 395.011 -2.68607
2240 1143.67 949668 395.295 -2.6915
2250 1071.78 984101 395.284 -2.69102
2260 1134.05 981868 395.062 -2.68651
2270 1216.1 1.02071e+06 394.736 -2.68002
2280 1158.42 1.04403e+06 394.6 -2.6773
2290 1014.99 1.02553e+06 394.813 -2.68159
2300 1056.66 1.00156e+06 395.282 -2.69092
2310 1338.33 864154 395.634 -2.69739
2320 1141.46 1.01862e+06 395.026 -2.68623
2330 1057.22 1.05298e+06 394.46 -2.67483
2340 1003.22 1.09441e+06 394.438 -2.67447
2350 1163.54 969111 395.094 -2.68766
2360 1112.38 931810 395.562 -2.696
2370 1064.02 968538 395.472 -2.69409
2380 1204.1 949920 395.019 -2.6857
2390 1089.89 1.10037e+06 394.324 -2.67163
2400 1354.41 1.00626e+06 394.274 -2.6705
2410 1115.24 1.06355e+06 394.472 -2.67489
2420 886.446 1.01736e+06 395.136 -2.68873
2430 977.842 905447 395.897 -2.70294
2440 1143.09 884159 395.87 -2.70203
2450 1207.65 988327 394.884 -2.68361
2460 1274.61 1.09146e+06 393.822 -2.66172
2470 1277.6 1.10819e+06 393.525 -2.65566
2480 994.725 1.11327e+06 394.229 -2.67157
2490 1027.23 898638 395.741 -2.70158
2500 1160.44 802432 396.425 -2.71306
2510 1099.65 930942 395.481 -2.69676
2520 1141.65 1.08883e+06 393.955 -2.66644
2530 1280.37 1.14019e+06 393.155 -2.64928
2540 1025.89 1.17429e+06 393.663 -2.66131
2550 1092.29 899689 395.44 -2.69766
2560 1190.31 802435 396.466 -2.71446
2570 1170.13 913963 395.831 -2.70352
2580 1152.2 1.0315e+06 394.428 -2.67707
2590 1123.9 1.16152e+06 393.356 -2.65478
2600 1050.1 1.16538e+06 393.676 -2.66238
2610 1154.95 928876 395.258 -2.69457
2620 1062.61 831163 396.31 -2.71267
2630 938.385 912916 395.954 -2.70623
2640 1109.64 987036 394.799 -2.68416
2650 1256.11 1.08392e+06 393.567 -2.65923
2660 1101.65 1.20734e+06 393.169 -2.65061
2670 1199.07 998013 394.329 -2.6752
2680 1205.97 880933 395.574 -2.69782
2690 1126.76 885830 395.8 -2.70188
2700 1143.31 947730 395.038 -2.68837
2710 1127.69 1.07536e+06 393.867 -2.66573
2720 1033.95 1.17155e+06 393.393 -2.6557
2730 1150.13 1.02329e+06 394.262 -2.67409
2740 1087.72 915706 395.362 -2.69463
2750 882.798 944962 395.817 -2.70272
2760 1094.96 898913 395.679 -2.69991
2770 1185.38 963820 394.716 -2.682
2780 1050.81 1.16843e+06 393.6 -2.65862
2790 1381.55 1.07387e+06 393.732 -2.66081
2800 1450.08 967281 394.548 -2.67702
2810 1105.56 980561 395.167 -2.68959
2820 1141.86 909082 395.507 -2.69678
2830 1122.25 961691 395.144 -2.69082
2840 985.24 1.07433e+06 394.478 -2.67813
2850 1070.22 1.05965e+06 394.395 -2.67654
2860 1108.22 988142 394.819 -2.68492
2870 1134.22 946809 395.154 -2.69127
2880 1112.94 965695 395.046 -2.68928
2890 999.675 1.04272e+06 394.691 -2.68221
2900 1061.47 1.02548e+06 394.648 -2.68107
2910 1176.3 983846 394.814 -2.68392
2920 1233.46 990307 394.894 -2.68519
2930 1352.41 957492 394.832 -2.68418
2940 1166.89 1.02084e+06 394.48 -2.67798
2950 982.698 1.07626e+06 394.336 -2.67555
2960 1168.7 968290 394.721 -2.68345
2970 1152.92 963170 394.926 -2.6875
2980 1064.57 997569 394.821 -2.6857
2990 1138.92 983423 394.649 -2.68255
3000 1075.33 1.04361e+06 394.411 -2.678
3010 1000.56 1.0461e+06 394.524 -2.6803
3020 1039 958452 394.968 -2.68872
3030 985.165 984980 395.143 -2.69152
3040 1120.73 975484 395.14 -2.69085
3050 1305.88 941489 394.899 -2.6858
3060 1210.47 1.05978e+06 394.268 -2.67344
3070 1110.8 1.10618e+06 394.128 -2.6706
3080 1212.37 970599 394.804 -2.68427
3090 1129.11 932563 395.283 -2.6933
3100 956.327 1.00904e+06 395.262 -2.69294
3110 1134.55 937807 395.169 -2.69114
3120 1148.74 995820 394.642 -2.68114
3130 1038.03 1.10684e+06 394.143 -2.67086
3140 1123.12 1.0276e+06 394.445 -2.67681
3150 1089.14 968122 395.029 -2.68785
3160 1022.6 947314 395.338 -2.69335
3170 1072.22 954556 395.196 -2.69025
3180 1151.42 997129 394.668 -2.67971
3190 1275.84 1.06116e+06 394.157 -2.66906
3200 1331.3 1.03361e+06 394.117 -2.66822
3210 1113.85 1.04978e+06 394.449 -2.6754
3220 1062.26 966391 395.124 -2.68913
3230 1066.52 913784 395.519 -2.69659
3240 1054.95 982335 395.236 -2.69126
3250 1162.63 1.00355e+06 394.748 -2.68162
3260 1218.24 1.03201e+06 394.314 -2.67312
3270 1047.03 1.07851e+06 394.197 -2.67089
3280 994.348 1.0254e+06 394.723 -2.68166
3290 1161.35 902165 395.396 -2.69417
3300 1127.35 955554 395.342 -2.69279
3310 1323.86 956432 394.821 -2.68288
3320 1269.11 1.0451e+06 394.002 -2.6676
3330 1022.11 1.16088e+06 393.639 -2.66054
3340 1113.69 1.01879e+06 394.515 -2.67928
3350 1204.27 873191 395.547 -2.69866
3360 1001.02 926390 395.588 -2.69949
3370 1049.29 975613 394.948 -2.68746
3380 1240.49 1.04561e+06 394.112 -2.67121
3390 1039.66 1.16559e+06 393.777 -2.66433
3400 1132.69 996127 394.669 -2.68294
3410 1174.77 903668 395.611 -2.70019
3420 1116.15 931977 395.753 -2.70269
3430 1107.07 965031 395.279 -2.69391
3440 1112.7 1.00091e+06 394.498 -2.679
3450 965.808 1.14592e+06 393.845 -2.66565
3460 999.446 1.06716e+06 394.323 -2.67569
3470 1094.8 901362 395.345 -2.6945
3480 1115.84 926168 395.622 -2.6987
3490 1176.71 956008 395.219 -2.69067
3500 1241.54 994676 394.426 -2.67533
3510 1085.56 1.13062e+06 393.703 -2.66049
3520 1132.5 1.09727e+06 394.021 -2.6673
3530 1261.16 914957 395.096 -2.68835
3540 1206.17 883999 395.514 -2.69583
3550 1142.71 984646 394.992 -2.68642
3560 1208.08 1.01454e+06 394.258 -2.67263
3570 1070.48 1.12026e+06 393.769 -2.6631
3580 1141.75 1.04507e+06 394.199 -2.67249
3590 1165.79 942953 395.029 -2.68885
3600 970.622 932166 395.399 -2.69587
3610 895.122 975115 395.205 -2.69212
3620 1087.21 993623 394.753 -2.68305
3630 1218.05 1.0339e+06 394.286 -2.67322
3640 1257.01 1.04992e+06 394.114 -2.66945
3650 1258.95 1.02359e+06 394.362 -2.67453
3660 1304.48 962676 394.799 -2.68344
3670 1169.71 950855 394.932 -2.68668
3680 1015.94 1.00736e+06 394.676 -2.68246
3690 986.209 1.04452e+06 394.489 -2.67903
3700 1099.87 984822 394.607 -2.68142
3710 1131.98 984526 394.667 -2.6825
3720 1121.59 1.01189e+06 394.592 -2.68103
3730 1131.8 1.0139e+06 394.616 -2.68148
3740 1167.21 971603 394.727 -2.68366
3750 996.331 1.03038e+06 394.675 -2.68265
3760 1008.35 995729 394.821 -2.68538
3770 1070.71 964880 394.932 -2.68708
3780 1047.28 995728 394.773 -2.6835
3790 1108.75 1.00572e+06 394.572 -2.67899
3800 1171.38 1.00314e+06 394.411 -2.67529
3810 1109.92 1.02384e+06 394.307 -2.67278
3820 1171.61 1.02193e+06 394.407 -2.67442
3830 1251.43 979969 394.673 -2.67938
3840 1293.75 948797 394.762 -2.68123
3850 1227.82 994737 394.46 -2.67599
3860 1144.99 1.05276e+06 394.124 -2.66998
3870 1061.07 1.05427e+06 394.228 -2.67272
3880 1005.9 1.00135e+06 394.789 -2.6843
3890 1044.96 930262 395.325 -2.69453
3900 1006.77 956184 395.32 -2.6942
3910 1133.95 977415 394.903 -2.686
3920 1215.21 1.03316e+06 394.328 -2.67443
3930 1297.77 1.04672e+06 394.024 -2.6682
3940 1245.39 1.03756e+06 394.135 -2.67082
3950 1004.65 1.04484e+06 394.61 -2.68102
3960 934.71 943836 395.388 -2.69642
3970 1089.24 901860 395.703 -2.70193
3980 1222.74 940998 395.186 -2.69223
3990 1287.98 1.01559e+06 394.162 -2.67288
4000 1063.7 1.18015e+06 393.407 -2.65739
4010 1007.04 1.09209e+06 394.046 -2.67157
4020 979.088 933607 395.483 -2.69975
4030 1002.86 840560 396.344 -2.7144
4040 1075.47 871712 395.837 -2.70527
4050 1201.55 1.02773e+06 394.285 -2.67583
4060 1244.16 1.17294e+06 392.996 -2.64801
4070 1153.7 1.17624e+06 393.185 -2.6523
4080 1022.9 1.00936e+06 394.819 -2.68678
4090 1111.92 814909 396.495 -2.71688
4100 1238.32 781693 396.597 -2.71841
4110 1210.65 965097 394.872 -2.68891
4120 1162.19 1.21158e+06 392.94 -2.64838
4130 1109.09 1.2237e+06 392.735 -2.64385
4140 838.999 1.07018e+06 394.44 -2.68196
4150 988.285 793154 396.64 -2.72211
4160 1155.25 723742 397.095 -2.72849
4170 1012.28 957666 395.267 -2.69743
4180 1021.34 1.202e+06 393.112 -2.65126
4190 1225.13 1.21651e+06 392.615 -2.6387
4200 1122.95 1.09941e+06 393.993 -2.66907
4210 1149.31 841565 396.118 -2.7091
4220 1152.51 749213 396.911 -2.7213
4230 1110.66 907928 395.605 -2.69952
4240 1194.06 1.12871e+06 393.548 -2.6583
4250 1274 1.22685e+06 392.588 -2.63662
4260 1051.79 1.17059e+06 393.578 -2.66007
4270 1053.83 883023 395.89 -2.70666
4280 1079.14 729752 397.217 -2.72775
4290 830.351 898908 396.322 -2.7126
4300 1015.8 1.04637e+06 394.497 -2.67672
4310 1253.67 1.15788e+06 393.113 -2.6466
4320 1164.35 1.21209e+06 393.142 -2.64697
4330 1201.49 972438 394.822 -2.68221
4340 1189.57 824457 396.321 -2.70813
4350 1094.8 866098 396.345 -2.70829
4360 1157.16 951821 395.189 -2.68753
4370 1196.53 1.10314e+06 393.669 -2.65761
4380 1082.43 1.22572e+06 393.108 -2.64542
4390 1180.1 1.04753e+06 394.345 -2.67271
4400 1237.73 833688 395.944 -2.70214
4410 961.582 893414 396.259 -2.70735
4420 1034.16 920605 395.546 -2.69461
4430 1192.58 1.02776e+06 394.201 -2.66926
4440 1181.24 1.19659e+06 393.21 -2.64805
4450 1186.06 1.09623e+06 393.766 -2.66031
4460 1158.15 930739 395.143 -2.6876
4470 1096.98 885934 395.974 -2.7025
4480 1228.77 875668 395.772 -2.69928
4490 1288.53 965735 394.526 -2.67763
4500 1120.9 1.18753e+06 393.13 -2.64941
4510 1203.37 1.13229e+06 393.203 -2.65148
4520 1119.37 994161 394.416 -2.67687
4530 861.43 919596 395.61 -2.69976
4540 989.455 838897 396.042 -2.70741
4550 1183.4 901358 395.116 -2.69146
4560 1116.6 1.13749e+06 393.475 -2.65887
4570 1079.03 1.20418e+06 392.966 -2.64712
4580 1135.32 1.04115e+06 394.114 -2.67154
4590 1166.9 886578 395.632 -2.69994
4600 1190.23 826187 396.167 -2.70895
4610 1150.49 911136 395.229 -2.69298
4620 1131.95 1.10992e+06 393.605 -2.66134
4630 1106.35 1.21775e+06 392.94 -2.64668
4640 1023.34 1.0862e+06 394.052 -2.67143
4650 1050.41 873328 395.856 -2.70577
4660 1135.8 801244 396.597 -2.71772
4670 1076.75 910959 395.662 -2.70155
4680 999.213 1.10084e+06 394.003 -2.66878
4690 1079.66 1.18517e+06 393.216 -2.65081
4700 1185.9 1.08412e+06 393.959 -2.66637
4710 1215.35 925334 395.408 -2.69438
4720 1257.89 823479 396.192 -2.70788
4730 1139.96 918834 395.528 -2.69655
4740 999.712 1.0988e+06 394.211 -2.67084
4750 1125.35 1.12902e+06 393.694 -2.65945
4760 1236.1 1.04138e+06 394.262 -2.67118
4770 1199.99 959001 395.197 -2.68959
4780 1057.29 913168 395.778 -2.70054
4790 1005.4 923853 395.612 -2.69761
4800 1151.6 996169 394.798 -2.68236
4810 1191.65 1.08672e+06 394 -2.66602
4820 1127.87 1.09561e+06 393.92 -2.66444
4830 956.224 1.05773e+06 394.691 -2.68075
4840 1107.93 896588 395.861 -2.70293
4850 1223.03 837580 396.158 -2.70782
4860 1188.79 961220 395.12 -2.68945
4870 1101.25 1.13843e+06 393.813 -2.66279
4880 1224.37 1.0988e+06 393.583 -2.65764
4890 1156.4 1.06647e+06 394.288 -2.67262
4900 1027.81 955005 395.501 -2.69705
4910 1091.7 841003 396.289 -2.71111
4920 1102.94 911951 395.766 -2.70201
4930 1121.77 1.06281e+06 394.531 -2.67795
4940 1198.13 1.10572e+06 393.793 -2.66231
4950 1117.7 1.08197e+06 393.967 -2.66602
4960 972.613 1.0549e+06 394.911 -2.68579
4970 1145.66 856973 396.166 -2.70944
4980 1190.66 831405 396.248 -2.71068
4990 1098.59 1.02013e+06 394.985 -2.68734
5000 1254.7 1.09492e+06 393.821 -2.66324
5010 1268.82 1.12496e+06 393.529 -2.65725
5020 1201.35 1.05801e+06 394.274 -2.67353
5030 1146.72 926278 395.49 -2.69796
5040 1025.1 849251 396.054 -2.70838
5050 879.894 976833 395.417 -2.69698
5060 1053.61 1.03167e+06 394.523 -2.67897
5070 1104.23 1.08048e+06 393.919 -2.66642
5080 1028.55 1.12186e+06 394.077 -2.66959
5090 1319.31 934906 395.119 -2.68978
5100 1316.41 889128 395.697 -2.69997
5110 1242.09 923785 395.306 -2.69344
5120 1247.58 1.05466e+06 394.34 -2.67538
5130 1328.1 1.0488e+06 393.737 -2.66394
5140 1032.03 1.12326e+06 393.701 -2.66451
5150 879.605 1.02215e+06 394.611 -2.68437
5160 925.639 890878 395.691 -2.70449
5170 1012.74 888511 395.869 -2.70729
5180 1065.71 953208 395.078 -2.69256
5190 1095.2 1.09518e+06 393.962 -2.66971
5200 1056.04 1.14065e+06 393.636 -2.66212
5210 1016.57 1.06055e+06 394.504 -2.68015
5220 1296.39 843336 395.77 -2.70315
5230 1275.95 874925 395.814 -2.70327
5240 1210.57 1.00896e+06 394.812 -2.68444
5250 1303.54 1.06304e+06 393.822 -2.66502
5260 1095.42 1.16849e+06 393.511 -2.65914
5270 1125.49 1.01571e+06 394.472 -2.67989
5280 1052.99 910043 395.634 -2.70203
5290 950.821 866173 395.985 -2.70838
5300 851.18 993977 395.284 -2.69524
5310 1161.37 1.0125e+06 394.42 -2.67748
5320 1294.04 1.1012e+06 393.773 -2.66379
5330 1214.19 1.0982e+06 393.979 -2.66809
5340 1136.49 955009 394.942 -2.68713
5350 1024.92 935342 395.612 -2.69953
5360 1303.1 881011 395.619 -2.69982
5370 1321.5 1.00363e+06 394.731 -2.68369
5380 1131.29 1.08596e+06 393.834 -2.66614
5390 894.282 1.15326e+06 393.749 -2.66503
5400 1081.2 980498 394.837 -2.68784
5410 1296.43 827040 395.746 -2.70391
5420 1100.85 927716 395.295 -2.69605
5430 1004.19 1.05923e+06 394.21 -2.67527
5440 1020.94 1.11478e+06 393.632 -2.6629
5450 1119.4 1.03343e+06 393.981 -2.66977
5460 1144 983561 394.669 -2.68295
5470 1152.18 933787 395.186 -2.69248
5480 1049.95 940284 395.151 -2.69165
5490 1058.21 996220 394.611 -2.68122
5500 1150.54 1.05698e+06 394.064 -2.66987
5510 1207.58 1.04682e+06 393.978 -2.66782
5520 1120.15 1.01951e+06 394.316 -2.67451
5530 1275.07 947930 394.785 -2.68355
5540 1327.69 929811 394.821 -2.68462
5550 1093.73 1.01672e+06 394.31 -2.67566
5560 905.482 1.08756e+06 393.962 -2.66897
5570 1014.05 1.00956e+06 394.269 -2.6752
5580 955.377 982359 394.727 -2.68375
5590 1146.44 923034 394.976 -2.68798
5600 1280.13 946998 394.596 -2.6806
5610 1142 1.07848e+06 393.847 -2.6657
5620 1029.58 1.09228e+06 393.714 -2.66284
5630 1052.63 1.0096e+06 394.35 -2.67559
5640 1169.41 920700 395.056 -2.68859
5650 1253.4 906465 395.097 -2.68911
5660 1306.16 979962 394.36 -2.67569
5670 1253.26 1.09601e+06 393.499 -2.65892
5680 1146.58 1.11133e+06 393.441 -2.65847
5690 977.595 1.03207e+06 394.312 -2.67717
5700 980.149 904566 395.422 -2.69857
5710 1146.88 849454 395.709 -2.70356
5720 1211.56 945225 394.751 -2.68658
5730 1196.68 1.09981e+06 393.363 -2.65926
5740 1114.31 1.17499e+06 392.843 -2.64819
5750 1078.65 1.07929e+06 393.775 -2.66872
5760 1115.24 885759 395.32 -2.69861
5770 1023.05 846818 395.939 -2.709
5780 1036.99 943093 395.274 -2.69686
5790 1300.04 1.00425e+06 394.051 -2.67352
5800 1230.21 1.17367e+06 393.025 -2.6522
5810 1108.04 1.12691e+06 393.371 -2.66014
5820 1048.13 985013 394.805 -2.68974
5830 1076.74 840226 396.069 -2.71256
5840 1100.05 845978 395.985 -2.71109
5850 1157.49 977452 394.609 -2.68622
5860 1156.13 1.15134e+06 393.084 -2.65508
5870 1100.57 1.20992e+06 392.888 -2.65082
5880 1169.96 993936 394.332 -2.68121
5890 1125.98 863762 395.796 -2.70794
5900 1104.49 816715 396.047 -2.71233
5910 992.968 969863 394.803 -2.69043
5920 1050.66 1.14117e+06 393.324 -2.65983
5930 1094.36 1.17547e+06 393.044 -2.65319
5940 1037.63 1.04118e+06 394.211 -2.67779
5950 1147.14 859212 395.689 -2.7048
5960 1180.96 833071 396 -2.70949
5970 1078.2 961713 394.911 -2.68992
5980 1119.96 1.12148e+06 393.532 -2.66166
5990 1210.56 1.13746e+06 393.151 -2.65294
6000 1180.65 1.05884e+06 393.954 -2.66992
6010 1219.22 902594 395.206 -2.69414
6020 1176.82 843510 395.635 -2.70184
6030 995.596 980835 394.802 -2.68712
6040 987.447 1.11143e+06 393.817 -2.66697
6050 1234.46 1.06259e+06 393.685 -2.66384
6060 1133.66 1.04631e+06 394.189 -2.67411
6070 1068.37 957075 395.02 -2.69036
6080 1122.55 897864 395.488 -2.69884
6090 1223.19 912562 395.069 -2.69145
6100 1142.86 1.07237e+06 394.006 -2.67097
6110 1163.11 1.10392e+06 393.498 -2.66031
6120 1120.49 1.05477e+06 393.888 -2.66862
6130 1037.23 979024 394.741 -2.68566
6140 1148.43 900628 395.392 -2.69772
6150 1295.48 887642 395.177 -2.69415
6160 1218.92 1.02921e+06 394.093 -2.67425
6170 1159.49 1.13752e+06 393.261 -2.6574
6180 1192.59 1.0935e+06 393.564 -2.66451
6190 1245.76 967752 394.64 -2.68677
6200 1010.29 905081 395.465 -2.70264
6210 843.228 914218 395.471 -2.70306
6220 943.737 987212 394.757 -2.6896
6230 1048.05 1.06134e+06 393.936 -2.67271
6240 1017.68 1.1135e+06 393.681 -2.6667
6250 1109.86 1.02663e+06 394.341 -2.67965
6260 1307.18 886126 395.183 -2.6947
6270 1250.72 908230 395.118 -2.69318
6280 1044.8 1.05234e+06 394.337 -2.67809
6290 1202.52 1.04203e+06 393.897 -2.66891
6300 1258.07 1.02889e+06 393.865 -2.66834
6310 1055.27 1.04296e+06 394.114 -2.67368
6320 966.899 1.00207e+06 394.711 -2.68577
6330 1074.95 916347 395.272 -2.69619
6340 1036.53 938875 395.165 -2.69388
6350 1018.78 1.00358e+06 394.54 -2.68153
6360 1075.04 1.07803e+06 393.974 -2.66953
6370 1217.25 1.05371e+06 394.039 -2.67021
6380 1248.24 980742 394.554 -2.67992
6390 1017.45 975256 394.952 -2.68736
6400 957.48 966781 395.111 -2.69012
6410 1129.91 952069 394.968 -2.68692
6420 1181.29 977985 394.419 -2.67616
6430 1007.56 1.10557e+06 393.792 -2.66312
6440 1162.6 1.05782e+06 393.963 -2.6662
6450 1274.76 972727 394.641 -2.6791
6460 1322.67 908013 395.077 -2.68723
6470 1313.07 944655 394.756 -2.68203
6480 1050.56 1.06458e+06 394.016 -2.6682
6490 1084.6 1.10949e+06 393.815 -2.66462
6500 1178.07 998489 394.474 -2.67859
6510 1041.09 932079 395.153 -2.69163
6520 879.808 962071 395.294 -2.6943
6530 1069.51 947194 395.042 -2.68937
6540 1233.05 1.00464e+06 394.387 -2.67645
6550 1302.99 1.06442e+06 393.784 -2.6642
6560 1275 1.07611e+06 393.746 -2.6637
6570 1228.54 996864 394.312 -2.67575
6580 1055.06 981672 394.913 -2.68798
6590 1056.26 945239 395.316 -2.69609
6600 1153.15 902528 395.205 -2.69455
6610 944.148 1.04354e+06 394.376 -2.67915
6620 831.169 1.12739e+06 393.913 -2.66919
6630 1077.59 1.01553e+06 394.442 -2.67942
6640 1107.69 952071 395.156 -2.69225
6650 1085.71 927408 395.455 -2.69701
6660 1241.98 921323 395.103 -2.69
6670 1255.32 1.01774e+06 394.126 -2.67127
6680 1106.45 1.18396e+06 393.425 -2.65648
6690 1288.96 1.00878e+06 394.055 -2.66967
6700 1145.82 980786 394.938 -2.68668
6710 1132.69 909689 395.568 -2.69898
6720 1163.28 894922 395.421 -2.69688
6730 984.817 1.04701e+06 394.473 -2.67899
6740 976.974 1.10971e+06 393.886 -2.66673
6750 1096.08 1.04672e+06 394.206 -2.67309
6760 1190.13 943648 394.911 -2.68632
6770 1264.38 932532 395.182 -2.69109
6780 1279.38 958474 394.851 -2.68525
6790 1052.04 1.08e+06 394.258 -2.67393
6800 1076.59 1.05589e+06 394.255 -2.67411
6810 1101.57 1.00895e+06 394.76 -2.68434
6820 1118.41 943196 395.328 -2.6953
6830 1083.48 907931 395.384 -2.69641
6840 1039.81 1.02582e+06 394.743 -2.68417
6850 1201.15 1.0645e+06 394.283 -2.67449
6860 1373.65 1.00819e+06 394.338 -2.67558
6870 1213.86 1.00217e+06 394.513 -2.67953
6880 962.476 1.03112e+06 394.742 -2.68467
6890 958.633 977127 395.179 -2.69348
6900 1074.99 932498 395.411 -2.69769
6910 1014.43 987781 395.114 -2.69175
6920 1018.88 1.02873e+06 394.705 -2.68321
6930 1176.38 1.03187e+06 394.533 -2.67914
6940 1156.8 1.03126e+06 394.651 -2.681
6950 1118.67 979166 395.008 -2.68765
6960 1167.38 949783 395.203 -2.69102
6970 1187.77 968670 394.968 -2.68647
6980 1241.26 1.01638e+06 394.498 -2.6773
6990 1289.43 1.04224e+06 394.151 -2.67077
7000 1087.1 1.0832e+06 394.221 -2.67289
7010 910.381 1.01597e+06 394.956 -2.68828
7020 1018.67 882542 395.768 -2.70349
7030 1210.61 871843 395.606 -2.70053
7040 1238.01 1.02803e+06 394.42 -2.67838
7050 1131.65 1.14118e+06 393.481 -2.65869
7060 1039.97 1.13034e+06 393.728 -2.66428
7070 1026.72 986182 395.042 -2.6915
7080 1049.17 844975 396.23 -2.71255
7090 1045.45 848125 396.087 -2.70987
7100 986.804 1.01698e+06 394.719 -2.68422
7110 1217.6 1.11755e+06 393.474 -2.6575
7120 1300.94 1.12273e+06 393.214 -2.65138
7130 1010.38 1.12689e+06 394.115 -2.67142
7140 1132.94 862477 395.891 -2.70594
7150 1287.67 773375 396.554 -2.71652
7160 1253.27 925141 395.333 -2.69606
7170 1144.22 1.13803e+06 393.51 -2.65999
7180 1055.42 1.21501e+06 392.857 -2.64565
7190 854.466 1.12867e+06 394.029 -2.67236
7200 889.047 876192 396.206 -2.71512
7210 1100.85 724482 397.305 -2.73192
7220 1090.86 876840 396.121 -2.71196
7230 1194.85 1.09555e+06 393.892 -2.66807
7240 1232.24 1.24259e+06 392.515 -2.6367
7250 1140.26 1.22e+06 393.223 -2.65361
7260 1188.65 907694 395.655 -2.70402
7270 1173.88 731204 397.326 -2.73073
7280 964.432 852234 396.766 -2.72137
7290 1080.97 998596 394.874 -2.6868
7300 1235.44 1.17643e+06 393.035 -2.64816
7310 1015.4 1.31729e+06 392.842 -2.64438
7320 1132.63 974250 395.047 -2.69306
7330 1199.26 756375 397.137 -2.72776
7340 1093.95 787703 397.15 -2.72767
7350 1003.9 975098 395.356 -2.6965
7360 1040.17 1.18241e+06 393.397 -2.65515
7370 1086.63 1.2579e+06 393.019 -2.64613
7380 1143.92 1.03151e+06 394.724 -2.68373
7390 1208.67 789266 396.675 -2.7176
7400 1015.05 847567 396.933 -2.72102
7410 1077.02 927994 395.782 -2.70061
7420 1170.72 1.08805e+06 394.094 -2.66713
7430 1166.64 1.18757e+06 393.183 -2.64687
7440 1126.76 1.15241e+06 393.892 -2.66292
7450 1272.14 888394 395.745 -2.69987
7460 1174.08 814846 396.741 -2.71642
7470 1133.49 873478 396.123 -2.70627
7480 1092.95 1.04334e+06 394.46 -2.67585
7490 971.681 1.22058e+06 393.251 -2.64953
7500 1077.93 1.12756e+06 393.821 -2.66213
7510 1108.41 943291 395.468 -2.69495
7520 1093.17 832883 396.624 -2.71481
7530 1032.29 871977 396.383 -2.71023
7540 1208.38 941653 394.968 -2.68505
7550 1152.38 1.20151e+06 393.257 -2.64962
7560 1255.74 1.18822e+06 393.151 -2.64691
7570 1195 994933 394.604 -2.67732
7580 1008.11 902336 396.083 -2.70497
7590 1050.45 841517 396.66 -2.71499
7600 1236.31 863183 395.843 -2.70141
7610 1116.18 1.09469e+06 393.989 -2.66655
7620 1062.96 1.25905e+06 392.989 -2.64401
7630 1262.43 1.06228e+06 394.033 -2.66703
7640 1323.56 882630 395.628 -2.69717
7650 1030.54 902067 396.331 -2.70992
7660 1010.54 875112 396.053 -2.70564
7670 1022.53 1.00692e+06 394.797 -2.68262
7680 1143.06 1.12958e+06 393.619 -2.65803
7690 1123.97 1.15511e+06 393.569 -2.65688
7700 1076.32 1.00145e+06 394.761 -2.68178
7710 1057.44 891319 395.996 -2.70419
7720 1058.16 861639 396.277 -2.70879
7730 1097.12 918904 395.362 -2.69258
7740 1146.33 1.13429e+06 393.895 -2.66294
7750 1328.84 1.11431e+06 393.436 -2.65228
7760 1223.2 1.07492e+06 394.046 -2.66527
7770 1059.86 968568 395.243 -2.6896
7780 998.215 884341 396.172 -2.7066
7790 1142.28 853750 396.064 -2.70482
7800 1242.33 983714 394.756 -2.68156
7810 1127.57 1.18256e+06 393.424 -2.6536
7820 1192.6 1.11072e+06 393.501 -2.65523
7830 1148.26 1.03086e+06 394.614 -2.67875
7840 1083.59 888996 395.913 -2.70347
7850 990.064 847927 396.263 -2.70965
7860 1019.75 941796 395.344 -2.6933
7870 1147.01 1.08955e+06 393.956 -2.66565
7880 1141.9 1.15824e+06 393.355 -2.65227
7890 1028.1 1.08009e+06 394.063 -2.66723
7900 977.912 960863 395.462 -2.69488
7910 1132.96 828270 396.47 -2.71216
7920 1357.99 834420 396.001 -2.70413
7930 1389.11 1.02092e+06 394.188 -2.6714
7940 1180.46 1.25426e+06 392.669 -2.63907
7950 1047.52 1.19623e+06 393.205 -2.65241
7960 946.016 953302 395.362 -2.69766
7970 891.588 798684 397.139 -2.72803
7980 977.57 755686 397.117 -2.72759
7990 941.85 974567 395.089 -2.69288
8000 978.681 1.25962e+06 392.943 -2.64536
8010 1099.46 1.23421e+06 392.931 -2.64362
8020 1137.02 992853 394.842 -2.68336
8030 1158.53 793119 396.692 -2.71482
8040 1117.14 818220 396.817 -2.71568
8050 1246.62 923591 395.318 -2.68931
8060 1229.67 1.17952e+06 393.332 -2.64885
8070 1147.3 1.26542e+06 392.843 -2.63749
8080 1086.98 1.05423e+06 394.521 -2.67512
8090 1157.71 822456 396.645 -2.71371
8100 1091.14 794072 397.273 -2.72359
8110 1083.97 891744 396.115 -2.70416
8120 1084.83 1.11527e+06 394.102 -2.66518
8130 1076.93 1.26107e+06 393.123 -2.64266
8140 1148.83 1.08891e+06 394.262 -2.668
8150 1207.72 870969 396.138 -2.70329
8160 1146.22 806448 396.931 -2.71648
8170 1053.3 917911 396.096 -2.70222
8180 1211.99 1.05141e+06 394.542 -2.67202
8190 1312.2 1.1505e+06 393.475 -2.64962
8200 1117.72 1.17483e+06 393.743 -2.65638
8210 1154.15 959044 395.366 -2.69057
8220 1130.19 833635 396.678 -2.71386
8230 1065.62 846292 396.554 -2.71212
8240 1049.48 998782 395.148 -2.68717
8250 1074.4 1.15118e+06 393.778 -2.65829
8260 1129.45 1.15231e+06 393.664 -2.65567
8270 1060.08 1.03828e+06 394.854 -2.68123
8280 1050.82 863524 396.31 -2.70778
8290 1096.39 853192 396.646 -2.71307
8300 1298.98 901836 395.664 -2.69608
8310 1256.17 1.11804e+06 393.973 -2.66301
8320 1239.36 1.19237e+06 393.265 -2.64753
8330 1158.82 1.10621e+06 394.188 -2.66853
8340 1158.55 908531 395.95 -2.70398
8350 1121.32 818189 396.947 -2.72135
8360 1058.73 886880 396.382 -2.71225
8370 952.453 1.05476e+06 394.906 -2.6844
8380 1031.49 1.16442e+06 393.914 -2.66302
8390 1152.34 1.08394e+06 394.239 -2.6696
8400 1040.61 1.00948e+06 395.384 -2.69267
8410 1164.03 866495 396.496 -2.71282
8420 1218.13 858996 396.487 -2.71245
8430 1152.93 996620 395.33 -2.69131
8440 1243.02 1.10007e+06 394.125 -2.66679
8450 1255.22 1.12823e+06 393.814 -2.66042
8460 1122.72 1.0744e+06 394.606 -2.67789
8470 1171.93 894499 395.924 -2.70401
8480 1165.85 847683 396.402 -2.7127
8490 1023.87 947345 395.581 -2.69875
8500 951.538 1.11429e+06 394.375 -2.67475
8510 1017.16 1.14535e+06 394.122 -2.66907
8520 1120.26 982257 395 -2.68674
8530 1022.53 937869 395.854 -2.70221
8540 1078.45 917006 396.114 -2.70645
8550 1233.35 920430 395.624 -2.69718
8560 1154.39 1.08927e+06 394.611 -2.67713
8570 1242.63 1.07643e+06 394.213 -2.66847
8580 1237.28 1.05833e+06 394.582 -2.67624
8590 1323.16 933111 395.337 -2.69143
8600 1163.53 937110 395.607 -2.69711
8610 983.816 987286 395.34 -2.69269
8620 1010.93 1.0099e+06 394.925 -2.68497
8630 1095.39 1.04211e+06 394.646 -2.6794
8640 1179.04 1.00504e+06 394.666 -2.67978
8650 1006.28 1.06653e+06 394.865 -2.68391
8660 1010.88 952187 395.47 -2.69568
8670 1145.38 918448 395.724 -2.69997
8680 1240.48 959201 395.309 -2.69193
8690 1253.46 1.00821e+06 394.503 -2.67665
8700 1146.7 1.12728e+06 393.908 -2.66455
8710 1264.99 1.02195e+06 394.227 -2.67141
8720 1045.64 1.02218e+06 394.89 -2.68518
8730 1030.87 911491 395.61 -2.69918
8740 993.153 948687 395.655 -2.69991
8750 1174.41 938588 395.181 -2.69092
8760 1104.51 1.05712e+06 394.296 -2.67391
8770 1104.12 1.10831e+06 393.864 -2.66458
8780 1189.15 1.02866e+06 394.338 -2.67412
8790 1165.8 951017 395.053 -2.68793
8800 1087.07 934765 395.372 -2.69386
8810 1099.9 971333 395.141 -2.68952
8820 1205.25 979866 394.616 -2.67951
8830 1125.77 1.09219e+06 394.043 -2.66819
8840 1258.16 1.03863e+06 394.142 -2.67036
8850 1206.34 988033 394.621 -2.68013
8860 978.886 990437 395.022 -2.68835
8870 965.328 969533 395.311 -2.69401
8880 1111.11 949885 395.332 -2.69423
8890 1146.99 972010 394.906 -2.68615
8900 1026.04 1.09659e+06 394.382 -2.67531
8910 1211.71 982303 394.473 -2.67676
8920 1002.79 1.08248e+06 394.647 -2.68009
8930 1031.76 966372 395.349 -2.69404
8940 1169.12 899851 395.79 -2.70147
8950 1218.22 960918 395.434 -2.69436
8960 1288.48 1.01232e+06 394.695 -2.68036
8970 1319.68 1.07259e+06 394.129 -2.66892
8980 1292.07 1.03732e+06 394.123 -2.66967
8990 857.895 1.10644e+06 394.589 -2.68055
9000 988.969 877589 395.705 -2.70258
9010 966.859 918457 395.969 -2.70673
9020 1063.92 969647 395.466 -2.69688
9030 1141.97 998532 394.69 -2.68158
9040 1063.06 1.1005e+06 393.975 -2.66668
9050 1034.87 1.10984e+06 394.127 -2.66955
9060 1263.52 930214 395.096 -2.68818
9070 1235.16 869329 395.525 -2.69545
9080 1111.58 991311 394.919 -2.68429
9090 1244.63 1.03317e+06 394.16 -2.6692
9100 1246.2 1.09015e+06 393.754 -2.66128
9110 1095.22 1.1004e+06 394.133 -2.67004
9120 1071.29 947765 395.272 -2.69315
9130 974.247 881692 395.998 -2.70629
9140 820.345 961636 395.761 -2.70167
9150 981.953 980566 395.125 -2.68883
9160 1203.01 1.02992e+06 394.356 -2.67301
9170 1251.53 1.10673e+06 393.897 -2.6627
9180 1251.87 1.05389e+06 394.314 -2.67101
9190 1270.98 934061 395.154 -2.68732
9200 1227.72 909318 395.458 -2.69315
9210 1047.23 1.00787e+06 395.056 -2.68592
9220 1086.02 1.00196e+06 394.616 -2.6776
9230 1013.86 1.07636e+06 394.308 -2.67158
9240 1014.12 1.04e+06 394.594 -2.67735
9250 1180.15 934632 395.179 -2.68831
9260 1140.88 935066 395.259 -2.68951
9270 1169.86 981361 394.782 -2.68044
9280 1270.83 1.03569e+06 394.16 -2.66819
9290 1243.38 1.08397e+06 393.868 -2.66263
9300 1143.13 1.05676e+06 394.288 -2.67203
9310 1085.7 943314 395.132 -2.68891
9320 1029.3 933399 395.562 -2.69709
9330 1120.01 922229 395.348 -2.69346
9340 1023.34 1.04255e+06 394.576 -2.67863
9350 1087.15 1.06989e+06 394.102 -2.66873
9360 1168.82 1.05578e+06 394.261 -2.67177
9370 1266.21 948915 394.822 -2.68269
9380 1101.55 977703 395.062 -2.68726
9390 1135.13 957841 395.022 -2.68671
9400 1205.81 1.01034e+06 394.688 -2.6805
9410 1209.73 1.04339e+06 394.433 -2.67572
9420 1153.56 1.0301e+06 394.537 -2.6783
9430 1096.11 993724 394.904 -2.68605
9440 1076.43 964403 395.212 -2.69222
9450 1159.85 957582 395.218 -2.69256
9460 1181.36 989126 394.87 -2.6863
9470 1078.94 1.05397e+06 394.464 -2.67848
9480 1063.32 1.02397e+06 394.473 -2.67882
9490 943.17 1.04343e+06 394.743 -2.68426
9500 959.173 978005 395.346 -2.69602
9510 1125.5 873397 395.698 -2.7019
9520 996.32 987307 395.089 -2.68999
9530 1136.7 1.05541e+06 394.324 -2.67392
9540 1360.74 1.04544e+06 394.026 -2.66705
9550 1385.46 1.02586e+06 394.124 -2.66895
9560 1184.7 1.04796e+06 394.531 -2.67781
9570 1252.91 905963 395.185 -2.69112
9580 1117.67 934571 395.152 -2.69126
9590 1010.82 1.01287e+06 394.557 -2.68049
9600 1083.5 1.04804e+06 394.058 -2.67079
9610 1136.81 1.04115e+06 393.97 -2.6692
9620 1033.74 1.03658e+06 394.265 -2.67532
9630 927.644 994865 394.856 -2.68701
9640 972.258 930106 395.375 -2.69641
9650 1096.95 917633 395.3 -2.69441
9660 1204.59 971546 394.528 -2.67949
9670 1136.13 1.10043e+06 393.582 -2.66005
9680 1041.69 1.13995e+06 393.493 -2.65785
9690 1144.53 995767 394.513 -2.67849
9700 1204.99 880795 395.508 -2.69634
9710 1142.53 904043 395.529 -2.69638
9720 1261.42 963753 394.7 -2.68115
9730 1288.03 1.07693e+06 393.607 -2.65988
9740 1125.25 1.16388e+06 393.211 -2.65204
9750 1093.93 1.06282e+06 394.153 -2.67299
9760 1039.57 898997 395.602 -2.70091
9770 999.77 846810 396.198 -2.71123
9780 1127.57 912170 395.487 -2.69879
9790 1139.25 1.06761e+06 394.078 -2.67147
9800 1137.69 1.16471e+06 393.239 -2.65336
9810 1061.88 1.14236e+06 393.839 -2.66693
9820 1131.31 913690 395.515 -2.70018
9830 1106.63 827562 396.53 -2.71734
9840 1077.42 885272 396.061 -2.70919
9850 1169.02 1.01677e+06 394.613 -2.68191
9860 1164.2 1.18202e+06 393.403 -2.65628
9870 1213.86 1.12123e+06 393.632 -2.66123
9880 1170.37 993638 394.933 -2.68802
9890 995.991 892524 396.18 -2.71125
9900 941.017 869604 396.48 -2.71638
9910 1034.99 934259 395.674 -2.70155
9920 1094.59 1.06082e+06 394.319 -2.67506
9930 1088.27 1.17941e+06 393.562 -2.65799
9940 1324.02 1.03256e+06 394.199 -2.67079
9950 1175.31 973996 395.221 -2.69037
9960 1100.72 887356 395.948 -2.70393
9970 1120.64 916446 395.754 -2.70046
9980 1226.24 1.0122e+06 394.85 -2.68327
9990 1233.78 1.08379e+06 394.056 -2.66745
10000 1158.46 1.09309e+06 393.992 -2.66654
