# Time-averaged data for fix 4
# TimeStep c_mytemp c_mypress v_vmyvol v_avgEtotal
10 1621.75 -1346.67 626.029 -2.85958
20 1402.72 2595.06 625.828 -2.86092
30 1199.41 6591.32 625.68 -2.86167
40 1116.88 8025.06 625.647 -2.86167
50 1294.48 3138.69 625.741 -2.86101
60 1539.99 -1242.81 625.893 -2.85984
70 1692.26 -3587.37 626.031 -2.8587
80 1716.76 -5842.37 626.111 -2.85805
90 1650.17 -1690.54 626.109 -2.85797
100 1550.8 5081.69 626.088 -2.85821
110 1478 8748.2 626.153 -2.85848
120 1491.81 8399.72 626.364 -2.85864
130 1583.77 7933.93 626.72 -2.85876
140 1713.03 5377.12 627.206 -2.85904
150 1792.06 3231.63 627.783 -2.85979
160 1760.81 2806.4 628.416 -2.86114
170 1591.3 6498.84 629.102 -2.86284
180 1460.04 8641.74 629.891 -2.86439
190 1436.22 8100.35 630.819 -2.86562
200 1467.43 4438.57 631.875 -2.8665
210 1449.96 538.995 632.997 -2.86706
220 1319.36 2406.46 634.13 -2.86732
230 1232.36 1475.38 635.29 -2.86717
240 1364.86 -6347.89 636.455 -2.86642
250 1505.01 -11884.1 637.504 -2.86519
260 1540.63 -14094.8 638.342 -2.86395
270 1503.72 -15012.4 638.931 -2.86292
280 1431.06 -12968.8 639.259 -2.86206
290 1347.75 -7281.46 639.367 -2.86119
300 1384.69 -4402.1 639.347 -2.86014
310 1571.09 -8021.14 639.243 -2.8589
320 1735.74 -10562.8 639.01 -2.85784
330 1727.51 -11360.2 638.603 -2.85742
340 1630.97 -9017.82 638.016 -2.85759
350 1604.05 -5862.06 637.288 -2.85804
360 1625.2 -4358.62 636.47 -2.85862
370 1599.03 -838.351 635.6 -2.85934
380 1501.96 2754.27 634.735 -2.86002
390 1428.05 4273.19 633.934 -2.86049
400 1422.46 3806.2 633.22 -2.86068
410 1473.53 4224.92 632.589 -2.86064
420 1528.01 3708.95 632.044 -2.8605
430 1509.58 1701.23 631.573 -2.86037
440 1409.71 2959.7 631.149 -2.8602
450 1342.33 4453.85 630.789 -2.85982
460 1384.62 507.103 630.504 -2.85915
470 1456.93 -2078.29 630.241 -2.85826
480 1522.41 -3027.65 629.954 -2.85732
490 1496.75 237.674 629.63 -2.85646
500 1320.35 5993.51 629.325 -2.85563
510 1192.15 9195.8 629.127 -2.8546
520 1341.51 4156.06 629.08 -2.85316
530 1649.55 -2351.26 629.107 -2.85131
540 1834.4 -5871.23 629.103 -2.84974
550 1772.08 -7120.3 629.01 -2.84911
560 1547.74 -2988.89 628.812 -2.8492
570 1384.97 1514.26 628.572 -2.84932
580 1411.21 2093.58 628.361 -2.84916
590 1572.81 -2468.83 628.185 -2.8488
600 1720.42 -7477.01 627.975 -2.8486
610 1718.06 -5523.09 627.659 -2.8489
620 1610.77 612.68 627.266 -2.8496
630 1426.2 7824.58 626.895 -2.85028
640 1297.6 13671.2 626.666 -2.85058
650 1398.37 13444.9 626.666 -2.85047
660 1639.84 9602.49 626.891 -2.85017
670 1752.54 8717.22 627.287 -2.85016
680 1674.54 10115.2 627.832 -2.85074
690 1507.62 13178.7 628.551 -2.85159
700 1504.9 12219.3 629.483 -2.85244
710 1484.54 12277.4 630.617 -2.85316
720 1319.6 18222.9 631.963 -2.85381
730 1306.79 16390.2 633.598 -2.8542
740 1554.86 6770.05 635.49 -2.85408
750 1716.72 -1393.15 637.486 -2.85365
760 1731.91 -5993.98 639.446 -2.8535
770 1640.87 -7171.22 641.29 -2.85376
780 1538.14 -9667.39 642.987 -2.85418
790 1417.09 -7344.79 644.508 -2.85449
800 1377.74 -7883.05 645.878 -2.85458
810 1333.85 -7993.25 647.097 -2.85429
820 1268.88 -7045.2 648.163 -2.85369
830 1239.72 -6829.63 649.091 -2.85269
840 1360.69 -8080.38 649.886 -2.85128
850 1580.28 -13088.5 650.522 -2.84953
860 1702.64 -15186.6 650.923 -2.84796
870 1665.46 -13155 651.056 -2.84704
880 1568.14 -11696.9 650.953 -2.84665
890 1533.76 -11407.1 650.643 -2.84652
900 1547.22 -9462.95 650.14 -2.84647
910 1570.03 -9429.78 649.475 -2.84652
920 1533.58 -8055.7 648.659 -2.84668
930 1483.19 -6479.26 647.716 -2.84685
940 1413.27 -2287.1 646.683 -2.84685
950 1430.85 1352.71 645.629 -2.84658
960 1507.71 2913.08 644.618 -2.84608
970 1566.05 1803.29 643.678 -2.84557
980 1558.38 -1481.93 642.787 -2.84525
990 1508.19 -3384.51 641.892 -2.84508
1000 1435.06 -1986.02 640.963 -2.84492
1010 1399.66 877.631 640.02 -2.84456
1020 1503.25 -993.083 639.106 -2.84399
1030 1614.32 -4369.17 638.193 -2.84347
1040 1592.65 -1362.96 637.233 -2.84319
1050 1506.79 2595.97 636.273 -2.84302
1060 1486.22 3645.99 635.374 -2.84284
1070 1494.65 4768.82 634.559 -2.84256
1080 1556.49 4228.24 633.841 -2.84227
1090 1580.8 3528.38 633.214 -2.84207
1100 1599.97 1285.38 632.659 -2.84205
1110 1546.57 -1048.93 632.141 -2.84221
1120 1475.77 -1652.34 631.622 -2.84238
1130 1598.84 -5404.05 631.082 -2.84252
1140 1785.03 -8320.72 630.466 -2.84292
1150 1860.63 -6548.39 629.732 -2.84402
1160 1785.21 -2985.17 628.907 -2.84582
1170 1678.54 299.28 628.049 -2.84793
1180 1653.3 2522.33 627.216 -2.85004
1190 1716.79 1829.72 626.44 -2.85225
1200 1728.13 4112.64 625.719 -2.85466
1210 1715.54 3254.75 625.078 -2.85725
1220 1663.35 2987.62 624.51 -2.85992
1230 1551.45 5522.31 624.009 -2.86242
1240 1399.75 11366.2 623.618 -2.86439
1250 1310.43 15865.1 623.427 -2.86567
1260 1353.67 15979.7 623.5 -2.86643
1270 1405.89 16814.2 623.844 -2.86681
1280 1565.73 13407.4 624.464 -2.86704
1290 1708.43 6859.76 625.299 -2.86733
1300 1727.8 3979.51 626.251 -2.86799
1310 1694.15 2010.96 627.265 -2.86905
1320 1694.52 -2804.79 628.301 -2.87035
1330 1680.26 -5709.57 629.285 -2.87183
1340 1615.13 -7918.86 630.165 -2.87341
1350 1434.58 -5426.43 630.913 -2.87484
1360 1240.59 -1878.17 631.563 -2.87577
1370 1080.8 3411.84 632.182 -2.87601
1380 1081.14 3900.56 632.846 -2.87555
1390 1226.83 2189.59 633.569 -2.87436
1400 1376.33 2099.46 634.328 -2.87259
1410 1480.58 2395.18 635.116 -2.8706
1420 1448.96 3914.95 635.944 -2.86872
1430 1360.1 5984.18 636.835 -2.86705
1440 1343.58 6241.75 637.82 -2.86541
1450 1390.36 5538.27 638.905 -2.86365
1460 1437.5 5640.1 640.079 -2.8618
1470 1495.43 3041.78 641.339 -2.85998
1480 1478.29 1170.96 642.642 -2.85825
1490 1397.33 3122.98 643.962 -2.85671
1500 1368.97 2457.66 645.32 -2.85524
1510 1374.26 22.806 646.708 -2.85363
1520 1498.42 -4601.8 648.081 -2.85182
1530 1680.01 -10157.1 649.356 -2.84992
1540 1779.55 -10563.8 650.446 -2.84846
1550 1760 -7964.5 651.341 -2.84787
1560 1642.13 -2936.6 652.089 -2.848
1570 1625.36 -752.836 652.776 -2.84848
1580 1699.32 -1783.88 653.44 -2.84919
1590 1722.17 -1628.8 654.071 -2.85026
1600 1648.66 -1216.23 654.67 -2.85164
1610 1556.07 -1619.29 655.243 -2.85306
1620 1542.24 -4221.93 655.781 -2.85433
1630 1515.97 -5071.91 656.242 -2.85543
1640 1457.5 -5157.08 656.609 -2.85632
1650 1392.78 -6733.67 656.879 -2.85692
1660 1336.14 -6748.55 657.029 -2.85712
1670 1421.08 -8175.42 657.054 -2.85697
1680 1558.88 -11063.4 656.93 -2.85663
1690 1546.69 -10316.5 656.616 -2.85641
1700 1393.44 -7263.84 656.125 -2.85626
1710 1240.38 -3829 655.515 -2.85589
1720 1227.99 -4211.81 654.842 -2.85508
1730 1308.97 -5376.17 654.106 -2.85382
1740 1400.21 -6191.11 653.287 -2.85225
1750 1502.28 -6656.53 652.375 -2.85053
1760 1644.61 -8705.24 651.359 -2.84897
1770 1709.08 -7461.52 650.214 -2.84783
1780 1734.89 -5805.02 648.958 -2.84729
1790 1786.76 -5646.78 647.622 -2.8474
1800 1840.17 -6828.45 646.213 -2.84827
1810 1810.91 -6310.65 644.716 -2.84991
1820 1748.26 -6767.45 643.135 -2.8521
1830 1699.32 -3859.81 641.475 -2.85449
1840 1763.57 -5004.83 639.776 -2.85705
1850 1826.07 -5194.6 638.025 -2.86008
1860 1797.85 -2097.33 636.229 -2.86342
1870 1737.4 -449.922 634.432 -2.86693
1880 1611.35 3218.57 632.669 -2.87014
1890 1539.34 3338.4 630.992 -2.87289
1900 1440.69 5392.53 629.411 -2.87507
1910 1413.47 8694.89 627.956 -2.87657
1920 1473.12 9662.34 626.674 -2.87759
1930 1530.47 12450.3 625.585 -2.87835
1940 1564.82 12599.9 624.725 -2.87903
1950 1540.9 10738.8 624.091 -2.87973
1960 1450.36 9276.71 623.653 -2.88037
1970 1333.75 8805.06 623.384 -2.88072
1980 1349.92 6691.56 623.267 -2.88068
1990 1467.26 675.771 623.262 -2.88032
2000 1478.97 -382.858 623.281 -2.87983
2010 1407.51 2160.12 623.304 -2.87927
2020 1476.13 4160.79 623.367 -2.8786
2030 1632.49 3077.38 623.498 -2.8779
2040 1654.12 4382.41 623.688 -2.87748
2050 1513.63 8087.78 623.958 -2.87742
2060 1344.53 10756.2 624.363 -2.87739
2070 1300.56 11114.2 624.943 -2.8771
2080 1410.72 8360.63 625.702 -2.87646
2090 1467.69 4877.41 626.595 -2.87556
2100 1452.65 1943.35 627.563 -2.8746
2110 1450.55 -453.473 628.557 -2.87358
2120 1524.3 -4982.75 629.533 -2.87247
2130 1663.21 -11939.5 630.411 -2.87137
2140 1733.36 -13257.4 631.09 -2.87065
2150 1679.74 -10572.6 631.544 -2.87057
2160 1513.54 -7212.82 631.817 -2.87089
2170 1314 -3133.23 631.97 -2.87111
2180 1288.56 -2030.25 632.068 -2.8709
2190 1537.95 -6300.13 632.125 -2.8703
2200 1678.28 -6530.94 632.087 -2.86969
2210 1616.68 -1643.8 631.95 -2.86948
2220 1465.04 5326.43 631.796 -2.8695
2230 1302.7 13934.2 631.744 -2.86939
2240 1173.79 17086.3 631.927 -2.86896
2250 1130.94 17593.5 632.401 -2.86812
2260 1221.27 14691.1 633.169 -2.8668
2270 1450.91 6196.09 634.174 -2.8649
2280 1608.53 -876.377 635.282 -2.86266
2290 1623.46 -5582.47 636.368 -2.86068
2300 1556.91 -7053.3 637.355 -2.85916
2310 1504.31 -9996.08 638.207 -2.85796
2320 1422.31 -8805.7 638.886 -2.85687
2330 1442.83 -8686.81 639.406 -2.85581
2340 1520.35 -10962.2 639.766 -2.85469
2350 1543.35 -10627.9 639.939 -2.85369
2360 1495.37 -10386.2 639.929 -2.85289
2370 1406.43 -6960.99 639.747 -2.85218
2380 1356.18 -1790.76 639.453 -2.85136
2390 1387.72 0.409948 639.132 -2.8503
2400 1445.71 1229.08 638.821 -2.84906
2410 1441.99 3758.47 638.543 -2.84775
2420 1534.45 1985.26 638.334 -2.84644
2430 1730.99 -4266.27 638.161 -2.84529
2440 1845.59 -5836.82 637.93 -2.84474
2450 1794.72 -3121.93 637.614 -2.84514
2460 1589.96 1931.68 637.258 -2.84603
2470 1486.12 7138.68 636.947 -2.84691
2480 1466.98 8366.79 636.765 -2.84752
2490 1583.58 3335.89 636.726 -2.84802
2500 1742.59 -4877.06 636.746 -2.84866
2510 1834.36 -11001 636.692 -2.84986
2520 1755.21 -12066.1 636.461 -2.85176
2530 1535.38 -7792.76 636.038 -2.85379
2540 1463.36 -6077.54 635.488 -2.85546
2550 1517.55 -4997.34 634.847 -2.85679
2560 1576.78 -3100.83 634.136 -2.85798
2570 1517.69 508.602 633.39 -2.85906
2580 1410.87 6293.79 632.674 -2.85984
2590 1391.25 10000 632.08 -2.8602
2600 1460.8 6570.49 631.658 -2.86029
2610 1401.75 5601.39 631.366 -2.86019
2620 1346.18 3977.1 631.178 -2.85986
2630 1457.56 -2077.31 631.057 -2.85926
2640 1625.15 -6662.1 630.912 -2.85856
2650 1758.02 -9508.58 630.662 -2.85817
2660 1840.43 -11121.6 630.263 -2.85849
2670 1854.13 -11641.1 629.688 -2.8597
2680 1778.5 -9700.02 628.935 -2.86166
2690 1669.9 -6631.57 628.038 -2.86391
2700 1627.1 -3280.6 627.049 -2.86614
2710 1659 -1314.48 626.024 -2.86828
2720 1694.5 -807.598 624.997 -2.87052
2730 1555.93 3958.34 623.986 -2.87272
2740 1318.7 10689.5 623.066 -2.87429
2750 1286.14 10626.5 622.332 -2.87508
2760 1446.66 5920.98 621.783 -2.87542
2770 1541.99 4055.11 621.351 -2.87558
2780 1519.93 5626.37 621.003 -2.87573
2790 1525.87 9364.08 620.761 -2.87585
2800 1589.54 11342.6 620.68 -2.87602
2810 1544.4 14997.2 620.795 -2.87631
2820 1456.41 19119.9 621.163 -2.8767
2830 1345.78 21256 621.845 -2.87703
2840 1327.13 19600.2 622.87 -2.87715
2850 1466.31 11150.5 624.203 -2.87691
2860 1625.33 1183.22 625.708 -2.87633
2870 1666.93 -3909.71 627.229 -2.87581
2880 1583.62 -8018.38 628.672 -2.87557
2890 1368.79 -6243.46 629.976 -2.8754
2900 1198.79 -3882.68 631.163 -2.87502
2910 1257.35 -6077.09 632.266 -2.87414
2920 1426.42 -7841.99 633.256 -2.87273
2930 1580.47 -10204.2 634.102 -2.87112
2940 1687.71 -10847.3 634.768 -2.86974
2950 1700.81 -7669.81 635.251 -2.86892
2960 1621.01 -2068.23 635.603 -2.86869
2970 1551.64 2796.23 635.919 -2.86877
2980 1551.91 4919.75 636.282 -2.86894
2990 1598.92 2721.28 636.723 -2.86919
3000 1561.63 579.358 637.212 -2.86953
3010 1505.79 -3368.93 637.707 -2.86989
3020 1416.91 -3908.27 638.148 -2.87009
3030 1375.9 -4311.65 638.52 -2.87004
3040 1445.85 -8490.4 638.81 -2.8697
3050 1530.17 -10290.3 638.957 -2.86921
3060 1593.74 -13127.6 638.924 -2.86882
3070 1569.41 -11970.8 638.675 -2.86867
3080 1489.4 -8249.26 638.23 -2.86866
3090 1411 -4050.27 637.654 -2.86858
3100 1313.52 1229.99 637.023 -2.86824
3110 1253.83 5292.13 636.426 -2.86748
3120 1349.77 4971.36 635.929 -2.86631
3130 1509.2 1979.25 635.526 -2.86483
3140 1609.86 -2059.22 635.166 -2.86343
3150 1578.75 -3310.42 634.788 -2.86236
3160 1573.19 -3220.05 634.365 -2.86161
3170 1640.16 -3659.59 633.897 -2.8611
3180 1666.28 -2419.99 633.383 -2.86092
3190 1574.33 -35.179 632.843 -2.86108
3200 1436.58 1847.07 632.314 -2.86126
3210 1429.49 287.221 631.826 -2.86127
3220 1490.46 -3033.42 631.353 -2.86109
3230 1590.87 -4909.84 630.842 -2.86089
3240 1660.54 -3986.56 630.265 -2.86088
3250 1636.75 2249.64 629.645 -2.86115
3260 1603.21 6746.51 629.074 -2.86158
3270 1630.94 6461.19 628.623 -2.86218
3280 1603.81 5677.89 628.296 -2.86292
3290 1614.09 835.634 628.068 -2.86381
3300 1569.72 19.341 627.871 -2.86478
3310 1478.64 1525.25 627.685 -2.86566
3320 1433.04 1526.42 627.53 -2.86631
3330 1378.34 6462.63 627.417 -2.86663
3340 1323.97 12405.4 627.419 -2.86663
3350 1199.47 19396.6 627.638 -2.86629
3360 1139.44 25031.9 628.184 -2.86565
3370 1242.89 20477.5 629.134 -2.86462
3380 1428.86 11674.3 630.42 -2.86305
3390 1579.84 4804 631.898 -2.86114
3400 1646.87 -339.073 633.447 -2.85934
3410 1632.1 -3089.36 634.981 -2.85794
3420 1632.26 -7392.6 636.447 -2.85694
3430 1610.3 -10317.5 637.775 -2.85621
3440 1557.88 -9346.06 638.917 -2.85577
3450 1477.07 -4946.85 639.893 -2.85552
3460 1451.44 -755.358 640.774 -2.85528
3470 1565.84 -1992.13 641.626 -2.85498
3480 1653.81 -2578.39 642.44 -2.85477
3490 1574.21 4.20174 643.208 -2.85487
3500 1373.44 3220.8 643.971 -2.85506
3510 1238.76 5014.91 644.786 -2.85496
3520 1365.58 1479.61 645.675 -2.85439
3530 1596.02 -5277.39 646.579 -2.85339
3540 1691.5 -10311.4 647.385 -2.85248
3550 1549.33 -9434.47 648.01 -2.85202
3560 1356.37 -6338.87 648.467 -2.85172
3570 1408.81 -9195.77 648.797 -2.85122
3580 1473.03 -11086.2 648.965 -2.85049
3590 1474.65 -10645.9 648.939 -2.84977
3600 1399.94 -8014.11 648.729 -2.84903
3610 1394.53 -5897.65 648.384 -2.8482
3620 1491.77 -6219.28 647.938 -2.8472
3630 1589.81 -4683.44 647.397 -2.8462
3640 1644.84 -1726.66 646.787 -2.84543
3650 1618.57 1497.04 646.162 -2.84501
3660 1506.56 4352.23 645.579 -2.84481
3670 1489.79 3846.98 645.084 -2.84461
3680 1612.37 -562.391 644.662 -2.84443
3690 1643 -1991.33 644.249 -2.84448
3700 1550.66 -267.516 643.817 -2.84476
3710 1454.29 2183.23 643.394 -2.84504
3720 1401.38 3850.86 643.02 -2.84511
3730 1348.86 3430.84 642.72 -2.84491
3740 1270.95 5165.94 642.496 -2.84437
3750 1339.15 3183.8 642.365 -2.84345
3760 1555.1 -3322.94 642.29 -2.84221
3770 1728.76 -8842.9 642.163 -2.84106
3780 1770.02 -7803.03 641.9 -2.84052
3790 1804.35 -5893.72 641.51 -2.84075
3800 1809.69 -4549.57 641.026 -2.84172
3810 1745.49 -791.345 640.482 -2.84327
3820 1688.58 -110.814 639.933 -2.8451
3830 1679.47 -1871.39 639.393 -2.84712
3840 1665.27 -2715.89 638.838 -2.84924
3850 1651.66 -5406.96 638.245 -2.85143
3860 1623.2 -6203.81 637.577 -2.85365
3870 1584.46 -5188.19 636.818 -2.85578
3880 1533.69 -3976.16 635.988 -2.85768
3890 1524.19 -1620.91 635.11 -2.8593
3900 1564.18 -3420.34 634.215 -2.86071
3910 1610.56 -5034.05 633.282 -2.86209
3920 1652.57 -6929.43 632.283 -2.86359
3930 1646.87 -5534.29 631.192 -2.86523
3940 1620.71 -5125.67 630.029 -2.86692
3950 1559.04 -5247.28 628.804 -2.86861
3960 1502.76 -3959.19 627.517 -2.87005
3970 1565.31 -5189.06 626.186 -2.87132
3980 1599.71 -4888.73 624.798 -2.87256
3990 1624.62 -3603.61 623.358 -2.87383
4000 1630.47 -3919.59 621.886 -2.87518
4010 1613.6 -3006.72 620.381 -2.8766
4020 1619.18 -2075.77 618.859 -2.87803
4030 1603.2 -972.714 617.335 -2.87949
4040 1501.51 3801.81 615.832 -2.88078
4050 1388.53 9832.61 614.423 -2.88161
4060 1321.7 16834.6 613.202 -2.88183
4070 1334.74 20252.9 612.273 -2.88155
4080 1367.11 21721.5 611.686 -2.88098
4090 1369.44 23243.2 611.461 -2.88025
4100 1392.48 19759.3 611.61 -2.87944
4110 1485.6 15201.6 612.077 -2.87854
4120 1665.63 8760.22 612.785 -2.87766
4130 1820.35 227.879 613.625 -2.8771
4140 1798.63 -2630.41 614.473 -2.87726
4150 1684.57 -1600.92 615.278 -2.87807
4160 1593.57 -468.364 616.053 -2.87916
4170 1485.02 2402.03 616.817 -2.88023
4180 1341.01 6903.56 617.618 -2.88105
4190 1217.79 10771.7 618.524 -2.88144
4200 1133.91 12824.2 619.597 -2.88132
4210 1156.79 11870.3 620.869 -2.88068
4220 1254.32 6371.71 622.316 -2.87939
4230 1325.91 4738.32 623.863 -2.87758
4240 1398.22 1242.53 625.471 -2.87549
4250 1490.01 -1891.05 627.085 -2.8732
4260 1559.29 -3628.01 628.655 -2.87098
4270 1593.84 -5252.22 630.148 -2.86903
4280 1561.98 -4695.88 631.543 -2.86747
4290 1556.42 -4738.27 632.844 -2.86626
4300 1602.76 -6004.56 634.05 -2.86527
4310 1629.71 -7029.42 635.142 -2.86456
4320 1637.09 -8304.39 636.104 -2.86415
4330 1731.93 -13503.8 636.908 -2.86409
4340 1796.65 -17046.4 637.475 -2.86457
4350 1748.22 -16902.6 637.748 -2.86572
4360 1654.89 -14115.7 637.733 -2.86733
4370 1516.48 -6983.38 637.487 -2.86896
4380 1383.45 -1799.97 637.125 -2.87022
4390 1269.59 -410.62 636.735 -2.87093
4400 1173.45 834.376 636.352 -2.87099
4410 1216.36 -3688.02 635.983 -2.87045
4420 1358.13 -8513.04 635.56 -2.86941
4430 1427.53 -9812.06 635.006 -2.8681
4440 1386.93 -8289.83 634.302 -2.86676
4450 1336.16 -6304.3 633.471 -2.86538
4460 1355 -4765.16 632.55 -2.86383
4470 1472.76 -5516.59 631.563 -2.8621
4480 1556.42 -3696.98 630.509 -2.86036
4490 1584.36 -2181.14 629.414 -2.85886
4500 1577.43 -1686.67 628.304 -2.85765
4510 1693.16 -3318.97 627.187 -2.85681
4520 1762.18 -2330.42 626.043 -2.85647
4530 1721.45 -768.448 624.885 -2.85675
4540 1552.38 4016.45 623.745 -2.85738
4550 1345.38 13842.8 622.704 -2.85774
4560 1358.06 17501.2 621.906 -2.85759
4570 1551.47 13058.7 621.403 -2.85724
4580 1566.44 13840.3 621.138 -2.85699
4590 1397.38 19223.2 621.118 -2.85687
4600 1290.87 22079.8 621.416 -2.85667
4610 1366.46 19982.1 622.074 -2.85625
4620 1447.33 17397.9 623.06 -2.85561
4630 1477.26 16331.9 624.328 -2.85494
4640 1492.27 15311.7 625.86 -2.85436
4650 1622.9 6303.72 627.621 -2.85377
4660 1646.51 1978.52 629.482 -2.8532
4670 1549.6 2498.45 631.366 -2.85295
4680 1461.8 1438.92 633.273 -2.85284
4690 1407.14 2478.72 635.189 -2.85261
4700 1337.69 5941.81 637.134 -2.85228
4710 1272.83 7073.5 639.16 -2.85176
4720 1398.14 2657.41 641.281 -2.85084
4730 1579.75 -4633.45 643.423 -2.84941
4740 1610.63 -8149.12 645.469 -2.84794
4750 1588.07 -10357.8 647.35 -2.84676
4760 1573.52 -11395.2 649.027 -2.84584
4770 1527.44 -10330.5 650.486 -2.84517
4780 1430.03 -8560.6 651.744 -2.84462
4790 1356.48 -5946.61 652.836 -2.84401
4800 1379.03 -4425.92 653.806 -2.84321
4810 1429.64 -4014.91 654.685 -2.8422
4820 1416.88 -2162.78 655.484 -2.84109
4830 1367.16 1398.45 656.242 -2.83996
4840 1353.47 3790.93 657.016 -2.83874
4850 1377.64 5369.87 657.853 -2.83737
4860 1414.38 5698.51 658.782 -2.83589
4870 1436.91 4683.37 659.806 -2.83436
4880 1396.09 5233.29 660.912 -2.83284
4890 1459.24 1856.61 662.098 -2.83131
4900 1587.43 -4820.56 663.302 -2.82963
4910 1703.56 -10210 664.408 -2.8281
4920 1773.88 -14461.2 665.312 -2.82711
4930 1700.38 -15634.7 665.941 -2.82685
4940 1538.04 -16632.8 666.27 -2.8271
4950 1390.72 -15898.2 666.287 -2.82739
4960 1372.49 -17130.1 666.004 -2.82748
4970 1439.5 -18792.1 665.403 -2.82739
4980 1459.43 -15766.7 664.471 -2.82721
4990 1474.89 -13242.7 663.261 -2.82698
5000 1454.22 -9347.3 661.832 -2.82667
5010 1387.42 -5039.25 660.258 -2.82622
5020 1309.37 -1794.08 658.622 -2.82545
5030 1355.9 -2431.65 656.982 -2.82439
5040 1441.19 -5446.47 655.327 -2.82311
5050 1604.64 -9875.02 653.605 -2.82189
5060 1776.83 -13038.8 651.744 -2.82111
5070 1865.84 -14133.7 649.689 -2.82123
5080 1773.33 -12389.4 647.43 -2.82233
5090 1527.36 -7386.8 645.005 -2.82374
5100 1424.56 -5985.32 642.497 -2.82481
5110 1518.8 -6774.09 639.935 -2.82564
5120 1582.37 -4109.56 637.318 -2.82634
5130 1613.72 760.238 634.692 -2.82696
5140 1555.31 6374.54 632.14 -2.82742
5150 1406.73 13168.9 629.757 -2.82755
5160 1344.44 18181.5 627.648 -2.82707
5170 1575.3 15487 625.879 -2.82638
5180 1631.29 14159.1 624.413 -2.82588
5190 1644.55 13657.5 623.216 -2.82575
5200 1768.76 13162 622.275 -2.82606
5210 1807.68 13277.2 621.577 -2.82702
5220 1750.56 14800.2 621.118 -2.82862
5230 1662.54 17240.5 620.92 -2.83055
5240 1641.79 17812.7 621.011 -2.83263
5250 1590.93 20397.7 621.406 -2.83478
5260 1624.97 15871.1 622.126 -2.83692
5270 1736.58 10128 623.102 -2.83917
5280 1726.96 7634.27 624.244 -2.84165
5290 1726.23 2605.09 625.498 -2.84428
5300 1696.99 -3032.33 626.782 -2.84694
5310 1532.14 -1929.52 628.012 -2.8494
5320 1357.21 1359.74 629.201 -2.85132
5330 1372.89 716.101 630.393 -2.8526
5340 1464.84 -1523.55 631.583 -2.8534
5350 1607.47 -4203.56 632.735 -2.85397
5360 1692.32 -4808.03 633.807 -2.85467
5370 1587.67 -2007.56 634.791 -2.85566
5380 1388.8 1673.72 635.734 -2.85656
5390 1405.03 2384.82 636.691 -2.85712
5400 1502.57 1829.34 637.678 -2.85738
5410 1487.9 2840.13 638.691 -2.85756
5420 1402.18 3734.61 639.744 -2.8576
5430 1469.9 996.255 640.847 -2.85745
5440 1501.9 -2948.02 641.954 -2.85707
5450 1421.48 -2762.94 643.004 -2.85664
5460 1289.9 -247.535 644 -2.85608
5470 1255.46 -2747.96 644.972 -2.85521
5480 1294.08 -5896.7 645.886 -2.85388
5490 1310.63 -8695.15 646.686 -2.85217
5500 1397.03 -11947.4 647.322 -2.85023
5510 1511.81 -15875.8 647.736 -2.84814
5520 1491.65 -13330.4 647.877 -2.84623
5530 1617.55 -14027.4 647.775 -2.84464
5540 1732.12 -15189.7 647.428 -2.84345
5550 1648.63 -12354.6 646.827 -2.84294
5560 1460.49 -7309.42 646.024 -2.84283
5570 1400.23 -3892.97 645.109 -2.84259
5580 1567.46 -7086.28 644.134 -2.84221
5590 1601.08 -8072.24 643.06 -2.84196
5600 1512.32 -4034.21 641.876 -2.8419
5610 1463.33 -50.3933 640.647 -2.84176
5620 1440.98 3340.82 639.443 -2.84143
5630 1446.23 7420.99 638.326 -2.84088
5640 1531.21 9415.56 637.36 -2.84018
5650 1637.25 10262.1 636.577 -2.83956
5660 1681.91 12208 635.994 -2.83926
5670 1742.13 11012.6 635.634 -2.83945
5680 1787.48 9217.27 635.474 -2.84026
5690 1692.89 10897.6 635.488 -2.84163
5700 1517.57 13904.9 635.7 -2.84315
5710 1418.18 11986.8 636.146 -2.84444
5720 1366.91 9669.33 636.798 -2.84532
5730 1321.99 6568.3 637.614 -2.84575
5740 1362.12 -1548.93 638.528 -2.84566
5750 1426.37 -5679.04 639.414 -2.84511
5760 1566.75 -10634.7 640.191 -2.84437
5770 1679.85 -12058 640.781 -2.84374
5780 1702.93 -7137.07 641.166 -2.84359
5790 1617.63 -1305.87 641.428 -2.84393
5800 1484.89 3573.83 641.667 -2.84441
5810 1490.39 3700.25 641.964 -2.8448
5820 1549.06 4226.96 642.328 -2.84506
5830 1652.95 1712.18 642.762 -2.84539
5840 1731.94 -1186.95 643.226 -2.846
5850 1647.28 45.7978 643.673 -2.84702
5860 1386.52 4232.57 644.126 -2.84806
5870 1199.23 9462.18 644.655 -2.84864
5880 1166.61 10604.5 645.342 -2.84863
5890 1144.03 11687.1 646.214 -2.84805
5900 1106.53 13893.2 647.29 -2.84701
5910 1197.33 11977.1 648.597 -2.8455
5920 1219.91 10612.9 650.11 -2.84349
5930 1353.63 5776.1 651.793 -2.84114
5940 1582.81 -2424.27 653.561 -2.83827
5950 1748.12 -7881.23 655.273 -2.83536
5960 1858.39 -10348.1 656.828 -2.83318
5970 1821.8 -11061.5 658.18 -2.83211
5980 1598.06 -7694.64 659.32 -2.83198
5990 1360.37 -1716.28 660.314 -2.83211
6000 1284.35 1393.17 661.261 -2.83201
6010 1281.44 3436.37 662.225 -2.8315
6020 1261.9 5302.92 663.245 -2.83064
6030 1278.97 3633.63 664.349 -2.82943
6040 1364.22 -222.011 665.509 -2.8278
6050 1497.73 -6173.33 666.651 -2.82586
6060 1660.51 -14417 667.659 -2.82383
6070 1698.02 -20125.8 668.39 -2.8222
6080 1646.93 -22238.7 668.737 -2.82129
6090 1614.43 -23908.6 668.659 -2.821
6100 1626.48 -23758.5 668.134 -2.82118
6110 1687.56 -22093.5 667.172 -2.82183
6120 1741.84 -20567.1 665.812 -2.82303
6130 1675.13 -14906.5 664.1 -2.82469
6140 1586.42 -10477.7 662.141 -2.82637
6150 1583.35 -10690.8 660.021 -2.82801
6160 1557.15 -8131.68 657.753 -2.82961
6170 1509.69 -5816.98 655.382 -2.83096
6180 1485.66 -5063.41 652.953 -2.83207
6190 1505.89 -4879.59 650.484 -2.83294
6200 1617.67 -6404.06 647.979 -2.83377
6210 1766.68 -7335.92 645.416 -2.83491
6220 1838.2 -6414.18 642.781 -2.83666
6230 1761.31 -323.784 640.103 -2.83885
6240 1629.22 5466.55 637.48 -2.8409
6250 1541.35 7724.57 635.007 -2.84262
6260 1560.58 8584.25 632.72 -2.844
6270 1706.01 4884.25 630.624 -2.84546
6280 1805.7 4161.95 628.666 -2.84739
6290 1821.48 3678.45 626.822 -2.84984
6300 1755.28 4208.26 625.085 -2.85271
6310 1640.45 5327.09 623.458 -2.85556
6320 1542.2 8654.84 621.962 -2.85804
6330 1621.05 8401.16 620.637 -2.86013
6340 1786.58 2908.61 619.473 -2.86248
6350 1726.85 2322.99 618.393 -2.86527
6360 1501.31 8343.05 617.386 -2.86778
6370 1410.78 11637.7 616.535 -2.86959
6380 1469.92 11705.3 615.888 -2.87092
6390 1489.7 12871 615.451 -2.87197
6400 1496.57 13572.8 615.234 -2.87282
6410 1575.99 12952.2 615.245 -2.87358
6420 1707.63 10675.4 615.468 -2.87448
6430 1781.17 10501.7 615.869 -2.87582
6440 1738.43 9445.04 616.44 -2.87768
6450 1601.7 9924.59 617.164 -2.87975
6460 1508.46 8679.03 618.041 -2.88163
6470 1548.56 5143.7 619.05 -2.88324
6480 1593.67 4447.45 620.138 -2.88469
6490 1609.39 3861.1 621.288 -2.88616
6500 1476.9 7861.42 622.499 -2.88759
6510 1345.29 12712.5 623.829 -2.88876
6520 1327.75 14636.7 625.352 -2.88959
6530 1300.87 16438.6 627.106 -2.89007
6540 1412.73 10394.3 629.104 -2.89013
6550 1558.5 4171.25 631.258 -2.88974
6560 1568.51 385.419 633.463 -2.88923
6570 1503.61 -950.418 635.655 -2.8888
6580 1497.88 -3681.78 637.804 -2.88834
6590 1569.51 -7908.84 639.863 -2.88773
6600 1606.58 -9439.18 641.765 -2.88717
6610 1554.14 -9670.73 643.481 -2.88682
6620 1443.24 -9601.73 645.006 -2.88656
6630 1360.94 -9068.81 646.344 -2.88617
6640 1342.68 -9349.53 647.502 -2.88551
6650 1387.84 -9938.89 648.481 -2.88458
6660 1395.19 -10016.9 649.271 -2.88344
6670 1358.13 -10937.7 649.871 -2.8822
6680 1339.25 -13394.9 650.266 -2.88083
6690 1305.74 -13714.6 650.422 -2.87931
6700 1351.92 -16063 650.328 -2.87766
6710 1402.01 -17041.3 649.952 -2.87589
6720 1456.12 -16861.4 649.282 -2.87416
6730 1534.92 -18043.3 648.323 -2.87258
6740 1564.58 -15776.2 647.068 -2.8713
6750 1583.39 -12621.1 645.561 -2.87033
6760 1600.68 -11767 643.86 -2.86969
6770 1513.77 -9625.28 641.991 -2.86931
6780 1509.36 -7047.84 639.996 -2.86902
6790 1479.81 -3016.12 637.924 -2.86863
6800 1412.02 2033.21 635.848 -2.86805
6810 1305.2 7140.44 633.854 -2.86713
6820 1389.03 7962.66 632.02 -2.8658
6830 1667.02 4266.9 630.358 -2.86435
6840 1835.48 1579.59 628.806 -2.86337
6850 1713 4016.26 627.328 -2.86321
6860 1638.72 4570.47 625.946 -2.86354
6870 1666.4 3617.02 624.67 -2.86415
6880 1705.57 3562.58 623.488 -2.86505
6890 1685.12 5221.62 622.395 -2.86627
6900 1623.66 7426.48 621.415 -2.86764
6910 1564.59 8219.81 620.579 -2.869
6920 1456.67 11883.8 619.905 -2.87017
6930 1340.41 13722.8 619.439 -2.87094
6940 1251.95 14727.1 619.212 -2.87122
6950 1290.61 13339.2 619.23 -2.87101
6960 1506.45 7450.41 619.464 -2.87042
6970 1658.28 6436.85 619.832 -2.86976
6980 1691.09 4977.01 620.303 -2.8695
6990 1593.78 4473.39 620.854 -2.86965
7000 1441.55 7502.09 621.484 -2.86994
7010 1402.72 6232.83 622.226 -2.87008
7020 1474.71 4847.54 623.066 -2.86996
7030 1567.16 2287.01 623.976 -2.86972
7040 1573.44 1072.75 624.92 -2.86955
7050 1472.13 2130.1 625.876 -2.8695
7060 1333.61 3487.68 626.859 -2.86938
7070 1287.32 1514.02 627.887 -2.86892
7080 1407.22 -4025.91 628.923 -2.868
7090 1562.38 -7569.47 629.886 -2.86678
7100 1607.58 -9264.31 630.713 -2.86566
7110 1540.17 -6426.45 631.382 -2.86488
7120 1423.91 -2485.7 631.939 -2.86431
7130 1329.13 23.9939 632.447 -2.86367
7140 1252.59 2505.44 632.954 -2.86279
7150 1257.84 4318.18 633.499 -2.86159
7160 1365.31 3037.41 634.111 -2.85999
7170 1562.68 -509.24 634.766 -2.85811
7180 1667.27 -2131.74 635.413 -2.85632
7190 1650.93 -1620.88 636.021 -2.85508
7200 1546.62 -466.236 636.599 -2.85432
7210 1462.03 1084.65 637.167 -2.85378
7220 1518.84 227.422 637.746 -2.85322
7230 1691.09 -4719.66 638.321 -2.85271
7240 1804.85 -9474.94 638.811 -2.85259
7250 1820.43 -12011.9 639.138 -2.85321
7260 1845.58 -15507.9 639.255 -2.85462
7270 1839.89 -16470.6 639.109 -2.85683
7280 1729.38 -12363.2 638.691 -2.85957
7290 1537.45 -7463.68 638.073 -2.86222
7300 1395.86 -2761.53 637.34 -2.86429
7310 1343.28 193.964 636.574 -2.86565
7320 1346.76 -351.609 635.823 -2.86643
7330 1361.77 -1221.16 635.084 -2.86674
7340 1409.95 -1875.22 634.341 -2.86669
7350 1497.06 -3641.64 633.581 -2.86644
7360 1450.78 -338.678 632.784 -2.86612
7370 1318.21 5097.46 632.005 -2.86558
7380 1422.83 2405.25 631.316 -2.86477
7390 1520.83 1177.22 630.688 -2.86378
7400 1558.18 3824.27 630.1 -2.86286
7410 1567.77 5501.83 629.592 -2.86211
7420 1577.1 9084.9 629.194 -2.86154
7430 1633.66 11358.8 628.96 -2.8612
7440 1652.97 13326.9 628.927 -2.86119
7450 1558.65 17612.7 629.131 -2.86152
7460 1473.52 18462.3 629.63 -2.86201
7470 1459.84 15540.6 630.436 -2.86243
7480 1539.77 11717.5 631.5 -2.86273
7490 1567.44 11474.1 632.761 -2.86304
7500 1604.78 8369.87 634.203 -2.86347
7510 1628.32 6785.87 635.78 -2.86403
7520 1633.39 4959.78 637.459 -2.86476
7530 1585.18 4868.78 639.213 -2.86563
7540 1545.47 5133.47 641.035 -2.86655
7550 1543.23 3560.46 642.928 -2.86743
7560 1524.18 320.888 644.863 -2.86815
7570 1457.4 -72.6761 646.791 -2.86868
7580 1349.41 -2358.92 648.693 -2.86892
7590 1252.37 -5757.64 650.533 -2.86865
7600 1206.02 -7086.31 652.252 -2.86783
7610 1263.68 -8821.28 653.823 -2.86649
7620 1393.5 -10490.6 655.216 -2.86469
7630 1499.26 -12324.8 656.401 -2.86268
7640 1513.23 -11978.5 657.351 -2.86079
7650 1467.06 -9223.45 658.076 -2.85919
7660 1434.67 -7987.71 658.62 -2.85776
7670 1379.9 -3452.32 659.021 -2.85638
7680 1442.53 -3201.82 659.349 -2.85497
7690 1462.94 -5670.9 659.612 -2.85347
7700 1363.83 -4470.07 659.778 -2.85205
7710 1363.37 -6179.15 659.859 -2.85061
7720 1378.65 -6599.16 659.831 -2.84901
7730 1443.97 -6470.82 659.687 -2.84731
7740 1549.79 -8401.84 659.424 -2.84562
7750 1564.94 -6324.25 659.023 -2.84415
7760 1481.81 -3575.89 658.518 -2.84297
7770 1422.05 -2323.8 657.957 -2.84192
7780 1454.24 -2377.14 657.366 -2.84083
7790 1515.4 -4198.99 656.744 -2.83971
7800 1501.28 -6409.07 656.059 -2.83873
7810 1403.61 -3924.51 655.281 -2.83784
7820 1374.62 -2675.59 654.445 -2.83687
7830 1506.99 -2687.35 653.579 -2.83571
7840 1733.63 -5794.18 652.677 -2.83461
7850 1860.21 -5799.13 651.697 -2.83413
7860 1863.61 -4818.41 650.637 -2.83462
7870 1759.24 -3723.68 649.512 -2.83596
7880 1535.82 2551.65 648.357 -2.83748
7890 1365.4 7200.08 647.269 -2.83854
7900 1400.83 6394.75 646.325 -2.83907
7910 1579.17 -100.45 645.507 -2.8394
7920 1735.06 -5076.54 644.71 -2.83996
7930 1761.75 -9373.6 643.842 -2.84108
7940 1672.95 -9848.05 642.836 -2.8427
7950 1636.04 -10685.1 641.677 -2.84446
7960 1742.29 -15212.7 640.35 -2.84653
7970 1763.25 -16172.7 638.792 -2.84912
7980 1653.9 -12060.7 636.993 -2.85196
7990 1494.53 -7040.05 635.024 -2.85446
8000 1350.08 -160.447 632.978 -2.85624
8010 1228.23 10309.1 630.98 -2.85693
8020 1279.88 13468.4 629.186 -2.85671
8030 1449.01 11960.2 627.65 -2.85606
8040 1533.01 12730.3 626.353 -2.85531
8050 1478.62 15838.9 625.301 -2.85462
8060 1385.2 19513.9 624.538 -2.8539
8070 1413.23 17889.1 624.11 -2.85311
8080 1479.73 16722.1 623.994 -2.85226
8090 1568.18 13493.8 624.16 -2.85148
8100 1596.29 12706.8 624.559 -2.85092
8110 1469.16 15415.1 625.175 -2.85065
8120 1436.99 13618.3 626.038 -2.85046
8130 1545.93 9509.76 627.121 -2.85014
8140 1703.5 4012.94 628.352 -2.84985
8150 1835.39 198.881 629.642 -2.84994
8160 1823.59 2155.23 630.935 -2.85084
8170 1712.82 6142.77 632.255 -2.85244
8180 1608.18 8926.83 633.668 -2.85435
8190 1571.4 9001.26 635.218 -2.85625
8200 1580.96 5483.02 636.904 -2.858
8210 1629.23 -443.963 638.665 -2.85958
8220 1634.36 -6120.11 640.401 -2.86101
8230 1590.07 -6379.82 642.023 -2.86237
8240 1625.5 -6287.95 643.515 -2.86372
8250 1677.4 -5298.66 644.883 -2.8652
8260 1633.16 -3724.56 646.145 -2.86686
8270 1507.2 -1798.44 647.329 -2.86847
8280 1350.86 1115.85 648.473 -2.86973
8290 1267.49 831.485 649.619 -2.87043
8300 1224.94 645.037 650.77 -2.87051
8310 1211.4 -1042.9 651.919 -2.87002
8320 1207.96 -3940.88 653.035 -2.86897
8330 1186.33 -5023.75 654.071 -2.86744
8340 1166.07 -5494.49 655.005 -2.86552
8350 1205.52 -6511.44 655.828 -2.86322
8360 1282.32 -7890.93 656.524 -2.86054
8370 1383.62 -9559.02 657.068 -2.8576
8380 1480.15 -12864 657.429 -2.85462
8390 1529.07 -14455.1 657.554 -2.85187
8400 1482.78 -12119.4 657.423 -2.84958
8410 1358.51 -7444.52 657.078 -2.84768
8420 1297.83 -3248.79 656.606 -2.84585
8430 1430.41 -3856.92 656.078 -2.84384
8440 1590.55 -4718.13 655.494 -2.84173
8450 1646.01 -3022.78 654.843 -2.83994
8460 1649.48 -3185.2 654.149 -2.83868
8470 1645.77 -2562.4 653.416 -2.83794
8480 1567.82 -286.345 652.658 -2.83755
8490 1488.59 -1299.66 651.906 -2.83733
8500 1473.84 -2566.86 651.15 -2.83709
8510 1581.59 -6232.75 650.36 -2.83684
8520 1706.02 -11386.2 649.474 -2.83687
8530 1718.39 -14087.5 648.408 -2.83745
8540 1668.34 -14643.1 647.116 -2.83854
8550 1666.55 -14554.6 645.591 -2.83998
8560 1641.41 -10585.3 643.846 -2.84163
8570 1610.17 -4422.31 641.955 -2.84319
8580 1676.53 -1833.37 640.021 -2.84469
8590 1695.59 1872.5 638.098 -2.84634
8600 1552.61 8622.65 636.254 -2.84788
8610 1367.54 13596.2 634.596 -2.84886
8620 1457.29 11967 633.198 -2.84934
8630 1678.77 5765.08 632.027 -2.84985
8640 1833.32 2534.16 630.988 -2.85085
8650 1897.33 -542.977 630.014 -2.85271
8660 1860.45 -1091.47 629.06 -2.85533
8670 1871.78 -2288.17 628.109 -2.8586
8680 1825.51 -1491.72 627.146 -2.86235
8690 1696.15 1229.23 626.183 -2.86616
8700 1494.11 4781.95 625.264 -2.86944
8710 1273.84 9578.51 624.448 -2.87173
8720 1100.4 12741.4 623.81 -2.87285
8730 1174.54 9619.98 623.387 -2.8731
8740 1348.61 4408.7 623.133 -2.87274
8750 1493.91 1211.35 622.963 -2.87206
8760 1511.72 4360.69 622.831 -2.87133
8770 1363.11 8577.86 622.779 -2.87068
8780 1198.51 12296.9 622.876 -2.86987
8790 1387.59 7407.71 623.167 -2.86869
8800 1590.2 3618.43 623.585 -2.86715
8810 1519.78 3309.12 624.066 -2.86583
8820 1198.45 9576.66 624.612 -2.86481
8830 1083.02 12053.3 625.308 -2.8637
8840 1385.06 6037.99 626.186 -2.86195
8850 1604.96 4142.47 627.168 -2.85963
8860 1637.8 4843.67 628.214 -2.85765
8870 1566.31 6290.22 629.334 -2.85628
8880 1458.7 8176.4 630.553 -2.85533
8890 1488.52 5455.12 631.893 -2.85449
8900 1576.72 -515.015 633.309 -2.85356
8910 1586.7 -4194.47 634.707 -2.85267
8920 1685.29 -8147.43 636.02 -2.85203
8930 1654.6 -10587 637.181 -2.85171
8940 1535.33 -7666.84 638.157 -2.85171
8950 1611.29 -6574.86 638.987 -2.85188
8960 1648.94 -3756.09 639.7 -2.85224
8970 1554.3 2203 640.348 -2.85287
8980 1393.96 8558.53 641.032 -2.8535
8990 1327.25 10210.6 641.855 -2.85385
9000 1435.11 6174.89 642.843 -2.85382
9010 1537.04 28.9251 643.929 -2.85349
9020 1506.11 -3500.34 645.01 -2.85308
9030 1425.69 -4514.2 646.023 -2.85266
9040 1334.29 -4871.15 646.948 -2.85207
9050 1344.79 -8210.79 647.773 -2.85119
9060 1433.99 -11064.6 648.444 -2.84999
9070 1546.95 -11403.1 648.916 -2.84869
9080 1654.61 -13419.3 649.177 -2.84759
9090 1628.31 -12955 649.202 -2.84693
9100 1467.63 -7814.51 649.008 -2.84662
9110 1403.36 -5635.05 648.676 -2.8463
9120 1486.71 -4083.04 648.251 -2.84581
9130 1551.35 -1578.07 647.768 -2.84525
9140 1445.23 1621.77 647.269 -2.84475
9150 1248.11 7434.32 646.819 -2.84413
9160 1230.52 7424.09 646.502 -2.84316
9170 1390.14 4087.52 646.325 -2.84174
9180 1542.05 1024.58 646.228 -2.84007
9190 1605.21 -1545.77 646.158 -2.83853
9200 1607.18 -5127.78 646.065 -2.83737
9210 1634.35 -9197.47 645.887 -2.8366
9220 1696.32 -10784.8 645.557 -2.83624
9230 1798.16 -11748.7 645.047 -2.83645
9240 1861.73 -13373.5 644.341 -2.83746
9250 1814.9 -11849.7 643.421 -2.83932
9260 1735.65 -8392.8 642.314 -2.84165
9270 1696.92 -3805.75 641.087 -2.84415
9280 1509.64 3272.64 639.822 -2.84648
9290 1243.48 11970.8 638.646 -2.84785
9300 1430.16 9388.44 637.684 -2.84851
9310 1670.81 4549.76 636.904 -2.84907
9320 1695.47 1490.22 636.224 -2.84997
9330 1601.54 2583.81 635.593 -2.85113
9340 1551.79 3023.05 635.022 -2.85225
9350 1594.58 -757.358 634.51 -2.85336
9360 1513.87 -587.205 634.005 -2.85444
9370 1385.47 2231.54 633.508 -2.85525
9380 1364.13 1680.93 633.057 -2.85564
9390 1419.31 -148.732 632.644 -2.85565
9400 1549.5 -1708.46 632.241 -2.85546
9410 1673.63 -2887.96 631.821 -2.85537
9420 1697.82 -1458.2 631.368 -2.85564
9430 1649.91 1709 630.905 -2.85626
9440 1623.26 3921.84 630.484 -2.8571
9450 1581.63 3824.88 630.137 -2.85804
9460 1479.59 5270.57 629.87 -2.85893
9470 1413.83 4380.52 629.698 -2.85955
9480 1471.85 860.617 629.604 -2.8599
9490 1534.89 -54.3731 629.537 -2.86009
9500 1559.84 -1350.29 629.473 -2.86028
9510 1474.26 -298.281 629.396 -2.86051
9520 1338.97 2422.82 629.324 -2.86054
9530 1390.08 1678.12 629.293 -2.86023
9540 1586.22 -2372.77 629.291 -2.85968
9550 1750.26 -6470.66 629.253 -2.8593
9560 1724.09 -5273.5 629.122 -2.85951
9570 1569.14 -1676.84 628.911 -2.86014
9580 1419.6 6997.2 628.691 -2.86071
9590 1412.74 12831.6 628.591 -2.86099
9600 1476.93 15442.7 628.712 -2.86104
9610 1548.06 15088.9 629.092 -2.86108
9620 1552.1 15378 629.731 -2.86123
9630 1517.75 15631 630.628 -2.86152
9640 1484.69 15107.3 631.785 -2.86189
9650 1404.9 14026.6 633.191 -2.8622
9660 1296.13 12510.3 634.825 -2.86228
9670 1352.77 8274.32 636.657 -2.86198
9680 1500.76 292.655 638.611 -2.86114
9690 1606.97 -7194.93 640.552 -2.85998
9700 1604.98 -10222.1 642.356 -2.85893
9710 1566.11 -11267.2 643.967 -2.85815
9720 1489.3 -10304.8 645.365 -2.85756
9730 1385.65 -7329.06 646.569 -2.85704
9740 1295.95 -3403.38 647.635 -2.85638
9750 1363.45 -6195.9 648.618 -2.85542
9760 1490.85 -11565.5 649.476 -2.8541
9770 1558.2 -14322.6 650.125 -2.85276
9780 1592.9 -19008.5 650.507 -2.85166
9790 1578.92 -20871.6 650.55 -2.85095
9800 1562.85 -19124.8 650.225 -2.85059
9810 1662.99 -20168.1 649.56 -2.85056
9820 1732.04 -19445.3 648.551 -2.85104
9830 1665.3 -15230.8 647.221 -2.85206
9840 1525.49 -8306.46 645.65 -2.85317
9850 1447.25 -1721.8 643.964 -2.85398
9860 1429.89 2657.43 642.279 -2.85433
9870 1363.16 5424.66 640.673 -2.85431
9880 1265.76 7990.52 639.194 -2.85386
9890 1259.75 7329.55 637.882 -2.85296
9900 1404.18 2754.64 636.718 -2.85171
9910 1625.86 -2653.96 635.625 -2.85034
9920 1815.05 -6906.67 634.512 -2.84936
9930 1894.13 -8230.48 633.31 -2.84934
9940 1751.42 -4103.86 632.002 -2.85031
9950 1430.25 3476.09 630.657 -2.85135
9960 1366.45 5611.6 629.393 -2.85189
9970 1543.98 2143.98 628.241 -2.8521
9980 1716.07 -749.237 627.152 -2.85244
9990 1724.92 262.344 626.081 -2.85324
10000 1597.04 3054.39 625.04 -2.85431
