# Time-averaged data for fix 4
# TimeStep c_mytemp c_mypress v_vmyvol v_avgEtotal
10 845.16 975213 395.023 -2.72194
20 822.619 1.01453e+06 394.737 -2.71618
30 877.06 1.04578e+06 394.638 -2.71364
40 1112.67 930416 394.817 -2.71644
50 935.63 1.06377e+06 394.587 -2.71141
60 1036.7 980661 394.747 -2.71422
70 954.073 1.02192e+06 394.881 -2.71651
80 950.117 995577 395.156 -2.72177
90 1057.72 941368 395.346 -2.72518
100 990.361 1.00137e+06 395.072 -2.71981
110 924.341 1.0064e+06 394.706 -2.7128
120 786.957 1.0992e+06 394.582 -2.71024
130 1050.17 925191 395.159 -2.72117
140 940.825 992348 395.241 -2.72215
150 986.28 966151 395.127 -2.71964
160 1071.52 967989 394.683 -2.71128
170 912.518 1.09986e+06 394.072 -2.69887
180 1003.12 1.02091e+06 394.279 -2.70292
190 993.141 990683 394.777 -2.71253
200 945.01 954802 395.154 -2.71973
210 944.464 956425 395.097 -2.71859
220 1005.49 984781 394.604 -2.70911
230 961.725 1.0721e+06 394.027 -2.69763
240 982.487 1.06412e+06 394.136 -2.69987
250 1092.39 934766 394.763 -2.712
260 860.379 1.0128e+06 394.956 -2.71566
270 1036.14 946894 395.097 -2.71845
280 1098.16 974064 394.787 -2.71281
290 985.47 1.05479e+06 394.28 -2.70304
300 894.587 1.04385e+06 394.245 -2.70265
310 872.475 1.00159e+06 394.658 -2.71102
320 937.147 959740 395.086 -2.71902
330 968.114 960035 395.128 -2.71959
340 1045.52 945391 394.723 -2.71201
350 1009.94 1.07472e+06 393.928 -2.69639
360 1108.71 1.05427e+06 393.736 -2.69242
370 1035.52 1.04991e+06 394.188 -2.70203
380 1016.28 942347 395.019 -2.71883
390 903.335 921232 395.336 -2.72499
400 856.629 981081 394.909 -2.71713
410 965.105 1.03057e+06 394.259 -2.70453
420 1068.62 1.06143e+06 393.952 -2.69817
430 1054.12 1.01548e+06 394.201 -2.70331
440 807.197 1.02769e+06 394.693 -2.71343
450 914.617 912701 395.32 -2.7254
460 1002.52 931763 395.166 -2.72239
470 1053.16 1.01692e+06 394.364 -2.70686
480 1051.81 1.10026e+06 393.777 -2.69496
490 1096.19 1.02405e+06 394.043 -2.70064
500 873.152 1.02431e+06 394.68 -2.71365
510 828.445 942729 395.476 -2.72936
520 1048.09 843491 395.623 -2.73225
530 926.631 1.04201e+06 394.449 -2.71043
540 1012.55 1.12259e+06 393.593 -2.69218
550 1154.86 1.0408e+06 393.888 -2.69823
560 1068.12 991384 394.646 -2.7136
570 910.616 942458 395.307 -2.7267
580 951.712 892206 395.34 -2.72784
590 922.966 1.00719e+06 394.415 -2.71094
600 863.765 1.12591e+06 393.596 -2.69406
610 922.485 1.05019e+06 393.902 -2.70022
620 868.543 983498 394.749 -2.71658
630 839.429 941266 395.442 -2.72929
640 994.451 874711 395.475 -2.72947
650 1061.5 977093 394.354 -2.70879
660 934.957 1.18933e+06 393.154 -2.68344
670 1084.26 1.07032e+06 393.59 -2.69235
680 1138.31 925129 394.749 -2.71458
690 904.136 950276 395.286 -2.7245
700 901.418 923994 395.227 -2.72359
710 982.685 985589 394.457 -2.70944
720 990.235 1.11459e+06 393.652 -2.69285
730 1140.49 1.01937e+06 393.794 -2.69567
740 962.772 1.03958e+06 394.294 -2.70599
750 948.103 959299 395.084 -2.72189
760 1067.57 875394 395.437 -2.72866
770 978.923 962562 394.645 -2.71477
780 854.188 1.13799e+06 393.577 -2.69346
790 947.947 1.07094e+06 393.709 -2.69614
800 916.694 971329 394.57 -2.71293
810 763.071 973868 395.227 -2.72519
820 999.581 878599 395.489 -2.72973
830 1209.79 922521 394.606 -2.71405
840 1149.32 1.14631e+06 393.14 -2.68459
850 1151.64 1.13704e+06 392.963 -2.68116
860 985.381 1.01848e+06 394.13 -2.70641
870 803.224 910202 395.489 -2.73257
880 767.002 879101 395.964 -2.74112
890 954.942 900975 395.192 -2.72766
900 1002.67 1.09898e+06 393.591 -2.69644
910 1073.77 1.17406e+06 392.927 -2.68162
920 1018.26 1.05088e+06 393.9 -2.70241
930 888.095 910634 395.38 -2.73091
940 853.102 863550 395.986 -2.74139
950 947.52 917596 395.25 -2.7281
960 1146.12 1.04718e+06 393.721 -2.6989
970 1095.78 1.2102e+06 392.797 -2.67902
980 1123.68 1.04024e+06 393.696 -2.69861
990 856.71 947271 395.125 -2.72665
1000 705.868 892703 395.998 -2.74267
1010 869.196 869476 395.768 -2.73856
1020 1075.06 969988 394.277 -2.71162
1030 1034.07 1.21524e+06 392.668 -2.6777
1040 1022.64 1.16128e+06 393.033 -2.68595
1050 955.692 914303 394.87 -2.72251
1060 720.714 869989 396.011 -2.74219
1070 842.738 863593 395.773 -2.73783
1080 999.774 1.00231e+06 394.264 -2.70966
1090 1104.75 1.15736e+06 392.814 -2.67869
1100 1039.67 1.17457e+06 392.934 -2.68126
1110 1014.92 947279 394.591 -2.7151
1120 887.297 864606 395.847 -2.73716
1130 918.439 866110 395.724 -2.73494
1140 1043.2 974090 394.298 -2.70922
1150 1034.22 1.17993e+06 392.747 -2.67693
1160 1065.69 1.15665e+06 392.863 -2.67956
1170 982.44 970747 394.459 -2.71258
1180 836.693 852124 395.792 -2.73656
1190 873.465 857893 395.666 -2.73438
1200 929.85 999336 394.181 -2.7072
1210 867.323 1.19519e+06 392.787 -2.67745
1220 1058.88 1.10786e+06 393.167 -2.68521
1230 1222.1 910357 394.563 -2.71204
1240 1018.52 899225 395.187 -2.72318
1250 855.364 962366 394.81 -2.7165
1260 868.851 1.03935e+06 394.062 -2.70198
1270 935.912 1.07669e+06 393.715 -2.69463
1280 1027.57 1.01752e+06 394.075 -2.70165
1290 1084.21 945563 394.607 -2.71178
1300 1057.93 943180 394.625 -2.71228
1310 938.757 1.03388e+06 394.154 -2.7034
1320 1038.52 1.02311e+06 393.935 -2.69921
1330 1049.9 1.01284e+06 393.976 -2.70038
1340 895.477 1.02344e+06 394.169 -2.70464
1350 736.042 1.0214e+06 394.606 -2.71349
1360 921.844 921065 395.152 -2.72377
1370 1081.41 915636 394.959 -2.72
1380 959.679 1.0548e+06 394.038 -2.70198
1390 943.348 1.10882e+06 393.626 -2.6932
1400 1091.65 1.00973e+06 394.196 -2.7047
1410 1109.01 943957 394.91 -2.71834
1420 1018.88 947610 395.097 -2.72214
1430 1066.8 937880 394.7 -2.71543
1440 919.952 1.07606e+06 393.838 -2.69923
1450 852.349 1.10298e+06 393.653 -2.69565
1460 859.58 999006 394.439 -2.71168
1470 822.723 921288 395.23 -2.7263
1480 887.297 906669 395.235 -2.72599
1490 1048.32 1.00068e+06 394.38 -2.70943
1500 1171.24 1.08179e+06 393.525 -2.69165
1510 1087.82 1.09506e+06 393.499 -2.6912
1520 1001.79 998572 394.343 -2.70868
1530 935.734 932567 395.202 -2.72519
1540 973.873 896895 395.364 -2.72841
1550 1041.91 979373 394.557 -2.71393
1560 1006.86 1.11699e+06 393.622 -2.69518
1570 954.605 1.08744e+06 393.749 -2.69816
1580 913.054 975148 394.716 -2.71782
1590 951.656 892403 395.441 -2.73119
1600 963.544 923132 395.132 -2.72571
1610 932.678 1.02756e+06 394.097 -2.70595
1620 916.087 1.13072e+06 393.379 -2.69095
1630 1045.43 1.04684e+06 393.851 -2.7007
1640 1109.56 915768 394.761 -2.71799
1650 963.914 945424 394.944 -2.72141
1660 888.212 993523 394.559 -2.71429
1670 917.988 1.0359e+06 394.119 -2.70558
1680 1024.03 1.03914e+06 394.018 -2.70345
1690 1081.77 1.01181e+06 394.316 -2.70941
1700 1158.49 943169 394.683 -2.71678
1710 1018.46 981416 394.564 -2.71517
1720 925.003 1.02722e+06 394.266 -2.70988
1730 1035.88 999054 394.173 -2.70857
1740 971.946 1.04469e+06 394.168 -2.70901
1750 910.365 1.01224e+06 394.551 -2.71717
1760 831.892 943520 395.011 -2.72616
1770 703.854 985320 395.003 -2.72579
1780 851.188 993599 394.792 -2.72118
1790 1024.05 1.00023e+06 394.534 -2.71529
1800 1142.13 994865 394.256 -2.7092
1810 1042.31 1.06808e+06 394.041 -2.70463
1820 1055.95 989361 394.361 -2.71104
1830 1002.95 977724 394.655 -2.71676
1840 903.539 1.00703e+06 394.751 -2.7188
1850 976.848 973220 394.855 -2.72086
1860 1081.35 969696 394.714 -2.71826
1870 1072.91 1.01746e+06 394.313 -2.71078
1880 1045.68 1.03228e+06 394.065 -2.70632
1890 864.601 1.05102e+06 394.171 -2.70898
1900 727.532 1.04573e+06 394.801 -2.72217
1910 872.319 895786 395.744 -2.73998
1920 957.996 864249 395.702 -2.73889
1930 893.193 1.02208e+06 394.421 -2.71472
1940 933.308 1.14191e+06 393.363 -2.69187
1950 992.987 1.09415e+06 393.637 -2.69704
1960 943.885 968894 394.823 -2.72032
1970 994.19 870471 395.695 -2.7356
1980 1106.15 892610 395.302 -2.72843
1990 1147.03 1.05386e+06 393.939 -2.70253
2000 1152.46 1.13009e+06 393.072 -2.68449
2010 956.096 1.13105e+06 393.516 -2.69504
2020 825.712 969149 395.165 -2.7297
2030 851.163 803867 396.465 -2.75249
2040 855.823 869936 395.898 -2.74286
2050 798.368 1.11155e+06 394.148 -2.70899
2060 965.817 1.13787e+06 393.382 -2.6911
2070 993.359 1.05385e+06 393.987 -2.70286
2080 904.857 969443 395.13 -2.72509
2090 951.568 864767 395.921 -2.73882
2100 1024.33 906240 395.421 -2.72952
2110 1121.73 1.05553e+06 394.048 -2.7029
2120 1216.67 1.1395e+06 393.244 -2.68571
2130 1173.77 1.05331e+06 393.71 -2.69606
2140 843.751 1.01281e+06 394.815 -2.71927
2150 805.319 876099 395.916 -2.74024
2160 809.949 893470 395.852 -2.73913
2170 843.324 1.02523e+06 394.804 -2.71889
2180 1057.43 1.04858e+06 393.888 -2.7
2190 931.295 1.1377e+06 393.637 -2.69448
2200 946.201 1.00191e+06 394.542 -2.71274
2210 921.435 929065 395.56 -2.73157
2220 979.272 879874 395.821 -2.73588
2230 924.08 1.00838e+06 394.998 -2.72025
2240 1093.36 1.05368e+06 394.202 -2.70351
2250 1205.24 1.03944e+06 393.914 -2.69765
2260 938.941 1.0978e+06 394.153 -2.70324
2270 968.103 928056 395.154 -2.7233
2280 1001.76 895218 395.538 -2.73035
2290 922.401 988987 394.935 -2.71932
2300 956.66 1.08353e+06 394.242 -2.70549
2310 1136.75 1.00909e+06 394.252 -2.7057
2320 974.322 1.01926e+06 394.459 -2.71012
2330 817.549 1.00415e+06 394.844 -2.71816
2340 915.342 924775 395.196 -2.72478
2350 916.974 987537 394.914 -2.7192
2360 964.563 1.01599e+06 394.446 -2.70987
2370 994.331 1.04696e+06 394.182 -2.70427
2380 1071.8 1.00495e+06 394.334 -2.70711
2390 907.901 1.04118e+06 394.646 -2.71331
2400 1031.82 917822 395.185 -2.72378
2410 1099.78 939783 395.017 -2.72084
2420 957.973 1.08789e+06 394.371 -2.70823
2430 1032.34 1.0071e+06 394.389 -2.70878
2440 869.381 1.04026e+06 394.657 -2.71437
2450 956.865 928180 395.132 -2.72374
2460 927.148 974928 395.068 -2.72241
2470 900.268 993553 394.67 -2.71463
2480 850.159 1.06345e+06 394.297 -2.70697
2490 998.06 1.01138e+06 394.47 -2.71002
2500 1125.36 938023 394.718 -2.71438
2510 957.136 1.04593e+06 394.553 -2.71101
2520 1063.3 966639 394.616 -2.71229
2530 956.409 1.04094e+06 394.545 -2.71098
2540 955.1 984838 394.739 -2.71496
2550 972.185 959866 394.82 -2.71656
2560 1052.26 985900 394.543 -2.71132
2570 970.297 1.05006e+06 394.145 -2.70376
2580 891.338 1.06039e+06 394.237 -2.70583
2590 1053.47 952948 394.849 -2.71777
2600 1043.61 959189 395.069 -2.72197
2610 969.399 977945 394.876 -2.71852
2620 981.969 1.01188e+06 394.475 -2.71104
2630 1037.25 1.02116e+06 394.169 -2.70519
2640 967.691 1.04401e+06 394.126 -2.70467
2650 871.404 1.0283e+06 394.495 -2.7124
2660 839.945 958945 395.118 -2.72449
2670 913.864 913570 395.321 -2.72802
2680 988.869 972354 394.71 -2.71639
2690 1024.24 1.09044e+06 393.898 -2.69978
2700 1126.68 1.05283e+06 393.875 -2.69904
2710 1107.23 987612 394.399 -2.70959
2720 1076.91 956936 394.822 -2.71817
2730 1041.87 956519 394.814 -2.71871
2740 969.339 1.00012e+06 394.39 -2.71136
2750 828.619 1.0915e+06 394.038 -2.70487
2760 861.619 1.03694e+06 394.509 -2.71488
2770 917.508 908785 395.276 -2.72933
2780 821.668 951207 395.261 -2.72871
2790 790.609 1.02953e+06 394.762 -2.71859
2800 958.393 1.01268e+06 394.483 -2.71223
2810 1070.93 1.00596e+06 394.371 -2.70918
2820 1109.81 1.03177e+06 394.353 -2.70829
2830 1217.98 961282 394.566 -2.71242
2840 1057.89 996543 394.501 -2.71163
2850 923.618 1.03642e+06 394.382 -2.70986
2860 927.046 1.01242e+06 394.612 -2.71482
2870 982.296 950586 394.91 -2.72085
2880 894.115 1.0018e+06 394.83 -2.7194
2890 1081.28 976732 394.667 -2.71635
2900 1100.29 1.00742e+06 394.339 -2.71032
2910 913.691 1.04741e+06 394.097 -2.70598
2920 706.954 1.07038e+06 394.362 -2.71172
2930 787.369 933875 395.18 -2.72763
2940 881.453 900073 395.41 -2.7311
2950 964.281 983250 394.702 -2.71707
2960 1119.44 1.05076e+06 393.813 -2.69877
2970 1077.85 1.10499e+06 393.468 -2.69121
2980 1007.71 1.03452e+06 394.095 -2.70412
2990 958.992 943423 395.073 -2.72304
3000 1013.56 874273 395.452 -2.72996
3010 976.308 981949 394.685 -2.71609
3020 1011.74 1.087e+06 393.744 -2.69705
3030 1092.7 1.07309e+06 393.612 -2.69442
3040 1002.38 1.02782e+06 394.225 -2.70737
3050 854.154 950638 395.089 -2.72441
3060 794.369 902161 395.452 -2.73113
3070 848.914 957072 394.875 -2.72041
3080 953.868 1.08145e+06 393.95 -2.70143
3090 1075.14 1.05744e+06 393.731 -2.69622
3100 944.161 1.04878e+06 394.143 -2.70429
3110 884.485 985109 395.014 -2.72146
3120 1049.54 862788 395.645 -2.73269
3130 1011.88 947175 395.048 -2.72171
3140 1030.29 1.06323e+06 393.917 -2.69941
3150 1070.47 1.11296e+06 393.435 -2.68923
3160 1162.04 1.00957e+06 393.959 -2.70023
3170 964.454 993472 394.7 -2.71526
3180 879.334 914242 395.275 -2.72667
3190 852.832 942238 395.062 -2.723
3200 886.04 1.04077e+06 394.311 -2.70832
3210 972.676 1.05308e+06 393.93 -2.70024
3220 1124.28 994993 394.023 -2.70189
3230 1023.33 1.03313e+06 394.192 -2.70532
3240 897.538 989752 394.604 -2.71369
3250 793.81 946109 394.909 -2.71947
3260 766.808 986855 394.736 -2.71585
3270 845.419 1.02665e+06 394.431 -2.70919
3280 1035.13 980785 394.316 -2.706
3290 1100.51 1.01541e+06 394.097 -2.70095
3300 1157.25 1.03007e+06 394.028 -2.69918
3310 1186.38 977473 394.195 -2.70262
3320 995.472 1.02606e+06 394.257 -2.70437
3330 1012.15 980106 394.466 -2.7091
3340 963.971 990202 394.554 -2.71134
3350 898.759 979335 394.494 -2.71064
3360 854.221 1.02261e+06 394.304 -2.70709
3370 941.676 999667 394.26 -2.70621
3380 826.23 1.03106e+06 394.298 -2.70676
3390 917.307 970364 394.552 -2.71138
3400 1096.09 952976 394.549 -2.71085
3410 1061.39 1.0195e+06 394.14 -2.70269
3420 1053.26 1.04558e+06 393.895 -2.69782
3430 1107.08 1.01379e+06 394.088 -2.70196
3440 1038.51 989509 394.432 -2.70913
3450 938.719 969891 394.664 -2.71416
3460 949.89 967089 394.596 -2.71332
3470 905.899 1.04003e+06 394.273 -2.70725
3480 938.405 1.0194e+06 394.273 -2.70733
3490 968.813 981889 394.474 -2.71124
3500 908.459 993269 394.518 -2.71207
3510 882.882 1.00349e+06 394.516 -2.71184
3520 1009.03 960406 394.476 -2.71085
3530 985.814 1.02727e+06 394.155 -2.70431
3540 1120.86 1.00995e+06 394.03 -2.70168
3550 1096.94 1.00731e+06 394.037 -2.70202
3560 975.222 1.01828e+06 394.13 -2.70429
3570 969.487 1.00404e+06 394.408 -2.71015
3580 1062.19 939045 394.66 -2.71539
3590 983.749 985818 394.384 -2.71069
3600 951.486 1.07336e+06 394.026 -2.70393
3610 1112.75 986685 394.247 -2.70871
3620 1040.39 979806 394.422 -2.71268
3630 859.994 1.02033e+06 394.438 -2.71357
3640 915.032 975647 394.573 -2.71653
3650 919.415 999224 394.526 -2.71574
3660 875.501 1.03393e+06 394.498 -2.71515
3670 1077.38 940616 394.681 -2.71858
3680 1052.24 988066 394.394 -2.71322
3690 855.767 1.10284e+06 394.064 -2.70677
3700 924.353 996476 394.58 -2.71721
3710 1043 901462 395.08 -2.72636
3720 986.218 987263 394.718 -2.71953
3730 1001.82 1.03647e+06 394.192 -2.70906
3740 941.332 1.03493e+06 394.012 -2.7055
3750 865.704 1.03399e+06 394.213 -2.70952
3760 1087.26 925402 394.636 -2.71753
3770 1019.31 996393 394.49 -2.71465
3780 1008.31 1.01078e+06 394.217 -2.7094
3790 1018.92 1.01977e+06 394.09 -2.7071
3800 972.572 1.01635e+06 394.141 -2.70837
3810 836.738 1.03643e+06 394.415 -2.71406
3820 937.369 935170 394.927 -2.72393
3830 982.412 934036 394.858 -2.72253
3840 961.288 1.03197e+06 394.212 -2.70981
3850 1072.28 1.04427e+06 393.807 -2.70152
3860 1095.96 1.03612e+06 393.873 -2.70295
3870 1013.34 992805 394.276 -2.71123
3880 805.144 996607 394.659 -2.71899
3890 832.029 937868 394.925 -2.72406
3900 966.805 965501 394.64 -2.71846
3910 1061.47 1.01138e+06 394.003 -2.7058
3920 962.189 1.08118e+06 393.537 -2.69627
3930 916.881 1.05634e+06 393.822 -2.70209
3940 969.559 968956 394.65 -2.71822
3950 1062.97 887622 395.135 -2.72698
3960 954.841 967956 394.603 -2.71723
3970 990.646 1.06022e+06 393.755 -2.70033
3980 1073.93 1.07968e+06 393.481 -2.69471
3990 934.333 1.04633e+06 394.001 -2.70573
4000 838.779 936316 394.922 -2.72364
4010 844.967 912874 395.255 -2.72944
4020 927.873 948471 394.717 -2.71918
4030 988.558 1.06303e+06 393.739 -2.69963
4040 1081.63 1.09017e+06 393.34 -2.69078
4050 1027.77 1.05658e+06 393.847 -2.70111
4060 940.386 954455 394.872 -2.7214
4070 976.186 871202 395.416 -2.73114
4080 973.769 977280 394.804 -2.71979
4090 1088.76 1.02394e+06 393.882 -2.70172
4100 989.643 1.12391e+06 393.312 -2.69026
4110 904.635 1.0662e+06 393.87 -2.7024
4120 937.113 926257 395.05 -2.72525
4130 1050.17 854191 395.501 -2.73332
4140 985.199 965547 394.582 -2.7172
4150 878.164 1.15201e+06 393.431 -2.69343
4160 1025.25 1.05557e+06 393.569 -2.696
4170 1007.27 989991 394.348 -2.71146
4180 952.776 934127 395.014 -2.7241
4190 892.034 920480 395.02 -2.72427
4200 828.697 999036 394.287 -2.71035
4210 833.765 1.11033e+06 393.592 -2.69582
4220 966.973 1.04627e+06 393.895 -2.70149
4230 1073.32 926749 394.611 -2.71448
4240 892.615 988208 394.763 -2.71673
4250 966.483 958232 394.66 -2.71441
4260 1038.96 1.01031e+06 394.235 -2.70581
4270 1023.43 1.05641e+06 393.905 -2.69895
4280 973.612 1.04077e+06 394.134 -2.70351
4290 1025.68 947510 394.689 -2.71422
4300 944.817 974505 394.825 -2.71668
4310 1074.37 968373 394.653 -2.71342
4320 1169.14 982588 394.17 -2.70466
4330 907.056 1.11316e+06 393.654 -2.69486
4340 861.321 1.05342e+06 394.122 -2.70507
4350 968.284 919964 395.082 -2.72364
4360 921.207 908308 395.309 -2.7277
4370 882.592 989308 394.663 -2.71552
4380 927.657 1.06291e+06 393.911 -2.70025
4390 920.471 1.08044e+06 393.777 -2.69714
4400 909.315 1.00196e+06 394.401 -2.70938
4410 947.39 925899 395.032 -2.72073
4420 904.802 965577 395.006 -2.71963
4430 1014.59 970608 394.566 -2.71077
4440 1041.31 1.05271e+06 393.929 -2.69778
4450 1187.71 1.0479e+06 393.752 -2.69392
4460 1222.06 1.00556e+06 394.06 -2.70041
4470 1099.42 977290 394.428 -2.70848
4480 985.325 981255 394.599 -2.71277
4490 920.459 971963 394.551 -2.71274
4500 808.244 1.02034e+06 394.273 -2.70794
4510 815.272 1.03427e+06 394.189 -2.70636
4520 984.069 982539 394.39 -2.71016
4530 930.946 989342 394.48 -2.71165
4540 912.751 988777 394.444 -2.71071
4550 1008.03 1.01027e+06 394.321 -2.708
4560 1096.23 987489 394.262 -2.70662
4570 1045.87 1.00919e+06 394.125 -2.70403
4580 995.661 1.02425e+06 394.079 -2.70335
4590 994.34 999729 394.255 -2.70706
4600 1069.04 974579 394.432 -2.71079
4610 1110 962395 394.347 -2.70972
4620 1025.5 1.03033e+06 393.962 -2.70298
4630 963.782 1.04863e+06 393.851 -2.70147
4640 957.322 997386 394.181 -2.70861
4650 946.651 968939 394.511 -2.71541
4660 841.668 989513 394.561 -2.71661
4670 931.817 976404 394.468 -2.71488
4680 894.189 997265 394.157 -2.70885
4690 778.591 1.07804e+06 393.912 -2.70365
4700 1008.68 983926 394.285 -2.71054
4710 1030.72 967833 394.59 -2.71571
4720 996.26 966431 394.552 -2.71466
4730 986.06 1.01399e+06 394.228 -2.70816
4740 1149.37 1.01052e+06 394 -2.7035
4750 1212.48 1.02323e+06 393.913 -2.70213
4760 1150.9 1.00093e+06 394.029 -2.70536
4770 900.629 1.02633e+06 394.211 -2.70999
4780 722.196 1.02533e+06 394.656 -2.71963
4790 874.543 896514 395.207 -2.7302
4800 886.307 965604 394.901 -2.72428
4810 1071.34 994268 394.15 -2.70967
4820 1115.32 1.09239e+06 393.476 -2.69595
4830 1012.64 1.06762e+06 393.621 -2.6992
4840 809.694 1.03612e+06 394.495 -2.71735
4850 938.419 878747 395.6 -2.73836
4860 1013.88 847214 395.53 -2.73727
4870 876.509 1.07043e+06 394.149 -2.71088
4880 1007.32 1.11151e+06 393.289 -2.69239
4890 958.834 1.11398e+06 393.632 -2.69973
4900 976.813 923763 394.929 -2.72532
4910 776.634 921085 395.635 -2.73749
4920 857.789 903852 395.454 -2.73386
4930 1067.98 993716 394.389 -2.7137
4940 1235.23 1.10433e+06 393.297 -2.69069
4950 1162.11 1.11621e+06 393.218 -2.68926
4960 878.103 1.05285e+06 394.3 -2.7129
4970 790.934 863747 395.767 -2.74064
4980 800.861 869038 396.011 -2.74449
4990 964.669 923530 394.875 -2.72431
5000 869.597 1.16077e+06 393.187 -2.68991
5010 1001.23 1.15893e+06 392.942 -2.68361
5020 1096.25 989964 394.205 -2.70906
5030 1014.17 888089 395.423 -2.73127
5040 923.082 875922 395.53 -2.73304
5050 950 983998 394.438 -2.71306
5060 930.32 1.15746e+06 393.294 -2.68922
5070 1045.99 1.07398e+06 393.531 -2.69387
5080 966.975 958596 394.537 -2.71349
5090 812.595 933626 395.17 -2.725
5100 821.899 939750 395.13 -2.7239
5110 988.86 979227 394.501 -2.71149
5120 1041.51 1.08429e+06 393.725 -2.6954
5130 1083.03 1.06393e+06 393.728 -2.695
5140 1168.93 971513 394.334 -2.70682
5150 1066.99 967651 394.724 -2.71456
5160 972.214 961116 394.757 -2.71576
5170 895.423 1.004e+06 394.453 -2.71032
5180 987.015 1.01534e+06 394.147 -2.70456
5190 969.012 1.04349e+06 394.048 -2.70279
5200 978.953 980686 394.298 -2.70792
5210 848.713 1.01676e+06 394.464 -2.71118
5220 989.731 972408 394.709 -2.71595
5230 1116.71 940610 394.683 -2.71546
5240 957.213 1.05951e+06 394.189 -2.70603
5250 875.558 1.07461e+06 394.229 -2.70705
5260 1032.48 941568 394.902 -2.72028
5270 1016.36 920407 395.065 -2.72329
5280 847.201 1.0455e+06 394.548 -2.71337
5290 924.839 1.02252e+06 394.354 -2.70924
5300 1066.54 984526 394.398 -2.70988
5310 1054.84 1.01393e+06 394.36 -2.7091
5320 1068.68 977757 394.388 -2.70986
5330 1057.7 994890 394.254 -2.70766
5340 1023.82 1.03264e+06 394.079 -2.70478
5350 939.77 1.02887e+06 394.227 -2.70829
5360 968.798 947078 394.583 -2.71559
5370 899.831 986275 394.521 -2.71466
5380 886.372 1.00366e+06 394.284 -2.71013
5390 871.648 1.01306e+06 394.084 -2.70614
5400 783.83 1.04785e+06 394.064 -2.70545
5410 873.235 987225 394.444 -2.7124
5420 1039.44 931470 394.696 -2.71637
5430 1097.8 965591 394.313 -2.70863
5440 1077.78 1.06195e+06 393.649 -2.69526
5450 1018.83 1.07123e+06 393.546 -2.69314
5460 941.468 1.03003e+06 394.164 -2.70591
5470 953.198 921098 395.005 -2.72207
5480 839.944 939301 395.146 -2.72447
5490 827.397 988571 394.672 -2.71516
5500 952.307 1.03009e+06 394.079 -2.70304
5510 1012.96 1.08099e+06 393.839 -2.69757
5520 1035.92 1.00646e+06 394.316 -2.70675
5530 1000.12 949132 394.879 -2.71725
5540 912.028 954546 394.963 -2.71861
5550 929.694 993786 394.608 -2.71159
5560 1055.88 1.0165e+06 394.174 -2.70278
5570 1083.34 1.05956e+06 393.954 -2.69826
5580 1120.01 1.00767e+06 394.263 -2.70469
5590 965.675 972586 394.66 -2.71277
5600 695.825 1.01838e+06 394.878 -2.71728
5610 903.501 922137 395.106 -2.72152
5620 1095.49 960368 394.683 -2.71333
5630 1130.11 1.04276e+06 393.873 -2.69749
5640 1006.13 1.1148e+06 393.537 -2.69081
5650 960.758 1.0191e+06 394.232 -2.70547
5660 855.402 941464 395.143 -2.72298
5670 801.986 918188 395.486 -2.72919
5680 925.969 924695 394.975 -2.71978
5690 921.468 1.0755e+06 393.852 -2.69739
5700 952.798 1.11512e+06 393.412 -2.68748
5710 990.133 1.0441e+06 394.096 -2.70123
5720 1090.11 895333 395.138 -2.72068
5730 1078.05 908502 395.241 -2.72225
5740 1067.35 992394 394.444 -2.70741
5750 1049.37 1.08496e+06 393.602 -2.69091
5760 1050.33 1.08204e+06 393.567 -2.69063
5770 972.99 1.01507e+06 394.322 -2.7065
5780 749.636 960755 395.265 -2.72524
5790 868.529 860175 395.706 -2.73332
5800 854.905 992559 394.927 -2.71869
5810 1049.83 1.05344e+06 393.996 -2.69942
5820 1180.6 1.06946e+06 393.617 -2.69133
5830 1029.99 1.07293e+06 393.937 -2.69821
5840 977.118 977207 394.954 -2.71908
5850 1069.14 853245 395.66 -2.7322
5860 813.433 1.00052e+06 395.108 -2.72222
5870 883.449 1.04024e+06 394.453 -2.70901
5880 1060.62 1.02048e+06 394.164 -2.70315
5890 1017.56 1.06533e+06 394.194 -2.70384
5900 1044.08 976427 394.757 -2.71513
5910 1042.41 909619 395.081 -2.72151
5920 916.921 1.00504e+06 394.634 -2.71345
5930 889.633 1.07598e+06 394.224 -2.70529
5940 1059.4 957454 394.406 -2.70891
5950 925.748 1.02745e+06 394.367 -2.70824
5960 841.843 1.02485e+06 394.522 -2.71141
5970 1002.41 930145 394.844 -2.71739
5980 987.588 1.00075e+06 394.625 -2.71294
5990 1090.18 1.0072e+06 394.322 -2.70692
6000 1110.55 1.01361e+06 394.131 -2.70332
6010 1049.75 1.0284e+06 394.07 -2.70264
6020 855.946 1.06909e+06 394.375 -2.70953
6030 946.224 906368 395.161 -2.72504
6040 839.109 943927 395.182 -2.72535
6050 823.189 1.0098e+06 394.63 -2.71447
6060 961.29 1.02038e+06 394.135 -2.70429
6070 951.579 1.0652e+06 393.908 -2.69923
6080 966.167 1.03699e+06 394.302 -2.70682
6090 1082.1 922351 394.983 -2.71955
6100 1007.8 949493 394.986 -2.71934
6110 979.937 1.02438e+06 394.516 -2.71008
6120 1138.02 995052 394.194 -2.70382
6130 1010.94 1.07503e+06 393.956 -2.69946
6140 976.298 1.02748e+06 394.374 -2.70848
6150 1029.76 921724 395.021 -2.72116
6160 871.467 954432 394.973 -2.72058
6170 835.645 1.03203e+06 394.514 -2.71169
6180 1098.56 1.00145e+06 394.258 -2.70653
6190 958.117 1.08315e+06 394.171 -2.7049
6200 893.851 1.00467e+06 394.789 -2.71767
6210 1017.27 859813 395.372 -2.72839
6220 920.104 985549 394.765 -2.71717
6230 953.335 1.06351e+06 393.958 -2.70075
6240 990.189 1.05393e+06 393.741 -2.69611
6250 868.655 1.04604e+06 394.112 -2.70359
6260 959.367 953987 394.868 -2.71805
6270 1066.34 897165 395.166 -2.72325
6280 1056.91 985423 394.538 -2.71155
6290 1070.32 1.08422e+06 393.768 -2.69616
6300 1133.06 1.06298e+06 393.781 -2.69678
6310 1079.78 1.00296e+06 394.423 -2.71032
6320 988.85 942742 395.087 -2.72384
6330 978.429 911766 395.17 -2.72616
6340 867.925 998584 394.44 -2.71315
6350 753.737 1.10693e+06 393.742 -2.69913
6360 889.869 1.04589e+06 394.004 -2.70436
6370 995.6 955919 394.716 -2.71774
6380 962.089 944220 395.04 -2.72343
6390 1024.24 955151 394.79 -2.71853
6400 1112.12 1.01435e+06 394.13 -2.7057
6410 1019.03 1.09432e+06 393.652 -2.69625
6420 844.866 1.08133e+06 394.093 -2.70592
6430 971.582 900959 395.195 -2.72728
6440 918.007 915968 395.457 -2.73164
6450 913.86 973496 394.86 -2.72025
6460 1072.31 1.03711e+06 394.007 -2.70345
6470 1060.44 1.11341e+06 393.581 -2.69457
6480 1057.76 1.0174e+06 394.165 -2.70678
6490 933.172 958318 394.988 -2.72281
6500 950.93 903324 395.343 -2.72962
6510 970.951 955972 394.799 -2.71986
6520 922.671 1.08154e+06 393.862 -2.70144
6530 878.728 1.14502e+06 393.766 -2.69952
6540 1056.44 946890 394.9 -2.72241
6550 956.955 880977 395.61 -2.73484
6560 795.136 990034 395.249 -2.72782
6570 1066.31 967837 394.61 -2.71534
6580 1039.37 1.10019e+06 393.86 -2.70016
6590 1021.46 1.08134e+06 393.985 -2.70276
6600 1000.2 967249 394.885 -2.72075
6610 962.577 902921 395.485 -2.73188
6620 897.543 946899 395.147 -2.72583
6630 913.129 1.02551e+06 394.311 -2.70943
6640 917.297 1.09699e+06 393.734 -2.69759
6650 859.747 1.1071e+06 394.153 -2.70656
6660 1061.34 898406 395.448 -2.73126
6670 1109.28 847430 395.821 -2.73746
6680 953.351 1.00055e+06 394.8 -2.71884
6690 931.57 1.11829e+06 393.743 -2.69707
6700 983.845 1.07802e+06 393.797 -2.69802
6710 1001.15 998293 394.648 -2.71501
6720 1003.26 911317 395.452 -2.73016
6730 1026.73 889232 395.378 -2.72904
6740 935.428 1.04017e+06 394.316 -2.70927
6750 821.818 1.13512e+06 393.634 -2.6949
6760 879.34 1.05161e+06 394.224 -2.70709
6770 1088.56 892309 395.246 -2.72613
6780 971.629 940650 395.353 -2.72759
6790 862.219 1.00543e+06 394.839 -2.71753
6800 909.555 1.01784e+06 394.329 -2.70723
6810 858.934 1.10921e+06 394.146 -2.70313
6820 1016.72 963516 394.819 -2.7161
6830 1017.73 929047 395.244 -2.72331
6840 1014.01 972426 394.994 -2.7182
6850 1068.68 1.01113e+06 394.446 -2.7075
6860 993.122 1.06851e+06 394.059 -2.69969
6870 893.157 1.04883e+06 394.321 -2.70509
6880 980.352 956764 395.015 -2.7187
6890 1084.56 901359 395.292 -2.72372
6900 1032.44 987931 394.661 -2.71223
6910 955.523 1.09024e+06 393.948 -2.69804
6920 950.461 1.04903e+06 394.039 -2.70004
6930 961.147 991931 394.64 -2.71208
6940 993.803 926140 395.135 -2.72151
6950 1009.37 938036 394.928 -2.71788
6960 911.849 1.04594e+06 394.169 -2.70335
6970 965.776 1.08423e+06 393.852 -2.69677
6980 1127.14 976055 394.253 -2.70478
6990 958.206 999335 394.556 -2.71082
7000 823.46 998132 394.821 -2.71622
7010 945.841 931669 394.989 -2.71939
7020 1049.56 984937 394.572 -2.71141
7030 1060.72 1.05629e+06 394.015 -2.70037
7040 990.393 1.06488e+06 394.011 -2.70047
7050 1042.16 968383 394.567 -2.71175
7060 977.88 963306 394.9 -2.71827
7070 979.802 959929 394.827 -2.71723
7080 900.419 1.01855e+06 394.413 -2.70951
7090 897.169 1.03187e+06 394.146 -2.70419
7100 970.786 1.0287e+06 394.214 -2.70545
7110 1054.18 991018 394.553 -2.71207
7120 1084.41 931003 394.755 -2.71607
7130 822.657 1.03026e+06 394.428 -2.70992
7140 964.826 1.01083e+06 394.267 -2.7067
7150 1059.55 1.01227e+06 394.273 -2.70675
7160 984.414 1.0033e+06 394.387 -2.70908
7170 887.025 1.023e+06 394.578 -2.71294
7180 985.858 956745 394.913 -2.71946
7190 998.895 965538 394.876 -2.71869
7200 1025.52 1.01666e+06 394.523 -2.71178
7210 1126.17 1.01331e+06 394.289 -2.70738
7220 980.024 1.04108e+06 394.248 -2.707
7230 920.717 988263 394.547 -2.7133
7240 923.733 1.00477e+06 394.821 -2.71877
7250 1038.02 939835 395.007 -2.72255
7260 896.162 1.01067e+06 394.749 -2.71772
7270 874.062 1.00449e+06 394.499 -2.71279
7280 902.893 1.03745e+06 394.365 -2.70993
7290 1090.74 996012 394.55 -2.71333
7300 1141.71 943356 394.67 -2.71562
7310 956.064 1.02335e+06 394.349 -2.70966
7320 864.916 1.04152e+06 394.207 -2.70703
7330 935.58 1.007e+06 394.458 -2.71204
7340 1099.86 940427 394.749 -2.71753
7350 1030.67 983938 394.525 -2.71347
7360 905.082 1.02966e+06 394.133 -2.70601
7370 819.08 1.05244e+06 394.053 -2.70445
7380 972.618 990513 394.43 -2.71177
7390 1124.02 926744 394.705 -2.71675
7400 995.33 1.00258e+06 394.356 -2.71021
7410 871.015 1.05494e+06 394.01 -2.70338
7420 900.944 1.02964e+06 394.178 -2.70668
7430 957.766 983212 394.642 -2.71557
7440 972.439 937446 394.909 -2.72036
7450 924.121 982694 394.627 -2.71476
7460 932.727 1.03055e+06 394.164 -2.70537
7470 1032.11 1.05531e+06 394.01 -2.70192
7480 1115.68 985922 394.35 -2.70851
7490 980.823 968779 394.585 -2.71307
7500 772.548 1.02232e+06 394.585 -2.7131
7510 920.947 969337 394.682 -2.71478
7520 1018.79 1.00763e+06 394.589 -2.71253
7530 1062.95 980758 394.474 -2.71009
7540 874.328 1.06476e+06 394.31 -2.70677
7550 887.783 1.0008e+06 394.659 -2.71362
7560 991.362 946608 395.038 -2.72041
7570 1082.45 947291 394.902 -2.71755
7580 1119.07 1.00605e+06 394.274 -2.70567
7590 1011.88 1.09395e+06 393.758 -2.69545
7600 944.006 1.04514e+06 394.094 -2.7027
7610 910.863 980204 394.896 -2.71873
7620 947.492 897815 395.455 -2.72923
7630 830.486 960501 395.08 -2.72235
7640 824.207 1.04213e+06 394.321 -2.70698
7650 1064.69 1.03966e+06 393.921 -2.69838
7660 1073.4 1.06226e+06 393.991 -2.69945
7670 1044.51 979368 394.595 -2.71133
7680 907.914 964642 395.064 -2.72024
7690 939.853 932933 395.116 -2.72122
7700 1026.02 991236 394.575 -2.71091
7710 1128.24 1.03338e+06 393.925 -2.69805
7720 1041.94 1.07788e+06 393.644 -2.69274
7730 887.38 1.0555e+06 394.133 -2.70342
7740 951.447 909332 395.052 -2.72126
7750 877.843 927148 395.196 -2.7238
7760 979.562 974198 394.582 -2.71226
7770 1113.81 1.05543e+06 393.761 -2.696
7780 1061.19 1.06887e+06 393.451 -2.68982
7790 812.237 1.09045e+06 393.903 -2.69971
7800 868.072 935374 395.099 -2.72368
7810 896.819 868850 395.703 -2.734
7820 806.391 958106 395.072 -2.72203
7830 938.59 1.05191e+06 394.011 -2.70077
7840 1037.09 1.11703e+06 393.501 -2.68929
7850 1184.7 1.01248e+06 394.037 -2.69974
7860 1171.52 965475 394.786 -2.71417
7870 1140.29 893533 395.102 -2.72073
7880 980.459 1.01242e+06 394.525 -2.71078
7890 1053.58 1.03295e+06 393.96 -2.70006
7900 1045.08 1.06736e+06 393.789 -2.69758
7910 916.857 1.03619e+06 394.262 -2.70825
7920 916.016 923433 395.02 -2.72323
7930 763.142 959043 395.131 -2.72547
7940 800.438 980565 394.773 -2.71861
7950 927.458 1.03904e+06 394.268 -2.70821
7960 995.722 1.03584e+06 394.125 -2.70473
7970 1000.9 1.03446e+06 394.363 -2.70904
7980 1086.86 963133 394.898 -2.7193
7990 1185.86 911117 395.05 -2.72219
8000 1020.64 1.03073e+06 394.455 -2.71121
8010 985.345 1.04098e+06 394.056 -2.70366
8020 937.523 1.06155e+06 394.151 -2.70607
8030 976.652 963039 394.734 -2.71795
8040 835.338 957596 395.045 -2.72391
8050 797.513 975836 394.911 -2.7213
8060 880.887 1.00697e+06 394.555 -2.71401
8070 999.519 1.02933e+06 394.269 -2.70774
8080 1076.58 1.00517e+06 394.237 -2.70661
8090 1065.4 1.0185e+06 394.333 -2.70826
8100 1106.63 961357 394.516 -2.71192
8110 890.495 1.02815e+06 394.454 -2.71096
8120 875.296 1.01845e+06 394.599 -2.71397
8130 983.187 948778 394.866 -2.71903
8140 912.708 1.00241e+06 394.742 -2.71645
8150 978.108 1.00507e+06 394.584 -2.71315
8160 1078.45 993678 394.47 -2.71078
8170 992.024 1.03798e+06 394.361 -2.70867
8180 889.681 1.02783e+06 394.584 -2.71325
8190 894.653 959927 395.058 -2.72241
8200 1020.62 928690 395.14 -2.72373
8210 1104.33 981327 394.554 -2.71259
8220 1035.93 1.07048e+06 393.811 -2.69813
8230 806.716 1.12509e+06 393.819 -2.6987
8240 895.263 955740 394.874 -2.71982
8250 920.246 904187 395.619 -2.73307
8260 1036.46 907199 395.359 -2.72823
8270 1056.52 1.03211e+06 394.266 -2.7072
8280 1038.36 1.12361e+06 393.494 -2.6912
8290 967.474 1.10456e+06 393.931 -2.7009
8300 1047.63 924384 395.292 -2.72802
8310 1062.68 861599 395.957 -2.73992
8320 966.128 948397 395.304 -2.72853
8330 900.41 1.07869e+06 394.169 -2.70659
8340 892.066 1.11606e+06 393.784 -2.69851
8350 836.145 1.04485e+06 394.521 -2.71379
8360 906.747 911452 395.661 -2.7355
8370 1057.54 846837 395.905 -2.73946
8380 1012.71 995056 394.772 -2.71842
8390 1035.69 1.11992e+06 393.563 -2.69368
8400 999.42 1.13404e+06 393.538 -2.6932
8410 988.254 976341 394.739 -2.71775
8420 954.894 882546 395.747 -2.73621
8430 888.256 910913 395.616 -2.73388
8440 875.355 1.03391e+06 394.658 -2.71541
8450 1018.56 1.06415e+06 393.966 -2.70091
8460 1025.59 1.07353e+06 393.961 -2.70057
8470 1001.97 996031 394.625 -2.71391
8480 995.804 920089 395.264 -2.7259
8490 1023.39 905020 395.086 -2.72294
8500 929.384 1.06594e+06 394.118 -2.70445
8510 936.507 1.10926e+06 393.729 -2.69624
8520 931.904 1.02058e+06 394.37 -2.70933
8530 935.839 930690 395.221 -2.72539
8540 1043.64 905537 395.379 -2.72812
8550 1037.58 1.0029e+06 394.699 -2.71519
8560 1050.73 1.05283e+06 393.969 -2.70086
8570 1003.71 1.1124e+06 393.87 -2.69919
8580 1075.52 968127 394.713 -2.71649
8590 887.996 951056 395.361 -2.72889
8600 862.292 928501 395.473 -2.73122
8610 958.043 954435 394.866 -2.72028
8620 917.155 1.09302e+06 393.942 -2.70158
8630 1016.67 1.06506e+06 393.811 -2.69856
8640 1009.42 1.01856e+06 394.369 -2.70984
8650 997.368 918226 395.05 -2.72278
8660 853.702 974818 395.03 -2.72227
8670 957.201 984551 394.692 -2.71552
8680 1100.65 1.00163e+06 394.212 -2.70618
8690 1030.62 1.07142e+06 393.819 -2.69829
8700 912.908 1.04874e+06 394.083 -2.70386
8710 871.844 991108 394.833 -2.71887
8720 987.941 890146 395.422 -2.72969
8730 979.348 964314 395.049 -2.72261
8740 1086.09 1.00472e+06 394.235 -2.70684
8750 966.422 1.13814e+06 393.632 -2.69472
8760 973.212 1.02715e+06 394.191 -2.70655
8770 912.468 963715 395.118 -2.72425
8780 944.219 919918 395.664 -2.73447
8790 1015.65 880318 395.335 -2.72899
8800 831.422 1.09946e+06 394.08 -2.70445
8810 1063.58 1.08651e+06 393.573 -2.69332
8820 1003.19 1.07674e+06 394.064 -2.70361
8830 964.617 918006 395.152 -2.72471
8840 870.727 935532 395.577 -2.73213
8850 1090.69 915339 395.26 -2.72622
8860 1164.61 999862 394.158 -2.70615
8870 897.851 1.19001e+06 393.209 -2.6866
8880 932.665 1.07325e+06 393.946 -2.70286
8890 958.495 896663 395.38 -2.73029
8900 762.315 896978 395.892 -2.7391
8910 886.869 931629 395.339 -2.72879
8920 1113.77 1.00303e+06 394.101 -2.7051
8930 987.484 1.17383e+06 393.063 -2.68314
8940 1034.17 1.08274e+06 393.548 -2.69343
8950 989.893 949012 394.889 -2.7199
8960 989.852 867778 395.714 -2.73469
8970 993.564 912675 395.261 -2.72681
8980 975.555 1.05234e+06 394.003 -2.70279
8990 1050.19 1.13364e+06 393.248 -2.68699
9000 1011.78 1.07423e+06 393.773 -2.69845
9010 1007.78 935903 394.996 -2.72273
9020 1000.49 874636 395.601 -2.73385
9030 912.16 950705 395.019 -2.72364
9040 881.539 1.06681e+06 393.96 -2.70305
9050 903.854 1.10831e+06 393.572 -2.69475
9060 1002.22 1.0141e+06 394.175 -2.70681
9070 989.428 945590 394.944 -2.7214
9080 943.479 936089 395.202 -2.72602
9090 980.537 965402 394.816 -2.71869
9100 1060.4 1.02254e+06 394.096 -2.7047
9110 1018.67 1.11571e+06 393.697 -2.69664
9120 1089.67 1.00957e+06 394.28 -2.70884
9130 1024.67 932727 395.011 -2.72309
9140 870.144 962057 395.131 -2.72566
9150 860.89 981285 394.83 -2.7201
9160 904.424 1.02143e+06 394.38 -2.71121
9170 954.902 1.02874e+06 394.112 -2.70564
9180 988.223 1.03275e+06 394.172 -2.70658
9190 1086.89 962736 394.488 -2.71258
9200 1064.65 973106 394.495 -2.71276
9210 1028.95 1.02398e+06 394.275 -2.70873
9220 1047.36 997148 394.211 -2.70789
9230 917.485 1.04523e+06 394.231 -2.70875
9240 945.521 970861 394.572 -2.71578
9250 924.199 980120 394.716 -2.71863
9260 958.526 956364 394.594 -2.71641
9270 824.746 1.05641e+06 394.163 -2.70804
9280 917.667 1.04046e+06 394.207 -2.70866
9290 1086.92 951554 394.608 -2.71594
9300 976.22 999954 394.642 -2.71635
9310 909.781 992873 394.608 -2.71558
9320 938.099 1.01588e+06 394.549 -2.7142
9330 1028.52 984225 394.587 -2.71472
9340 973.163 1.01245e+06 394.55 -2.7138
9350 1024.05 982882 394.559 -2.7139
9360 968.905 1.00807e+06 394.464 -2.71205
9370 914.404 1.03326e+06 394.462 -2.71202
9380 945.079 975052 394.716 -2.71687
9390 966.832 991420 394.795 -2.71816
9400 1059.55 963010 394.729 -2.71677
9410 1003.97 1.00432e+06 394.356 -2.70971
9420 896.547 1.07581e+06 394.072 -2.70405
9430 926.221 1.01379e+06 394.44 -2.7114
9440 866.41 990103 395.023 -2.7226
9450 994.28 887737 395.366 -2.72878
9460 986.588 1.02132e+06 394.817 -2.71805
9470 1108.43 1.01621e+06 394.31 -2.7076
9480 951.091 1.08618e+06 394.105 -2.70357
9490 928.876 1.0166e+06 394.649 -2.71496
9500 997.309 899632 395.314 -2.72725
9510 827.905 998711 395.165 -2.72417
9520 898.736 979415 394.832 -2.7175
9530 976.84 1.03571e+06 394.418 -2.70887
9540 1090.6 1.0008e+06 394.259 -2.70531
9550 924.322 1.08004e+06 394.269 -2.7054
9560 1021.83 962660 394.888 -2.71773
9570 1107.42 906061 395.184 -2.72313
9580 938.606 1.01373e+06 394.663 -2.71336
9590 947.817 1.03905e+06 394.198 -2.70419
9600 1002.11 1.06293e+06 394.178 -2.70389
9610 1021.69 991651 394.692 -2.71428
9620 906.089 969391 395.2 -2.72413
9630 946.38 908336 395.31 -2.72636
9640 866.96 1.02518e+06 394.658 -2.71399
9650 1013.39 1.04521e+06 394.163 -2.70362
9660 982.659 1.07089e+06 394.19 -2.70398
9670 1032.97 979865 394.817 -2.7166
9680 1071.71 922511 395.283 -2.72518
9690 984.686 984855 395.044 -2.72082
9700 1023.7 991006 394.578 -2.71215
9710 955.601 1.07743e+06 394.147 -2.70384
9720 960.724 1.01921e+06 394.347 -2.70812
9730 857.953 993942 394.825 -2.71755
9740 934.351 946977 395.185 -2.72436
9750 967.352 950572 395.046 -2.72158
9760 914.093 1.00691e+06 394.443 -2.70986
9770 889.718 1.0796e+06 393.943 -2.69949
9780 948.642 1.0612e+06 394.205 -2.70455
9790 1068.73 945020 394.996 -2.71955
9800 1051.29 917147 395.296 -2.7248
9810 968.964 1.00134e+06 394.839 -2.71616
9820 1059.93 1.01868e+06 394.325 -2.70597
9830 1060.86 1.04818e+06 394.045 -2.70064
9840 855.15 1.0625e+06 394.263 -2.70551
9850 831.07 962533 395.01 -2.72028
9860 954.665 902027 395.419 -2.72758
9870 1067.18 925267 394.836 -2.71715
9880 894.175 1.13605e+06 393.722 -2.69469
9890 939.94 1.08251e+06 393.738 -2.69461
9900 986.039 995104 394.627 -2.71225
9910 1038.27 886308 395.405 -2.7265
9920 1020.49 919412 395.139 -2.7217
9930 948.813 1.04146e+06 394.109 -2.70205
9940 996.988 1.10746e+06 393.482 -2.68895
9950 1075.97 1.03884e+06 393.858 -2.69674
9960 1023.66 965537 394.637 -2.71222
9970 959.449 926691 395.078 -2.72073
9980 1000.79 936683 394.794 -2.71586
9990 1027.05 1.02417e+06 393.922 -2.69961
10000 1009.42 1.11082e+06 393.335 -2.68784
