Dynamical matrix file
                                                                           
  1    2  2 10.1870000  0.0000000  0.0000000  0.0000000  0.0000000  0.0000000
           1  'Si  '    25598.3672624059     
    1    1      0.0000000      0.0000000      0.0000000
    2    1      0.2500000      0.2500000      0.2500000

     Dynamical  Matrix in cartesian axes

     q = (   -0.500000000  -1.000000000   0.000000000 ) 

  1  1
  0.25525584  0.00000000    0.00000000  0.00000000    0.00000000  0.00000000
  0.00000000  0.00000000    0.28933234  0.00000000    0.00000000 -0.01749539
  0.00000000  0.00000000    0.00000000  0.01749539    0.28933234  0.00000000
  1  2
  0.00000000  0.00000000   -0.09608530  0.09608530   -0.09608530 -0.09608530
 -0.09608530  0.09608530    0.00000000  0.00000000    0.00000000  0.00000000
 -0.09608530 -0.09608530    0.00000000  0.00000000    0.00000000  0.00000000
  2  1
  0.00000000  0.00000000   -0.09608530 -0.09608530   -0.09608530  0.09608530
 -0.09608530 -0.09608530    0.00000000  0.00000000    0.00000000  0.00000000
 -0.09608530  0.09608530    0.00000000  0.00000000    0.00000000  0.00000000
  2  2
  0.25525584  0.00000000    0.00000000  0.00000000    0.00000000  0.00000000
  0.00000000  0.00000000    0.28933234  0.00000000    0.00000000  0.01749539
  0.00000000  0.00000000    0.00000000 -0.01749539    0.28933234  0.00000000

     Dynamical  Matrix in cartesian axes

     q = (    0.500000000   1.000000000   0.000000000 ) 

  1  1
  0.25525584  0.00000000    0.00000000  0.00000000    0.00000000  0.00000000
  0.00000000  0.00000000    0.28933234  0.00000000    0.00000000  0.01749539
  0.00000000  0.00000000    0.00000000 -0.01749539    0.28933234  0.00000000
  1  2
  0.00000000  0.00000000   -0.09608530 -0.09608530   -0.09608530  0.09608530
 -0.09608530 -0.09608530    0.00000000  0.00000000    0.00000000  0.00000000
 -0.09608530  0.09608530    0.00000000  0.00000000    0.00000000  0.00000000
  2  1
  0.00000000  0.00000000   -0.09608530  0.09608530   -0.09608530 -0.09608530
 -0.09608530  0.09608530    0.00000000  0.00000000    0.00000000  0.00000000
 -0.09608530 -0.09608530    0.00000000  0.00000000    0.00000000  0.00000000
  2  2
  0.25525584  0.00000000    0.00000000  0.00000000    0.00000000  0.00000000
  0.00000000  0.00000000    0.28933234  0.00000000    0.00000000 -0.01749539
  0.00000000  0.00000000    0.00000000  0.01749539    0.28933234  0.00000000

     Dynamical  Matrix in cartesian axes

     q = (    0.000000000   1.000000000  -0.500000000 ) 

  1  1
  0.28933234  0.00000000    0.00000000  0.01749539    0.00000000  0.00000000
  0.00000000 -0.01749539    0.28933234  0.00000000    0.00000000  0.00000000
  0.00000000  0.00000000    0.00000000  0.00000000    0.25525584  0.00000000
  1  2
  0.00000000  0.00000000    0.00000000  0.00000000   -0.09608530 -0.09608530
  0.00000000  0.00000000    0.00000000  0.00000000   -0.09608530  0.09608530
 -0.09608530 -0.09608530   -0.09608530  0.09608530    0.00000000  0.00000000
  2  1
  0.00000000  0.00000000    0.00000000  0.00000000   -0.09608530  0.09608530
  0.00000000  0.00000000    0.00000000  0.00000000   -0.09608530 -0.09608530
 -0.09608530  0.09608530   -0.09608530 -0.09608530    0.00000000  0.00000000
  2  2
  0.28933234  0.00000000    0.00000000 -0.01749539    0.00000000  0.00000000
  0.00000000  0.01749539    0.28933234  0.00000000    0.00000000  0.00000000
  0.00000000  0.00000000    0.00000000  0.00000000    0.25525584  0.00000000

     Dynamical  Matrix in cartesian axes

     q = (    0.000000000   1.000000000   0.500000000 ) 

  1  1
  0.28933234  0.00000000    0.00000000 -0.01749539    0.00000000  0.00000000
  0.00000000  0.01749539    0.28933234  0.00000000    0.00000000  0.00000000
  0.00000000  0.00000000    0.00000000  0.00000000    0.25525584  0.00000000
  1  2
  0.00000000  0.00000000    0.00000000  0.00000000   -0.09608530  0.09608530
  0.00000000  0.00000000    0.00000000  0.00000000   -0.09608530 -0.09608530
 -0.09608530  0.09608530   -0.09608530 -0.09608530    0.00000000  0.00000000
  2  1
  0.00000000  0.00000000    0.00000000  0.00000000   -0.09608530 -0.09608530
  0.00000000  0.00000000    0.00000000  0.00000000   -0.09608530  0.09608530
 -0.09608530 -0.09608530   -0.09608530  0.09608530    0.00000000  0.00000000
  2  2
  0.28933234  0.00000000    0.00000000  0.01749539    0.00000000  0.00000000
  0.00000000 -0.01749539    0.28933234  0.00000000    0.00000000  0.00000000
  0.00000000  0.00000000    0.00000000  0.00000000    0.25525584  0.00000000

     Dynamical  Matrix in cartesian axes

     q = (   -1.000000000  -0.500000000   0.000000000 ) 

  1  1
  0.28933234  0.00000000    0.00000000  0.00000000    0.00000000 -0.01749539
  0.00000000  0.00000000    0.25525584  0.00000000    0.00000000  0.00000000
  0.00000000  0.01749539    0.00000000  0.00000000    0.28933234  0.00000000
  1  2
  0.00000000  0.00000000   -0.09608530  0.09608530    0.00000000  0.00000000
 -0.09608530  0.09608530    0.00000000  0.00000000   -0.09608530 -0.09608530
  0.00000000  0.00000000   -0.09608530 -0.09608530    0.00000000  0.00000000
  2  1
  0.00000000  0.00000000   -0.09608530 -0.09608530    0.00000000  0.00000000
 -0.09608530 -0.09608530    0.00000000  0.00000000   -0.09608530  0.09608530
  0.00000000  0.00000000   -0.09608530  0.09608530    0.00000000  0.00000000
  2  2
  0.28933234  0.00000000    0.00000000  0.00000000    0.00000000  0.01749539
  0.00000000  0.00000000    0.25525584  0.00000000    0.00000000  0.00000000
  0.00000000 -0.01749539    0.00000000  0.00000000    0.28933234  0.00000000

     Dynamical  Matrix in cartesian axes

     q = (    0.000000000  -0.500000000  -1.000000000 ) 

  1  1
  0.28933234  0.00000000    0.00000000  0.00000000    0.00000000  0.01749539
  0.00000000  0.00000000    0.25525584  0.00000000    0.00000000  0.00000000
  0.00000000 -0.01749539    0.00000000  0.00000000    0.28933234  0.00000000
  1  2
  0.00000000  0.00000000   -0.09608530 -0.09608530    0.00000000  0.00000000
 -0.09608530 -0.09608530    0.00000000  0.00000000   -0.09608530  0.09608530
  0.00000000  0.00000000   -0.09608530  0.09608530    0.00000000  0.00000000
  2  1
  0.00000000  0.00000000   -0.09608530  0.09608530    0.00000000  0.00000000
 -0.09608530  0.09608530    0.00000000  0.00000000   -0.09608530 -0.09608530
  0.00000000  0.00000000   -0.09608530 -0.09608530    0.00000000  0.00000000
  2  2
  0.28933234  0.00000000    0.00000000  0.00000000    0.00000000 -0.01749539
  0.00000000  0.00000000    0.25525584  0.00000000    0.00000000  0.00000000
  0.00000000  0.01749539    0.00000000  0.00000000    0.28933234  0.00000000

     Diagonalizing the dynamical matrix

     q = (   -0.500000000  -1.000000000   0.000000000 ) 

 **************************************************************************
     omega( 1) =       6.070130 [THz] =     202.479094 [cm-1]
 ( -0.528448 -0.528448  0.037251 -0.040816  0.040816  0.037251 ) 
 (  0.089242 -0.004076  0.000000 -0.462276 -0.462276  0.000000 ) 
     omega( 2) =       6.070130 [THz] =     202.479094 [cm-1]
 ( -0.063170 -0.063170 -0.311625  0.341451 -0.341451 -0.311625 ) 
 ( -0.746560  0.034096  0.000000 -0.055260 -0.055260  0.000000 ) 
     omega( 3) =      10.720655 [THz] =     357.604920 [cm-1]
 (  0.000000  0.000000 -0.189659  0.000000  0.000000  0.189659 ) 
 (  0.000000  0.000000  0.000000  0.681197 -0.681197  0.000000 ) 
     omega( 4) =      10.720655 [THz] =     357.604920 [cm-1]
 (  0.000000  0.000000  0.681197  0.000000  0.000000 -0.681197 ) 
 (  0.000000  0.000000  0.000000  0.189659 -0.189659  0.000000 ) 
     omega( 5) =      14.170462 [THz] =     472.678864 [cm-1]
 (  0.053188  0.053188 -0.177567  0.498017 -0.498017 -0.177567 ) 
 (  0.590987 -0.280323  0.000000 -0.060802 -0.060802  0.000000 ) 
     omega( 6) =      14.170462 [THz] =     472.678864 [cm-1]
 ( -0.462518 -0.462518 -0.020420  0.057271 -0.057271 -0.020420 ) 
 (  0.067962 -0.032236  0.000000  0.528726  0.528726  0.000000 ) 
 **************************************************************************
