 &plot nbnd=   8, nks=    51 /
            0.000000  0.000000  0.000000
   -8.054   13.574   13.574   13.574   19.215   19.215   19.215   27.252
            0.050000  0.000000  0.050000
   -8.008   13.299   13.377   13.546   19.261   19.368   19.444   27.287
            0.100000  0.000000  0.100000
   -7.868   12.593   12.844   13.459   19.403   19.778   20.006   27.383
            0.150000  0.000000  0.150000
   -7.636   11.657   12.091   13.309   19.639   20.348   20.685   27.506
            0.200000  0.000000  0.200000
   -7.311   10.624   11.216   13.093   19.967   21.010   21.329   27.605
            0.250000  0.000000  0.250000
   -6.896    9.566   10.284   12.807   20.384   21.732   21.851   27.628
            0.300000  0.000000  0.300000
   -6.392    8.522    9.337   12.453   20.890   22.200   22.504   27.568
            0.350000  0.000000  0.350000
   -5.800    7.514    8.404   12.035   21.478   22.344   23.326   27.481
            0.400000  0.000000  0.400000
   -5.124    6.556    7.506   11.563   22.144   22.272   24.198   27.449
            0.450000  0.000000  0.450000
   -4.370    5.657    6.661   11.054   22.009   22.881   25.122   27.521
            0.500000  0.000000  0.500000
   -3.544    4.825    5.884   10.523   21.610   23.679   26.087   27.702
            0.487500  0.037500  0.525000
   -3.419    4.497    6.033   10.429   21.600   23.699   26.141   27.777
            0.475000  0.075000  0.550000
   -3.258    3.964    6.411   10.284   21.678   23.557   26.095   27.909
            0.462500  0.112500  0.575000
   -3.064    3.401    6.842   10.096   21.826   23.285   26.032   28.030
            0.450000  0.150000  0.600000
   -2.838    2.851    7.273    9.880   21.988   22.978   25.988   28.107
            0.437500  0.187500  0.625000
   -2.585    2.332    7.669    9.657   21.969   22.879   25.955   28.148
            0.425000  0.225000  0.650000
   -2.311    1.857    7.983    9.468   21.676   23.118   25.905   28.181
            0.412500  0.262500  0.675000
   -2.030    1.439    8.138    9.378   21.330   23.504   25.813   28.238
            0.400000  0.300000  0.700000
   -1.762    1.104    8.090    9.421   21.046   23.934   25.673   28.342
            0.387500  0.337500  0.725000
   -1.546    0.890    7.901    9.521   20.871   24.330   25.524   28.495
            0.375000  0.375000  0.750000
   -1.435    0.849    7.655    9.588   20.831   24.527   25.520   28.679
            0.337500  0.337500  0.675000
   -2.122    1.347    8.454    9.552   20.767   24.419   25.060   28.072
            0.300000  0.300000  0.600000
   -3.220    2.506    9.275    9.653   20.742   24.213   24.561   27.542
            0.262500  0.262500  0.525000
   -4.298    3.894    9.894   10.088   20.695   23.899   24.020   27.246
            0.225000  0.225000  0.450000
   -5.270    5.417   10.272   10.866   20.569   23.428   23.446   27.230
            0.187500  0.187500  0.375000
   -6.109    7.028   10.778   11.586   20.344   22.774   22.822   27.412
            0.150000  0.150000  0.300000
   -6.804    8.687   11.394   12.230   20.051   22.029   22.044   27.590
            0.112500  0.112500  0.225000
   -7.349   10.332   12.083   12.777   19.741   21.122   21.228   27.594
            0.075000  0.075000  0.150000
   -7.740   11.864   12.778   13.203   19.469   20.217   20.356   27.456
            0.037500  0.037500  0.075000
   -7.976   13.074   13.344   13.479   19.281   19.500   19.568   27.310
            0.000000  0.000000  0.000000
   -8.054   13.574   13.574   13.574   19.215   19.215   19.215   27.252
            0.050000  0.050000  0.050000
   -7.984   13.087   13.449   13.449   19.377   19.377   19.519   27.306
            0.100000  0.100000  0.100000
   -7.775   11.887   13.122   13.122   19.808   19.808   20.181   27.467
            0.150000  0.150000  0.150000
   -7.427   10.343   12.690   12.690   20.375   20.375   20.870   27.728
            0.200000  0.200000  0.200000
   -6.943    8.657   12.234   12.234   20.951   20.951   21.443   28.066
            0.250000  0.250000  0.250000
   -6.324    6.933   11.805   11.805   21.437   21.437   21.878   28.439
            0.300000  0.300000  0.300000
   -5.576    5.231   11.433   11.433   21.781   21.781   22.191   28.794
            0.350000  0.350000  0.350000
   -4.709    3.595   11.133   11.133   21.982   21.982   22.409   29.081
            0.400000  0.400000  0.400000
   -3.745    2.069   10.914   10.914   22.074   22.074   22.552   29.270
            0.450000  0.450000  0.450000
   -2.766    0.748   10.782   10.782   22.106   22.106   22.633   29.369
            0.500000  0.500000  0.500000
   -2.200    0.067   10.737   10.737   22.112   22.112   22.659   29.397
            0.475000  0.475000  0.475000
   -2.369    0.265   10.748   10.748   22.111   22.111   22.653   29.390
            0.450000  0.450000  0.450000
   -2.766    0.748   10.782   10.782   22.106   22.106   22.633   29.369
            0.425000  0.425000  0.425000
   -3.246    1.371   10.837   10.837   22.095   22.095   22.600   29.330
            0.400000  0.400000  0.400000
   -3.745    2.069   10.914   10.914   22.074   22.074   22.552   29.270
            0.375000  0.375000  0.375000
   -4.236    2.814   11.013   11.013   22.038   22.038   22.489   29.188
            0.350000  0.350000  0.350000
   -4.709    3.595   11.133   11.133   21.982   21.982   22.409   29.081
            0.325000  0.325000  0.325000
   -5.156    4.402   11.274   11.274   21.898   21.898   22.311   28.949
            0.300000  0.300000  0.300000
   -5.576    5.231   11.433   11.433   21.781   21.781   22.191   28.794
            0.275000  0.275000  0.275000
   -5.966    6.076   11.611   11.611   21.628   21.628   22.048   28.622
            0.250000  0.250000  0.250000
   -6.324    6.933   11.805   11.805   21.437   21.437   21.878   28.439
