#  E (eV)   dos(E)     Int dos(E) EFermi =   15.785 eV
  -6.000  0.1545E+00  0.1954E+00
  -5.990  0.1551E+00  0.1970E+00
  -5.980  0.1557E+00  0.1985E+00
  -5.970  0.1562E+00  0.2001E+00
  -5.960  0.1568E+00  0.2017E+00
  -5.950  0.1574E+00  0.2032E+00
  -5.940  0.1580E+00  0.2048E+00
  -5.930  0.1586E+00  0.2064E+00
  -5.920  0.1592E+00  0.2080E+00
  -5.910  0.1598E+00  0.2096E+00
  -5.900  0.1605E+00  0.2112E+00
  -5.890  0.1611E+00  0.2128E+00
  -5.880  0.1617E+00  0.2144E+00
  -5.870  0.1623E+00  0.2160E+00
  -5.860  0.1629E+00  0.2176E+00
  -5.850  0.1635E+00  0.2193E+00
  -5.840  0.1642E+00  0.2209E+00
  -5.830  0.1648E+00  0.2226E+00
  -5.820  0.1654E+00  0.2242E+00
  -5.810  0.1661E+00  0.2259E+00
  -5.800  0.1667E+00  0.2275E+00
  -5.790  0.1673E+00  0.2292E+00
  -5.780  0.1680E+00  0.2309E+00
  -5.770  0.1686E+00  0.2326E+00
  -5.760  0.1692E+00  0.2342E+00
  -5.750  0.1699E+00  0.2359E+00
  -5.740  0.1705E+00  0.2376E+00
  -5.730  0.1712E+00  0.2394E+00
  -5.720  0.1718E+00  0.2411E+00
  -5.710  0.1724E+00  0.2428E+00
  -5.700  0.1731E+00  0.2445E+00
  -5.690  0.1737E+00  0.2463E+00
  -5.680  0.1743E+00  0.2480E+00
  -5.670  0.1750E+00  0.2497E+00
  -5.660  0.1756E+00  0.2515E+00
  -5.650  0.1763E+00  0.2533E+00
  -5.640  0.1769E+00  0.2550E+00
  -5.630  0.1776E+00  0.2568E+00
  -5.620  0.1782E+00  0.2586E+00
  -5.610  0.1788E+00  0.2604E+00
  -5.600  0.1795E+00  0.2621E+00
  -5.590  0.1801E+00  0.2639E+00
  -5.580  0.1808E+00  0.2657E+00
  -5.570  0.1814E+00  0.2676E+00
  -5.560  0.1821E+00  0.2694E+00
  -5.550  0.1827E+00  0.2712E+00
  -5.540  0.1833E+00  0.2730E+00
  -5.530  0.1840E+00  0.2749E+00
  -5.520  0.1846E+00  0.2767E+00
  -5.510  0.1853E+00  0.2786E+00
  -5.500  0.1859E+00  0.2804E+00
  -5.490  0.1866E+00  0.2823E+00
  -5.480  0.1872E+00  0.2841E+00
  -5.470  0.1879E+00  0.2860E+00
  -5.460  0.1885E+00  0.2879E+00
  -5.450  0.1892E+00  0.2898E+00
  -5.440  0.1898E+00  0.2917E+00
  -5.430  0.1905E+00  0.2936E+00
  -5.420  0.1911E+00  0.2955E+00
  -5.410  0.1917E+00  0.2974E+00
  -5.400  0.1922E+00  0.2993E+00
  -5.390  0.1927E+00  0.3013E+00
  -5.380  0.1931E+00  0.3032E+00
  -5.370  0.1935E+00  0.3051E+00
  -5.360  0.1938E+00  0.3071E+00
  -5.350  0.1941E+00  0.3090E+00
  -5.340  0.1944E+00  0.3109E+00
  -5.330  0.1946E+00  0.3129E+00
  -5.320  0.1948E+00  0.3148E+00
  -5.310  0.1949E+00  0.3168E+00
  -5.300  0.1950E+00  0.3187E+00
  -5.290  0.1950E+00  0.3207E+00
  -5.280  0.1950E+00  0.3226E+00
  -5.270  0.1952E+00  0.3246E+00
  -5.260  0.1956E+00  0.3265E+00
  -5.250  0.1959E+00  0.3285E+00
  -5.240  0.1963E+00  0.3304E+00
  -5.230  0.1967E+00  0.3324E+00
  -5.220  0.1971E+00  0.3344E+00
  -5.210  0.1974E+00  0.3364E+00
  -5.200  0.1978E+00  0.3383E+00
  -5.190  0.1982E+00  0.3403E+00
  -5.180  0.1985E+00  0.3423E+00
  -5.170  0.1989E+00  0.3443E+00
  -5.160  0.1993E+00  0.3463E+00
  -5.150  0.1996E+00  0.3483E+00
  -5.140  0.2000E+00  0.3503E+00
  -5.130  0.2004E+00  0.3523E+00
  -5.120  0.2007E+00  0.3543E+00
  -5.110  0.2011E+00  0.3563E+00
  -5.100  0.2014E+00  0.3583E+00
  -5.090  0.2018E+00  0.3603E+00
  -5.080  0.2021E+00  0.3623E+00
  -5.070  0.2025E+00  0.3644E+00
  -5.060  0.2028E+00  0.3664E+00
  -5.050  0.2032E+00  0.3684E+00
  -5.040  0.2035E+00  0.3704E+00
  -5.030  0.2039E+00  0.3725E+00
  -5.020  0.2042E+00  0.3745E+00
  -5.010  0.2046E+00  0.3766E+00
  -5.000  0.2049E+00  0.3786E+00
  -4.990  0.2053E+00  0.3807E+00
  -4.980  0.2056E+00  0.3827E+00
  -4.970  0.2059E+00  0.3848E+00
  -4.960  0.2063E+00  0.3868E+00
  -4.950  0.2066E+00  0.3889E+00
  -4.940  0.2069E+00  0.3910E+00
  -4.930  0.2073E+00  0.3930E+00
  -4.920  0.2076E+00  0.3951E+00
  -4.910  0.2079E+00  0.3972E+00
  -4.900  0.2083E+00  0.3993E+00
  -4.890  0.2086E+00  0.4014E+00
  -4.880  0.2089E+00  0.4034E+00
  -4.870  0.2093E+00  0.4055E+00
  -4.860  0.2096E+00  0.4076E+00
  -4.850  0.2099E+00  0.4097E+00
  -4.840  0.2102E+00  0.4118E+00
  -4.830  0.2105E+00  0.4139E+00
  -4.820  0.2109E+00  0.4160E+00
  -4.810  0.2112E+00  0.4181E+00
  -4.800  0.2115E+00  0.4203E+00
  -4.790  0.2118E+00  0.4224E+00
  -4.780  0.2121E+00  0.4245E+00
  -4.770  0.2124E+00  0.4266E+00
  -4.760  0.2127E+00  0.4287E+00
  -4.750  0.2131E+00  0.4309E+00
  -4.740  0.2134E+00  0.4330E+00
  -4.730  0.2137E+00  0.4351E+00
  -4.720  0.2139E+00  0.4373E+00
  -4.710  0.2140E+00  0.4394E+00
  -4.700  0.2142E+00  0.4416E+00
  -4.690  0.2144E+00  0.4437E+00
  -4.680  0.2146E+00  0.4458E+00
  -4.670  0.2148E+00  0.4480E+00
  -4.660  0.2150E+00  0.4501E+00
  -4.650  0.2153E+00  0.4523E+00
  -4.640  0.2155E+00  0.4545E+00
  -4.630  0.2158E+00  0.4566E+00
  -4.620  0.2160E+00  0.4588E+00
  -4.610  0.2163E+00  0.4609E+00
  -4.600  0.2166E+00  0.4631E+00
  -4.590  0.2169E+00  0.4653E+00
  -4.580  0.2172E+00  0.4674E+00
  -4.570  0.2175E+00  0.4696E+00
  -4.560  0.2179E+00  0.4718E+00
  -4.550  0.2182E+00  0.4740E+00
  -4.540  0.2186E+00  0.4761E+00
  -4.530  0.2189E+00  0.4783E+00
  -4.520  0.2193E+00  0.4805E+00
  -4.510  0.2197E+00  0.4827E+00
  -4.500  0.2201E+00  0.4849E+00
  -4.490  0.2205E+00  0.4871E+00
  -4.480  0.2209E+00  0.4893E+00
  -4.470  0.2213E+00  0.4915E+00
  -4.460  0.2218E+00  0.4938E+00
  -4.450  0.2222E+00  0.4960E+00
  -4.440  0.2227E+00  0.4982E+00
  -4.430  0.2232E+00  0.5004E+00
  -4.420  0.2237E+00  0.5027E+00
  -4.410  0.2241E+00  0.5049E+00
  -4.400  0.2247E+00  0.5071E+00
  -4.390  0.2252E+00  0.5094E+00
  -4.380  0.2257E+00  0.5116E+00
  -4.370  0.2262E+00  0.5139E+00
  -4.360  0.2268E+00  0.5162E+00
  -4.350  0.2273E+00  0.5184E+00
  -4.340  0.2279E+00  0.5207E+00
  -4.330  0.2285E+00  0.5230E+00
  -4.320  0.2291E+00  0.5253E+00
  -4.310  0.2297E+00  0.5276E+00
  -4.300  0.2303E+00  0.5299E+00
  -4.290  0.2309E+00  0.5322E+00
  -4.280  0.2316E+00  0.5345E+00
  -4.270  0.2322E+00  0.5368E+00
  -4.260  0.2328E+00  0.5391E+00
  -4.250  0.2335E+00  0.5415E+00
  -4.240  0.2341E+00  0.5438E+00
  -4.230  0.2348E+00  0.5462E+00
  -4.220  0.2354E+00  0.5485E+00
  -4.210  0.2361E+00  0.5509E+00
  -4.200  0.2368E+00  0.5532E+00
  -4.190  0.2374E+00  0.5556E+00
  -4.180  0.2381E+00  0.5580E+00
  -4.170  0.2388E+00  0.5604E+00
  -4.160  0.2394E+00  0.5628E+00
  -4.150  0.2401E+00  0.5652E+00
  -4.140  0.2408E+00  0.5676E+00
  -4.130  0.2415E+00  0.5700E+00
  -4.120  0.2422E+00  0.5724E+00
  -4.110  0.2428E+00  0.5748E+00
  -4.100  0.2435E+00  0.5772E+00
  -4.090  0.2442E+00  0.5797E+00
  -4.080  0.2449E+00  0.5821E+00
  -4.070  0.2456E+00  0.5846E+00
  -4.060  0.2463E+00  0.5870E+00
  -4.050  0.2470E+00  0.5895E+00
  -4.040  0.2477E+00  0.5920E+00
  -4.030  0.2484E+00  0.5945E+00
  -4.020  0.2491E+00  0.5970E+00
  -4.010  0.2499E+00  0.5994E+00
  -4.000  0.2506E+00  0.6019E+00
  -3.990  0.2513E+00  0.6045E+00
  -3.980  0.2520E+00  0.6070E+00
  -3.970  0.2527E+00  0.6095E+00
  -3.960  0.2535E+00  0.6120E+00
  -3.950  0.2542E+00  0.6146E+00
  -3.940  0.2549E+00  0.6171E+00
  -3.930  0.2557E+00  0.6197E+00
  -3.920  0.2564E+00  0.6222E+00
  -3.910  0.2571E+00  0.6248E+00
  -3.900  0.2579E+00  0.6274E+00
  -3.890  0.2586E+00  0.6300E+00
  -3.880  0.2594E+00  0.6325E+00
  -3.870  0.2601E+00  0.6351E+00
  -3.860  0.2609E+00  0.6377E+00
  -3.850  0.2616E+00  0.6404E+00
  -3.840  0.2624E+00  0.6430E+00
  -3.830  0.2632E+00  0.6456E+00
  -3.820  0.2639E+00  0.6482E+00
  -3.810  0.2647E+00  0.6509E+00
  -3.800  0.2655E+00  0.6535E+00
  -3.790  0.2663E+00  0.6562E+00
  -3.780  0.2670E+00  0.6589E+00
  -3.770  0.2678E+00  0.6615E+00
  -3.760  0.2686E+00  0.6642E+00
  -3.750  0.2694E+00  0.6669E+00
  -3.740  0.2702E+00  0.6696E+00
  -3.730  0.2710E+00  0.6723E+00
  -3.720  0.2717E+00  0.6750E+00
  -3.710  0.2725E+00  0.6777E+00
  -3.700  0.2733E+00  0.6805E+00
  -3.690  0.2741E+00  0.6832E+00
  -3.680  0.2750E+00  0.6860E+00
  -3.670  0.2758E+00  0.6887E+00
  -3.660  0.2766E+00  0.6915E+00
  -3.650  0.2774E+00  0.6942E+00
  -3.640  0.2782E+00  0.6970E+00
  -3.630  0.2790E+00  0.6998E+00
  -3.620  0.2798E+00  0.7026E+00
  -3.610  0.2806E+00  0.7054E+00
  -3.600  0.2814E+00  0.7082E+00
  -3.590  0.2822E+00  0.7110E+00
  -3.580  0.2830E+00  0.7139E+00
  -3.570  0.2838E+00  0.7167E+00
  -3.560  0.2846E+00  0.7195E+00
  -3.550  0.2854E+00  0.7224E+00
  -3.540  0.2862E+00  0.7252E+00
  -3.530  0.2870E+00  0.7281E+00
  -3.520  0.2878E+00  0.7310E+00
  -3.510  0.2886E+00  0.7339E+00
  -3.500  0.2894E+00  0.7368E+00
  -3.490  0.2901E+00  0.7397E+00
  -3.480  0.2909E+00  0.7426E+00
  -3.470  0.2917E+00  0.7455E+00
  -3.460  0.2925E+00  0.7484E+00
  -3.450  0.2932E+00  0.7513E+00
  -3.440  0.2940E+00  0.7543E+00
  -3.430  0.2948E+00  0.7572E+00
  -3.420  0.2955E+00  0.7602E+00
  -3.410  0.2963E+00  0.7631E+00
  -3.400  0.2971E+00  0.7661E+00
  -3.390  0.2978E+00  0.7691E+00
  -3.380  0.2986E+00  0.7720E+00
  -3.370  0.2993E+00  0.7750E+00
  -3.360  0.3001E+00  0.7780E+00
  -3.350  0.3008E+00  0.7810E+00
  -3.340  0.3016E+00  0.7840E+00
  -3.330  0.3023E+00  0.7871E+00
  -3.320  0.3031E+00  0.7901E+00
  -3.310  0.3038E+00  0.7931E+00
  -3.300  0.3046E+00  0.7962E+00
  -3.290  0.3053E+00  0.7992E+00
  -3.280  0.3060E+00  0.8023E+00
  -3.270  0.3068E+00  0.8053E+00
  -3.260  0.3075E+00  0.8084E+00
  -3.250  0.3082E+00  0.8115E+00
  -3.240  0.3093E+00  0.8146E+00
  -3.230  0.3111E+00  0.8177E+00
  -3.220  0.3137E+00  0.8208E+00
  -3.210  0.3168E+00  0.8239E+00
  -3.200  0.3207E+00  0.8271E+00
  -3.190  0.3253E+00  0.8304E+00
  -3.180  0.3306E+00  0.8336E+00
  -3.170  0.3365E+00  0.8370E+00
  -3.160  0.3406E+00  0.8404E+00
  -3.150  0.3421E+00  0.8438E+00
  -3.140  0.3436E+00  0.8472E+00
  -3.130  0.3451E+00  0.8507E+00
  -3.120  0.3466E+00  0.8541E+00
  -3.110  0.3480E+00  0.8576E+00
  -3.100  0.3495E+00  0.8611E+00
  -3.090  0.3509E+00  0.8646E+00
  -3.080  0.3522E+00  0.8681E+00
  -3.070  0.3536E+00  0.8716E+00
  -3.060  0.3549E+00  0.8752E+00
  -3.050  0.3563E+00  0.8787E+00
  -3.040  0.3576E+00  0.8823E+00
  -3.030  0.3588E+00  0.8859E+00
  -3.020  0.3601E+00  0.8895E+00
  -3.010  0.3613E+00  0.8931E+00
  -3.000  0.3625E+00  0.8967E+00
  -2.990  0.3637E+00  0.9003E+00
  -2.980  0.3649E+00  0.9040E+00
  -2.970  0.3660E+00  0.9076E+00
  -2.960  0.3672E+00  0.9113E+00
  -2.950  0.3683E+00  0.9150E+00
  -2.940  0.3694E+00  0.9186E+00
  -2.930  0.3704E+00  0.9223E+00
  -2.920  0.3715E+00  0.9261E+00
  -2.910  0.3725E+00  0.9298E+00
  -2.900  0.3735E+00  0.9335E+00
  -2.890  0.3745E+00  0.9372E+00
  -2.880  0.3754E+00  0.9410E+00
  -2.870  0.3764E+00  0.9448E+00
  -2.860  0.3773E+00  0.9485E+00
  -2.850  0.3782E+00  0.9523E+00
  -2.840  0.3791E+00  0.9561E+00
  -2.830  0.3799E+00  0.9599E+00
  -2.820  0.3808E+00  0.9637E+00
  -2.810  0.3816E+00  0.9675E+00
  -2.800  0.3824E+00  0.9713E+00
  -2.790  0.3831E+00  0.9751E+00
  -2.780  0.3839E+00  0.9790E+00
  -2.770  0.3846E+00  0.9828E+00
  -2.760  0.3853E+00  0.9867E+00
  -2.750  0.3860E+00  0.9905E+00
  -2.740  0.3867E+00  0.9944E+00
  -2.730  0.3873E+00  0.9983E+00
  -2.720  0.3879E+00  0.1002E+01
  -2.710  0.3885E+00  0.1006E+01
  -2.700  0.3891E+00  0.1010E+01
  -2.690  0.3897E+00  0.1014E+01
  -2.680  0.3902E+00  0.1018E+01
  -2.670  0.3907E+00  0.1022E+01
  -2.660  0.3912E+00  0.1026E+01
  -2.650  0.3917E+00  0.1029E+01
  -2.640  0.3921E+00  0.1033E+01
  -2.630  0.3926E+00  0.1037E+01
  -2.620  0.3930E+00  0.1041E+01
  -2.610  0.3934E+00  0.1045E+01
  -2.600  0.3938E+00  0.1049E+01
  -2.590  0.3941E+00  0.1053E+01
  -2.580  0.3944E+00  0.1057E+01
  -2.570  0.3947E+00  0.1061E+01
  -2.560  0.3950E+00  0.1065E+01
  -2.550  0.3953E+00  0.1069E+01
  -2.540  0.3955E+00  0.1073E+01
  -2.530  0.3957E+00  0.1077E+01
  -2.520  0.3959E+00  0.1081E+01
  -2.510  0.3960E+00  0.1085E+01
  -2.500  0.3962E+00  0.1089E+01
  -2.490  0.3963E+00  0.1093E+01
  -2.480  0.3963E+00  0.1097E+01
  -2.470  0.3964E+00  0.1100E+01
  -2.460  0.3964E+00  0.1104E+01
  -2.450  0.3964E+00  0.1108E+01
  -2.440  0.3964E+00  0.1112E+01
  -2.430  0.3964E+00  0.1116E+01
  -2.420  0.3963E+00  0.1120E+01
  -2.410  0.3962E+00  0.1124E+01
  -2.400  0.3961E+00  0.1128E+01
  -2.390  0.3945E+00  0.1132E+01
  -2.380  0.3904E+00  0.1136E+01
  -2.370  0.3869E+00  0.1140E+01
  -2.360  0.3841E+00  0.1144E+01
  -2.350  0.3819E+00  0.1148E+01
  -2.340  0.3804E+00  0.1151E+01
  -2.330  0.3795E+00  0.1155E+01
  -2.320  0.3787E+00  0.1159E+01
  -2.310  0.3779E+00  0.1163E+01
  -2.300  0.3772E+00  0.1167E+01
  -2.290  0.3765E+00  0.1170E+01
  -2.280  0.3758E+00  0.1174E+01
  -2.270  0.3752E+00  0.1178E+01
  -2.260  0.3746E+00  0.1182E+01
  -2.250  0.3741E+00  0.1185E+01
  -2.240  0.3735E+00  0.1189E+01
  -2.230  0.3731E+00  0.1193E+01
  -2.220  0.3726E+00  0.1197E+01
  -2.210  0.3722E+00  0.1200E+01
  -2.200  0.3718E+00  0.1204E+01
  -2.190  0.3715E+00  0.1208E+01
  -2.180  0.3712E+00  0.1211E+01
  -2.170  0.3709E+00  0.1215E+01
  -2.160  0.3707E+00  0.1219E+01
  -2.150  0.3705E+00  0.1223E+01
  -2.140  0.3703E+00  0.1226E+01
  -2.130  0.3702E+00  0.1230E+01
  -2.120  0.3701E+00  0.1234E+01
  -2.110  0.3700E+00  0.1237E+01
  -2.100  0.3700E+00  0.1241E+01
  -2.090  0.3700E+00  0.1245E+01
  -2.080  0.3700E+00  0.1249E+01
  -2.070  0.3700E+00  0.1252E+01
  -2.060  0.3701E+00  0.1256E+01
  -2.050  0.3701E+00  0.1260E+01
  -2.040  0.3701E+00  0.1263E+01
  -2.030  0.3701E+00  0.1267E+01
  -2.020  0.3702E+00  0.1271E+01
  -2.010  0.3702E+00  0.1274E+01
  -2.000  0.3703E+00  0.1278E+01
  -1.990  0.3703E+00  0.1282E+01
  -1.980  0.3703E+00  0.1286E+01
  -1.970  0.3704E+00  0.1289E+01
  -1.960  0.3704E+00  0.1293E+01
  -1.950  0.3705E+00  0.1297E+01
  -1.940  0.3705E+00  0.1300E+01
  -1.930  0.3706E+00  0.1304E+01
  -1.920  0.3707E+00  0.1308E+01
  -1.910  0.3707E+00  0.1311E+01
  -1.900  0.3708E+00  0.1315E+01
  -1.890  0.3708E+00  0.1319E+01
  -1.880  0.3709E+00  0.1323E+01
  -1.870  0.3710E+00  0.1326E+01
  -1.860  0.3711E+00  0.1330E+01
  -1.850  0.3711E+00  0.1334E+01
  -1.840  0.3712E+00  0.1337E+01
  -1.830  0.3713E+00  0.1341E+01
  -1.820  0.3714E+00  0.1345E+01
  -1.810  0.3715E+00  0.1349E+01
  -1.800  0.3715E+00  0.1352E+01
  -1.790  0.3716E+00  0.1356E+01
  -1.780  0.3717E+00  0.1360E+01
  -1.770  0.3718E+00  0.1363E+01
  -1.760  0.3719E+00  0.1367E+01
  -1.750  0.3720E+00  0.1371E+01
  -1.740  0.3721E+00  0.1375E+01
  -1.730  0.3722E+00  0.1378E+01
  -1.720  0.3723E+00  0.1382E+01
  -1.710  0.3724E+00  0.1386E+01
  -1.700  0.3725E+00  0.1389E+01
  -1.690  0.3727E+00  0.1393E+01
  -1.680  0.3728E+00  0.1397E+01
  -1.670  0.3729E+00  0.1401E+01
  -1.660  0.3730E+00  0.1404E+01
  -1.650  0.3731E+00  0.1408E+01
  -1.640  0.3733E+00  0.1412E+01
  -1.630  0.3734E+00  0.1416E+01
  -1.620  0.3735E+00  0.1419E+01
  -1.610  0.3737E+00  0.1423E+01
  -1.600  0.3738E+00  0.1427E+01
  -1.590  0.3739E+00  0.1431E+01
  -1.580  0.3741E+00  0.1434E+01
  -1.570  0.3742E+00  0.1438E+01
  -1.560  0.3744E+00  0.1442E+01
  -1.550  0.3745E+00  0.1446E+01
  -1.540  0.3747E+00  0.1449E+01
  -1.530  0.3748E+00  0.1453E+01
  -1.520  0.3750E+00  0.1457E+01
  -1.510  0.3751E+00  0.1461E+01
  -1.500  0.3753E+00  0.1464E+01
  -1.490  0.3754E+00  0.1468E+01
  -1.480  0.3756E+00  0.1472E+01
  -1.470  0.3758E+00  0.1476E+01
  -1.460  0.3759E+00  0.1479E+01
  -1.450  0.3761E+00  0.1483E+01
  -1.440  0.3763E+00  0.1487E+01
  -1.430  0.3765E+00  0.1491E+01
  -1.420  0.3766E+00  0.1494E+01
  -1.410  0.3768E+00  0.1498E+01
  -1.400  0.3770E+00  0.1502E+01
  -1.390  0.3768E+00  0.1506E+01
  -1.380  0.3758E+00  0.1509E+01
  -1.370  0.3744E+00  0.1513E+01
  -1.360  0.3728E+00  0.1517E+01
  -1.350  0.3709E+00  0.1521E+01
  -1.340  0.3688E+00  0.1524E+01
  -1.330  0.3664E+00  0.1528E+01
  -1.320  0.3648E+00  0.1532E+01
  -1.310  0.3644E+00  0.1535E+01
  -1.300  0.3641E+00  0.1539E+01
  -1.290  0.3639E+00  0.1543E+01
  -1.280  0.3637E+00  0.1546E+01
  -1.270  0.3636E+00  0.1550E+01
  -1.260  0.3636E+00  0.1553E+01
  -1.250  0.3636E+00  0.1557E+01
  -1.240  0.3637E+00  0.1561E+01
  -1.230  0.3639E+00  0.1564E+01
  -1.220  0.3641E+00  0.1568E+01
  -1.210  0.3644E+00  0.1572E+01
  -1.200  0.3647E+00  0.1575E+01
  -1.190  0.3651E+00  0.1579E+01
  -1.180  0.3656E+00  0.1583E+01
  -1.170  0.3661E+00  0.1586E+01
  -1.160  0.3667E+00  0.1590E+01
  -1.150  0.3674E+00  0.1594E+01
  -1.140  0.3664E+00  0.1597E+01
  -1.130  0.3654E+00  0.1601E+01
  -1.120  0.3645E+00  0.1605E+01
  -1.110  0.3636E+00  0.1608E+01
  -1.100  0.3628E+00  0.1612E+01
  -1.090  0.3618E+00  0.1615E+01
  -1.080  0.3607E+00  0.1619E+01
  -1.070  0.3597E+00  0.1623E+01
  -1.060  0.3586E+00  0.1626E+01
  -1.050  0.3576E+00  0.1630E+01
  -1.040  0.3565E+00  0.1633E+01
  -1.030  0.3554E+00  0.1637E+01
  -1.020  0.3543E+00  0.1641E+01
  -1.010  0.3532E+00  0.1644E+01
  -1.000  0.3521E+00  0.1648E+01
  -0.990  0.3510E+00  0.1651E+01
  -0.980  0.3498E+00  0.1655E+01
  -0.970  0.3487E+00  0.1658E+01
  -0.960  0.3475E+00  0.1662E+01
  -0.950  0.3464E+00  0.1665E+01
  -0.940  0.3452E+00  0.1669E+01
  -0.930  0.3440E+00  0.1672E+01
  -0.920  0.3428E+00  0.1675E+01
  -0.910  0.3416E+00  0.1679E+01
  -0.900  0.3404E+00  0.1682E+01
  -0.890  0.3392E+00  0.1686E+01
  -0.880  0.3380E+00  0.1689E+01
  -0.870  0.3367E+00  0.1692E+01
  -0.860  0.3355E+00  0.1696E+01
  -0.850  0.3342E+00  0.1699E+01
  -0.840  0.3330E+00  0.1702E+01
  -0.830  0.3317E+00  0.1706E+01
  -0.820  0.3304E+00  0.1709E+01
  -0.810  0.3291E+00  0.1712E+01
  -0.800  0.3278E+00  0.1716E+01
  -0.790  0.3265E+00  0.1719E+01
  -0.780  0.3251E+00  0.1722E+01
  -0.770  0.3238E+00  0.1725E+01
  -0.760  0.3224E+00  0.1729E+01
  -0.750  0.3211E+00  0.1732E+01
  -0.740  0.3197E+00  0.1735E+01
  -0.730  0.3183E+00  0.1738E+01
  -0.720  0.3170E+00  0.1741E+01
  -0.710  0.3156E+00  0.1745E+01
  -0.700  0.3142E+00  0.1748E+01
  -0.690  0.3127E+00  0.1751E+01
  -0.680  0.3113E+00  0.1754E+01
  -0.670  0.3099E+00  0.1757E+01
  -0.660  0.3084E+00  0.1760E+01
  -0.650  0.3070E+00  0.1763E+01
  -0.640  0.3055E+00  0.1766E+01
  -0.630  0.3040E+00  0.1769E+01
  -0.620  0.3026E+00  0.1772E+01
  -0.610  0.3011E+00  0.1775E+01
  -0.600  0.2996E+00  0.1778E+01
  -0.590  0.2981E+00  0.1781E+01
  -0.580  0.2965E+00  0.1784E+01
  -0.570  0.2950E+00  0.1787E+01
  -0.560  0.2935E+00  0.1790E+01
  -0.550  0.2919E+00  0.1793E+01
  -0.540  0.2903E+00  0.1796E+01
  -0.530  0.2888E+00  0.1799E+01
  -0.520  0.2872E+00  0.1802E+01
  -0.510  0.2856E+00  0.1805E+01
  -0.500  0.2840E+00  0.1808E+01
  -0.490  0.2824E+00  0.1810E+01
  -0.480  0.2808E+00  0.1813E+01
  -0.470  0.2791E+00  0.1816E+01
  -0.460  0.2775E+00  0.1819E+01
  -0.450  0.2759E+00  0.1822E+01
  -0.440  0.2742E+00  0.1824E+01
  -0.430  0.2725E+00  0.1827E+01
  -0.420  0.2709E+00  0.1830E+01
  -0.410  0.2692E+00  0.1833E+01
  -0.400  0.2675E+00  0.1835E+01
  -0.390  0.2658E+00  0.1838E+01
  -0.380  0.2640E+00  0.1841E+01
  -0.370  0.2623E+00  0.1843E+01
  -0.360  0.2606E+00  0.1846E+01
  -0.350  0.2583E+00  0.1848E+01
  -0.340  0.2560E+00  0.1851E+01
  -0.330  0.2536E+00  0.1854E+01
  -0.320  0.2512E+00  0.1856E+01
  -0.310  0.2488E+00  0.1859E+01
  -0.300  0.2464E+00  0.1861E+01
  -0.290  0.2440E+00  0.1863E+01
  -0.280  0.2417E+00  0.1866E+01
  -0.270  0.2393E+00  0.1868E+01
  -0.260  0.2369E+00  0.1871E+01
  -0.250  0.2345E+00  0.1873E+01
  -0.240  0.2322E+00  0.1875E+01
  -0.230  0.2298E+00  0.1878E+01
  -0.220  0.2274E+00  0.1880E+01
  -0.210  0.2251E+00  0.1882E+01
  -0.200  0.2227E+00  0.1884E+01
  -0.190  0.2204E+00  0.1887E+01
  -0.180  0.2180E+00  0.1889E+01
  -0.170  0.2157E+00  0.1891E+01
  -0.160  0.2133E+00  0.1893E+01
  -0.150  0.2110E+00  0.1895E+01
  -0.140  0.2086E+00  0.1897E+01
  -0.130  0.2063E+00  0.1899E+01
  -0.120  0.2039E+00  0.1902E+01
  -0.110  0.2016E+00  0.1904E+01
  -0.100  0.1992E+00  0.1906E+01
  -0.090  0.1969E+00  0.1908E+01
  -0.080  0.1946E+00  0.1909E+01
  -0.070  0.1922E+00  0.1911E+01
  -0.060  0.1899E+00  0.1913E+01
  -0.050  0.1876E+00  0.1915E+01
  -0.040  0.1852E+00  0.1917E+01
  -0.030  0.1829E+00  0.1919E+01
  -0.020  0.1806E+00  0.1921E+01
  -0.010  0.1783E+00  0.1923E+01
  -0.000  0.1760E+00  0.1924E+01
   0.010  0.1737E+00  0.1926E+01
   0.020  0.1715E+00  0.1928E+01
   0.030  0.1692E+00  0.1929E+01
   0.040  0.1670E+00  0.1931E+01
   0.050  0.1648E+00  0.1933E+01
   0.060  0.1626E+00  0.1934E+01
   0.070  0.1605E+00  0.1936E+01
   0.080  0.1583E+00  0.1938E+01
   0.090  0.1562E+00  0.1939E+01
   0.100  0.1541E+00  0.1941E+01
   0.110  0.1520E+00  0.1942E+01
   0.120  0.1499E+00  0.1944E+01
   0.130  0.1478E+00  0.1945E+01
   0.140  0.1458E+00  0.1947E+01
   0.150  0.1437E+00  0.1948E+01
   0.160  0.1417E+00  0.1950E+01
   0.170  0.1397E+00  0.1951E+01
   0.180  0.1378E+00  0.1952E+01
   0.190  0.1358E+00  0.1954E+01
   0.200  0.1338E+00  0.1955E+01
   0.210  0.1319E+00  0.1957E+01
   0.220  0.1300E+00  0.1958E+01
   0.230  0.1281E+00  0.1959E+01
   0.240  0.1262E+00  0.1960E+01
   0.250  0.1244E+00  0.1962E+01
   0.260  0.1226E+00  0.1963E+01
   0.270  0.1207E+00  0.1964E+01
   0.280  0.1189E+00  0.1965E+01
   0.290  0.1171E+00  0.1966E+01
   0.300  0.1154E+00  0.1968E+01
   0.310  0.1136E+00  0.1969E+01
   0.320  0.1119E+00  0.1970E+01
   0.330  0.1102E+00  0.1971E+01
   0.340  0.1085E+00  0.1972E+01
   0.350  0.1068E+00  0.1973E+01
   0.360  0.1051E+00  0.1974E+01
   0.370  0.1035E+00  0.1975E+01
   0.380  0.1018E+00  0.1976E+01
   0.390  0.1002E+00  0.1977E+01
   0.400  0.9864E-01  0.1978E+01
   0.410  0.9712E-01  0.1979E+01
   0.420  0.9564E-01  0.1980E+01
   0.430  0.9421E-01  0.1981E+01
   0.440  0.9283E-01  0.1982E+01
   0.450  0.9150E-01  0.1983E+01
   0.460  0.9022E-01  0.1984E+01
   0.470  0.8898E-01  0.1985E+01
   0.480  0.8779E-01  0.1986E+01
   0.490  0.8665E-01  0.1987E+01
   0.500  0.8556E-01  0.1987E+01
   0.510  0.8452E-01  0.1988E+01
   0.520  0.8353E-01  0.1989E+01
   0.530  0.8258E-01  0.1990E+01
   0.540  0.8169E-01  0.1991E+01
   0.550  0.8084E-01  0.1992E+01
   0.560  0.8004E-01  0.1992E+01
   0.570  0.7929E-01  0.1993E+01
   0.580  0.7859E-01  0.1994E+01
   0.590  0.7793E-01  0.1995E+01
   0.600  0.7733E-01  0.1996E+01
   0.610  0.7677E-01  0.1996E+01
   0.620  0.7626E-01  0.1997E+01
   0.630  0.7580E-01  0.1998E+01
   0.640  0.7539E-01  0.1999E+01
   0.650  0.7503E-01  0.1999E+01
   0.660  0.7471E-01  0.2000E+01
   0.670  0.7444E-01  0.2001E+01
   0.680  0.7423E-01  0.2002E+01
   0.690  0.7406E-01  0.2002E+01
   0.700  0.7394E-01  0.2003E+01
   0.710  0.7387E-01  0.2004E+01
   0.720  0.7384E-01  0.2005E+01
   0.730  0.7387E-01  0.2005E+01
   0.740  0.7394E-01  0.2006E+01
   0.750  0.7407E-01  0.2007E+01
   0.760  0.7424E-01  0.2008E+01
   0.770  0.7446E-01  0.2008E+01
   0.780  0.7472E-01  0.2009E+01
   0.790  0.7504E-01  0.2010E+01
   0.800  0.7616E-01  0.2011E+01
   0.810  0.8014E-01  0.2011E+01
   0.820  0.8390E-01  0.2012E+01
   0.830  0.8744E-01  0.2013E+01
   0.840  0.9075E-01  0.2014E+01
   0.850  0.9385E-01  0.2015E+01
   0.860  0.9673E-01  0.2016E+01
   0.870  0.9938E-01  0.2017E+01
   0.880  0.1018E+00  0.2018E+01
   0.890  0.1040E+00  0.2019E+01
   0.900  0.1060E+00  0.2020E+01
   0.910  0.1078E+00  0.2021E+01
   0.920  0.1093E+00  0.2022E+01
   0.930  0.1107E+00  0.2023E+01
   0.940  0.1120E+00  0.2024E+01
   0.950  0.1133E+00  0.2025E+01
   0.960  0.1145E+00  0.2026E+01
   0.970  0.1154E+00  0.2028E+01
   0.980  0.1161E+00  0.2029E+01
   0.990  0.1172E+00  0.2030E+01
   1.000  0.1199E+00  0.2031E+01
   1.010  0.1228E+00  0.2032E+01
   1.020  0.1257E+00  0.2034E+01
   1.030  0.1287E+00  0.2035E+01
   1.040  0.1318E+00  0.2036E+01
   1.050  0.1350E+00  0.2037E+01
   1.060  0.1382E+00  0.2039E+01
   1.070  0.1415E+00  0.2040E+01
   1.080  0.1450E+00  0.2042E+01
   1.090  0.1484E+00  0.2043E+01
   1.100  0.1520E+00  0.2045E+01
   1.110  0.1556E+00  0.2046E+01
   1.120  0.1594E+00  0.2048E+01
   1.130  0.1632E+00  0.2049E+01
   1.140  0.1670E+00  0.2051E+01
   1.150  0.1710E+00  0.2053E+01
   1.160  0.1750E+00  0.2054E+01
   1.170  0.1792E+00  0.2056E+01
   1.180  0.1834E+00  0.2058E+01
   1.190  0.1876E+00  0.2060E+01
   1.200  0.1920E+00  0.2062E+01
   1.210  0.1964E+00  0.2064E+01
   1.220  0.2009E+00  0.2066E+01
   1.230  0.2055E+00  0.2068E+01
   1.240  0.2102E+00  0.2070E+01
   1.250  0.2150E+00  0.2072E+01
   1.260  0.2198E+00  0.2074E+01
   1.270  0.2247E+00  0.2076E+01
   1.280  0.2297E+00  0.2079E+01
   1.290  0.2348E+00  0.2081E+01
   1.300  0.2399E+00  0.2083E+01
   1.310  0.2451E+00  0.2086E+01
   1.320  0.2504E+00  0.2088E+01
   1.330  0.2558E+00  0.2091E+01
   1.340  0.2613E+00  0.2093E+01
   1.350  0.2668E+00  0.2096E+01
   1.360  0.2725E+00  0.2099E+01
   1.370  0.2782E+00  0.2101E+01
   1.380  0.2839E+00  0.2104E+01
   1.390  0.2898E+00  0.2107E+01
   1.400  0.2958E+00  0.2110E+01
   1.410  0.3018E+00  0.2113E+01
   1.420  0.3080E+00  0.2116E+01
   1.430  0.3143E+00  0.2119E+01
   1.440  0.3207E+00  0.2122E+01
   1.450  0.3272E+00  0.2126E+01
   1.460  0.3339E+00  0.2129E+01
   1.470  0.3406E+00  0.2132E+01
   1.480  0.3475E+00  0.2136E+01
   1.490  0.3545E+00  0.2139E+01
   1.500  0.3616E+00  0.2143E+01
   1.510  0.3688E+00  0.2146E+01
   1.520  0.3761E+00  0.2150E+01
   1.530  0.3835E+00  0.2154E+01
   1.540  0.3911E+00  0.2158E+01
   1.550  0.3987E+00  0.2162E+01
   1.560  0.4065E+00  0.2166E+01
   1.570  0.4144E+00  0.2170E+01
   1.580  0.4224E+00  0.2174E+01
   1.590  0.4305E+00  0.2178E+01
   1.600  0.4387E+00  0.2183E+01
   1.610  0.4471E+00  0.2187E+01
   1.620  0.4555E+00  0.2192E+01
   1.630  0.4640E+00  0.2196E+01
   1.640  0.4723E+00  0.2201E+01
   1.650  0.4802E+00  0.2206E+01
   1.660  0.4877E+00  0.2211E+01
   1.670  0.4948E+00  0.2215E+01
   1.680  0.5016E+00  0.2220E+01
   1.690  0.5079E+00  0.2225E+01
   1.700  0.5139E+00  0.2231E+01
   1.710  0.5194E+00  0.2236E+01
   1.720  0.5246E+00  0.2241E+01
   1.730  0.5294E+00  0.2246E+01
   1.740  0.5338E+00  0.2252E+01
   1.750  0.5379E+00  0.2257E+01
   1.760  0.5415E+00  0.2262E+01
   1.770  0.5467E+00  0.2268E+01
   1.780  0.5520E+00  0.2273E+01
   1.790  0.5543E+00  0.2279E+01
   1.800  0.5534E+00  0.2284E+01
   1.810  0.5551E+00  0.2290E+01
   1.820  0.5594E+00  0.2295E+01
   1.830  0.5635E+00  0.2301E+01
   1.840  0.5676E+00  0.2307E+01
   1.850  0.5715E+00  0.2312E+01
   1.860  0.5753E+00  0.2318E+01
   1.870  0.5790E+00  0.2324E+01
   1.880  0.5826E+00  0.2330E+01
   1.890  0.5860E+00  0.2336E+01
   1.900  0.5894E+00  0.2341E+01
   1.910  0.5926E+00  0.2347E+01
   1.920  0.5957E+00  0.2353E+01
   1.930  0.5987E+00  0.2359E+01
   1.940  0.6016E+00  0.2365E+01
   1.950  0.6044E+00  0.2371E+01
   1.960  0.6071E+00  0.2377E+01
   1.970  0.6096E+00  0.2383E+01
   1.980  0.6120E+00  0.2390E+01
   1.990  0.6143E+00  0.2396E+01
   2.000  0.6165E+00  0.2402E+01
   2.010  0.6186E+00  0.2408E+01
   2.020  0.6206E+00  0.2414E+01
   2.030  0.6225E+00  0.2420E+01
   2.040  0.6242E+00  0.2427E+01
   2.050  0.6258E+00  0.2433E+01
   2.060  0.6273E+00  0.2439E+01
   2.070  0.6287E+00  0.2445E+01
   2.080  0.6300E+00  0.2452E+01
   2.090  0.6312E+00  0.2458E+01
   2.100  0.6322E+00  0.2464E+01
   2.110  0.6332E+00  0.2471E+01
   2.120  0.6340E+00  0.2477E+01
   2.130  0.6347E+00  0.2483E+01
   2.140  0.6353E+00  0.2490E+01
   2.150  0.6358E+00  0.2496E+01
   2.160  0.6361E+00  0.2502E+01
   2.170  0.6364E+00  0.2509E+01
   2.180  0.6365E+00  0.2515E+01
   2.190  0.6365E+00  0.2522E+01
   2.200  0.6383E+00  0.2528E+01
   2.210  0.6399E+00  0.2534E+01
   2.220  0.6414E+00  0.2541E+01
   2.230  0.6427E+00  0.2547E+01
   2.240  0.6438E+00  0.2554E+01
   2.250  0.6448E+00  0.2560E+01
   2.260  0.6457E+00  0.2566E+01
   2.270  0.6464E+00  0.2573E+01
   2.280  0.6469E+00  0.2579E+01
   2.290  0.6473E+00  0.2586E+01
   2.300  0.6475E+00  0.2592E+01
   2.310  0.6475E+00  0.2599E+01
   2.320  0.6474E+00  0.2605E+01
   2.330  0.6472E+00  0.2612E+01
   2.340  0.6468E+00  0.2618E+01
   2.350  0.6462E+00  0.2625E+01
   2.360  0.6455E+00  0.2631E+01
   2.370  0.6446E+00  0.2638E+01
   2.380  0.6436E+00  0.2644E+01
   2.390  0.6424E+00  0.2650E+01
   2.400  0.6410E+00  0.2657E+01
   2.410  0.6395E+00  0.2663E+01
   2.420  0.6379E+00  0.2670E+01
   2.430  0.6361E+00  0.2676E+01
   2.440  0.6341E+00  0.2682E+01
   2.450  0.6320E+00  0.2689E+01
   2.460  0.6297E+00  0.2695E+01
   2.470  0.6272E+00  0.2701E+01
   2.480  0.6246E+00  0.2708E+01
   2.490  0.6219E+00  0.2714E+01
   2.500  0.6190E+00  0.2720E+01
   2.510  0.6159E+00  0.2726E+01
   2.520  0.6127E+00  0.2732E+01
   2.530  0.6093E+00  0.2738E+01
   2.540  0.6058E+00  0.2745E+01
   2.550  0.6021E+00  0.2751E+01
   2.560  0.5983E+00  0.2757E+01
   2.570  0.5943E+00  0.2763E+01
   2.580  0.5901E+00  0.2768E+01
   2.590  0.5858E+00  0.2774E+01
   2.600  0.5813E+00  0.2780E+01
   2.610  0.5767E+00  0.2786E+01
   2.620  0.5719E+00  0.2792E+01
   2.630  0.5669E+00  0.2797E+01
   2.640  0.5618E+00  0.2803E+01
   2.650  0.5565E+00  0.2809E+01
   2.660  0.5511E+00  0.2814E+01
   2.670  0.5455E+00  0.2820E+01
   2.680  0.5398E+00  0.2825E+01
   2.690  0.5339E+00  0.2830E+01
   2.700  0.5287E+00  0.2836E+01
   2.710  0.5235E+00  0.2841E+01
   2.720  0.5184E+00  0.2846E+01
   2.730  0.5134E+00  0.2851E+01
   2.740  0.5084E+00  0.2856E+01
   2.750  0.5034E+00  0.2862E+01
   2.760  0.4985E+00  0.2867E+01
   2.770  0.4937E+00  0.2872E+01
   2.780  0.4890E+00  0.2876E+01
   2.790  0.4843E+00  0.2881E+01
   2.800  0.4796E+00  0.2886E+01
   2.810  0.4750E+00  0.2891E+01
   2.820  0.4705E+00  0.2896E+01
   2.830  0.4660E+00  0.2900E+01
   2.840  0.4616E+00  0.2905E+01
   2.850  0.4572E+00  0.2910E+01
   2.860  0.4529E+00  0.2914E+01
   2.870  0.4486E+00  0.2919E+01
   2.880  0.4444E+00  0.2923E+01
   2.890  0.4403E+00  0.2927E+01
   2.900  0.4362E+00  0.2932E+01
   2.910  0.4322E+00  0.2936E+01
   2.920  0.4282E+00  0.2941E+01
   2.930  0.4243E+00  0.2945E+01
   2.940  0.4204E+00  0.2949E+01
   2.950  0.4166E+00  0.2953E+01
   2.960  0.4133E+00  0.2957E+01
   2.970  0.4101E+00  0.2961E+01
   2.980  0.4069E+00  0.2966E+01
   2.990  0.4038E+00  0.2970E+01
   3.000  0.4008E+00  0.2974E+01
   3.010  0.3977E+00  0.2978E+01
   3.020  0.3947E+00  0.2982E+01
   3.030  0.3917E+00  0.2985E+01
   3.040  0.3888E+00  0.2989E+01
   3.050  0.3859E+00  0.2993E+01
   3.060  0.3830E+00  0.2997E+01
   3.070  0.3801E+00  0.3001E+01
   3.080  0.3773E+00  0.3005E+01
   3.090  0.3745E+00  0.3008E+01
   3.100  0.3718E+00  0.3012E+01
   3.110  0.3691E+00  0.3016E+01
   3.120  0.3664E+00  0.3020E+01
   3.130  0.3637E+00  0.3023E+01
   3.140  0.3611E+00  0.3027E+01
   3.150  0.3585E+00  0.3030E+01
   3.160  0.3559E+00  0.3034E+01
   3.170  0.3534E+00  0.3038E+01
   3.180  0.3509E+00  0.3041E+01
   3.190  0.3484E+00  0.3045E+01
   3.200  0.3460E+00  0.3048E+01
   3.210  0.3436E+00  0.3052E+01
   3.220  0.3412E+00  0.3055E+01
   3.230  0.3389E+00  0.3058E+01
   3.240  0.3366E+00  0.3062E+01
   3.250  0.3343E+00  0.3065E+01
   3.260  0.3320E+00  0.3068E+01
   3.270  0.3298E+00  0.3072E+01
   3.280  0.3276E+00  0.3075E+01
   3.290  0.3255E+00  0.3078E+01
   3.300  0.3234E+00  0.3082E+01
   3.310  0.3213E+00  0.3085E+01
   3.320  0.3192E+00  0.3088E+01
   3.330  0.3172E+00  0.3091E+01
   3.340  0.3152E+00  0.3094E+01
   3.350  0.3133E+00  0.3097E+01
   3.360  0.3113E+00  0.3101E+01
   3.370  0.3094E+00  0.3104E+01
   3.380  0.3076E+00  0.3107E+01
   3.390  0.3057E+00  0.3110E+01
   3.400  0.3040E+00  0.3113E+01
   3.410  0.3022E+00  0.3116E+01
   3.420  0.3004E+00  0.3119E+01
   3.430  0.2987E+00  0.3122E+01
   3.440  0.2971E+00  0.3125E+01
   3.450  0.2954E+00  0.3128E+01
   3.460  0.2938E+00  0.3131E+01
   3.470  0.2923E+00  0.3134E+01
   3.480  0.2907E+00  0.3137E+01
   3.490  0.2892E+00  0.3140E+01
   3.500  0.2877E+00  0.3142E+01
   3.510  0.2864E+00  0.3145E+01
   3.520  0.2857E+00  0.3148E+01
   3.530  0.2849E+00  0.3151E+01
   3.540  0.2842E+00  0.3154E+01
   3.550  0.2835E+00  0.3157E+01
   3.560  0.2827E+00  0.3160E+01
   3.570  0.2820E+00  0.3162E+01
   3.580  0.2812E+00  0.3165E+01
   3.590  0.2805E+00  0.3168E+01
   3.600  0.2797E+00  0.3171E+01
   3.610  0.2790E+00  0.3174E+01
   3.620  0.2782E+00  0.3176E+01
   3.630  0.2775E+00  0.3179E+01
   3.640  0.2767E+00  0.3182E+01
   3.650  0.2760E+00  0.3185E+01
   3.660  0.2752E+00  0.3187E+01
   3.670  0.2745E+00  0.3190E+01
   3.680  0.2737E+00  0.3193E+01
   3.690  0.2730E+00  0.3196E+01
   3.700  0.2722E+00  0.3198E+01
   3.710  0.2714E+00  0.3201E+01
   3.720  0.2707E+00  0.3204E+01
   3.730  0.2699E+00  0.3206E+01
   3.740  0.2692E+00  0.3209E+01
   3.750  0.2684E+00  0.3212E+01
   3.760  0.2676E+00  0.3215E+01
   3.770  0.2669E+00  0.3217E+01
   3.780  0.2661E+00  0.3220E+01
   3.790  0.2653E+00  0.3223E+01
   3.800  0.2646E+00  0.3225E+01
   3.810  0.2638E+00  0.3228E+01
   3.820  0.2630E+00  0.3230E+01
   3.830  0.2622E+00  0.3233E+01
   3.840  0.2615E+00  0.3236E+01
   3.850  0.2607E+00  0.3238E+01
   3.860  0.2599E+00  0.3241E+01
   3.870  0.2591E+00  0.3244E+01
   3.880  0.2584E+00  0.3246E+01
   3.890  0.2576E+00  0.3249E+01
   3.900  0.2568E+00  0.3251E+01
   3.910  0.2560E+00  0.3254E+01
   3.920  0.2552E+00  0.3256E+01
   3.930  0.2545E+00  0.3259E+01
   3.940  0.2537E+00  0.3261E+01
   3.950  0.2529E+00  0.3264E+01
   3.960  0.2521E+00  0.3267E+01
   3.970  0.2513E+00  0.3269E+01
   3.980  0.2505E+00  0.3272E+01
   3.990  0.2497E+00  0.3274E+01
   4.000  0.2489E+00  0.3277E+01
   4.010  0.2481E+00  0.3279E+01
   4.020  0.2474E+00  0.3282E+01
   4.030  0.2466E+00  0.3284E+01
   4.040  0.2458E+00  0.3286E+01
   4.050  0.2451E+00  0.3289E+01
   4.060  0.2444E+00  0.3291E+01
   4.070  0.2438E+00  0.3294E+01
   4.080  0.2433E+00  0.3296E+01
   4.090  0.2427E+00  0.3299E+01
   4.100  0.2423E+00  0.3301E+01
   4.110  0.2419E+00  0.3303E+01
   4.120  0.2415E+00  0.3306E+01
   4.130  0.2412E+00  0.3308E+01
   4.140  0.2409E+00  0.3311E+01
   4.150  0.2407E+00  0.3313E+01
   4.160  0.2405E+00  0.3316E+01
   4.170  0.2403E+00  0.3318E+01
   4.180  0.2403E+00  0.3320E+01
   4.190  0.2402E+00  0.3323E+01
   4.200  0.2402E+00  0.3325E+01
   4.210  0.2403E+00  0.3328E+01
   4.220  0.2404E+00  0.3330E+01
   4.230  0.2406E+00  0.3332E+01
   4.240  0.2408E+00  0.3335E+01
   4.250  0.2411E+00  0.3337E+01
   4.260  0.2414E+00  0.3340E+01
   4.270  0.2418E+00  0.3342E+01
   4.280  0.2423E+00  0.3344E+01
   4.290  0.2429E+00  0.3347E+01
   4.300  0.2435E+00  0.3349E+01
   4.310  0.2442E+00  0.3352E+01
   4.320  0.2450E+00  0.3354E+01
   4.330  0.2459E+00  0.3357E+01
   4.340  0.2468E+00  0.3359E+01
   4.350  0.2478E+00  0.3362E+01
   4.360  0.2488E+00  0.3364E+01
   4.370  0.2499E+00  0.3367E+01
   4.380  0.2511E+00  0.3369E+01
   4.390  0.2522E+00  0.3372E+01
   4.400  0.2535E+00  0.3374E+01
   4.410  0.2547E+00  0.3377E+01
   4.420  0.2560E+00  0.3379E+01
   4.430  0.2574E+00  0.3382E+01
   4.440  0.2588E+00  0.3384E+01
   4.450  0.2602E+00  0.3387E+01
   4.460  0.2617E+00  0.3390E+01
   4.470  0.2632E+00  0.3392E+01
   4.480  0.2656E+00  0.3395E+01
   4.490  0.2718E+00  0.3397E+01
   4.500  0.2779E+00  0.3400E+01
   4.510  0.2841E+00  0.3403E+01
   4.520  0.2902E+00  0.3406E+01
   4.530  0.2964E+00  0.3409E+01
   4.540  0.3025E+00  0.3412E+01
   4.550  0.3087E+00  0.3415E+01
   4.560  0.3148E+00  0.3418E+01
   4.570  0.3210E+00  0.3421E+01
   4.580  0.3271E+00  0.3424E+01
   4.590  0.3332E+00  0.3428E+01
   4.600  0.3394E+00  0.3431E+01
   4.610  0.3455E+00  0.3435E+01
   4.620  0.3517E+00  0.3438E+01
   4.630  0.3578E+00  0.3442E+01
   4.640  0.3639E+00  0.3445E+01
   4.650  0.3701E+00  0.3449E+01
   4.660  0.3762E+00  0.3453E+01
   4.670  0.3823E+00  0.3456E+01
   4.680  0.3885E+00  0.3460E+01
   4.690  0.3946E+00  0.3464E+01
   4.700  0.4008E+00  0.3468E+01
   4.710  0.4069E+00  0.3472E+01
   4.720  0.4131E+00  0.3476E+01
   4.730  0.4193E+00  0.3480E+01
   4.740  0.4255E+00  0.3485E+01
   4.750  0.4317E+00  0.3489E+01
   4.760  0.4379E+00  0.3493E+01
   4.770  0.4441E+00  0.3498E+01
   4.780  0.4503E+00  0.3502E+01
   4.790  0.4565E+00  0.3507E+01
   4.800  0.4627E+00  0.3511E+01
   4.810  0.4690E+00  0.3516E+01
   4.820  0.4752E+00  0.3521E+01
   4.830  0.4815E+00  0.3525E+01
   4.840  0.4877E+00  0.3530E+01
   4.850  0.4940E+00  0.3535E+01
   4.860  0.5003E+00  0.3540E+01
   4.870  0.5066E+00  0.3545E+01
   4.880  0.5128E+00  0.3550E+01
   4.890  0.5191E+00  0.3555E+01
   4.900  0.5255E+00  0.3561E+01
   4.910  0.5318E+00  0.3566E+01
   4.920  0.5381E+00  0.3571E+01
   4.930  0.5444E+00  0.3577E+01
   4.940  0.5444E+00  0.3582E+01
   4.950  0.5389E+00  0.3588E+01
   4.960  0.5341E+00  0.3593E+01
   4.970  0.5301E+00  0.3598E+01
   4.980  0.5269E+00  0.3604E+01
   4.990  0.5245E+00  0.3609E+01
   5.000  0.5229E+00  0.3614E+01
   5.010  0.5221E+00  0.3619E+01
   5.020  0.5221E+00  0.3625E+01
   5.030  0.5225E+00  0.3630E+01
   5.040  0.5230E+00  0.3635E+01
   5.050  0.5234E+00  0.3640E+01
   5.060  0.5238E+00  0.3645E+01
   5.070  0.5242E+00  0.3651E+01
   5.080  0.5246E+00  0.3656E+01
   5.090  0.5250E+00  0.3661E+01
   5.100  0.5254E+00  0.3666E+01
   5.110  0.5258E+00  0.3672E+01
   5.120  0.5262E+00  0.3677E+01
   5.130  0.5265E+00  0.3682E+01
   5.140  0.5269E+00  0.3687E+01
   5.150  0.5273E+00  0.3693E+01
   5.160  0.5276E+00  0.3698E+01
   5.170  0.5279E+00  0.3703E+01
   5.180  0.5283E+00  0.3709E+01
   5.190  0.5286E+00  0.3714E+01
   5.200  0.5289E+00  0.3719E+01
   5.210  0.5292E+00  0.3724E+01
   5.220  0.5295E+00  0.3730E+01
   5.230  0.5298E+00  0.3735E+01
   5.240  0.5301E+00  0.3740E+01
   5.250  0.5304E+00  0.3746E+01
   5.260  0.5306E+00  0.3751E+01
   5.270  0.5309E+00  0.3756E+01
   5.280  0.5311E+00  0.3762E+01
   5.290  0.5314E+00  0.3767E+01
   5.300  0.5316E+00  0.3772E+01
   5.310  0.5318E+00  0.3777E+01
   5.320  0.5321E+00  0.3783E+01
   5.330  0.5323E+00  0.3788E+01
   5.340  0.5325E+00  0.3793E+01
   5.350  0.5327E+00  0.3799E+01
   5.360  0.5329E+00  0.3804E+01
   5.370  0.5331E+00  0.3809E+01
   5.380  0.5332E+00  0.3815E+01
   5.390  0.5334E+00  0.3820E+01
   5.400  0.5336E+00  0.3825E+01
   5.410  0.5337E+00  0.3831E+01
   5.420  0.5339E+00  0.3836E+01
   5.430  0.5340E+00  0.3841E+01
   5.440  0.5341E+00  0.3847E+01
   5.450  0.5342E+00  0.3852E+01
   5.460  0.5344E+00  0.3857E+01
   5.470  0.5345E+00  0.3863E+01
   5.480  0.5346E+00  0.3868E+01
   5.490  0.5346E+00  0.3874E+01
   5.500  0.5347E+00  0.3879E+01
   5.510  0.5348E+00  0.3884E+01
   5.520  0.5349E+00  0.3890E+01
   5.530  0.5349E+00  0.3895E+01
   5.540  0.5350E+00  0.3900E+01
   5.550  0.5350E+00  0.3906E+01
   5.560  0.5351E+00  0.3911E+01
   5.570  0.5351E+00  0.3916E+01
   5.580  0.5351E+00  0.3922E+01
   5.590  0.5352E+00  0.3927E+01
   5.600  0.5353E+00  0.3932E+01
   5.610  0.5357E+00  0.3938E+01
   5.620  0.5364E+00  0.3943E+01
   5.630  0.5372E+00  0.3948E+01
   5.640  0.5379E+00  0.3954E+01
   5.650  0.5387E+00  0.3959E+01
   5.660  0.5394E+00  0.3965E+01
   5.670  0.5402E+00  0.3970E+01
   5.680  0.5410E+00  0.3975E+01
   5.690  0.5418E+00  0.3981E+01
   5.700  0.5425E+00  0.3986E+01
   5.710  0.5433E+00  0.3992E+01
   5.720  0.5441E+00  0.3997E+01
   5.730  0.5450E+00  0.4003E+01
   5.740  0.5458E+00  0.4008E+01
   5.750  0.5466E+00  0.4013E+01
   5.760  0.5474E+00  0.4019E+01
   5.770  0.5482E+00  0.4024E+01
   5.780  0.5491E+00  0.4030E+01
   5.790  0.5499E+00  0.4035E+01
   5.800  0.5508E+00  0.4041E+01
   5.810  0.5516E+00  0.4046E+01
   5.820  0.5525E+00  0.4052E+01
   5.830  0.5534E+00  0.4057E+01
   5.840  0.5543E+00  0.4063E+01
   5.850  0.5552E+00  0.4069E+01
   5.860  0.5561E+00  0.4074E+01
   5.870  0.5570E+00  0.4080E+01
   5.880  0.5580E+00  0.4085E+01
   5.890  0.5589E+00  0.4091E+01
   5.900  0.5598E+00  0.4096E+01
   5.910  0.5608E+00  0.4102E+01
   5.920  0.5617E+00  0.4108E+01
   5.930  0.5627E+00  0.4113E+01
   5.940  0.5636E+00  0.4119E+01
   5.950  0.5645E+00  0.4125E+01
   5.960  0.5655E+00  0.4130E+01
   5.970  0.5665E+00  0.4136E+01
   5.980  0.5674E+00  0.4141E+01
   5.990  0.5684E+00  0.4147E+01
   6.000  0.5871E+00  0.4153E+01
   6.010  0.8701E+00  0.4160E+01
   6.020  0.8623E+00  0.4169E+01
   6.030  0.6385E+00  0.4177E+01
   6.040  0.6386E+00  0.4183E+01
   6.050  0.6385E+00  0.4190E+01
   6.060  0.6385E+00  0.4196E+01
   6.070  0.6384E+00  0.4202E+01
   6.080  0.6383E+00  0.4209E+01
   6.090  0.6381E+00  0.4215E+01
   6.100  0.6379E+00  0.4221E+01
   6.110  0.6377E+00  0.4228E+01
   6.120  0.6375E+00  0.4234E+01
   6.130  0.6372E+00  0.4241E+01
   6.140  0.6369E+00  0.4247E+01
   6.150  0.6366E+00  0.4253E+01
   6.160  0.6362E+00  0.4260E+01
   6.170  0.6358E+00  0.4266E+01
   6.180  0.6353E+00  0.4272E+01
   6.190  0.6349E+00  0.4279E+01
   6.200  0.6343E+00  0.4285E+01
   6.210  0.6338E+00  0.4291E+01
   6.220  0.6332E+00  0.4298E+01
   6.230  0.6326E+00  0.4304E+01
   6.240  0.6320E+00  0.4310E+01
   6.250  0.6313E+00  0.4317E+01
   6.260  0.6306E+00  0.4323E+01
   6.270  0.6299E+00  0.4329E+01
   6.280  0.6291E+00  0.4336E+01
   6.290  0.6283E+00  0.4342E+01
   6.300  0.6275E+00  0.4348E+01
   6.310  0.6266E+00  0.4354E+01
   6.320  0.6257E+00  0.4361E+01
   6.330  0.6248E+00  0.4367E+01
   6.340  0.6239E+00  0.4373E+01
   6.350  0.6229E+00  0.4379E+01
   6.360  0.6224E+00  0.4386E+01
   6.370  0.6221E+00  0.4392E+01
   6.380  0.6218E+00  0.4398E+01
   6.390  0.6215E+00  0.4404E+01
   6.400  0.6213E+00  0.4411E+01
   6.410  0.6212E+00  0.4417E+01
   6.420  0.6211E+00  0.4423E+01
   6.430  0.6211E+00  0.4429E+01
   6.440  0.6212E+00  0.4435E+01
   6.450  0.6213E+00  0.4442E+01
   6.460  0.6214E+00  0.4448E+01
   6.470  0.6216E+00  0.4454E+01
   6.480  0.6219E+00  0.4460E+01
   6.490  0.6223E+00  0.4466E+01
   6.500  0.6226E+00  0.4473E+01
   6.510  0.6231E+00  0.4479E+01
   6.520  0.6236E+00  0.4485E+01
   6.530  0.6242E+00  0.4491E+01
   6.540  0.6248E+00  0.4498E+01
   6.550  0.6255E+00  0.4504E+01
   6.560  0.6262E+00  0.4510E+01
   6.570  0.6270E+00  0.4516E+01
   6.580  0.6279E+00  0.4523E+01
   6.590  0.6288E+00  0.4529E+01
   6.600  0.6297E+00  0.4535E+01
   6.610  0.6308E+00  0.4542E+01
   6.620  0.6318E+00  0.4548E+01
   6.630  0.6330E+00  0.4554E+01
   6.640  0.6341E+00  0.4561E+01
   6.650  0.6354E+00  0.4567E+01
   6.660  0.6367E+00  0.4573E+01
   6.670  0.6380E+00  0.4580E+01
   6.680  0.6394E+00  0.4586E+01
   6.690  0.6408E+00  0.4592E+01
   6.700  0.6423E+00  0.4599E+01
   6.710  0.6438E+00  0.4605E+01
   6.720  0.6454E+00  0.4612E+01
   6.730  0.6470E+00  0.4618E+01
   6.740  0.6486E+00  0.4625E+01
   6.750  0.6504E+00  0.4631E+01
   6.760  0.6521E+00  0.4638E+01
   6.770  0.6540E+00  0.4644E+01
   6.780  0.6558E+00  0.4651E+01
   6.790  0.6578E+00  0.4657E+01
   6.800  0.6598E+00  0.4664E+01
   6.810  0.6618E+00  0.4670E+01
   6.820  0.6639E+00  0.4677E+01
   6.830  0.6661E+00  0.4684E+01
   6.840  0.6683E+00  0.4690E+01
   6.850  0.6705E+00  0.4697E+01
   6.860  0.6728E+00  0.4704E+01
   6.870  0.6751E+00  0.4711E+01
   6.880  0.6775E+00  0.4717E+01
   6.890  0.6799E+00  0.4724E+01
   6.900  0.6824E+00  0.4731E+01
   6.910  0.6849E+00  0.4738E+01
   6.920  0.6875E+00  0.4745E+01
   6.930  0.6902E+00  0.4752E+01
   6.940  0.6929E+00  0.4758E+01
   6.950  0.6956E+00  0.4765E+01
   6.960  0.6984E+00  0.4772E+01
   6.970  0.7013E+00  0.4779E+01
   6.980  0.7042E+00  0.4786E+01
   6.990  0.7071E+00  0.4793E+01
   7.000  0.7106E+00  0.4801E+01
   7.010  0.7148E+00  0.4808E+01
   7.020  0.7194E+00  0.4815E+01
   7.030  0.7245E+00  0.4822E+01
   7.040  0.7286E+00  0.4829E+01
   7.050  0.7274E+00  0.4837E+01
   7.060  0.7214E+00  0.4844E+01
   7.070  0.7124E+00  0.4851E+01
   7.080  0.7182E+00  0.4858E+01
   7.090  0.7241E+00  0.4865E+01
   7.100  0.7301E+00  0.4873E+01
   7.110  0.7362E+00  0.4880E+01
   7.120  0.7425E+00  0.4887E+01
   7.130  0.7488E+00  0.4895E+01
   7.140  0.7552E+00  0.4902E+01
   7.150  0.7617E+00  0.4910E+01
   7.160  0.7683E+00  0.4918E+01
   7.170  0.7750E+00  0.4925E+01
   7.180  0.7818E+00  0.4933E+01
   7.190  0.7887E+00  0.4941E+01
   7.200  0.7957E+00  0.4949E+01
   7.210  0.8028E+00  0.4957E+01
   7.220  0.8100E+00  0.4965E+01
   7.230  0.8173E+00  0.4973E+01
   7.240  0.8246E+00  0.4981E+01
   7.250  0.8321E+00  0.4990E+01
   7.260  0.8397E+00  0.4998E+01
   7.270  0.8474E+00  0.5006E+01
   7.280  0.8552E+00  0.5015E+01
   7.290  0.8630E+00  0.5023E+01
   7.300  0.8710E+00  0.5032E+01
   7.310  0.8791E+00  0.5041E+01
   7.320  0.8873E+00  0.5050E+01
   7.330  0.8955E+00  0.5059E+01
   7.340  0.9039E+00  0.5068E+01
   7.350  0.9124E+00  0.5077E+01
   7.360  0.9209E+00  0.5086E+01
   7.370  0.9296E+00  0.5095E+01
   7.380  0.9383E+00  0.5104E+01
   7.390  0.9472E+00  0.5114E+01
   7.400  0.9561E+00  0.5123E+01
   7.410  0.1207E+01  0.5135E+01
   7.420  0.9396E+00  0.5145E+01
   7.430  0.9311E+00  0.5154E+01
   7.440  0.9229E+00  0.5164E+01
   7.450  0.9151E+00  0.5173E+01
   7.460  0.9078E+00  0.5182E+01
   7.470  0.9008E+00  0.5191E+01
   7.480  0.8941E+00  0.5200E+01
   7.490  0.8879E+00  0.5209E+01
   7.500  0.8821E+00  0.5218E+01
   7.510  0.8766E+00  0.5227E+01
   7.520  0.8716E+00  0.5235E+01
   7.530  0.8669E+00  0.5244E+01
   7.540  0.8626E+00  0.5253E+01
   7.550  0.8587E+00  0.5261E+01
   7.560  0.8552E+00  0.5270E+01
   7.570  0.8520E+00  0.5278E+01
   7.580  0.8493E+00  0.5287E+01
   7.590  0.8469E+00  0.5295E+01
   7.600  0.8449E+00  0.5304E+01
   7.610  0.8432E+00  0.5312E+01
   7.620  0.8414E+00  0.5321E+01
   7.630  0.8398E+00  0.5329E+01
   7.640  0.8381E+00  0.5337E+01
   7.650  0.8365E+00  0.5346E+01
   7.660  0.8350E+00  0.5354E+01
   7.670  0.8335E+00  0.5363E+01
   7.680  0.8320E+00  0.5371E+01
   7.690  0.8306E+00  0.5379E+01
   7.700  0.8292E+00  0.5387E+01
   7.710  0.8279E+00  0.5396E+01
   7.720  0.8266E+00  0.5404E+01
   7.730  0.8254E+00  0.5412E+01
   7.740  0.8242E+00  0.5421E+01
   7.750  0.8230E+00  0.5429E+01
   7.760  0.8219E+00  0.5437E+01
   7.770  0.8209E+00  0.5445E+01
   7.780  0.8199E+00  0.5453E+01
   7.790  0.8189E+00  0.5462E+01
   7.800  0.8180E+00  0.5470E+01
   7.810  0.8171E+00  0.5478E+01
   7.820  0.8162E+00  0.5486E+01
   7.830  0.8154E+00  0.5494E+01
   7.840  0.8147E+00  0.5502E+01
   7.850  0.8152E+00  0.5511E+01
   7.860  0.8162E+00  0.5519E+01
   7.870  0.8170E+00  0.5527E+01
   7.880  0.8177E+00  0.5535E+01
   7.890  0.8183E+00  0.5543E+01
   7.900  0.8187E+00  0.5551E+01
   7.910  0.8189E+00  0.5560E+01
   7.920  0.8189E+00  0.5568E+01
   7.930  0.8188E+00  0.5576E+01
   7.940  0.8185E+00  0.5584E+01
   7.950  0.8179E+00  0.5592E+01
   7.960  0.8172E+00  0.5601E+01
   7.970  0.8164E+00  0.5609E+01
   7.980  0.8153E+00  0.5617E+01
   7.990  0.8140E+00  0.5625E+01
   8.000  0.8124E+00  0.5633E+01
   8.010  0.8106E+00  0.5641E+01
   8.020  0.8086E+00  0.5649E+01
   8.030  0.8063E+00  0.5657E+01
   8.040  0.8038E+00  0.5665E+01
   8.050  0.8010E+00  0.5674E+01
   8.060  0.7980E+00  0.5682E+01
   8.070  0.7947E+00  0.5689E+01
   8.080  0.7912E+00  0.5697E+01
   8.090  0.7875E+00  0.5705E+01
   8.100  0.7835E+00  0.5713E+01
   8.110  0.7793E+00  0.5721E+01
   8.120  0.7748E+00  0.5729E+01
   8.130  0.7725E+00  0.5736E+01
   8.140  0.7721E+00  0.5744E+01
   8.150  0.7716E+00  0.5752E+01
   8.160  0.7711E+00  0.5760E+01
   8.170  0.7706E+00  0.5767E+01
   8.180  0.7702E+00  0.5775E+01
   8.190  0.7697E+00  0.5783E+01
   8.200  0.7691E+00  0.5790E+01
   8.210  0.7686E+00  0.5798E+01
   8.220  0.7681E+00  0.5806E+01
   8.230  0.7676E+00  0.5813E+01
   8.240  0.7670E+00  0.5821E+01
   8.250  0.7665E+00  0.5829E+01
   8.260  0.7659E+00  0.5836E+01
   8.270  0.7658E+00  0.5844E+01
   8.280  0.7656E+00  0.5852E+01
   8.290  0.7654E+00  0.5859E+01
   8.300  0.7652E+00  0.5867E+01
   8.310  0.7650E+00  0.5875E+01
   8.320  0.7648E+00  0.5882E+01
   8.330  0.7646E+00  0.5890E+01
   8.340  0.7643E+00  0.5898E+01
   8.350  0.7640E+00  0.5905E+01
   8.360  0.7637E+00  0.5913E+01
   8.370  0.7634E+00  0.5921E+01
   8.380  0.7631E+00  0.5928E+01
   8.390  0.7627E+00  0.5936E+01
   8.400  0.7624E+00  0.5943E+01
   8.410  0.7620E+00  0.5951E+01
   8.420  0.7616E+00  0.5959E+01
   8.430  0.7612E+00  0.5966E+01
   8.440  0.7607E+00  0.5974E+01
   8.450  0.7602E+00  0.5982E+01
   8.460  0.7598E+00  0.5989E+01
   8.470  0.7589E+00  0.5997E+01
   8.480  0.7567E+00  0.6004E+01
   8.490  0.7542E+00  0.6012E+01
   8.500  0.7542E+00  0.6019E+01
   8.510  0.7541E+00  0.6027E+01
   8.520  0.7541E+00  0.6035E+01
   8.530  0.7540E+00  0.6042E+01
   8.540  0.7539E+00  0.6050E+01
   8.550  0.7539E+00  0.6057E+01
   8.560  0.7538E+00  0.6065E+01
   8.570  0.7537E+00  0.6072E+01
   8.580  0.7537E+00  0.6080E+01
   8.590  0.7536E+00  0.6087E+01
   8.600  0.7535E+00  0.6095E+01
   8.610  0.7534E+00  0.6102E+01
   8.620  0.7534E+00  0.6110E+01
   8.630  0.7533E+00  0.6117E+01
   8.640  0.7532E+00  0.6125E+01
   8.650  0.7531E+00  0.6132E+01
   8.660  0.7542E+00  0.6140E+01
   8.670  0.7556E+00  0.6148E+01
   8.680  0.7570E+00  0.6155E+01
   8.690  0.7584E+00  0.6163E+01
   8.700  0.7596E+00  0.6170E+01
   8.710  0.7608E+00  0.6178E+01
   8.720  0.7619E+00  0.6186E+01
   8.730  0.7629E+00  0.6193E+01
   8.740  0.7639E+00  0.6201E+01
   8.750  0.7648E+00  0.6208E+01
   8.760  0.7656E+00  0.6216E+01
   8.770  0.7698E+00  0.6224E+01
   8.780  0.7753E+00  0.6231E+01
   8.790  0.7806E+00  0.6239E+01
   8.800  0.7855E+00  0.6247E+01
   8.810  0.7901E+00  0.6255E+01
   8.820  0.7944E+00  0.6263E+01
   8.830  0.7983E+00  0.6271E+01
   8.840  0.8020E+00  0.6279E+01
   8.850  0.8053E+00  0.6287E+01
   8.860  0.8083E+00  0.6295E+01
   8.870  0.8109E+00  0.6303E+01
   8.880  0.8133E+00  0.6311E+01
   8.890  0.8154E+00  0.6319E+01
   8.900  0.8171E+00  0.6327E+01
   8.910  0.8185E+00  0.6336E+01
   8.920  0.8197E+00  0.6344E+01
   8.930  0.8205E+00  0.6352E+01
   8.940  0.8210E+00  0.6360E+01
   8.950  0.8211E+00  0.6368E+01
   8.960  0.8210E+00  0.6377E+01
   8.970  0.8206E+00  0.6385E+01
   8.980  0.8198E+00  0.6393E+01
   8.990  0.8187E+00  0.6401E+01
   9.000  0.8173E+00  0.6409E+01
   9.010  0.8158E+00  0.6418E+01
   9.020  0.8140E+00  0.6426E+01
   9.030  0.8121E+00  0.6434E+01
   9.040  0.8100E+00  0.6442E+01
   9.050  0.8077E+00  0.6450E+01
   9.060  0.8052E+00  0.6458E+01
   9.070  0.8025E+00  0.6466E+01
   9.080  0.7996E+00  0.6474E+01
   9.090  0.7965E+00  0.6482E+01
   9.100  0.7932E+00  0.6490E+01
   9.110  0.7897E+00  0.6498E+01
   9.120  0.7860E+00  0.6506E+01
   9.130  0.7822E+00  0.6514E+01
   9.140  0.7782E+00  0.6522E+01
   9.150  0.7741E+00  0.6529E+01
   9.160  0.7700E+00  0.6537E+01
   9.170  0.7659E+00  0.6545E+01
   9.180  0.7616E+00  0.6552E+01
   9.190  0.7573E+00  0.6560E+01
   9.200  0.7547E+00  0.6568E+01
   9.210  0.7533E+00  0.6575E+01
   9.220  0.7520E+00  0.6583E+01
   9.230  0.7507E+00  0.6590E+01
   9.240  0.7495E+00  0.6598E+01
   9.250  0.7484E+00  0.6605E+01
   9.260  0.7473E+00  0.6613E+01
   9.270  0.7461E+00  0.6620E+01
   9.280  0.7450E+00  0.6628E+01
   9.290  0.7438E+00  0.6635E+01
   9.300  0.7426E+00  0.6642E+01
   9.310  0.7413E+00  0.6650E+01
   9.320  0.7401E+00  0.6657E+01
   9.330  0.7389E+00  0.6665E+01
   9.340  0.7377E+00  0.6672E+01
   9.350  0.7365E+00  0.6679E+01
   9.360  0.7353E+00  0.6687E+01
   9.370  0.7341E+00  0.6694E+01
   9.380  0.7329E+00  0.6701E+01
   9.390  0.7317E+00  0.6709E+01
   9.400  0.7305E+00  0.6716E+01
   9.410  0.7293E+00  0.6723E+01
   9.420  0.7281E+00  0.6731E+01
   9.430  0.7269E+00  0.6738E+01
   9.440  0.7257E+00  0.6745E+01
   9.450  0.7244E+00  0.6752E+01
   9.460  0.7232E+00  0.6760E+01
   9.470  0.7220E+00  0.6767E+01
   9.480  0.7207E+00  0.6774E+01
   9.490  0.7195E+00  0.6781E+01
   9.500  0.7182E+00  0.6788E+01
   9.510  0.7169E+00  0.6796E+01
   9.520  0.7157E+00  0.6803E+01
   9.530  0.7144E+00  0.6810E+01
   9.540  0.7131E+00  0.6817E+01
   9.550  0.7118E+00  0.6824E+01
   9.560  0.7105E+00  0.6831E+01
   9.570  0.7092E+00  0.6838E+01
   9.580  0.7079E+00  0.6846E+01
   9.590  0.7066E+00  0.6853E+01
   9.600  0.7053E+00  0.6860E+01
   9.610  0.7039E+00  0.6867E+01
   9.620  0.7026E+00  0.6874E+01
   9.630  0.7012E+00  0.6881E+01
   9.640  0.6999E+00  0.6888E+01
   9.650  0.6985E+00  0.6895E+01
   9.660  0.6972E+00  0.6902E+01
   9.670  0.6958E+00  0.6909E+01
   9.680  0.6944E+00  0.6916E+01
   9.690  0.6930E+00  0.6923E+01
   9.700  0.6917E+00  0.6930E+01
   9.710  0.6903E+00  0.6936E+01
   9.720  0.6889E+00  0.6943E+01
   9.730  0.6874E+00  0.6950E+01
   9.740  0.6860E+00  0.6957E+01
   9.750  0.6846E+00  0.6964E+01
   9.760  0.6832E+00  0.6971E+01
   9.770  0.6817E+00  0.6978E+01
   9.780  0.6803E+00  0.6984E+01
   9.790  0.6788E+00  0.6991E+01
   9.800  0.6774E+00  0.6998E+01
   9.810  0.6759E+00  0.7005E+01
   9.820  0.6763E+00  0.7011E+01
   9.830  0.6779E+00  0.7018E+01
   9.840  0.6794E+00  0.7025E+01
   9.850  0.6809E+00  0.7032E+01
   9.860  0.6822E+00  0.7039E+01
   9.870  0.6834E+00  0.7045E+01
   9.880  0.6844E+00  0.7052E+01
   9.890  0.6854E+00  0.7059E+01
   9.900  0.6863E+00  0.7066E+01
   9.910  0.6871E+00  0.7073E+01
   9.920  0.6877E+00  0.7080E+01
   9.930  0.6883E+00  0.7087E+01
   9.940  0.6887E+00  0.7094E+01
   9.950  0.6891E+00  0.7100E+01
   9.960  0.6893E+00  0.7107E+01
   9.970  0.6894E+00  0.7114E+01
   9.980  0.6895E+00  0.7121E+01
   9.990  0.6894E+00  0.7128E+01
  10.000  0.6892E+00  0.7135E+01
