 &plot nbnd=   8, nks=    51 /
            0.000000  0.000000  0.000000
   -8.133   13.473   13.473   13.473   19.125   19.125   19.125   26.678
            0.050000  0.000000  0.050000
   -8.087   13.196   13.278   13.445   19.172   19.274   19.353   26.723
            0.100000  0.000000  0.100000
   -7.947   12.485   12.750   13.359   19.315   19.671   19.909   26.849
            0.150000  0.000000  0.150000
   -7.717   11.573   12.001   13.221   19.551   20.218   20.579   27.022
            0.200000  0.000000  0.200000
   -7.393   10.538   11.129   13.008   19.881   20.895   21.228   27.187
            0.250000  0.000000  0.250000
   -6.979    9.483   10.212   12.760   20.301   21.633   21.749   27.278
            0.300000  0.000000  0.300000
   -6.477    8.422    9.260   12.407   20.809   22.074   22.388   27.259
            0.350000  0.000000  0.350000
   -5.890    7.398    8.325   11.978   21.390   22.193   23.192   27.161
            0.400000  0.000000  0.400000
   -5.217    6.434    7.434   11.508   22.064   22.107   24.063   27.150
            0.450000  0.000000  0.450000
   -4.465    5.531    6.591   11.001   21.832   22.805   24.978   27.242
            0.500000  0.000000  0.500000
   -3.646    4.689    5.814   10.452   21.421   23.609   25.939   27.410
            0.487500  0.037500  0.525000
   -3.522    4.373    5.953   10.357   21.412   23.630   25.975   27.503
            0.475000  0.075000  0.550000
   -3.363    3.849    6.326   10.217   21.495   23.471   25.903   27.685
            0.462500  0.112500  0.575000
   -3.172    3.292    6.757   10.032   21.656   23.169   25.841   27.850
            0.450000  0.150000  0.600000
   -2.949    2.747    7.184    9.809   21.844   22.815   25.796   27.935
            0.437500  0.187500  0.625000
   -2.701    2.236    7.584    9.592   21.862   22.671   25.774   28.002
            0.425000  0.225000  0.650000
   -2.432    1.768    7.898    9.403   21.552   22.920   25.725   28.052
            0.412500  0.262500  0.675000
   -2.157    1.359    8.042    9.307   21.183   23.324   25.623   28.113
            0.400000  0.300000  0.700000
   -1.898    1.032    7.991    9.349   20.884   23.778   25.468   28.223
            0.387500  0.337500  0.725000
   -1.690    0.832    7.805    9.450   20.703   24.230   25.288   28.384
            0.375000  0.375000  0.750000
   -1.583    0.798    7.555    9.518   20.658   24.459   25.243   28.571
            0.337500  0.337500  0.675000
   -2.250    1.271    8.359    9.481   20.601   24.370   24.784   27.943
            0.300000  0.300000  0.600000
   -3.330    2.409    9.179    9.580   20.582   24.142   24.279   27.379
            0.262500  0.262500  0.525000
   -4.397    3.790    9.825    9.994   20.538   23.754   23.824   27.048
            0.225000  0.225000  0.450000
   -5.364    5.313   10.206   10.774   20.431   23.193   23.379   27.004
            0.187500  0.187500  0.375000
   -6.199    6.926   10.710   11.501   20.209   22.573   22.757   27.151
            0.150000  0.150000  0.300000
   -6.888    8.598   11.330   12.159   19.941   21.893   21.947   27.272
            0.112500  0.112500  0.225000
   -7.430   10.244   12.005   12.695   19.639   21.032   21.122   27.174
            0.075000  0.075000  0.150000
   -7.820   11.762   12.685   13.106   19.370   20.124   20.234   26.950
            0.037500  0.037500  0.075000
   -8.055   12.972   13.245   13.378   19.189   19.409   19.472   26.754
            0.000000  0.000000  0.000000
   -8.133   13.473   13.473   13.473   19.125   19.125   19.125   26.678
            0.050000  0.050000  0.050000
   -8.063   12.984   13.350   13.350   19.288   19.288   19.421   26.747
            0.100000  0.100000  0.100000
   -7.855   11.801   13.031   13.031   19.718   19.718   20.058   26.954
            0.150000  0.150000  0.150000
   -7.508   10.248   12.604   12.604   20.285   20.285   20.745   27.293
            0.200000  0.200000  0.200000
   -7.025    8.567   12.174   12.174   20.868   20.868   21.263   27.733
            0.250000  0.250000  0.250000
   -6.409    6.823   11.747   11.747   21.352   21.352   21.623   28.201
            0.300000  0.300000  0.300000
   -5.669    5.134   11.363   11.363   21.709   21.709   21.866   28.618
            0.350000  0.350000  0.350000
   -4.806    3.495   11.052   11.052   21.901   21.901   22.034   28.897
            0.400000  0.400000  0.400000
   -3.852    1.986   10.845   10.845   21.977   21.977   22.154   29.118
            0.450000  0.450000  0.450000
   -2.898    0.671   10.712   10.712   21.999   21.999   22.210   29.231
            0.500000  0.500000  0.500000
   -2.350    0.015   10.668   10.668   22.004   22.004   22.232   29.303
            0.475000  0.475000  0.475000
   -2.513    0.206   10.679   10.679   22.003   22.003   22.228   29.295
            0.450000  0.450000  0.450000
   -2.898    0.671   10.712   10.712   21.999   21.999   22.210   29.231
            0.425000  0.425000  0.425000
   -3.359    1.295   10.768   10.768   21.995   21.995   22.188   29.191
            0.400000  0.400000  0.400000
   -3.852    1.986   10.845   10.845   21.977   21.977   22.154   29.118
            0.375000  0.375000  0.375000
   -4.337    2.727   10.934   10.934   21.968   21.968   22.107   29.028
            0.350000  0.350000  0.350000
   -4.806    3.495   11.052   11.052   21.901   21.901   22.034   28.897
            0.325000  0.325000  0.325000
   -5.251    4.300   11.191   11.191   21.820   21.820   21.959   28.737
            0.300000  0.300000  0.300000
   -5.669    5.134   11.363   11.363   21.709   21.709   21.866   28.618
            0.275000  0.275000  0.275000
   -6.052    5.965   11.554   11.554   21.543   21.543   21.758   28.434
            0.250000  0.250000  0.250000
   -6.409    6.823   11.747   11.747   21.352   21.352   21.623   28.201
