 &plot nbnd=   8, nks=    51 /
            0.000000  0.000000  0.000000
   -7.923   14.339   14.339   14.339   20.721   20.721   20.721   27.030
            0.050000  0.000000  0.050000
   -7.873   14.048   14.152   14.311   20.772   20.833   20.945   27.114
            0.100000  0.000000  0.100000
   -7.781   13.282   13.593   14.227   20.895   20.956   21.427   27.351
            0.150000  0.000000  0.150000
   -7.573   12.242   12.812   14.083   21.148   21.427   21.945   27.692
            0.200000  0.000000  0.200000
   -7.241   11.126   11.905   13.872   21.502   22.022   22.507   28.035
            0.250000  0.000000  0.250000
   -6.814   10.165   10.933   13.615   21.954   22.684   23.042   28.279
            0.300000  0.000000  0.300000
   -6.344    9.002    9.940   13.258   22.170   23.212   23.407   28.354
            0.350000  0.000000  0.350000
   -5.731    8.148    9.013   12.999   22.802   23.429   24.387   28.381
            0.400000  0.000000  0.400000
   -5.116    7.059    8.026   12.407   23.182   23.452   25.200   28.121
            0.450000  0.000000  0.450000
   -4.342    6.102    7.142   11.884   22.967   24.262   26.433   28.322
            0.500000  0.000000  0.500000
   -3.495    5.188    6.333   11.329   22.393   25.129   27.403   28.663
            0.487500  0.037500  0.525000
   -3.366    4.845    6.488   11.229   22.373   25.116   27.389   28.856
            0.475000  0.075000  0.550000
   -3.201    4.391    6.905   11.121   22.509   24.947   27.323   29.255
            0.462500  0.112500  0.575000
   -3.017    3.787    7.363   10.872   22.627   24.451   27.175   29.472
            0.450000  0.150000  0.600000
   -2.799    3.253    7.807   10.646   22.839   23.922   27.150   29.602
            0.437500  0.187500  0.625000
   -2.543    2.709    8.234   10.402   22.872   23.655   27.142   29.665
            0.425000  0.225000  0.650000
   -2.268    2.215    8.572   10.200   22.464   23.941   27.101   29.704
            0.412500  0.262500  0.675000
   -1.985    1.769    8.710   10.068   22.051   24.329   27.024   29.710
            0.400000  0.300000  0.700000
   -1.726    1.426    8.641   10.121   21.658   24.837   26.783   29.822
            0.387500  0.337500  0.725000
   -1.481    1.231    8.441   10.344   21.462   25.489   26.535   30.060
            0.375000  0.375000  0.750000
   -1.385    1.207    8.177   10.423   21.405   25.933   26.311   30.337
            0.337500  0.337500  0.675000
   -2.041    1.673    9.035   10.373   21.366   25.792   25.841   29.446
            0.300000  0.300000  0.600000
   -3.152    2.873    9.924   10.469   21.414   25.394   25.590   28.685
            0.262500  0.262500  0.525000
   -4.222    4.367   10.715   10.868   21.554   24.971   25.404   28.280
            0.225000  0.225000  0.450000
   -5.221    5.914   11.097   11.713   21.538   24.414   24.877   28.081
            0.187500  0.187500  0.375000
   -6.057    7.511   11.594   12.322   21.335   23.685   24.242   28.134
            0.150000  0.150000  0.300000
   -6.746    9.204   12.159   13.019   21.147   23.003   23.397   28.284
            0.112500  0.112500  0.225000
   -7.292   10.847   12.837   13.506   20.961   22.308   22.452   28.010
            0.075000  0.075000  0.150000
   -7.664   12.487   13.558   13.955   20.760   21.574   21.657   27.549
            0.037500  0.037500  0.075000
   -7.839   13.820   14.121   14.242   20.764   21.004   21.029   27.171
            0.000000  0.000000  0.000000
   -7.923   14.339   14.339   14.339   20.721   20.721   20.721   27.030
            0.050000  0.050000  0.050000
   -7.848   13.832   14.220   14.220   20.886   20.886   20.957   27.158
            0.100000  0.100000  0.100000
   -7.673   12.509   13.907   13.907   21.282   21.310   21.310   27.535
            0.150000  0.150000  0.150000
   -7.397   10.849   13.451   13.451   21.671   21.671   21.705   28.131
            0.200000  0.200000  0.200000
   -6.901    9.057   12.999   12.999   22.006   22.252   22.252   28.851
            0.250000  0.250000  0.250000
   -6.280    7.522   12.676   12.676   22.509   22.763   22.763   29.592
            0.300000  0.300000  0.300000
   -5.511    5.692   12.308   12.308   22.858   23.068   23.068   30.341
            0.350000  0.350000  0.350000
   -4.656    3.924   11.989   11.989   22.798   23.136   23.136   30.617
            0.400000  0.400000  0.400000
   -3.667    2.456   11.787   11.787   22.761   23.249   23.249   30.817
            0.450000  0.450000  0.450000
   -2.680    1.092   11.660   11.660   22.743   23.239   23.239   30.837
            0.500000  0.500000  0.500000
   -2.187    0.395   11.377   11.377   22.661   23.214   23.214   30.723
            0.475000  0.475000  0.475000
   -2.350    0.590   11.389   11.389   22.664   23.217   23.217   30.724
            0.450000  0.450000  0.450000
   -2.680    1.092   11.660   11.660   22.743   23.239   23.239   30.837
            0.425000  0.425000  0.425000
   -3.161    1.729   11.712   11.712   22.749   23.245   23.245   30.836
            0.400000  0.400000  0.400000
   -3.667    2.456   11.787   11.787   22.761   23.249   23.249   30.817
            0.375000  0.375000  0.375000
   -4.169    3.242   11.885   11.885   22.778   23.244   23.244   30.764
            0.350000  0.350000  0.350000
   -4.656    3.924   11.989   11.989   22.798   23.136   23.136   30.617
            0.325000  0.325000  0.325000
   -5.115    4.777   12.130   12.130   22.821   23.082   23.082   30.448
            0.300000  0.300000  0.300000
   -5.511    5.692   12.308   12.308   22.858   23.068   23.068   30.341
            0.275000  0.275000  0.275000
   -5.911    6.601   12.489   12.489   22.874   22.938   22.938   30.046
            0.250000  0.250000  0.250000
   -6.280    7.522   12.676   12.676   22.509   22.763   22.763   29.592
