#  E (eV)   dos(E)     Int dos(E) EFermi =   17.716 eV
  -6.000  0.1476E+00  0.1756E+00
  -5.990  0.1482E+00  0.1771E+00
  -5.980  0.1487E+00  0.1785E+00
  -5.970  0.1492E+00  0.1800E+00
  -5.960  0.1497E+00  0.1815E+00
  -5.950  0.1502E+00  0.1830E+00
  -5.940  0.1508E+00  0.1845E+00
  -5.930  0.1513E+00  0.1860E+00
  -5.920  0.1519E+00  0.1876E+00
  -5.910  0.1524E+00  0.1891E+00
  -5.900  0.1529E+00  0.1906E+00
  -5.890  0.1535E+00  0.1921E+00
  -5.880  0.1540E+00  0.1937E+00
  -5.870  0.1546E+00  0.1952E+00
  -5.860  0.1552E+00  0.1968E+00
  -5.850  0.1557E+00  0.1983E+00
  -5.840  0.1563E+00  0.1999E+00
  -5.830  0.1569E+00  0.2015E+00
  -5.820  0.1574E+00  0.2030E+00
  -5.810  0.1580E+00  0.2046E+00
  -5.800  0.1586E+00  0.2062E+00
  -5.790  0.1592E+00  0.2078E+00
  -5.780  0.1598E+00  0.2094E+00
  -5.770  0.1604E+00  0.2110E+00
  -5.760  0.1610E+00  0.2126E+00
  -5.750  0.1616E+00  0.2142E+00
  -5.740  0.1622E+00  0.2158E+00
  -5.730  0.1628E+00  0.2174E+00
  -5.720  0.1634E+00  0.2191E+00
  -5.710  0.1640E+00  0.2207E+00
  -5.700  0.1646E+00  0.2223E+00
  -5.690  0.1652E+00  0.2240E+00
  -5.680  0.1658E+00  0.2256E+00
  -5.670  0.1664E+00  0.2273E+00
  -5.660  0.1670E+00  0.2290E+00
  -5.650  0.1676E+00  0.2306E+00
  -5.640  0.1682E+00  0.2323E+00
  -5.630  0.1688E+00  0.2340E+00
  -5.620  0.1694E+00  0.2357E+00
  -5.610  0.1700E+00  0.2374E+00
  -5.600  0.1706E+00  0.2391E+00
  -5.590  0.1712E+00  0.2408E+00
  -5.580  0.1718E+00  0.2425E+00
  -5.570  0.1724E+00  0.2442E+00
  -5.560  0.1730E+00  0.2460E+00
  -5.550  0.1736E+00  0.2477E+00
  -5.540  0.1742E+00  0.2494E+00
  -5.530  0.1748E+00  0.2512E+00
  -5.520  0.1754E+00  0.2529E+00
  -5.510  0.1760E+00  0.2547E+00
  -5.500  0.1766E+00  0.2565E+00
  -5.490  0.1772E+00  0.2582E+00
  -5.480  0.1778E+00  0.2600E+00
  -5.470  0.1784E+00  0.2618E+00
  -5.460  0.1790E+00  0.2636E+00
  -5.450  0.1796E+00  0.2654E+00
  -5.440  0.1802E+00  0.2672E+00
  -5.430  0.1808E+00  0.2690E+00
  -5.420  0.1814E+00  0.2708E+00
  -5.410  0.1820E+00  0.2726E+00
  -5.400  0.1826E+00  0.2744E+00
  -5.390  0.1832E+00  0.2762E+00
  -5.380  0.1838E+00  0.2781E+00
  -5.370  0.1844E+00  0.2799E+00
  -5.360  0.1851E+00  0.2818E+00
  -5.350  0.1857E+00  0.2836E+00
  -5.340  0.1863E+00  0.2855E+00
  -5.330  0.1869E+00  0.2874E+00
  -5.320  0.1875E+00  0.2892E+00
  -5.310  0.1881E+00  0.2911E+00
  -5.300  0.1887E+00  0.2930E+00
  -5.290  0.1893E+00  0.2949E+00
  -5.280  0.1899E+00  0.2968E+00
  -5.270  0.1905E+00  0.2987E+00
  -5.260  0.1911E+00  0.3006E+00
  -5.250  0.1915E+00  0.3025E+00
  -5.240  0.1919E+00  0.3044E+00
  -5.230  0.1921E+00  0.3063E+00
  -5.220  0.1923E+00  0.3083E+00
  -5.210  0.1924E+00  0.3102E+00
  -5.200  0.1924E+00  0.3121E+00
  -5.190  0.1924E+00  0.3140E+00
  -5.180  0.1922E+00  0.3159E+00
  -5.170  0.1920E+00  0.3179E+00
  -5.160  0.1919E+00  0.3198E+00
  -5.150  0.1923E+00  0.3217E+00
  -5.140  0.1927E+00  0.3236E+00
  -5.130  0.1930E+00  0.3256E+00
  -5.120  0.1934E+00  0.3275E+00
  -5.110  0.1937E+00  0.3294E+00
  -5.100  0.1941E+00  0.3314E+00
  -5.090  0.1944E+00  0.3333E+00
  -5.080  0.1948E+00  0.3353E+00
  -5.070  0.1951E+00  0.3372E+00
  -5.060  0.1955E+00  0.3392E+00
  -5.050  0.1958E+00  0.3411E+00
  -5.040  0.1962E+00  0.3431E+00
  -5.030  0.1965E+00  0.3450E+00
  -5.020  0.1969E+00  0.3470E+00
  -5.010  0.1972E+00  0.3490E+00
  -5.000  0.1976E+00  0.3510E+00
  -4.990  0.1979E+00  0.3529E+00
  -4.980  0.1982E+00  0.3549E+00
  -4.970  0.1986E+00  0.3569E+00
  -4.960  0.1989E+00  0.3589E+00
  -4.950  0.1993E+00  0.3609E+00
  -4.940  0.1996E+00  0.3629E+00
  -4.930  0.1999E+00  0.3649E+00
  -4.920  0.2003E+00  0.3669E+00
  -4.910  0.2006E+00  0.3689E+00
  -4.900  0.2009E+00  0.3709E+00
  -4.890  0.2013E+00  0.3729E+00
  -4.880  0.2016E+00  0.3749E+00
  -4.870  0.2019E+00  0.3769E+00
  -4.860  0.2022E+00  0.3789E+00
  -4.850  0.2026E+00  0.3810E+00
  -4.840  0.2029E+00  0.3830E+00
  -4.830  0.2032E+00  0.3850E+00
  -4.820  0.2035E+00  0.3871E+00
  -4.810  0.2038E+00  0.3891E+00
  -4.800  0.2042E+00  0.3911E+00
  -4.790  0.2045E+00  0.3932E+00
  -4.780  0.2048E+00  0.3952E+00
  -4.770  0.2051E+00  0.3973E+00
  -4.760  0.2054E+00  0.3993E+00
  -4.750  0.2057E+00  0.4014E+00
  -4.740  0.2061E+00  0.4034E+00
  -4.730  0.2064E+00  0.4055E+00
  -4.720  0.2067E+00  0.4076E+00
  -4.710  0.2070E+00  0.4096E+00
  -4.700  0.2073E+00  0.4117E+00
  -4.690  0.2076E+00  0.4138E+00
  -4.680  0.2079E+00  0.4159E+00
  -4.670  0.2082E+00  0.4179E+00
  -4.660  0.2085E+00  0.4200E+00
  -4.650  0.2088E+00  0.4221E+00
  -4.640  0.2091E+00  0.4242E+00
  -4.630  0.2094E+00  0.4263E+00
  -4.620  0.2097E+00  0.4284E+00
  -4.610  0.2100E+00  0.4305E+00
  -4.600  0.2103E+00  0.4326E+00
  -4.590  0.2106E+00  0.4347E+00
  -4.580  0.2109E+00  0.4368E+00
  -4.570  0.2112E+00  0.4389E+00
  -4.560  0.2113E+00  0.4410E+00
  -4.550  0.2115E+00  0.4431E+00
  -4.540  0.2117E+00  0.4453E+00
  -4.530  0.2119E+00  0.4474E+00
  -4.520  0.2121E+00  0.4495E+00
  -4.510  0.2123E+00  0.4516E+00
  -4.500  0.2125E+00  0.4537E+00
  -4.490  0.2127E+00  0.4559E+00
  -4.480  0.2129E+00  0.4580E+00
  -4.470  0.2132E+00  0.4601E+00
  -4.460  0.2134E+00  0.4623E+00
  -4.450  0.2137E+00  0.4644E+00
  -4.440  0.2140E+00  0.4665E+00
  -4.430  0.2143E+00  0.4687E+00
  -4.420  0.2146E+00  0.4708E+00
  -4.410  0.2149E+00  0.4730E+00
  -4.400  0.2152E+00  0.4751E+00
  -4.390  0.2156E+00  0.4773E+00
  -4.380  0.2159E+00  0.4794E+00
  -4.370  0.2163E+00  0.4816E+00
  -4.360  0.2166E+00  0.4837E+00
  -4.350  0.2170E+00  0.4859E+00
  -4.340  0.2174E+00  0.4881E+00
  -4.330  0.2178E+00  0.4903E+00
  -4.320  0.2182E+00  0.4924E+00
  -4.310  0.2186E+00  0.4946E+00
  -4.300  0.2191E+00  0.4968E+00
  -4.290  0.2195E+00  0.4990E+00
  -4.280  0.2200E+00  0.5012E+00
  -4.270  0.2204E+00  0.5034E+00
  -4.260  0.2209E+00  0.5056E+00
  -4.250  0.2214E+00  0.5078E+00
  -4.240  0.2219E+00  0.5100E+00
  -4.230  0.2224E+00  0.5123E+00
  -4.220  0.2229E+00  0.5145E+00
  -4.210  0.2235E+00  0.5167E+00
  -4.200  0.2240E+00  0.5190E+00
  -4.190  0.2246E+00  0.5212E+00
  -4.180  0.2251E+00  0.5234E+00
  -4.170  0.2257E+00  0.5257E+00
  -4.160  0.2263E+00  0.5280E+00
  -4.150  0.2269E+00  0.5302E+00
  -4.140  0.2275E+00  0.5325E+00
  -4.130  0.2282E+00  0.5348E+00
  -4.120  0.2288E+00  0.5371E+00
  -4.110  0.2294E+00  0.5394E+00
  -4.100  0.2300E+00  0.5417E+00
  -4.090  0.2307E+00  0.5440E+00
  -4.080  0.2313E+00  0.5463E+00
  -4.070  0.2319E+00  0.5486E+00
  -4.060  0.2326E+00  0.5509E+00
  -4.050  0.2332E+00  0.5532E+00
  -4.040  0.2339E+00  0.5556E+00
  -4.030  0.2345E+00  0.5579E+00
  -4.020  0.2352E+00  0.5603E+00
  -4.010  0.2358E+00  0.5626E+00
  -4.000  0.2365E+00  0.5650E+00
  -3.990  0.2371E+00  0.5673E+00
  -3.980  0.2378E+00  0.5697E+00
  -3.970  0.2384E+00  0.5721E+00
  -3.960  0.2391E+00  0.5745E+00
  -3.950  0.2398E+00  0.5769E+00
  -3.940  0.2405E+00  0.5793E+00
  -3.930  0.2411E+00  0.5817E+00
  -3.920  0.2418E+00  0.5841E+00
  -3.910  0.2425E+00  0.5865E+00
  -3.900  0.2432E+00  0.5890E+00
  -3.890  0.2438E+00  0.5914E+00
  -3.880  0.2445E+00  0.5938E+00
  -3.870  0.2452E+00  0.5963E+00
  -3.860  0.2459E+00  0.5987E+00
  -3.850  0.2466E+00  0.6012E+00
  -3.840  0.2473E+00  0.6037E+00
  -3.830  0.2480E+00  0.6061E+00
  -3.820  0.2487E+00  0.6086E+00
  -3.810  0.2494E+00  0.6111E+00
  -3.800  0.2501E+00  0.6136E+00
  -3.790  0.2508E+00  0.6161E+00
  -3.780  0.2515E+00  0.6186E+00
  -3.770  0.2522E+00  0.6212E+00
  -3.760  0.2529E+00  0.6237E+00
  -3.750  0.2536E+00  0.6262E+00
  -3.740  0.2544E+00  0.6287E+00
  -3.730  0.2551E+00  0.6313E+00
  -3.720  0.2558E+00  0.6339E+00
  -3.710  0.2565E+00  0.6364E+00
  -3.700  0.2573E+00  0.6390E+00
  -3.690  0.2580E+00  0.6416E+00
  -3.680  0.2587E+00  0.6441E+00
  -3.670  0.2595E+00  0.6467E+00
  -3.660  0.2602E+00  0.6493E+00
  -3.650  0.2610E+00  0.6519E+00
  -3.640  0.2617E+00  0.6546E+00
  -3.630  0.2625E+00  0.6572E+00
  -3.620  0.2632E+00  0.6598E+00
  -3.610  0.2640E+00  0.6624E+00
  -3.600  0.2647E+00  0.6651E+00
  -3.590  0.2655E+00  0.6677E+00
  -3.580  0.2662E+00  0.6704E+00
  -3.570  0.2670E+00  0.6731E+00
  -3.560  0.2678E+00  0.6757E+00
  -3.550  0.2685E+00  0.6784E+00
  -3.540  0.2693E+00  0.6811E+00
  -3.530  0.2701E+00  0.6838E+00
  -3.520  0.2708E+00  0.6865E+00
  -3.510  0.2716E+00  0.6892E+00
  -3.500  0.2724E+00  0.6919E+00
  -3.490  0.2732E+00  0.6947E+00
  -3.480  0.2740E+00  0.6974E+00
  -3.470  0.2747E+00  0.7001E+00
  -3.460  0.2755E+00  0.7029E+00
  -3.450  0.2763E+00  0.7057E+00
  -3.440  0.2771E+00  0.7084E+00
  -3.430  0.2778E+00  0.7112E+00
  -3.420  0.2786E+00  0.7140E+00
  -3.410  0.2794E+00  0.7168E+00
  -3.400  0.2801E+00  0.7196E+00
  -3.390  0.2809E+00  0.7224E+00
  -3.380  0.2816E+00  0.7252E+00
  -3.370  0.2824E+00  0.7280E+00
  -3.360  0.2832E+00  0.7308E+00
  -3.350  0.2839E+00  0.7337E+00
  -3.340  0.2847E+00  0.7365E+00
  -3.330  0.2854E+00  0.7394E+00
  -3.320  0.2861E+00  0.7422E+00
  -3.310  0.2869E+00  0.7451E+00
  -3.300  0.2876E+00  0.7480E+00
  -3.290  0.2884E+00  0.7508E+00
  -3.280  0.2891E+00  0.7537E+00
  -3.270  0.2898E+00  0.7566E+00
  -3.260  0.2906E+00  0.7595E+00
  -3.250  0.2913E+00  0.7624E+00
  -3.240  0.2920E+00  0.7653E+00
  -3.230  0.2927E+00  0.7683E+00
  -3.220  0.2935E+00  0.7712E+00
  -3.210  0.2942E+00  0.7741E+00
  -3.200  0.2949E+00  0.7771E+00
  -3.190  0.2956E+00  0.7800E+00
  -3.180  0.2963E+00  0.7830E+00
  -3.170  0.2970E+00  0.7860E+00
  -3.160  0.2978E+00  0.7889E+00
  -3.150  0.2985E+00  0.7919E+00
  -3.140  0.2992E+00  0.7949E+00
  -3.130  0.2999E+00  0.7979E+00
  -3.120  0.3006E+00  0.8009E+00
  -3.110  0.3013E+00  0.8039E+00
  -3.100  0.3020E+00  0.8069E+00
  -3.090  0.3029E+00  0.8099E+00
  -3.080  0.3041E+00  0.8130E+00
  -3.070  0.3056E+00  0.8160E+00
  -3.060  0.3075E+00  0.8191E+00
  -3.050  0.3098E+00  0.8222E+00
  -3.040  0.3124E+00  0.8253E+00
  -3.030  0.3153E+00  0.8284E+00
  -3.020  0.3185E+00  0.8316E+00
  -3.010  0.3221E+00  0.8348E+00
  -3.000  0.3260E+00  0.8380E+00
  -2.990  0.3302E+00  0.8413E+00
  -2.980  0.3348E+00  0.8446E+00
  -2.970  0.3378E+00  0.8480E+00
  -2.960  0.3393E+00  0.8514E+00
  -2.950  0.3408E+00  0.8548E+00
  -2.940  0.3422E+00  0.8582E+00
  -2.930  0.3437E+00  0.8616E+00
  -2.920  0.3451E+00  0.8651E+00
  -2.910  0.3465E+00  0.8685E+00
  -2.900  0.3479E+00  0.8720E+00
  -2.890  0.3493E+00  0.8755E+00
  -2.880  0.3506E+00  0.8790E+00
  -2.870  0.3520E+00  0.8825E+00
  -2.860  0.3533E+00  0.8860E+00
  -2.850  0.3545E+00  0.8896E+00
  -2.840  0.3558E+00  0.8931E+00
  -2.830  0.3570E+00  0.8967E+00
  -2.820  0.3582E+00  0.9003E+00
  -2.810  0.3594E+00  0.9039E+00
  -2.800  0.3606E+00  0.9075E+00
  -2.790  0.3617E+00  0.9111E+00
  -2.780  0.3629E+00  0.9147E+00
  -2.770  0.3640E+00  0.9183E+00
  -2.760  0.3651E+00  0.9220E+00
  -2.750  0.3661E+00  0.9256E+00
  -2.740  0.3672E+00  0.9293E+00
  -2.730  0.3682E+00  0.9330E+00
  -2.720  0.3692E+00  0.9367E+00
  -2.710  0.3702E+00  0.9404E+00
  -2.700  0.3711E+00  0.9441E+00
  -2.690  0.3720E+00  0.9478E+00
  -2.680  0.3729E+00  0.9515E+00
  -2.670  0.3738E+00  0.9552E+00
  -2.660  0.3747E+00  0.9590E+00
  -2.650  0.3755E+00  0.9627E+00
  -2.640  0.3764E+00  0.9665E+00
  -2.630  0.3772E+00  0.9703E+00
  -2.620  0.3780E+00  0.9740E+00
  -2.610  0.3787E+00  0.9778E+00
  -2.600  0.3794E+00  0.9816E+00
  -2.590  0.3802E+00  0.9854E+00
  -2.580  0.3809E+00  0.9892E+00
  -2.570  0.3815E+00  0.9930E+00
  -2.560  0.3822E+00  0.9968E+00
  -2.550  0.3828E+00  0.1001E+01
  -2.540  0.3834E+00  0.1005E+01
  -2.530  0.3840E+00  0.1008E+01
  -2.520  0.3846E+00  0.1012E+01
  -2.510  0.3851E+00  0.1016E+01
  -2.500  0.3856E+00  0.1020E+01
  -2.490  0.3861E+00  0.1024E+01
  -2.480  0.3866E+00  0.1028E+01
  -2.470  0.3871E+00  0.1031E+01
  -2.460  0.3875E+00  0.1035E+01
  -2.450  0.3879E+00  0.1039E+01
  -2.440  0.3883E+00  0.1043E+01
  -2.430  0.3887E+00  0.1047E+01
  -2.420  0.3890E+00  0.1051E+01
  -2.410  0.3893E+00  0.1055E+01
  -2.400  0.3896E+00  0.1059E+01
  -2.390  0.3899E+00  0.1063E+01
  -2.380  0.3902E+00  0.1066E+01
  -2.370  0.3904E+00  0.1070E+01
  -2.360  0.3906E+00  0.1074E+01
  -2.350  0.3908E+00  0.1078E+01
  -2.340  0.3910E+00  0.1082E+01
  -2.330  0.3911E+00  0.1086E+01
  -2.320  0.3912E+00  0.1090E+01
  -2.310  0.3913E+00  0.1094E+01
  -2.300  0.3913E+00  0.1098E+01
  -2.290  0.3914E+00  0.1102E+01
  -2.280  0.3914E+00  0.1106E+01
  -2.270  0.3913E+00  0.1109E+01
  -2.260  0.3913E+00  0.1113E+01
  -2.250  0.3912E+00  0.1117E+01
  -2.240  0.3911E+00  0.1121E+01
  -2.230  0.3910E+00  0.1125E+01
  -2.220  0.3908E+00  0.1129E+01
  -2.210  0.3842E+00  0.1133E+01
  -2.200  0.3796E+00  0.1137E+01
  -2.190  0.3771E+00  0.1141E+01
  -2.180  0.3761E+00  0.1144E+01
  -2.170  0.3753E+00  0.1148E+01
  -2.160  0.3746E+00  0.1152E+01
  -2.150  0.3738E+00  0.1156E+01
  -2.140  0.3731E+00  0.1159E+01
  -2.130  0.3724E+00  0.1163E+01
  -2.120  0.3717E+00  0.1167E+01
  -2.110  0.3711E+00  0.1170E+01
  -2.100  0.3705E+00  0.1174E+01
  -2.090  0.3699E+00  0.1178E+01
  -2.080  0.3693E+00  0.1182E+01
  -2.070  0.3688E+00  0.1185E+01
  -2.060  0.3682E+00  0.1189E+01
  -2.050  0.3677E+00  0.1193E+01
  -2.040  0.3673E+00  0.1196E+01
  -2.030  0.3668E+00  0.1200E+01
  -2.020  0.3664E+00  0.1204E+01
  -2.010  0.3660E+00  0.1207E+01
  -2.000  0.3656E+00  0.1211E+01
  -1.990  0.3653E+00  0.1215E+01
  -1.980  0.3650E+00  0.1218E+01
  -1.970  0.3647E+00  0.1222E+01
  -1.960  0.3644E+00  0.1226E+01
  -1.950  0.3642E+00  0.1229E+01
  -1.940  0.3639E+00  0.1233E+01
  -1.930  0.3637E+00  0.1236E+01
  -1.920  0.3636E+00  0.1240E+01
  -1.910  0.3634E+00  0.1244E+01
  -1.900  0.3633E+00  0.1247E+01
  -1.890  0.3632E+00  0.1251E+01
  -1.880  0.3631E+00  0.1255E+01
  -1.870  0.3631E+00  0.1258E+01
  -1.860  0.3630E+00  0.1262E+01
  -1.850  0.3630E+00  0.1265E+01
  -1.840  0.3630E+00  0.1269E+01
  -1.830  0.3629E+00  0.1273E+01
  -1.820  0.3629E+00  0.1276E+01
  -1.810  0.3628E+00  0.1280E+01
  -1.800  0.3628E+00  0.1284E+01
  -1.790  0.3628E+00  0.1287E+01
  -1.780  0.3628E+00  0.1291E+01
  -1.770  0.3627E+00  0.1295E+01
  -1.760  0.3627E+00  0.1298E+01
  -1.750  0.3627E+00  0.1302E+01
  -1.740  0.3627E+00  0.1305E+01
  -1.730  0.3627E+00  0.1309E+01
  -1.720  0.3627E+00  0.1313E+01
  -1.710  0.3627E+00  0.1316E+01
  -1.700  0.3627E+00  0.1320E+01
  -1.690  0.3627E+00  0.1324E+01
  -1.680  0.3627E+00  0.1327E+01
  -1.670  0.3627E+00  0.1331E+01
  -1.660  0.3627E+00  0.1334E+01
  -1.650  0.3627E+00  0.1338E+01
  -1.640  0.3627E+00  0.1342E+01
  -1.630  0.3627E+00  0.1345E+01
  -1.620  0.3627E+00  0.1349E+01
  -1.610  0.3627E+00  0.1353E+01
  -1.600  0.3628E+00  0.1356E+01
  -1.590  0.3628E+00  0.1360E+01
  -1.580  0.3628E+00  0.1363E+01
  -1.570  0.3628E+00  0.1367E+01
  -1.560  0.3629E+00  0.1371E+01
  -1.550  0.3629E+00  0.1374E+01
  -1.540  0.3629E+00  0.1378E+01
  -1.530  0.3630E+00  0.1382E+01
  -1.520  0.3630E+00  0.1385E+01
  -1.510  0.3631E+00  0.1389E+01
  -1.500  0.3631E+00  0.1392E+01
  -1.490  0.3632E+00  0.1396E+01
  -1.480  0.3632E+00  0.1400E+01
  -1.470  0.3633E+00  0.1403E+01
  -1.460  0.3633E+00  0.1407E+01
  -1.450  0.3634E+00  0.1411E+01
  -1.440  0.3635E+00  0.1414E+01
  -1.430  0.3635E+00  0.1418E+01
  -1.420  0.3636E+00  0.1422E+01
  -1.410  0.3637E+00  0.1425E+01
  -1.400  0.3637E+00  0.1429E+01
  -1.390  0.3638E+00  0.1432E+01
  -1.380  0.3639E+00  0.1436E+01
  -1.370  0.3640E+00  0.1440E+01
  -1.360  0.3641E+00  0.1443E+01
  -1.350  0.3642E+00  0.1447E+01
  -1.340  0.3643E+00  0.1451E+01
  -1.330  0.3643E+00  0.1454E+01
  -1.320  0.3644E+00  0.1458E+01
  -1.310  0.3645E+00  0.1462E+01
  -1.300  0.3646E+00  0.1465E+01
  -1.290  0.3647E+00  0.1469E+01
  -1.280  0.3648E+00  0.1473E+01
  -1.270  0.3650E+00  0.1476E+01
  -1.260  0.3651E+00  0.1480E+01
  -1.250  0.3652E+00  0.1483E+01
  -1.240  0.3653E+00  0.1487E+01
  -1.230  0.3654E+00  0.1491E+01
  -1.220  0.3655E+00  0.1494E+01
  -1.210  0.3654E+00  0.1498E+01
  -1.200  0.3636E+00  0.1502E+01
  -1.190  0.3603E+00  0.1505E+01
  -1.180  0.3555E+00  0.1509E+01
  -1.170  0.3541E+00  0.1512E+01
  -1.160  0.3534E+00  0.1516E+01
  -1.150  0.3528E+00  0.1520E+01
  -1.140  0.3522E+00  0.1523E+01
  -1.130  0.3517E+00  0.1527E+01
  -1.120  0.3513E+00  0.1530E+01
  -1.110  0.3508E+00  0.1534E+01
  -1.100  0.3505E+00  0.1537E+01
  -1.090  0.3502E+00  0.1541E+01
  -1.080  0.3500E+00  0.1544E+01
  -1.070  0.3498E+00  0.1548E+01
  -1.060  0.3496E+00  0.1551E+01
  -1.050  0.3496E+00  0.1555E+01
  -1.040  0.3495E+00  0.1558E+01
  -1.030  0.3496E+00  0.1562E+01
  -1.020  0.3497E+00  0.1565E+01
  -1.010  0.3498E+00  0.1569E+01
  -1.000  0.3500E+00  0.1572E+01
  -0.990  0.3502E+00  0.1576E+01
  -0.980  0.3505E+00  0.1579E+01
  -0.970  0.3509E+00  0.1583E+01
  -0.960  0.3513E+00  0.1586E+01
  -0.950  0.3518E+00  0.1590E+01
  -0.940  0.3515E+00  0.1593E+01
  -0.930  0.3505E+00  0.1597E+01
  -0.920  0.3496E+00  0.1600E+01
  -0.910  0.3487E+00  0.1604E+01
  -0.900  0.3479E+00  0.1607E+01
  -0.890  0.3470E+00  0.1611E+01
  -0.880  0.3463E+00  0.1614E+01
  -0.870  0.3454E+00  0.1618E+01
  -0.860  0.3445E+00  0.1621E+01
  -0.850  0.3435E+00  0.1624E+01
  -0.840  0.3425E+00  0.1628E+01
  -0.830  0.3415E+00  0.1631E+01
  -0.820  0.3405E+00  0.1635E+01
  -0.810  0.3394E+00  0.1638E+01
  -0.800  0.3384E+00  0.1641E+01
  -0.790  0.3374E+00  0.1645E+01
  -0.780  0.3363E+00  0.1648E+01
  -0.770  0.3353E+00  0.1652E+01
  -0.760  0.3342E+00  0.1655E+01
  -0.750  0.3331E+00  0.1658E+01
  -0.740  0.3320E+00  0.1662E+01
  -0.730  0.3309E+00  0.1665E+01
  -0.720  0.3298E+00  0.1668E+01
  -0.710  0.3287E+00  0.1672E+01
  -0.700  0.3276E+00  0.1675E+01
  -0.690  0.3265E+00  0.1678E+01
  -0.680  0.3253E+00  0.1681E+01
  -0.670  0.3242E+00  0.1685E+01
  -0.660  0.3230E+00  0.1688E+01
  -0.650  0.3219E+00  0.1691E+01
  -0.640  0.3207E+00  0.1694E+01
  -0.630  0.3195E+00  0.1697E+01
  -0.620  0.3183E+00  0.1701E+01
  -0.610  0.3171E+00  0.1704E+01
  -0.600  0.3159E+00  0.1707E+01
  -0.590  0.3147E+00  0.1710E+01
  -0.580  0.3134E+00  0.1713E+01
  -0.570  0.3122E+00  0.1716E+01
  -0.560  0.3110E+00  0.1720E+01
  -0.550  0.3097E+00  0.1723E+01
  -0.540  0.3084E+00  0.1726E+01
  -0.530  0.3072E+00  0.1729E+01
  -0.520  0.3059E+00  0.1732E+01
  -0.510  0.3046E+00  0.1735E+01
  -0.500  0.3033E+00  0.1738E+01
  -0.490  0.3020E+00  0.1741E+01
  -0.480  0.3006E+00  0.1744E+01
  -0.470  0.2993E+00  0.1747E+01
  -0.460  0.2980E+00  0.1750E+01
  -0.450  0.2966E+00  0.1753E+01
  -0.440  0.2953E+00  0.1756E+01
  -0.430  0.2939E+00  0.1759E+01
  -0.420  0.2925E+00  0.1762E+01
  -0.410  0.2912E+00  0.1765E+01
  -0.400  0.2898E+00  0.1768E+01
  -0.390  0.2884E+00  0.1770E+01
  -0.380  0.2870E+00  0.1773E+01
  -0.370  0.2855E+00  0.1776E+01
  -0.360  0.2841E+00  0.1779E+01
  -0.350  0.2827E+00  0.1782E+01
  -0.340  0.2812E+00  0.1785E+01
  -0.330  0.2798E+00  0.1788E+01
  -0.320  0.2783E+00  0.1790E+01
  -0.310  0.2768E+00  0.1793E+01
  -0.300  0.2754E+00  0.1796E+01
  -0.290  0.2739E+00  0.1799E+01
  -0.280  0.2724E+00  0.1801E+01
  -0.270  0.2709E+00  0.1804E+01
  -0.260  0.2693E+00  0.1807E+01
  -0.250  0.2678E+00  0.1809E+01
  -0.240  0.2663E+00  0.1812E+01
  -0.230  0.2647E+00  0.1815E+01
  -0.220  0.2632E+00  0.1817E+01
  -0.210  0.2616E+00  0.1820E+01
  -0.200  0.2600E+00  0.1823E+01
  -0.190  0.2585E+00  0.1825E+01
  -0.180  0.2569E+00  0.1828E+01
  -0.170  0.2553E+00  0.1830E+01
  -0.160  0.2537E+00  0.1833E+01
  -0.150  0.2520E+00  0.1835E+01
  -0.140  0.2504E+00  0.1838E+01
  -0.130  0.2488E+00  0.1840E+01
  -0.120  0.2471E+00  0.1843E+01
  -0.110  0.2450E+00  0.1845E+01
  -0.100  0.2428E+00  0.1848E+01
  -0.090  0.2407E+00  0.1850E+01
  -0.080  0.2385E+00  0.1853E+01
  -0.070  0.2364E+00  0.1855E+01
  -0.060  0.2343E+00  0.1857E+01
  -0.050  0.2321E+00  0.1860E+01
  -0.040  0.2300E+00  0.1862E+01
  -0.030  0.2278E+00  0.1864E+01
  -0.020  0.2257E+00  0.1867E+01
  -0.010  0.2236E+00  0.1869E+01
  -0.000  0.2215E+00  0.1871E+01
   0.010  0.2193E+00  0.1873E+01
   0.020  0.2172E+00  0.1875E+01
   0.030  0.2151E+00  0.1878E+01
   0.040  0.2130E+00  0.1880E+01
   0.050  0.2109E+00  0.1882E+01
   0.060  0.2088E+00  0.1884E+01
   0.070  0.2067E+00  0.1886E+01
   0.080  0.2046E+00  0.1888E+01
   0.090  0.2025E+00  0.1890E+01
   0.100  0.2004E+00  0.1892E+01
   0.110  0.1983E+00  0.1894E+01
   0.120  0.1962E+00  0.1896E+01
   0.130  0.1941E+00  0.1898E+01
   0.140  0.1920E+00  0.1900E+01
   0.150  0.1899E+00  0.1902E+01
   0.160  0.1878E+00  0.1904E+01
   0.170  0.1857E+00  0.1906E+01
   0.180  0.1837E+00  0.1907E+01
   0.190  0.1816E+00  0.1909E+01
   0.200  0.1795E+00  0.1911E+01
   0.210  0.1774E+00  0.1913E+01
   0.220  0.1754E+00  0.1915E+01
   0.230  0.1733E+00  0.1916E+01
   0.240  0.1713E+00  0.1918E+01
   0.250  0.1692E+00  0.1920E+01
   0.260  0.1671E+00  0.1922E+01
   0.270  0.1651E+00  0.1923E+01
   0.280  0.1630E+00  0.1925E+01
   0.290  0.1610E+00  0.1926E+01
   0.300  0.1590E+00  0.1928E+01
   0.310  0.1569E+00  0.1930E+01
   0.320  0.1549E+00  0.1931E+01
   0.330  0.1528E+00  0.1933E+01
   0.340  0.1508E+00  0.1934E+01
   0.350  0.1488E+00  0.1936E+01
   0.360  0.1467E+00  0.1937E+01
   0.370  0.1447E+00  0.1939E+01
   0.380  0.1427E+00  0.1940E+01
   0.390  0.1407E+00  0.1942E+01
   0.400  0.1387E+00  0.1943E+01
   0.410  0.1367E+00  0.1944E+01
   0.420  0.1347E+00  0.1946E+01
   0.430  0.1327E+00  0.1947E+01
   0.440  0.1308E+00  0.1948E+01
   0.450  0.1288E+00  0.1950E+01
   0.460  0.1269E+00  0.1951E+01
   0.470  0.1250E+00  0.1952E+01
   0.480  0.1231E+00  0.1953E+01
   0.490  0.1213E+00  0.1955E+01
   0.500  0.1194E+00  0.1956E+01
   0.510  0.1176E+00  0.1957E+01
   0.520  0.1158E+00  0.1958E+01
   0.530  0.1140E+00  0.1959E+01
   0.540  0.1122E+00  0.1960E+01
   0.550  0.1104E+00  0.1962E+01
   0.560  0.1087E+00  0.1963E+01
   0.570  0.1070E+00  0.1964E+01
   0.580  0.1053E+00  0.1965E+01
   0.590  0.1036E+00  0.1966E+01
   0.600  0.1019E+00  0.1967E+01
   0.610  0.1002E+00  0.1968E+01
   0.620  0.9858E-01  0.1969E+01
   0.630  0.9696E-01  0.1970E+01
   0.640  0.9535E-01  0.1971E+01
   0.650  0.9375E-01  0.1972E+01
   0.660  0.9219E-01  0.1973E+01
   0.670  0.9066E-01  0.1974E+01
   0.680  0.8917E-01  0.1974E+01
   0.690  0.8772E-01  0.1975E+01
   0.700  0.8631E-01  0.1976E+01
   0.710  0.8493E-01  0.1977E+01
   0.720  0.8360E-01  0.1978E+01
   0.730  0.8230E-01  0.1979E+01
   0.740  0.8104E-01  0.1980E+01
   0.750  0.7981E-01  0.1980E+01
   0.760  0.7863E-01  0.1981E+01
   0.770  0.7748E-01  0.1982E+01
   0.780  0.7637E-01  0.1983E+01
   0.790  0.7530E-01  0.1984E+01
   0.800  0.7427E-01  0.1984E+01
   0.810  0.7327E-01  0.1985E+01
   0.820  0.7231E-01  0.1986E+01
   0.830  0.7139E-01  0.1986E+01
   0.840  0.7051E-01  0.1987E+01
   0.850  0.6967E-01  0.1988E+01
   0.860  0.6886E-01  0.1989E+01
   0.870  0.6810E-01  0.1989E+01
   0.880  0.6737E-01  0.1990E+01
   0.890  0.6668E-01  0.1991E+01
   0.900  0.6602E-01  0.1991E+01
   0.910  0.6541E-01  0.1992E+01
   0.920  0.6483E-01  0.1993E+01
   0.930  0.6429E-01  0.1993E+01
   0.940  0.6379E-01  0.1994E+01
   0.950  0.6333E-01  0.1994E+01
   0.960  0.6291E-01  0.1995E+01
   0.970  0.6252E-01  0.1996E+01
   0.980  0.6218E-01  0.1996E+01
   0.990  0.6187E-01  0.1997E+01
   1.000  0.6160E-01  0.1998E+01
   1.010  0.6137E-01  0.1998E+01
   1.020  0.6118E-01  0.1999E+01
   1.030  0.6103E-01  0.1999E+01
   1.040  0.6092E-01  0.2000E+01
   1.050  0.6085E-01  0.2001E+01
   1.060  0.6081E-01  0.2001E+01
   1.070  0.6081E-01  0.2002E+01
   1.080  0.6086E-01  0.2002E+01
   1.090  0.6094E-01  0.2003E+01
   1.100  0.6106E-01  0.2004E+01
   1.110  0.6121E-01  0.2004E+01
   1.120  0.6141E-01  0.2005E+01
   1.130  0.6165E-01  0.2006E+01
   1.140  0.6192E-01  0.2006E+01
   1.150  0.6223E-01  0.2007E+01
   1.160  0.6259E-01  0.2007E+01
   1.170  0.6298E-01  0.2008E+01
   1.180  0.6341E-01  0.2009E+01
   1.190  0.6387E-01  0.2009E+01
   1.200  0.6438E-01  0.2010E+01
   1.210  0.6493E-01  0.2011E+01
   1.220  0.6551E-01  0.2011E+01
   1.230  0.6777E-01  0.2012E+01
   1.240  0.7154E-01  0.2013E+01
   1.250  0.7509E-01  0.2013E+01
   1.260  0.7844E-01  0.2014E+01
   1.270  0.8157E-01  0.2015E+01
   1.280  0.8450E-01  0.2016E+01
   1.290  0.8722E-01  0.2017E+01
   1.300  0.8973E-01  0.2017E+01
   1.310  0.9203E-01  0.2018E+01
   1.320  0.9421E-01  0.2019E+01
   1.330  0.9649E-01  0.2020E+01
   1.340  0.9856E-01  0.2021E+01
   1.350  0.1004E+00  0.2022E+01
   1.360  0.1021E+00  0.2023E+01
   1.370  0.1036E+00  0.2024E+01
   1.380  0.1049E+00  0.2025E+01
   1.390  0.1060E+00  0.2026E+01
   1.400  0.1068E+00  0.2027E+01
   1.410  0.1075E+00  0.2028E+01
   1.420  0.1080E+00  0.2030E+01
   1.430  0.1105E+00  0.2031E+01
   1.440  0.1131E+00  0.2032E+01
   1.450  0.1159E+00  0.2033E+01
   1.460  0.1187E+00  0.2034E+01
   1.470  0.1216E+00  0.2035E+01
   1.480  0.1246E+00  0.2037E+01
   1.490  0.1276E+00  0.2038E+01
   1.500  0.1307E+00  0.2039E+01
   1.510  0.1339E+00  0.2040E+01
   1.520  0.1372E+00  0.2042E+01
   1.530  0.1405E+00  0.2043E+01
   1.540  0.1439E+00  0.2045E+01
   1.550  0.1474E+00  0.2046E+01
   1.560  0.1510E+00  0.2048E+01
   1.570  0.1546E+00  0.2049E+01
   1.580  0.1583E+00  0.2051E+01
   1.590  0.1621E+00  0.2052E+01
   1.600  0.1659E+00  0.2054E+01
   1.610  0.1698E+00  0.2056E+01
   1.620  0.1738E+00  0.2057E+01
   1.630  0.1779E+00  0.2059E+01
   1.640  0.1820E+00  0.2061E+01
   1.650  0.1863E+00  0.2063E+01
   1.660  0.1905E+00  0.2065E+01
   1.670  0.1949E+00  0.2066E+01
   1.680  0.1993E+00  0.2068E+01
   1.690  0.2038E+00  0.2070E+01
   1.700  0.2084E+00  0.2073E+01
   1.710  0.2131E+00  0.2075E+01
   1.720  0.2178E+00  0.2077E+01
   1.730  0.2226E+00  0.2079E+01
   1.740  0.2275E+00  0.2081E+01
   1.750  0.2324E+00  0.2084E+01
   1.760  0.2375E+00  0.2086E+01
   1.770  0.2425E+00  0.2088E+01
   1.780  0.2477E+00  0.2091E+01
   1.790  0.2529E+00  0.2093E+01
   1.800  0.2582E+00  0.2096E+01
   1.810  0.2636E+00  0.2098E+01
   1.820  0.2690E+00  0.2101E+01
   1.830  0.2745E+00  0.2104E+01
   1.840  0.2801E+00  0.2107E+01
   1.850  0.2857E+00  0.2109E+01
   1.860  0.2914E+00  0.2112E+01
   1.870  0.2972E+00  0.2115E+01
   1.880  0.3030E+00  0.2118E+01
   1.890  0.3089E+00  0.2121E+01
   1.900  0.3149E+00  0.2124E+01
   1.910  0.3209E+00  0.2128E+01
   1.920  0.3270E+00  0.2131E+01
   1.930  0.3332E+00  0.2134E+01
   1.940  0.3394E+00  0.2137E+01
   1.950  0.3457E+00  0.2141E+01
   1.960  0.3521E+00  0.2144E+01
   1.970  0.3586E+00  0.2148E+01
   1.980  0.3651E+00  0.2152E+01
   1.990  0.3717E+00  0.2155E+01
   2.000  0.3783E+00  0.2159E+01
   2.010  0.3850E+00  0.2163E+01
   2.020  0.3918E+00  0.2167E+01
   2.030  0.3987E+00  0.2171E+01
   2.040  0.4056E+00  0.2175E+01
   2.050  0.4126E+00  0.2179E+01
   2.060  0.4196E+00  0.2183E+01
   2.070  0.4267E+00  0.2187E+01
   2.080  0.4339E+00  0.2191E+01
   2.090  0.4411E+00  0.2196E+01
   2.100  0.4480E+00  0.2200E+01
   2.110  0.4548E+00  0.2205E+01
   2.120  0.4613E+00  0.2209E+01
   2.130  0.4677E+00  0.2214E+01
   2.140  0.4738E+00  0.2219E+01
   2.150  0.4797E+00  0.2223E+01
   2.160  0.4854E+00  0.2228E+01
   2.170  0.4910E+00  0.2233E+01
   2.180  0.4963E+00  0.2238E+01
   2.190  0.5014E+00  0.2243E+01
   2.200  0.5063E+00  0.2248E+01
   2.210  0.5109E+00  0.2253E+01
   2.220  0.5154E+00  0.2258E+01
   2.230  0.5197E+00  0.2264E+01
   2.240  0.5238E+00  0.2269E+01
   2.250  0.5276E+00  0.2274E+01
   2.260  0.5313E+00  0.2279E+01
   2.270  0.5347E+00  0.2285E+01
   2.280  0.5380E+00  0.2290E+01
   2.290  0.5410E+00  0.2295E+01
   2.300  0.5459E+00  0.2301E+01
   2.310  0.5505E+00  0.2306E+01
   2.320  0.5525E+00  0.2312E+01
   2.330  0.5521E+00  0.2317E+01
   2.340  0.5527E+00  0.2323E+01
   2.350  0.5564E+00  0.2328E+01
   2.360  0.5599E+00  0.2334E+01
   2.370  0.5633E+00  0.2340E+01
   2.380  0.5666E+00  0.2345E+01
   2.390  0.5698E+00  0.2351E+01
   2.400  0.5728E+00  0.2357E+01
   2.410  0.5758E+00  0.2362E+01
   2.420  0.5786E+00  0.2368E+01
   2.430  0.5813E+00  0.2374E+01
   2.440  0.5840E+00  0.2380E+01
   2.450  0.5865E+00  0.2386E+01
   2.460  0.5888E+00  0.2392E+01
   2.470  0.5911E+00  0.2397E+01
   2.480  0.5933E+00  0.2403E+01
   2.490  0.5953E+00  0.2409E+01
   2.500  0.5973E+00  0.2415E+01
   2.510  0.5991E+00  0.2421E+01
   2.520  0.6008E+00  0.2427E+01
   2.530  0.6024E+00  0.2433E+01
   2.540  0.6039E+00  0.2439E+01
   2.550  0.6052E+00  0.2445E+01
   2.560  0.6065E+00  0.2451E+01
   2.570  0.6076E+00  0.2457E+01
   2.580  0.6086E+00  0.2464E+01
   2.590  0.6096E+00  0.2470E+01
   2.600  0.6104E+00  0.2476E+01
   2.610  0.6110E+00  0.2482E+01
   2.620  0.6116E+00  0.2488E+01
   2.630  0.6121E+00  0.2494E+01
   2.640  0.6124E+00  0.2500E+01
   2.650  0.6127E+00  0.2506E+01
   2.660  0.6138E+00  0.2512E+01
   2.670  0.6154E+00  0.2519E+01
   2.680  0.6169E+00  0.2525E+01
   2.690  0.6182E+00  0.2531E+01
   2.700  0.6195E+00  0.2537E+01
   2.710  0.6205E+00  0.2543E+01
   2.720  0.6215E+00  0.2550E+01
   2.730  0.6223E+00  0.2556E+01
   2.740  0.6230E+00  0.2562E+01
   2.750  0.6235E+00  0.2568E+01
   2.760  0.6239E+00  0.2574E+01
   2.770  0.6242E+00  0.2581E+01
   2.780  0.6243E+00  0.2587E+01
   2.790  0.6243E+00  0.2593E+01
   2.800  0.6241E+00  0.2599E+01
   2.810  0.6239E+00  0.2606E+01
   2.820  0.6234E+00  0.2612E+01
   2.830  0.6229E+00  0.2618E+01
   2.840  0.6222E+00  0.2624E+01
   2.850  0.6214E+00  0.2631E+01
   2.860  0.6204E+00  0.2637E+01
   2.870  0.6193E+00  0.2643E+01
   2.880  0.6181E+00  0.2649E+01
   2.890  0.6167E+00  0.2655E+01
   2.900  0.6152E+00  0.2662E+01
   2.910  0.6135E+00  0.2668E+01
   2.920  0.6118E+00  0.2674E+01
   2.930  0.6098E+00  0.2680E+01
   2.940  0.6078E+00  0.2686E+01
   2.950  0.6056E+00  0.2692E+01
   2.960  0.6033E+00  0.2698E+01
   2.970  0.6008E+00  0.2704E+01
   2.980  0.5982E+00  0.2710E+01
   2.990  0.5955E+00  0.2716E+01
   3.000  0.5926E+00  0.2722E+01
   3.010  0.5896E+00  0.2728E+01
   3.020  0.5864E+00  0.2734E+01
   3.030  0.5831E+00  0.2740E+01
   3.040  0.5797E+00  0.2745E+01
   3.050  0.5762E+00  0.2751E+01
   3.060  0.5725E+00  0.2757E+01
   3.070  0.5686E+00  0.2763E+01
   3.080  0.5647E+00  0.2768E+01
   3.090  0.5605E+00  0.2774E+01
   3.100  0.5561E+00  0.2780E+01
   3.110  0.5512E+00  0.2785E+01
   3.120  0.5461E+00  0.2791E+01
   3.130  0.5406E+00  0.2796E+01
   3.140  0.5348E+00  0.2801E+01
   3.150  0.5286E+00  0.2807E+01
   3.160  0.5224E+00  0.2812E+01
   3.170  0.5172E+00  0.2817E+01
   3.180  0.5120E+00  0.2822E+01
   3.190  0.5068E+00  0.2827E+01
   3.200  0.5018E+00  0.2832E+01
   3.210  0.4968E+00  0.2837E+01
   3.220  0.4919E+00  0.2842E+01
   3.230  0.4870E+00  0.2847E+01
   3.240  0.4822E+00  0.2852E+01
   3.250  0.4775E+00  0.2857E+01
   3.260  0.4729E+00  0.2862E+01
   3.270  0.4683E+00  0.2866E+01
   3.280  0.4638E+00  0.2871E+01
   3.290  0.4593E+00  0.2876E+01
   3.300  0.4549E+00  0.2880E+01
   3.310  0.4506E+00  0.2885E+01
   3.320  0.4464E+00  0.2889E+01
   3.330  0.4422E+00  0.2894E+01
   3.340  0.4381E+00  0.2898E+01
   3.350  0.4340E+00  0.2902E+01
   3.360  0.4300E+00  0.2907E+01
   3.370  0.4261E+00  0.2911E+01
   3.380  0.4222E+00  0.2915E+01
   3.390  0.4184E+00  0.2919E+01
   3.400  0.4147E+00  0.2924E+01
   3.410  0.4110E+00  0.2928E+01
   3.420  0.4075E+00  0.2932E+01
   3.430  0.4039E+00  0.2936E+01
   3.440  0.4010E+00  0.2940E+01
   3.450  0.3982E+00  0.2944E+01
   3.460  0.3955E+00  0.2948E+01
   3.470  0.3929E+00  0.2952E+01
   3.480  0.3902E+00  0.2956E+01
   3.490  0.3876E+00  0.2960E+01
   3.500  0.3850E+00  0.2964E+01
   3.510  0.3824E+00  0.2967E+01
   3.520  0.3798E+00  0.2971E+01
   3.530  0.3773E+00  0.2975E+01
   3.540  0.3747E+00  0.2979E+01
   3.550  0.3722E+00  0.2982E+01
   3.560  0.3698E+00  0.2986E+01
   3.570  0.3673E+00  0.2990E+01
   3.580  0.3649E+00  0.2994E+01
   3.590  0.3625E+00  0.2997E+01
   3.600  0.3601E+00  0.3001E+01
   3.610  0.3577E+00  0.3004E+01
   3.620  0.3554E+00  0.3008E+01
   3.630  0.3531E+00  0.3011E+01
   3.640  0.3508E+00  0.3015E+01
   3.650  0.3485E+00  0.3018E+01
   3.660  0.3462E+00  0.3022E+01
   3.670  0.3440E+00  0.3025E+01
   3.680  0.3418E+00  0.3029E+01
   3.690  0.3396E+00  0.3032E+01
   3.700  0.3375E+00  0.3036E+01
   3.710  0.3353E+00  0.3039E+01
   3.720  0.3332E+00  0.3042E+01
   3.730  0.3311E+00  0.3046E+01
   3.740  0.3291E+00  0.3049E+01
   3.750  0.3270E+00  0.3052E+01
   3.760  0.3250E+00  0.3055E+01
   3.770  0.3230E+00  0.3059E+01
   3.780  0.3210E+00  0.3062E+01
   3.790  0.3191E+00  0.3065E+01
   3.800  0.3171E+00  0.3068E+01
   3.810  0.3152E+00  0.3071E+01
   3.820  0.3133E+00  0.3075E+01
   3.830  0.3115E+00  0.3078E+01
   3.840  0.3096E+00  0.3081E+01
   3.850  0.3078E+00  0.3084E+01
   3.860  0.3060E+00  0.3087E+01
   3.870  0.3042E+00  0.3090E+01
   3.880  0.3025E+00  0.3093E+01
   3.890  0.3008E+00  0.3096E+01
   3.900  0.2991E+00  0.3099E+01
   3.910  0.2974E+00  0.3102E+01
   3.920  0.2957E+00  0.3105E+01
   3.930  0.2941E+00  0.3108E+01
   3.940  0.2925E+00  0.3111E+01
   3.950  0.2909E+00  0.3114E+01
   3.960  0.2893E+00  0.3117E+01
   3.970  0.2878E+00  0.3120E+01
   3.980  0.2862E+00  0.3123E+01
   3.990  0.2847E+00  0.3125E+01
   4.000  0.2833E+00  0.3128E+01
   4.010  0.2818E+00  0.3131E+01
   4.020  0.2804E+00  0.3134E+01
   4.030  0.2790E+00  0.3137E+01
   4.040  0.2776E+00  0.3139E+01
   4.050  0.2762E+00  0.3142E+01
   4.060  0.2749E+00  0.3145E+01
   4.070  0.2735E+00  0.3148E+01
   4.080  0.2722E+00  0.3150E+01
   4.090  0.2710E+00  0.3153E+01
   4.100  0.2697E+00  0.3156E+01
   4.110  0.2690E+00  0.3159E+01
   4.120  0.2684E+00  0.3161E+01
   4.130  0.2677E+00  0.3164E+01
   4.140  0.2671E+00  0.3167E+01
   4.150  0.2665E+00  0.3169E+01
   4.160  0.2658E+00  0.3172E+01
   4.170  0.2652E+00  0.3175E+01
   4.180  0.2646E+00  0.3177E+01
   4.190  0.2639E+00  0.3180E+01
   4.200  0.2633E+00  0.3182E+01
   4.210  0.2627E+00  0.3185E+01
   4.220  0.2620E+00  0.3188E+01
   4.230  0.2614E+00  0.3190E+01
   4.240  0.2607E+00  0.3193E+01
   4.250  0.2601E+00  0.3196E+01
   4.260  0.2594E+00  0.3198E+01
   4.270  0.2588E+00  0.3201E+01
   4.280  0.2581E+00  0.3203E+01
   4.290  0.2575E+00  0.3206E+01
   4.300  0.2568E+00  0.3209E+01
   4.310  0.2562E+00  0.3211E+01
   4.320  0.2555E+00  0.3214E+01
   4.330  0.2549E+00  0.3216E+01
   4.340  0.2542E+00  0.3219E+01
   4.350  0.2536E+00  0.3221E+01
   4.360  0.2529E+00  0.3224E+01
   4.370  0.2523E+00  0.3226E+01
   4.380  0.2516E+00  0.3229E+01
   4.390  0.2509E+00  0.3231E+01
   4.400  0.2503E+00  0.3234E+01
   4.410  0.2496E+00  0.3236E+01
   4.420  0.2489E+00  0.3239E+01
   4.430  0.2483E+00  0.3241E+01
   4.440  0.2476E+00  0.3244E+01
   4.450  0.2469E+00  0.3246E+01
   4.460  0.2463E+00  0.3249E+01
   4.470  0.2456E+00  0.3251E+01
   4.480  0.2449E+00  0.3254E+01
   4.490  0.2442E+00  0.3256E+01
   4.500  0.2436E+00  0.3259E+01
   4.510  0.2429E+00  0.3261E+01
   4.520  0.2422E+00  0.3263E+01
   4.530  0.2415E+00  0.3266E+01
   4.540  0.2409E+00  0.3268E+01
   4.550  0.2402E+00  0.3271E+01
   4.560  0.2395E+00  0.3273E+01
   4.570  0.2388E+00  0.3275E+01
   4.580  0.2381E+00  0.3278E+01
   4.590  0.2374E+00  0.3280E+01
   4.600  0.2368E+00  0.3283E+01
   4.610  0.2361E+00  0.3285E+01
   4.620  0.2354E+00  0.3287E+01
   4.630  0.2347E+00  0.3290E+01
   4.640  0.2340E+00  0.3292E+01
   4.650  0.2333E+00  0.3294E+01
   4.660  0.2326E+00  0.3297E+01
   4.670  0.2319E+00  0.3299E+01
   4.680  0.2312E+00  0.3301E+01
   4.690  0.2305E+00  0.3304E+01
   4.700  0.2298E+00  0.3306E+01
   4.710  0.2291E+00  0.3308E+01
   4.720  0.2284E+00  0.3310E+01
   4.730  0.2277E+00  0.3313E+01
   4.740  0.2270E+00  0.3315E+01
   4.750  0.2263E+00  0.3317E+01
   4.760  0.2256E+00  0.3320E+01
   4.770  0.2249E+00  0.3322E+01
   4.780  0.2242E+00  0.3324E+01
   4.790  0.2235E+00  0.3326E+01
   4.800  0.2230E+00  0.3329E+01
   4.810  0.2224E+00  0.3331E+01
   4.820  0.2220E+00  0.3333E+01
   4.830  0.2216E+00  0.3335E+01
   4.840  0.2212E+00  0.3337E+01
   4.850  0.2210E+00  0.3340E+01
   4.860  0.2208E+00  0.3342E+01
   4.870  0.2207E+00  0.3344E+01
   4.880  0.2207E+00  0.3346E+01
   4.890  0.2208E+00  0.3348E+01
   4.900  0.2210E+00  0.3351E+01
   4.910  0.2213E+00  0.3353E+01
   4.920  0.2217E+00  0.3355E+01
   4.930  0.2221E+00  0.3357E+01
   4.940  0.2226E+00  0.3360E+01
   4.950  0.2231E+00  0.3362E+01
   4.960  0.2238E+00  0.3364E+01
   4.970  0.2244E+00  0.3366E+01
   4.980  0.2252E+00  0.3368E+01
   4.990  0.2260E+00  0.3371E+01
   5.000  0.2268E+00  0.3373E+01
   5.010  0.2277E+00  0.3375E+01
   5.020  0.2287E+00  0.3378E+01
   5.030  0.2298E+00  0.3380E+01
   5.040  0.2309E+00  0.3382E+01
   5.050  0.2320E+00  0.3384E+01
   5.060  0.2333E+00  0.3387E+01
   5.070  0.2346E+00  0.3389E+01
   5.080  0.2359E+00  0.3391E+01
   5.090  0.2373E+00  0.3394E+01
   5.100  0.2389E+00  0.3396E+01
   5.110  0.2443E+00  0.3399E+01
   5.120  0.2497E+00  0.3401E+01
   5.130  0.2550E+00  0.3404E+01
   5.140  0.2604E+00  0.3406E+01
   5.150  0.2658E+00  0.3409E+01
   5.160  0.2711E+00  0.3412E+01
   5.170  0.2765E+00  0.3414E+01
   5.180  0.2819E+00  0.3417E+01
   5.190  0.2873E+00  0.3420E+01
   5.200  0.2927E+00  0.3423E+01
   5.210  0.2981E+00  0.3426E+01
   5.220  0.3035E+00  0.3429E+01
   5.230  0.3090E+00  0.3432E+01
   5.240  0.3144E+00  0.3435E+01
   5.250  0.3199E+00  0.3438E+01
   5.260  0.3253E+00  0.3441E+01
   5.270  0.3308E+00  0.3445E+01
   5.280  0.3363E+00  0.3448E+01
   5.290  0.3418E+00  0.3451E+01
   5.300  0.3473E+00  0.3455E+01
   5.310  0.3528E+00  0.3458E+01
   5.320  0.3584E+00  0.3462E+01
   5.330  0.3639E+00  0.3465E+01
   5.340  0.3695E+00  0.3469E+01
   5.350  0.3751E+00  0.3473E+01
   5.360  0.3807E+00  0.3477E+01
   5.370  0.3863E+00  0.3480E+01
   5.380  0.3919E+00  0.3484E+01
   5.390  0.3975E+00  0.3488E+01
   5.400  0.4031E+00  0.3492E+01
   5.410  0.4088E+00  0.3496E+01
   5.420  0.4144E+00  0.3500E+01
   5.430  0.4201E+00  0.3505E+01
   5.440  0.4258E+00  0.3509E+01
   5.450  0.4315E+00  0.3513E+01
   5.460  0.4372E+00  0.3518E+01
   5.470  0.4429E+00  0.3522E+01
   5.480  0.4486E+00  0.3526E+01
   5.490  0.4543E+00  0.3531E+01
   5.500  0.4601E+00  0.3535E+01
   5.510  0.4659E+00  0.3540E+01
   5.520  0.4716E+00  0.3545E+01
   5.530  0.4774E+00  0.3550E+01
   5.540  0.4832E+00  0.3554E+01
   5.550  0.4891E+00  0.3559E+01
   5.560  0.4949E+00  0.3564E+01
   5.570  0.5007E+00  0.3569E+01
   5.580  0.5066E+00  0.3574E+01
   5.590  0.5124E+00  0.3579E+01
   5.600  0.5183E+00  0.3584E+01
   5.610  0.5240E+00  0.3590E+01
   5.620  0.5213E+00  0.3595E+01
   5.630  0.5188E+00  0.3600E+01
   5.640  0.5166E+00  0.3605E+01
   5.650  0.5147E+00  0.3610E+01
   5.660  0.5130E+00  0.3615E+01
   5.670  0.5115E+00  0.3621E+01
   5.680  0.5104E+00  0.3626E+01
   5.690  0.5094E+00  0.3631E+01
   5.700  0.5088E+00  0.3636E+01
   5.710  0.5084E+00  0.3641E+01
   5.720  0.5082E+00  0.3646E+01
   5.730  0.5083E+00  0.3651E+01
   5.740  0.5086E+00  0.3656E+01
   5.750  0.5090E+00  0.3661E+01
   5.760  0.5093E+00  0.3666E+01
   5.770  0.5097E+00  0.3672E+01
   5.780  0.5100E+00  0.3677E+01
   5.790  0.5103E+00  0.3682E+01
   5.800  0.5106E+00  0.3687E+01
   5.810  0.5109E+00  0.3692E+01
   5.820  0.5112E+00  0.3697E+01
   5.830  0.5115E+00  0.3702E+01
   5.840  0.5117E+00  0.3707E+01
   5.850  0.5120E+00  0.3712E+01
   5.860  0.5123E+00  0.3718E+01
   5.870  0.5125E+00  0.3723E+01
   5.880  0.5127E+00  0.3728E+01
   5.890  0.5130E+00  0.3733E+01
   5.900  0.5132E+00  0.3738E+01
   5.910  0.5134E+00  0.3743E+01
   5.920  0.5136E+00  0.3748E+01
   5.930  0.5137E+00  0.3753E+01
   5.940  0.5139E+00  0.3759E+01
   5.950  0.5141E+00  0.3764E+01
   5.960  0.5142E+00  0.3769E+01
   5.970  0.5144E+00  0.3774E+01
   5.980  0.5145E+00  0.3779E+01
   5.990  0.5147E+00  0.3784E+01
   6.000  0.5148E+00  0.3789E+01
   6.010  0.5149E+00  0.3795E+01
   6.020  0.5150E+00  0.3800E+01
   6.030  0.5151E+00  0.3805E+01
   6.040  0.5151E+00  0.3810E+01
   6.050  0.5152E+00  0.3815E+01
   6.060  0.5153E+00  0.3820E+01
   6.070  0.5153E+00  0.3825E+01
   6.080  0.5154E+00  0.3831E+01
   6.090  0.5154E+00  0.3836E+01
   6.100  0.5154E+00  0.3841E+01
   6.110  0.5154E+00  0.3846E+01
   6.120  0.5154E+00  0.3851E+01
   6.130  0.5154E+00  0.3856E+01
   6.140  0.5154E+00  0.3862E+01
   6.150  0.5154E+00  0.3867E+01
   6.160  0.5154E+00  0.3872E+01
   6.170  0.5153E+00  0.3877E+01
   6.180  0.5153E+00  0.3882E+01
   6.190  0.5154E+00  0.3887E+01
   6.200  0.5154E+00  0.3892E+01
   6.210  0.5160E+00  0.3898E+01
   6.220  0.5166E+00  0.3903E+01
   6.230  0.5172E+00  0.3908E+01
   6.240  0.5178E+00  0.3913E+01
   6.250  0.5184E+00  0.3918E+01
   6.260  0.5190E+00  0.3924E+01
   6.270  0.5196E+00  0.3929E+01
   6.280  0.5202E+00  0.3934E+01
   6.290  0.5208E+00  0.3939E+01
   6.300  0.5214E+00  0.3944E+01
   6.310  0.5220E+00  0.3950E+01
   6.320  0.5226E+00  0.3955E+01
   6.330  0.5232E+00  0.3960E+01
   6.340  0.5237E+00  0.3965E+01
   6.350  0.5243E+00  0.3970E+01
   6.360  0.5249E+00  0.3976E+01
   6.370  0.5255E+00  0.3981E+01
   6.380  0.5261E+00  0.3986E+01
   6.390  0.5267E+00  0.3991E+01
   6.400  0.5273E+00  0.3997E+01
   6.410  0.5279E+00  0.4002E+01
   6.420  0.5285E+00  0.4007E+01
   6.430  0.5291E+00  0.4013E+01
   6.440  0.5297E+00  0.4018E+01
   6.450  0.5303E+00  0.4023E+01
   6.460  0.5309E+00  0.4029E+01
   6.470  0.5315E+00  0.4034E+01
   6.480  0.5321E+00  0.4039E+01
   6.490  0.5328E+00  0.4044E+01
   6.500  0.5334E+00  0.4050E+01
   6.510  0.5340E+00  0.4055E+01
   6.520  0.5346E+00  0.4060E+01
   6.530  0.5353E+00  0.4066E+01
   6.540  0.5359E+00  0.4071E+01
   6.550  0.5366E+00  0.4077E+01
   6.560  0.5372E+00  0.4082E+01
   6.570  0.5378E+00  0.4087E+01
   6.580  0.5385E+00  0.4093E+01
   6.590  0.5391E+00  0.4098E+01
   6.600  0.5397E+00  0.4103E+01
   6.610  0.5404E+00  0.4109E+01
   6.620  0.5410E+00  0.4114E+01
   6.630  0.5416E+00  0.4120E+01
   6.640  0.5423E+00  0.4125E+01
   6.650  0.5429E+00  0.4131E+01
   6.660  0.5435E+00  0.4136E+01
   6.670  0.5441E+00  0.4141E+01
   6.680  0.5448E+00  0.4147E+01
   6.690  0.5454E+00  0.4152E+01
   6.700  0.5460E+00  0.4158E+01
   6.710  0.5467E+00  0.4163E+01
   6.720  0.5473E+00  0.4169E+01
   6.730  0.5479E+00  0.4174E+01
   6.740  0.5485E+00  0.4180E+01
   6.750  0.5868E+00  0.4185E+01
   6.760  0.6263E+00  0.4191E+01
   6.770  0.6568E+00  0.4198E+01
   6.780  0.6784E+00  0.4204E+01
   6.790  0.6911E+00  0.4211E+01
   6.800  0.6948E+00  0.4218E+01
   6.810  0.6895E+00  0.4225E+01
   6.820  0.6753E+00  0.4232E+01
   6.830  0.6522E+00  0.4239E+01
   6.840  0.6203E+00  0.4245E+01
   6.850  0.6193E+00  0.4251E+01
   6.860  0.6183E+00  0.4257E+01
   6.870  0.6174E+00  0.4264E+01
   6.880  0.6164E+00  0.4270E+01
   6.890  0.6155E+00  0.4276E+01
   6.900  0.6145E+00  0.4282E+01
   6.910  0.6136E+00  0.4288E+01
   6.920  0.6126E+00  0.4294E+01
   6.930  0.6117E+00  0.4300E+01
   6.940  0.6108E+00  0.4307E+01
   6.950  0.6099E+00  0.4313E+01
   6.960  0.6090E+00  0.4319E+01
   6.970  0.6081E+00  0.4325E+01
   6.980  0.6072E+00  0.4331E+01
   6.990  0.6063E+00  0.4337E+01
   7.000  0.6054E+00  0.4343E+01
   7.010  0.6045E+00  0.4349E+01
   7.020  0.6036E+00  0.4355E+01
   7.030  0.6028E+00  0.4361E+01
   7.040  0.6019E+00  0.4367E+01
   7.050  0.6010E+00  0.4373E+01
   7.060  0.6002E+00  0.4379E+01
   7.070  0.5994E+00  0.4385E+01
   7.080  0.5985E+00  0.4391E+01
   7.090  0.5977E+00  0.4397E+01
   7.100  0.5969E+00  0.4403E+01
   7.110  0.5960E+00  0.4409E+01
   7.120  0.5952E+00  0.4415E+01
   7.130  0.5944E+00  0.4421E+01
   7.140  0.5940E+00  0.4427E+01
   7.150  0.5936E+00  0.4433E+01
   7.160  0.5933E+00  0.4439E+01
   7.170  0.5931E+00  0.4445E+01
   7.180  0.5929E+00  0.4451E+01
   7.190  0.5928E+00  0.4457E+01
   7.200  0.5928E+00  0.4463E+01
   7.210  0.5928E+00  0.4468E+01
   7.220  0.5929E+00  0.4474E+01
   7.230  0.5930E+00  0.4480E+01
   7.240  0.5932E+00  0.4486E+01
   7.250  0.5935E+00  0.4492E+01
   7.260  0.5938E+00  0.4498E+01
   7.270  0.5942E+00  0.4504E+01
   7.280  0.5947E+00  0.4510E+01
   7.290  0.5952E+00  0.4516E+01
   7.300  0.5958E+00  0.4522E+01
   7.310  0.5965E+00  0.4528E+01
   7.320  0.5971E+00  0.4534E+01
   7.330  0.5979E+00  0.4540E+01
   7.340  0.5986E+00  0.4546E+01
   7.350  0.5994E+00  0.4552E+01
   7.360  0.6003E+00  0.4558E+01
   7.370  0.6012E+00  0.4564E+01
   7.380  0.6021E+00  0.4570E+01
   7.390  0.6031E+00  0.4576E+01
   7.400  0.6041E+00  0.4582E+01
   7.410  0.6052E+00  0.4588E+01
   7.420  0.6063E+00  0.4594E+01
   7.430  0.6075E+00  0.4600E+01
   7.440  0.6087E+00  0.4606E+01
   7.450  0.6099E+00  0.4612E+01
   7.460  0.6112E+00  0.4618E+01
   7.470  0.6125E+00  0.4624E+01
   7.480  0.6139E+00  0.4631E+01
   7.490  0.6153E+00  0.4637E+01
   7.500  0.6168E+00  0.4643E+01
   7.510  0.6183E+00  0.4649E+01
   7.520  0.6198E+00  0.4655E+01
   7.530  0.6214E+00  0.4661E+01
   7.540  0.6230E+00  0.4668E+01
   7.550  0.6246E+00  0.4674E+01
   7.560  0.6263E+00  0.4680E+01
   7.570  0.6280E+00  0.4686E+01
   7.580  0.6298E+00  0.4693E+01
   7.590  0.6316E+00  0.4699E+01
   7.600  0.6335E+00  0.4705E+01
   7.610  0.6354E+00  0.4712E+01
   7.620  0.6373E+00  0.4718E+01
   7.630  0.6394E+00  0.4724E+01
   7.640  0.6414E+00  0.4731E+01
   7.650  0.6435E+00  0.4737E+01
   7.660  0.6456E+00  0.4744E+01
   7.670  0.6478E+00  0.4750E+01
   7.680  0.6500E+00  0.4757E+01
   7.690  0.6523E+00  0.4763E+01
   7.700  0.6546E+00  0.4770E+01
   7.710  0.6565E+00  0.4776E+01
   7.720  0.6570E+00  0.4783E+01
   7.730  0.6564E+00  0.4789E+01
   7.740  0.6548E+00  0.4796E+01
   7.750  0.6521E+00  0.4803E+01
   7.760  0.6485E+00  0.4809E+01
   7.770  0.6438E+00  0.4815E+01
   7.780  0.6398E+00  0.4822E+01
   7.790  0.6429E+00  0.4828E+01
   7.800  0.6462E+00  0.4835E+01
   7.810  0.6496E+00  0.4841E+01
   7.820  0.6533E+00  0.4848E+01
   7.830  0.6572E+00  0.4854E+01
   7.840  0.6613E+00  0.4861E+01
   7.850  0.6656E+00  0.4868E+01
   7.860  0.6701E+00  0.4874E+01
   7.870  0.6748E+00  0.4881E+01
   7.880  0.6797E+00  0.4888E+01
   7.890  0.6847E+00  0.4895E+01
   7.900  0.6898E+00  0.4901E+01
   7.910  0.6949E+00  0.4908E+01
   7.920  0.7002E+00  0.4915E+01
   7.930  0.7055E+00  0.4922E+01
   7.940  0.7110E+00  0.4929E+01
   7.950  0.7165E+00  0.4937E+01
   7.960  0.7222E+00  0.4944E+01
   7.970  0.7279E+00  0.4951E+01
   7.980  0.7337E+00  0.4958E+01
   7.990  0.7396E+00  0.4966E+01
   8.000  0.7456E+00  0.4973E+01
   8.010  0.7517E+00  0.4981E+01
   8.020  0.7579E+00  0.4988E+01
   8.030  0.7641E+00  0.4996E+01
   8.040  0.7705E+00  0.5003E+01
   8.050  0.7770E+00  0.5011E+01
   8.060  0.7835E+00  0.5019E+01
   8.070  0.7902E+00  0.5027E+01
   8.080  0.7969E+00  0.5035E+01
   8.090  0.8037E+00  0.5043E+01
   8.100  0.8106E+00  0.5051E+01
   8.110  0.8176E+00  0.5059E+01
   8.120  0.8247E+00  0.5067E+01
   8.130  0.8319E+00  0.5075E+01
   8.140  0.8392E+00  0.5084E+01
   8.150  0.8466E+00  0.5092E+01
   8.160  0.8541E+00  0.5101E+01
   8.170  0.8616E+00  0.5109E+01
   8.180  0.8693E+00  0.5118E+01
   8.190  0.8847E+00  0.5127E+01
   8.200  0.9066E+00  0.5136E+01
   8.210  0.9223E+00  0.5145E+01
   8.220  0.9318E+00  0.5154E+01
   8.230  0.9352E+00  0.5163E+01
   8.240  0.9324E+00  0.5173E+01
   8.250  0.9235E+00  0.5182E+01
   8.260  0.9084E+00  0.5191E+01
   8.270  0.8872E+00  0.5200E+01
   8.280  0.8736E+00  0.5209E+01
   8.290  0.8669E+00  0.5218E+01
   8.300  0.8606E+00  0.5226E+01
   8.310  0.8545E+00  0.5235E+01
   8.320  0.8487E+00  0.5243E+01
   8.330  0.8432E+00  0.5252E+01
   8.340  0.8380E+00  0.5260E+01
   8.350  0.8331E+00  0.5269E+01
   8.360  0.8285E+00  0.5277E+01
   8.370  0.8241E+00  0.5285E+01
   8.380  0.8201E+00  0.5293E+01
   8.390  0.8164E+00  0.5302E+01
   8.400  0.8129E+00  0.5310E+01
   8.410  0.8098E+00  0.5318E+01
   8.420  0.8069E+00  0.5326E+01
   8.430  0.8044E+00  0.5334E+01
   8.440  0.8021E+00  0.5342E+01
   8.450  0.8001E+00  0.5350E+01
   8.460  0.7985E+00  0.5358E+01
   8.470  0.7970E+00  0.5366E+01
   8.480  0.7956E+00  0.5374E+01
   8.490  0.7943E+00  0.5382E+01
   8.500  0.7930E+00  0.5390E+01
   8.510  0.7919E+00  0.5398E+01
   8.520  0.7908E+00  0.5406E+01
   8.530  0.7897E+00  0.5414E+01
   8.540  0.7888E+00  0.5422E+01
   8.550  0.7879E+00  0.5429E+01
   8.560  0.7870E+00  0.5437E+01
   8.570  0.7863E+00  0.5445E+01
   8.580  0.7856E+00  0.5453E+01
   8.590  0.7853E+00  0.5461E+01
   8.600  0.7862E+00  0.5469E+01
   8.610  0.7870E+00  0.5477E+01
   8.620  0.7875E+00  0.5484E+01
   8.630  0.7879E+00  0.5492E+01
   8.640  0.7880E+00  0.5500E+01
   8.650  0.7879E+00  0.5508E+01
   8.660  0.7876E+00  0.5516E+01
   8.670  0.7870E+00  0.5524E+01
   8.680  0.7863E+00  0.5532E+01
   8.690  0.7853E+00  0.5540E+01
   8.700  0.7841E+00  0.5547E+01
   8.710  0.7828E+00  0.5555E+01
   8.720  0.7814E+00  0.5563E+01
   8.730  0.7797E+00  0.5571E+01
   8.740  0.7779E+00  0.5579E+01
   8.750  0.7758E+00  0.5586E+01
   8.760  0.7736E+00  0.5594E+01
   8.770  0.7711E+00  0.5602E+01
   8.780  0.7684E+00  0.5610E+01
   8.790  0.7656E+00  0.5617E+01
   8.800  0.7625E+00  0.5625E+01
   8.810  0.7592E+00  0.5633E+01
   8.820  0.7557E+00  0.5640E+01
   8.830  0.7520E+00  0.5648E+01
   8.840  0.7481E+00  0.5655E+01
   8.850  0.7440E+00  0.5663E+01
   8.860  0.7396E+00  0.5670E+01
   8.870  0.7351E+00  0.5677E+01
   8.880  0.7304E+00  0.5685E+01
   8.890  0.7277E+00  0.5692E+01
   8.900  0.7273E+00  0.5699E+01
   8.910  0.7269E+00  0.5707E+01
   8.920  0.7265E+00  0.5714E+01
   8.930  0.7261E+00  0.5721E+01
   8.940  0.7260E+00  0.5728E+01
   8.950  0.7258E+00  0.5736E+01
   8.960  0.7257E+00  0.5743E+01
   8.970  0.7256E+00  0.5750E+01
   8.980  0.7254E+00  0.5757E+01
   8.990  0.7253E+00  0.5765E+01
   9.000  0.7251E+00  0.5772E+01
   9.010  0.7249E+00  0.5779E+01
   9.020  0.7247E+00  0.5786E+01
   9.030  0.7244E+00  0.5794E+01
   9.040  0.7242E+00  0.5801E+01
   9.050  0.7239E+00  0.5808E+01
   9.060  0.7236E+00  0.5815E+01
   9.070  0.7234E+00  0.5823E+01
   9.080  0.7231E+00  0.5830E+01
   9.090  0.7227E+00  0.5837E+01
   9.100  0.7224E+00  0.5844E+01
   9.110  0.7220E+00  0.5851E+01
   9.120  0.7217E+00  0.5859E+01
   9.130  0.7213E+00  0.5866E+01
   9.140  0.7209E+00  0.5873E+01
   9.150  0.7205E+00  0.5880E+01
   9.160  0.7201E+00  0.5888E+01
   9.170  0.7196E+00  0.5895E+01
   9.180  0.7192E+00  0.5902E+01
   9.190  0.7187E+00  0.5909E+01
   9.200  0.7182E+00  0.5916E+01
   9.210  0.7177E+00  0.5923E+01
   9.220  0.7172E+00  0.5931E+01
   9.230  0.7167E+00  0.5938E+01
   9.240  0.7161E+00  0.5945E+01
   9.250  0.7156E+00  0.5952E+01
   9.260  0.7150E+00  0.5959E+01
   9.270  0.7144E+00  0.5966E+01
   9.280  0.7138E+00  0.5974E+01
   9.290  0.7132E+00  0.5981E+01
   9.300  0.7126E+00  0.5988E+01
   9.310  0.7119E+00  0.5995E+01
   9.320  0.7112E+00  0.6002E+01
   9.330  0.7106E+00  0.6009E+01
   9.340  0.7099E+00  0.6016E+01
   9.350  0.7043E+00  0.6023E+01
   9.360  0.7039E+00  0.6030E+01
   9.370  0.7036E+00  0.6037E+01
   9.380  0.7033E+00  0.6045E+01
   9.390  0.7030E+00  0.6052E+01
   9.400  0.7026E+00  0.6059E+01
   9.410  0.7023E+00  0.6066E+01
   9.420  0.7020E+00  0.6073E+01
   9.430  0.7017E+00  0.6080E+01
   9.440  0.7014E+00  0.6087E+01
   9.450  0.7011E+00  0.6094E+01
   9.460  0.7007E+00  0.6101E+01
   9.470  0.7004E+00  0.6108E+01
   9.480  0.7001E+00  0.6115E+01
   9.490  0.6998E+00  0.6122E+01
   9.500  0.6995E+00  0.6129E+01
   9.510  0.6992E+00  0.6136E+01
   9.520  0.6994E+00  0.6143E+01
   9.530  0.7002E+00  0.6150E+01
   9.540  0.7011E+00  0.6157E+01
   9.550  0.7019E+00  0.6164E+01
   9.560  0.7026E+00  0.6171E+01
   9.570  0.7034E+00  0.6178E+01
   9.580  0.7041E+00  0.6185E+01
   9.590  0.7047E+00  0.6192E+01
   9.600  0.7054E+00  0.6199E+01
   9.610  0.7078E+00  0.6206E+01
   9.620  0.7130E+00  0.6213E+01
   9.630  0.7179E+00  0.6220E+01
   9.640  0.7225E+00  0.6227E+01
   9.650  0.7268E+00  0.6235E+01
   9.660  0.7309E+00  0.6242E+01
   9.670  0.7347E+00  0.6249E+01
   9.680  0.7383E+00  0.6257E+01
   9.690  0.7415E+00  0.6264E+01
   9.700  0.7445E+00  0.6271E+01
   9.710  0.7473E+00  0.6279E+01
   9.720  0.7497E+00  0.6286E+01
   9.730  0.7519E+00  0.6294E+01
   9.740  0.7538E+00  0.6301E+01
   9.750  0.7554E+00  0.6309E+01
   9.760  0.7568E+00  0.6317E+01
   9.770  0.7579E+00  0.6324E+01
   9.780  0.7587E+00  0.6332E+01
   9.790  0.7593E+00  0.6339E+01
   9.800  0.7596E+00  0.6347E+01
   9.810  0.7595E+00  0.6354E+01
   9.820  0.7593E+00  0.6362E+01
   9.830  0.7589E+00  0.6370E+01
   9.840  0.7584E+00  0.6377E+01
   9.850  0.7577E+00  0.6385E+01
   9.860  0.7569E+00  0.6392E+01
   9.870  0.7560E+00  0.6400E+01
   9.880  0.7549E+00  0.6408E+01
   9.890  0.7537E+00  0.6415E+01
   9.900  0.7523E+00  0.6423E+01
   9.910  0.7508E+00  0.6430E+01
   9.920  0.7492E+00  0.6438E+01
   9.930  0.7474E+00  0.6445E+01
   9.940  0.7455E+00  0.6453E+01
   9.950  0.7434E+00  0.6460E+01
   9.960  0.7412E+00  0.6467E+01
   9.970  0.7389E+00  0.6475E+01
   9.980  0.7364E+00  0.6482E+01
   9.990  0.7338E+00  0.6490E+01
  10.000  0.7310E+00  0.6497E+01
