# Time-averaged data for fix 2
# TimeStep c_mytemp c_mypress v_vmyvol v_avgEtotal
10010 1281.06 12701.7 608.807 -2.91168
10020 1257.43 14736.1 609.027 -2.91133
10030 1259.96 13794 609.481 -2.91064
10040 1259.67 13461.8 610.155 -2.90967
10050 1355.42 9591.99 611.033 -2.90844
10060 1532.61 5024.85 612.055 -2.90695
10070 1621.73 2456.78 613.149 -2.90559
10080 1506.28 3083.96 614.275 -2.90466
10090 1239.97 6788.3 615.441 -2.90403
10100 1074.04 9968.41 616.703 -2.90328
10110 1220.38 6937.18 618.103 -2.90204
10120 1520.63 -36.636 619.593 -2.90004
10130 1692.3 -2273.19 621.07 -2.89791
10140 1703.38 -3527.1 622.491 -2.89642
10150 1545.56 -44.2969 623.842 -2.89564
10160 1420.92 2501.35 625.174 -2.89526
10170 1391.37 1808.53 626.525 -2.89482
10180 1346.28 5197.23 627.898 -2.89426
10190 1305.23 6367.75 629.337 -2.89358
10200 1292.53 6137.76 630.865 -2.89266
10210 1238.82 3918.1 632.476 -2.89148
10220 1170.55 2918.15 634.135 -2.88999
10230 1167.68 2206.51 635.823 -2.88818
10240 1237.53 -1408 637.523 -2.88592
10250 1331.92 -6810.2 639.17 -2.88317
10260 1397.11 -10014.4 640.679 -2.8802
10270 1454.2 -14269.9 641.986 -2.87726
10280 1491.2 -15956.2 643.025 -2.87452
10290 1505.9 -14625.8 643.77 -2.87217
10300 1535.13 -14748.8 644.241 -2.87023
10310 1596.85 -16275.7 644.44 -2.86868
10320 1595.86 -16030.7 644.351 -2.86764
10330 1486.95 -12187.3 643.986 -2.86701
10340 1557.09 -12487.2 643.408 -2.86659
10350 1657.45 -14234.2 642.618 -2.86645
10360 1580.05 -10997 641.604 -2.8667
10370 1437.3 -7506.51 640.419 -2.86711
10380 1314.2 -2095.68 639.134 -2.86723
10390 1336.03 -171.826 637.836 -2.86692
10400 1396.81 543.218 636.564 -2.86627
10410 1377.85 3451.56 635.336 -2.86543
10420 1226.36 10738.7 634.205 -2.86434
10430 1112.2 17061.1 633.288 -2.86289
10440 1212.74 15977.4 632.678 -2.86101
10450 1441.64 10704.3 632.356 -2.8587
10460 1537.03 7492.49 632.234 -2.85634
10470 1456.36 8480.09 632.257 -2.85437
10480 1343.49 9306.08 632.432 -2.85273
10490 1324.78 7654.47 632.766 -2.85113
10500 1396.87 6272.18 633.233 -2.84941
10510 1418.1 7465.03 633.812 -2.84764
10520 1383.98 8210 634.516 -2.846
10530 1356.97 6965.76 635.353 -2.84442
10540 1367.41 5993.78 636.307 -2.8428
10550 1401.24 4433.65 637.353 -2.8411
10560 1432.57 3626.73 638.468 -2.8394
10570 1438.29 3239.56 639.637 -2.83775
10580 1501.19 3817.53 640.851 -2.83622
10590 1670.52 3237.23 642.119 -2.83487
10600 1812.82 1718.78 643.431 -2.83402
10610 1779.11 1889.22 644.763 -2.83407
10620 1568.63 4295.27 646.119 -2.83479
10630 1454.77 5595.27 647.536 -2.83564
10640 1516.14 3113.23 649.035 -2.83631
10650 1588.24 -1350.94 650.569 -2.83686
10660 1572.73 -1164.32 652.071 -2.83747
10670 1529.38 -1918.57 653.531 -2.83816
10680 1484.4 -3961.16 654.938 -2.83876
10690 1460.97 -4317.5 656.258 -2.83919
10700 1420.82 -4387.66 657.482 -2.83947
10710 1310.73 -3453.91 658.611 -2.8395
10720 1193.28 -152.346 659.668 -2.83918
10730 1163.69 2102.93 660.708 -2.83845
10740 1229.7 -479.991 661.768 -2.8372
10750 1327.17 -4781.51 662.804 -2.83543
10760 1424.49 -7296.58 663.741 -2.83336
10770 1534.17 -9362.7 664.529 -2.83126
10780 1638.62 -12611.9 665.128 -2.8294
10790 1663.12 -13210.8 665.486 -2.82809
10800 1600.85 -14082.4 665.589 -2.8274
10810 1487.04 -12991.8 665.429 -2.82713
10820 1415.94 -12331 665.026 -2.82695
10830 1430.39 -13211.1 664.396 -2.82671
10840 1502.01 -13254.6 663.53 -2.82645
10850 1566.96 -11119.8 662.436 -2.82624
10860 1659.81 -10145 661.154 -2.82629
10870 1679.89 -7340.55 659.712 -2.82672
10880 1639.31 -2760.67 658.169 -2.82748
10890 1518.34 2854.25 656.611 -2.82829
10900 1439.6 7594.05 655.14 -2.82883
10910 1485.05 6183.56 653.834 -2.82915
10920 1551.13 3990.51 652.673 -2.82945
10930 1498.03 5257.91 651.616 -2.82984
10940 1368.75 10224.8 650.69 -2.83001
10950 1458.22 8355.88 649.961 -2.82995
10960 1533.45 8495.48 649.409 -2.82983
10970 1509.95 11915.8 649.032 -2.82976
10980 1530.81 12013.6 648.88 -2.82977
10990 1626.8 9733.57 648.953 -2.82992
11000 1752.48 6476.85 649.208 -2.83045
11010 1806.04 597.944 649.579 -2.8316
11020 1753.83 -2364.42 649.968 -2.83337
11030 1678.06 -4954.06 650.314 -2.8355
11040 1628.21 -8045.12 650.568 -2.83772
11050 1551.56 -7235.14 650.684 -2.83989
11060 1456.01 -6471.03 650.669 -2.84177
11070 1377.11 -6240.3 650.541 -2.84321
11080 1383.23 -7955.47 650.301 -2.84419
11090 1479.04 -7895.94 649.927 -2.84486
11100 1594.29 -7782.53 649.42 -2.84547
11110 1589.4 -4660.71 648.79 -2.84624
11120 1496.43 844.381 648.095 -2.84699
11130 1528.55 1182.08 647.424 -2.84764
11140 1543.1 1554.6 646.792 -2.84826
11150 1543.89 1908.16 646.205 -2.84888
11160 1590.09 -1248.73 645.662 -2.84958
11170 1573.28 -3480.88 645.114 -2.85041
11180 1528.47 -7142.75 644.515 -2.85134
11190 1471.26 -9010.69 643.806 -2.85221
11200 1521.77 -10196 642.952 -2.85301
11210 1562.62 -7520.99 641.942 -2.8538
11220 1581.62 -4679.06 640.822 -2.8546
11230 1596.18 -5946.43 639.634 -2.85555
11240 1484.66 -2695.27 638.377 -2.8565
11250 1455.68 1106.01 637.101 -2.85721
11260 1578.79 2410.66 635.867 -2.85771
11270 1737.31 1933.84 634.7 -2.85843
11280 1698.38 4519.25 633.601 -2.85962
11290 1510 6448.88 632.602 -2.86097
11300 1303.63 8352.98 631.741 -2.86197
11310 1217.27 7115.42 631.038 -2.86237
11320 1274.4 3178.43 630.47 -2.86223
11330 1333.68 2104.7 629.976 -2.86167
11340 1399.55 3219.82 629.535 -2.8608
11350 1561.66 2767.37 629.159 -2.85981
11360 1591.91 5781.68 628.848 -2.85898
11370 1536.39 6469.78 628.642 -2.85849
11380 1366.4 8928.62 628.561 -2.85814
11390 1252.41 9726.25 628.637 -2.85764
11400 1329.56 6329.36 628.877 -2.85679
11410 1455.11 3492.57 629.228 -2.85563
11420 1524.07 2730.92 629.643 -2.85443
11430 1548.12 423.84 630.102 -2.85341
11440 1511.02 -9.90737 630.57 -2.85261
11450 1453.17 2439.97 631.042 -2.85196
11460 1521.62 1868.6 631.549 -2.85136
11470 1670.05 -902.727 632.083 -2.85088
11480 1668.75 -1121.66 632.605 -2.85079
11490 1729.6 -4442.9 633.101 -2.85117
11500 1826.15 -7755.45 633.517 -2.85217
11510 1757.33 -5440.23 633.808 -2.85386
11520 1674.91 -2014.26 634.007 -2.85595
11530 1645.85 -1944.9 634.169 -2.85818
11540 1616.55 -1560.97 634.302 -2.86044
11550 1507.49 1585.97 634.415 -2.86258
11560 1371.16 3246.62 634.557 -2.86426
11570 1397.75 2565.65 634.757 -2.86543
11580 1482.98 -780.576 634.999 -2.86625
11590 1551.44 -4408.05 635.228 -2.86694
11600 1592.93 -6293.83 635.386 -2.86766
11610 1606.56 -8027.42 635.436 -2.86855
11620 1513.3 -5468.12 635.358 -2.86953
11630 1389.16 -859.369 635.193 -2.87033
11640 1395.54 -250.37 635.015 -2.87078
11650 1516.74 -3893.7 634.833 -2.87099
11660 1551.33 -4362.4 634.597 -2.87122
11670 1449.31 -221.594 634.301 -2.87147
11680 1394.53 1874.57 634.006 -2.87158
11690 1379.62 3039.5 633.754 -2.87143
11700 1469.69 1072.04 633.558 -2.87107
11710 1571.25 708.915 633.392 -2.87068
11720 1598.23 2722.64 633.25 -2.87049
11730 1521.26 7734 633.17 -2.8705
11740 1578.42 7485.19 633.223 -2.87064
11750 1682.71 5535.21 633.408 -2.87099
11760 1682.76 9109.99 633.703 -2.87178
11770 1614.06 9814.58 634.154 -2.87294
11780 1543.55 9212.85 634.776 -2.87423
11790 1562.39 5196.72 635.552 -2.87546
11800 1674.42 -4796.62 636.404 -2.87667
11810 1665.91 -9599.46 637.176 -2.87807
11820 1531.52 -11445.5 637.777 -2.87953
11830 1460.97 -14677.3 638.171 -2.88084
11840 1341.61 -13728.3 638.311 -2.88182
11850 1265.74 -10710.2 638.214 -2.88234
11860 1320.34 -10779.6 637.926 -2.88241
11870 1353.67 -7846.68 637.463 -2.88211
11880 1294.01 -4921.53 636.872 -2.88152
11890 1224.92 -1457.37 636.21 -2.88062
11900 1294.36 2103.43 635.537 -2.87931
11910 1496.75 3202.5 634.912 -2.87761
11920 1674.78 1460.04 634.353 -2.87594
11930 1642.4 1399.6 633.839 -2.8748
11940 1557.78 -25.0796 633.361 -2.87421
11950 1519.06 -3899.78 632.89 -2.8739
11960 1487.76 -4216.65 632.371 -2.87369
11970 1548.55 -5775.46 631.79 -2.87355
11980 1625.65 -8651.48 631.12 -2.87358
11990 1642.36 -9557.97 630.321 -2.87397
12000 1581.36 -7644.46 629.378 -2.87467
12010 1470.98 -2625.02 628.33 -2.8754
12020 1404.77 1331.21 627.257 -2.87585
12030 1447.32 353.578 626.22 -2.87603
12040 1518.08 967.983 625.216 -2.87608
12050 1576.36 2560.4 624.251 -2.87615
12060 1567.01 5788.62 623.352 -2.87634
12070 1511.02 9319.74 622.573 -2.87658
12080 1500.35 8730.07 621.961 -2.87682
12090 1477.42 9968.01 621.516 -2.87703
12100 1511.58 8261.68 621.245 -2.8772
12110 1538.7 6640.52 621.122 -2.87742
12120 1453.84 9673.54 621.126 -2.87766
12130 1440.84 7638.31 621.29 -2.8778
12140 1576.68 1602.82 621.58 -2.87785
12150 1636.61 -2134.68 621.902 -2.87803
12160 1571.79 -2294.87 622.193 -2.87848
12170 1486.62 665.721 622.453 -2.87901
12180 1511.56 665.462 622.721 -2.87948
12190 1582.45 2511.37 623.005 -2.87995
12200 1583.79 4793.38 623.333 -2.88057
12210 1515.78 5016.07 623.741 -2.88128
12220 1528.38 2022.34 624.229 -2.88196
12230 1594.33 -1880.69 624.75 -2.88261
12240 1652.23 -4106.25 625.239 -2.88343
12250 1590.34 -5273.32 625.658 -2.88444
12260 1494.2 -5403.18 625.991 -2.8855
12270 1371.57 -3117.24 626.236 -2.88632
12280 1357.16 -2347.98 626.426 -2.88674
12290 1557.02 -5637.69 626.572 -2.88689
12300 1696.96 -7871.58 626.627 -2.88717
12310 1622.08 -6646.29 626.558 -2.88788
12320 1378.43 -2012.98 626.387 -2.88867
12330 1158.86 1622.48 626.188 -2.88901
12340 1090.63 3880.85 626.022 -2.88871
12350 1099.01 3995.84 625.925 -2.88775
12360 1197.67 -890.425 625.894 -2.8862
12370 1292.06 -2439.7 625.859 -2.88415
12380 1371.05 -1548.96 625.79 -2.88185
12390 1423.71 -594.48 625.701 -2.87949
12400 1413.2 1915.84 625.61 -2.87725
12410 1364.09 7674.02 625.564 -2.87518
12420 1375.4 10268.1 625.649 -2.8732
12430 1327.4 11003.6 625.909 -2.87127
12440 1195.19 14443.2 626.364 -2.86945
12450 1165.84 14409.7 627.06 -2.86761
12460 1294.07 9667.29 627.989 -2.86541
12470 1446.79 5073.6 629.079 -2.86283
12480 1528.51 2634.29 630.251 -2.86025
12490 1495.59 4972.51 631.468 -2.85807
12500 1441.55 5629.32 632.758 -2.85636
12510 1422.33 3184.72 634.132 -2.85482
12520 1356.42 3818.26 635.555 -2.85336
12530 1245.02 6680.3 637.038 -2.85196
12540 1316.44 1633.94 638.613 -2.85041
12550 1493.67 -8006.01 640.195 -2.84827
12560 1581.86 -11234.1 641.632 -2.84607
12570 1650.48 -14282.5 642.853 -2.84426
12580 1674.68 -11751.5 643.818 -2.84303
12590 1689.83 -7435.98 644.566 -2.84252
12600 1639.07 -4600.34 645.172 -2.84261
12610 1455.37 -228.957 645.696 -2.84298
12620 1347.4 776.146 646.21 -2.84321
12630 1468.81 -4016.71 646.725 -2.84314
12640 1578.46 -7905.74 647.169 -2.84294
12650 1598.54 -9345.01 647.471 -2.84294
12660 1529.47 -8316.01 647.608 -2.84316
12670 1463.56 -7914.83 647.596 -2.84343
12680 1462.64 -8865.32 647.443 -2.84362
12690 1542.3 -9955.1 647.136 -2.84375
12700 1715.24 -11422.9 646.657 -2.84407
12710 1851.81 -12885.5 645.984 -2.84503
12720 1805.67 -10057.6 645.102 -2.8469
12730 1645.43 -5024.04 644.061 -2.84914
12740 1594.88 -3249.57 642.947 -2.85134
12750 1585.75 -1511.62 641.8 -2.85341
12760 1663.46 -2606.6 640.645 -2.85546
12770 1727.54 -7582.33 639.462 -2.85785
12780 1710.52 -11527.3 638.172 -2.8606
12790 1726.85 -13741.8 636.708 -2.86373
12800 1674.43 -12537.8 635.039 -2.86707
12810 1576.35 -9744.23 633.187 -2.87027
12820 1466.93 -6577.91 631.204 -2.87297
12830 1455.41 -5146.22 629.146 -2.87508
12840 1531.33 -5526.9 627.039 -2.87689
12850 1579.39 -4096.41 624.884 -2.87859
12860 1549.7 -1625.43 622.707 -2.88015
12870 1474.99 3044.56 620.553 -2.88144
12880 1362.64 6761.71 618.493 -2.8822
12890 1343.09 8191.79 616.586 -2.88244
12900 1428.85 7480.74 614.852 -2.88233
12910 1517.58 8012.78 613.278 -2.88208
12920 1553.83 9879.48 611.871 -2.88184
12930 1591.09 12387.7 610.656 -2.88173
12940 1608.72 15470.1 609.669 -2.88182
12950 1552.5 19285.4 608.956 -2.88213
12960 1417.6 23150.4 608.572 -2.88253
12970 1302.86 25987.2 608.571 -2.88278
12980 1342.06 21523.8 608.983 -2.88284
12990 1355.11 17889.8 609.744 -2.88265
13000 1297.47 16563.4 610.792 -2.88229
13010 1289.64 14296.8 612.098 -2.8817
13020 1325.42 13453.3 613.626 -2.88082
13030 1363.98 14809.1 615.364 -2.8798
13040 1366.67 15323.7 617.328 -2.87877
13050 1408.24 13955.9 619.525 -2.87773
13060 1441.44 10538.4 621.931 -2.87661
13070 1388.51 9447.89 624.494 -2.8755
13080 1318.72 8884.11 627.194 -2.87445
13090 1373.32 3146.44 630.01 -2.87315
13100 1512 -2778.98 632.852 -2.87136
13110 1632.45 -8728.95 635.617 -2.86941
13120 1650.94 -14558.8 638.196 -2.86764
13130 1469.22 -11311.8 640.508 -2.86637
13140 1384.3 -11024.1 642.585 -2.8654
13150 1448.55 -16531 644.428 -2.86421
13160 1524.68 -16485.2 645.962 -2.86297
13170 1520.71 -13660 647.184 -2.86198
13180 1518.04 -13000.2 648.141 -2.86125
13190 1494.75 -12850 648.848 -2.86069
13200 1468.71 -10193.3 649.32 -2.86024
13210 1446.15 -7477.81 649.602 -2.85983
13220 1455.46 -6066.67 649.746 -2.85939
13230 1520.41 -7391.7 649.777 -2.85893
13240 1569.36 -8864.35 649.678 -2.85858
13250 1538.36 -8054.32 649.427 -2.85844
13260 1450.43 -6240.34 649.039 -2.85842
13270 1387.01 -3870.79 648.551 -2.85828
13280 1465 -7421.65 647.996 -2.85799
13290 1536.82 -10346.8 647.322 -2.85769
13300 1510.18 -9067.46 646.483 -2.85755
13310 1422.89 -6391.43 645.503 -2.85745
13320 1368.8 -6355.66 644.425 -2.85721
13330 1378.44 -5688.64 643.259 -2.85678
13340 1382.85 -3134.49 642.019 -2.85613
13350 1358.55 345.91 640.752 -2.85522
13360 1425.19 1419.73 639.516 -2.85412
13370 1519.57 -76.2765 638.33 -2.85293
13380 1551.28 -2899.71 637.166 -2.85196
13390 1480.9 172.022 635.988 -2.85121
13400 1456.98 1604.34 634.837 -2.8505
13410 1513.3 -1323.18 633.734 -2.84983
13420 1490.42 -2904.67 632.635 -2.8493
13430 1443.99 -2585.63 631.515 -2.84881
13440 1591.48 -5628.12 630.369 -2.84836
13450 1822.79 -7088.57 629.155 -2.84828
13460 1937.95 -3744.6 627.856 -2.84909
13470 1901.58 1942.1 626.526 -2.85097
13480 1702.62 10105.5 625.264 -2.85339
13490 1438.94 18296.8 624.204 -2.8555
13500 1287.66 20394.2 623.468 -2.85686
13510 1400.37 13980.2 623.082 -2.85776
13520 1590.65 6445.47 622.943 -2.85851
13530 1742.99 1692.11 622.925 -2.85952
13540 1727.52 -1626.53 622.943 -2.86103
13550 1512.34 1306.83 622.949 -2.86276
13560 1275.34 6886.19 622.987 -2.86404
13570 1257.65 5900.97 623.135 -2.86467
13580 1403.43 1152.05 623.379 -2.86478
13590 1510.21 1042.8 623.652 -2.86465
13600 1492.2 2348.24 623.945 -2.86453
13610 1411.55 5082.47 624.282 -2.86441
13620 1446.54 5004.65 624.7 -2.86417
13630 1607.12 1822.18 625.198 -2.86386
13640 1706.89 917.657 625.729 -2.86381
13650 1613.48 2031.13 626.276 -2.86424
13660 1435.88 5568.74 626.86 -2.86486
13670 1386.37 4961.43 627.529 -2.86529
13680 1455.25 4963.37 628.281 -2.86544
13690 1591.36 4747.2 629.111 -2.86552
13700 1664.59 3075.75 630.014 -2.86581
13710 1611.91 2036.09 630.966 -2.86642
13720 1531.04 3201.81 631.948 -2.8672
13730 1531.14 4763.07 632.979 -2.86799
13740 1633.91 3938.97 634.08 -2.86883
13750 1748.98 417.204 635.237 -2.86997
13760 1655.85 -362.506 636.397 -2.87148
13770 1527.58 -3608.05 637.536 -2.87305
13780 1392.75 -4041.54 638.607 -2.87428
13790 1278.83 -1192.16 639.6 -2.87506
13800 1282.27 -3250.29 640.555 -2.87531
13810 1310.62 -5370.28 641.444 -2.87503
13820 1335.19 -6395.09 642.23 -2.87438
13830 1406.25 -10121.5 642.891 -2.87345
13840 1426.05 -10875.2 643.37 -2.87238
13850 1359.45 -8169.24 643.656 -2.87131
13860 1291.9 -4635.25 643.797 -2.87017
13870 1318.76 -4785.78 643.851 -2.86883
13880 1347.39 -5416.79 643.823 -2.86726
13890 1329.56 -4970.81 643.703 -2.86559
13900 1305.6 -2511.07 643.504 -2.86382
13910 1391.4 -3411.23 643.262 -2.86191
13920 1451.3 -3271.22 642.97 -2.85991
13930 1539.07 -3735.64 642.628 -2.85803
13940 1673.63 -10073.7 642.221 -2.85645
13950 1543.19 -8408.83 641.658 -2.85549
13960 1284.29 -1872.26 640.967 -2.85479
13970 1292.92 -2648.73 640.247 -2.85388
13980 1533.53 -6293.58 639.492 -2.85267
13990 1698.04 -8312.99 638.645 -2.85158
14000 1651.12 -4020.3 637.681 -2.85107
14010 1512.1 2859.95 636.672 -2.8509
14020 1474.74 5580.09 635.729 -2.85074
14030 1484.62 4806.76 634.9 -2.85053
14040 1472.92 3989.33 634.175 -2.85034
14050 1400.65 4428.25 633.538 -2.85007
14060 1403.17 4730.65 632.993 -2.84966
14070 1400.29 5513.4 632.546 -2.84909
14080 1370.54 8259.68 632.21 -2.84837
14090 1445.2 7468.57 632.023 -2.84749
14100 1536.85 6097.12 631.972 -2.8466
14110 1484.75 8489.74 632.04 -2.84587
14120 1314.75 12992.7 632.263 -2.84525
14130 1287.6 12187.4 632.706 -2.8445
14140 1435.12 6992.26 633.354 -2.84345
14150 1496.9 5057.86 634.127 -2.84224
14160 1496.1 3279.15 634.981 -2.84115
14170 1522.38 2876.86 635.89 -2.84021
14180 1596.49 221.536 636.839 -2.83943
14190 1573.49 -899.623 637.788 -2.83887
14200 1612.19 -3316.52 638.712 -2.83861
14210 1685.16 -7790.71 639.567 -2.83858
14220 1705.03 -11729 640.278 -2.83899
14230 1650.38 -12358 640.782 -2.83984
14240 1608.75 -11385.9 641.067 -2.84096
14250 1669.8 -12275.3 641.146 -2.84229
14260 1722.15 -11981 641.013 -2.84399
14270 1650 -9160.83 640.677 -2.84604
14280 1479.1 -2919.76 640.195 -2.848
14290 1356.84 2652.16 639.672 -2.84944
14300 1352.6 4969.06 639.205 -2.85033
14310 1355.22 4938.63 638.836 -2.85078
14320 1304.1 4761.52 638.563 -2.85087
14330 1226.04 7495.86 638.391 -2.85052
14340 1359.45 5282.59 638.35 -2.84975
14350 1538.17 1755.78 638.405 -2.8487
14360 1570.25 2815.25 638.506 -2.84778
14370 1540 3545.1 638.659 -2.84714
14380 1510.51 3292.64 638.877 -2.84672
14390 1443.8 2432.47 639.155 -2.84638
14400 1370.78 1994.09 639.48 -2.84596
14410 1421.93 -542.864 639.836 -2.84536
14420 1567.87 -3951.39 640.182 -2.84463
14430 1649.09 -4585.02 640.463 -2.84409
14440 1573.39 -2629.76 640.667 -2.84395
14450 1445.59 653.69 640.83 -2.84398
14460 1480.7 -48.8705 641.001 -2.84396
14470 1617.89 -422.527 641.176 -2.84391
14480 1736.73 -620.107 641.345 -2.84419
14490 1668.55 3423.05 641.516 -2.84498
14500 1586.4 6441.66 641.749 -2.84608
14510 1539.09 7981.53 642.099 -2.84726
14520 1431.12 11079.7 642.596 -2.84835
14530 1344.89 12230.3 643.287 -2.84918
14540 1324.76 9994.82 644.19 -2.84961
14550 1415.89 5064.29 645.264 -2.84964
14560 1617.63 -4025.37 646.414 -2.84938
14570 1777.31 -13686.5 647.48 -2.84924
14580 1687.32 -14723.9 648.305 -2.84969
14590 1562.3 -13974 648.856 -2.85054
14600 1541.02 -13200.3 649.15 -2.85149
14610 1466.18 -9463.94 649.209 -2.85242
14620 1385.43 -6130.12 649.097 -2.8531
14630 1494.98 -5888.9 648.875 -2.85353
14640 1621.84 -7516.59 648.551 -2.85394
14650 1655.52 -9286.15 648.1 -2.85463
14660 1581.1 -6150.58 647.5 -2.85561
14670 1476.62 -1892.37 646.805 -2.85656
14680 1418.8 -1532.89 646.084 -2.85729
14690 1391.89 -269.421 645.353 -2.85771
14700 1459.64 704.259 644.635 -2.85786
14710 1513.21 1770.33 643.946 -2.85788
14720 1470.03 5386.99 643.309 -2.85789
14730 1337.52 8711.79 642.784 -2.85776
14740 1207.86 10088.8 642.426 -2.85733
14750 1221.04 9822.08 642.257 -2.85648
14760 1456.51 3364.05 642.261 -2.85518
14770 1699.57 -4718.97 642.329 -2.85375
14780 1738.12 -7326.2 642.326 -2.85287
14790 1622.45 -7932.48 642.2 -2.85271
14800 1507.26 -7673.18 641.941 -2.85292
14810 1401.61 -5188.78 641.558 -2.8531
14820 1388.01 -5982.48 641.086 -2.85308
14830 1398.31 -6796.56 640.518 -2.85288
14840 1301.09 -1836.34 639.855 -2.85242
14850 1387.8 -3257.11 639.163 -2.85166
14860 1624.22 -6518.08 638.426 -2.85076
14870 1638.18 -4984.97 637.599 -2.85014
14880 1602.56 -4787.95 636.699 -2.84996
14890 1646.89 -6020.21 635.733 -2.85012
14900 1717.95 -7750.09 634.681 -2.85072
14910 1718.98 -5484.18 633.524 -2.85183
14920 1673.9 -787.175 632.298 -2.8533
14930 1593.58 6802.7 631.09 -2.85478
14940 1600.09 7708.77 630.015 -2.85621
14950 1544.78 7992.18 629.096 -2.85767
14960 1453.53 10736.6 628.337 -2.8589
14970 1489.67 7894.42 627.772 -2.85989
14980 1528.5 4629.99 627.356 -2.86081
14990 1440.63 6890.02 627.039 -2.86163
15000 1269.84 9622.87 626.851 -2.86212
15010 1167.35 12990.7 626.836 -2.8621
15020 1234.52 11782.1 627.041 -2.86155
15030 1451.55 6509.74 627.443 -2.86053
15040 1641.89 2886.94 627.96 -2.85937
15050 1745.22 1041.93 628.528 -2.8586
15060 1786.59 56.6012 629.113 -2.85855
15070 1803.17 -175.528 629.699 -2.85929
15080 1755.45 1768.34 630.284 -2.86077
15090 1641.3 2850.21 630.898 -2.86264
15100 1574.37 1710.34 631.555 -2.86454
15110 1579.13 -1138.18 632.237 -2.86632
15120 1635.56 -5960.82 632.893 -2.86807
15130 1649.57 -9817.08 633.443 -2.8699
15140 1555.95 -10947.1 633.824 -2.87177
15150 1502.27 -13469 634.012 -2.87344
15160 1493.25 -14411.9 633.969 -2.87495
15170 1429.74 -9680.33 633.69 -2.8762
15180 1409.63 -5859.96 633.247 -2.87714
15190 1407.26 -3223.97 632.714 -2.87773
15200 1421.39 -2954.82 632.134 -2.87802
15210 1470.32 -5781.04 631.512 -2.87815
15220 1519.75 -8440.62 630.804 -2.87824
15230 1536.17 -8822.13 629.97 -2.87843
15240 1484.08 -5784.28 629.008 -2.87865
15250 1463.27 -4018.1 627.965 -2.87879
15260 1532.55 -6959.58 626.867 -2.87889
15270 1577.93 -6796.38 625.679 -2.87911
15280 1596.15 -4527.62 624.404 -2.87948
15290 1576.59 -2506.01 623.077 -2.88
15300 1517.95 -379.554 621.736 -2.88057
15310 1444.46 1039.01 620.415 -2.88104
15320 1373.52 5396.43 619.143 -2.88123
15330 1408.86 8077.63 617.984 -2.88105
15340 1534.31 7245.61 616.979 -2.88071
15350 1572.83 9109.23 616.119 -2.88046
15360 1502.87 13034.6 615.433 -2.88035
15370 1445.69 13888.1 614.971 -2.88028
15380 1422.64 14856.7 614.753 -2.88013
15390 1485.37 13434.7 614.783 -2.87993
15400 1584.88 9121.18 615.035 -2.87977
15410 1589.44 5802.18 615.441 -2.87981
15420 1463.94 7167.97 615.95 -2.88003
15430 1414.24 4533.37 616.57 -2.88017
15440 1514.32 -1476.33 617.255 -2.88012
15450 1531.63 1540.79 617.928 -2.88003
15460 1494.6 5751.59 618.623 -2.88009
15470 1452.72 6202.85 619.403 -2.88018
15480 1384.18 7526.03 620.285 -2.88017
15490 1410.57 5826.95 621.283 -2.87999
15500 1494.46 4010.38 622.37 -2.8796
15510 1615.12 1275.16 623.515 -2.87923
15520 1629.99 623.707 624.677 -2.8791
15530 1505.44 3295.76 625.844 -2.8793
15540 1362.55 5400.44 627.059 -2.87953
15550 1354.23 4571.51 628.351 -2.87952
15560 1452.59 2362.1 629.708 -2.87918
15570 1542.55 380.073 631.095 -2.87873
15580 1535.84 -1283.5 632.478 -2.87834
15590 1435.63 -1989.62 633.827 -2.87806
15600 1265.2 -13.2186 635.134 -2.87768
15610 1179.21 1145.54 636.428 -2.87701
15620 1263.09 -2684.39 637.721 -2.87583
15630 1332.17 -3404.8 638.96 -2.87417
15640 1350.03 -2843.26 640.129 -2.87234
15650 1353.37 -2271.12 641.238 -2.87044
15660 1417 -5059.23 642.291 -2.86847
15670 1451.97 -7573.27 643.244 -2.86643
15680 1412.65 -4558.32 644.063 -2.86456
15690 1456.55 -6951.72 644.784 -2.86281
15700 1590.71 -10259.1 645.374 -2.86112
15710 1639.13 -9447 645.782 -2.85977
15720 1578.86 -8921.34 646.017 -2.85895
15730 1501.72 -7083.31 646.095 -2.85847
15740 1556.91 -9096.25 646.043 -2.85815
15750 1627.79 -10761.4 645.832 -2.85803
15760 1576.88 -10070.1 645.439 -2.85826
15770 1353.82 -3494.59 644.886 -2.85859
15780 1122.62 2837.47 644.282 -2.85847
15790 1162.47 2448.81 643.732 -2.85775
15800 1290.66 -1676.27 643.233 -2.85645
15810 1412.94 -3757.4 642.721 -2.85481
15820 1509.79 -7777.34 642.15 -2.85313
15830 1551.08 -9373.96 641.459 -2.85166
15840 1622.3 -11370.3 640.616 -2.85058
15850 1641.53 -13671 639.588 -2.85002
15860 1489.64 -7505.48 638.355 -2.84988
15870 1386.96 -3800.28 637.009 -2.84967
15880 1519.17 -4703.29 635.617 -2.84934
15890 1586.01 -1023.22 634.181 -2.84901
15900 1629.61 1159.36 632.753 -2.84881
15910 1754.93 -799.333 631.369 -2.84903
15920 1770.22 785.448 630.008 -2.84988
15930 1716.92 4474.5 628.691 -2.85127
15940 1563.88 11943.6 627.487 -2.85276
15950 1493.19 16338.9 626.508 -2.85402
15960 1510.72 18190.6 625.826 -2.8551
15970 1519.17 19310.3 625.469 -2.85615
15980 1433.25 21789.5 625.455 -2.85715
15990 1305.13 24155.6 625.818 -2.85797
16000 1251.38 23408 626.587 -2.85848
16010 1304.68 21899.4 627.75 -2.85866
16020 1438.22 17614.8 629.276 -2.85856
16030 1519.24 14000.3 631.093 -2.85831
16040 1467.99 13616 633.142 -2.85816
16050 1318.85 13141.1 635.409 -2.85811
16060 1169.86 13449.1 637.89 -2.85791
16070 1270.47 6336.74 640.573 -2.8572
16080 1543.93 -4309.3 643.338 -2.85552
16090 1738.17 -11718.3 646.005 -2.85344
16100 1757.23 -16430 648.436 -2.85184
16110 1608.69 -17990.7 650.547 -2.85097
16120 1402.54 -15572.5 652.312 -2.8505
16130 1323.73 -13823.5 653.768 -2.85001
16140 1442.75 -16239.1 654.944 -2.84928
16150 1581.67 -19405.8 655.804 -2.84847
16160 1619.03 -20815.6 656.297 -2.84798
16170 1564.18 -19752 656.402 -2.84794
16180 1505.68 -17632.9 656.144 -2.8482
16190 1444.25 -17325.4 655.56 -2.84854
16200 1376.18 -14811.9 654.674 -2.84881
16210 1390.6 -14639.8 653.527 -2.84888
16220 1446.51 -15648 652.132 -2.84882
16230 1540.53 -17467.2 650.479 -2.84884
16240 1545.13 -19362.3 648.539 -2.84912
16250 1461.56 -17651.5 646.295 -2.84969
16260 1340.73 -10720.7 643.789 -2.85008
16270 1254.91 -2797.55 641.146 -2.84987
16280 1202.17 2678.83 638.508 -2.84893
16290 1289.55 6733.23 635.974 -2.84733
16300 1507.78 6558.87 633.608 -2.84527
16310 1682.6 4953.53 631.408 -2.84331
16320 1714.35 7494.19 629.349 -2.84196
16330 1539.95 15941.7 627.477 -2.84107
16340 1386.2 19900.1 625.913 -2.84025
16350 1455.22 18271.2 624.714 -2.83939
16360 1616.34 14550.1 623.85 -2.83865
16370 1729.72 12439.8 623.256 -2.83833
16380 1809.13 11442 622.89 -2.83874
16390 1794.35 11718.3 622.732 -2.83999
16400 1612.02 15402 622.785 -2.8418
16410 1350.16 22015.4 623.108 -2.84347
16420 1313.81 20617.1 623.792 -2.84472
16430 1404.14 14045.1 624.811 -2.84552
16440 1518.42 9454.83 626.063 -2.84603
16450 1633.36 3584.91 627.461 -2.84649
16460 1682.9 -932.573 628.907 -2.8471
16470 1619.23 -897.22 630.331 -2.848
16480 1590.35 68.4637 631.726 -2.84907
16490 1673.93 -3990.82 633.1 -2.85027
16500 1734.67 -7478.08 634.392 -2.85168
16510 1748.28 -9889.65 635.541 -2.85348
16520 1721.83 -13016.7 636.504 -2.85566
16530 1584.62 -11238.1 637.238 -2.85797
16540 1414.63 -8178.26 637.768 -2.86
16550 1284.4 -4322.86 638.152 -2.86141
16560 1298.83 -3189.94 638.455 -2.86218
16570 1459.51 -6572.94 638.692 -2.86252
16580 1509.4 -5318.58 638.824 -2.8627
16590 1435.53 -3075.15 638.865 -2.86285
16600 1427.93 -5278.38 638.85 -2.86286
16610 1500.47 -6566.16 638.747 -2.86274
16620 1549.2 -5685.73 638.539 -2.86264
16630 1594.92 -6859.93 638.236 -2.86268
16640 1598.59 -7637.68 637.823 -2.86298
16650 1552.37 -6749.24 637.29 -2.86348
16660 1478.2 -5070.13 636.654 -2.86401
16670 1489.56 -4858.92 635.943 -2.86444
16680 1545.05 -6850.4 635.16 -2.86485
16690 1528.66 -6476.56 634.279 -2.86534
16700 1422.7 -2344.89 633.313 -2.86576
16710 1335.01 738.876 632.325 -2.86588
16720 1317.12 917.307 631.368 -2.86564
16730 1287.61 3068.14 630.452 -2.86504
16740 1284.17 5069.87 629.609 -2.86406
16750 1374.78 3463.39 628.867 -2.86275
16760 1607.01 -1231.81 628.198 -2.86131
16770 1789.02 -4148.6 627.526 -2.86021
16780 1736.54 -1562.08 626.811 -2.85992
16790 1544.48 2713.84 626.089 -2.86022
16800 1370.01 8344.14 625.434 -2.86047
16810 1377.94 8833.94 624.927 -2.86043
16820 1423.89 9868.12 624.587 -2.86014
16830 1435.52 12020.1 624.425 -2.85973
16840 1459 15491.9 624.479 -2.85928
16850 1496.73 15327.6 624.793 -2.85887
16860 1541.88 12200.6 625.365 -2.85857
16870 1571.28 8161.5 626.141 -2.85843
16880 1607.7 2398.37 627.049 -2.85843
16890 1635.03 -1496.09 627.993 -2.85863
16900 1633.27 -680.314 628.912 -2.85911
16910 1677.54 -1474.9 629.808 -2.8599
16920 1668.24 -1332.38 630.675 -2.86102
16930 1609.97 -1512.49 631.512 -2.86239
16940 1531.04 -44.4061 632.32 -2.86379
16950 1469.83 2891.84 633.122 -2.86505
16960 1497.07 2449.71 633.965 -2.86611
16970 1545.48 2438.86 634.845 -2.86706
16980 1552.25 935.475 635.758 -2.86797
16990 1552.47 -981.276 636.681 -2.86889
17000 1490.58 -3080.54 637.579 -2.86972
17010 1368.45 -3296.91 638.418 -2.87035
17020 1245.51 -1533.82 639.196 -2.87056
17030 1328.52 -2119.33 639.936 -2.87029
17040 1531.95 -5784.56 640.627 -2.86968
17050 1563.34 -5879.62 641.217 -2.86909
17060 1509.36 -5356.12 641.699 -2.86873
17070 1412.59 -3591.84 642.086 -2.86844
17080 1417.68 -3620.67 642.406 -2.86805
17090 1423.16 -5530.85 642.657 -2.86753
17100 1323.38 -7465.9 642.81 -2.8669
17110 1196.92 -5861.3 642.839 -2.86605
17120 1181.14 -5293.58 642.763 -2.86484
17130 1345.54 -6664.45 642.596 -2.86317
17140 1533.87 -8956.18 642.314 -2.8612
17150 1586.71 -7624.03 641.888 -2.85942
17160 1535.14 -7496.26 641.335 -2.85809
17170 1425.72 -6503.5 640.664 -2.8571
17180 1317.12 -2138.72 639.898 -2.85615
17190 1273.25 -125.002 639.108 -2.85498
17200 1323.85 1086.33 638.332 -2.85352
17210 1484.07 1761.83 637.592 -2.85179
17220 1717.71 -1056.47 636.894 -2.8501
17230 1860.04 -1952.45 636.2 -2.84907
17240 1878.02 -2037.12 635.488 -2.84916
17250 1817.15 1958.06 634.768 -2.85026
17260 1742.56 3266.55 634.094 -2.85202
17270 1602.77 4370.27 633.494 -2.85403
17280 1433.54 6432.81 632.988 -2.85581
17290 1340.89 6567.66 632.604 -2.85706
17300 1447.74 1968.01 632.339 -2.85786
17310 1623.48 -2662.13 632.116 -2.85857
17320 1672.82 -4027.02 631.863 -2.85952
17330 1598.32 -3942.22 631.55 -2.86075
17340 1488.9 -1654.3 631.184 -2.86195
17350 1539.58 -1925.94 630.796 -2.86297
17360 1701.45 -3369.31 630.385 -2.86411
17370 1660.1 -665.69 629.934 -2.86558
17380 1474.55 4507.82 629.489 -2.86705
17390 1375.79 6310.89 629.128 -2.86815
17400 1409.25 4626.27 628.881 -2.86885
17410 1456 4043.61 628.725 -2.86928
17420 1458.96 3125.4 628.645 -2.86956
17430 1453 1242.33 628.624 -2.86971
17440 1440.24 2826.94 628.635 -2.86974
17450 1348.57 8656.09 628.707 -2.86963
17460 1253.46 10722 628.926 -2.86927
17470 1280.5 8112.8 629.324 -2.86854
17480 1391.41 3890.8 629.859 -2.86744
17490 1483.77 1380.73 630.462 -2.86614
17500 1472.84 401.68 631.088 -2.86489
17510 1437.12 1006.55 631.721 -2.86377
17520 1457.49 1425.76 632.367 -2.86269
17530 1558.11 1.74726 633.033 -2.86166
17540 1622.16 -2069.06 633.692 -2.86081
17550 1522.17 1296.74 634.324 -2.86033
17560 1424.81 2635.17 634.971 -2.86004
17570 1445.98 1555.78 635.658 -2.85966
17580 1557.2 -840.804 636.365 -2.8592
17590 1687.72 -1673.38 637.057 -2.85889
17600 1810.34 -5065.77 637.712 -2.85911
17610 1836.65 -8430.8 638.276 -2.86011
17620 1761.07 -10607.4 638.69 -2.86186
17630 1592.9 -8851.64 638.924 -2.86395
17640 1427.32 -7864.49 639 -2.86575
17650 1444.23 -8723.88 638.938 -2.86721
17660 1349.95 -5176.67 638.734 -2.86826
17670 1232.12 -592.801 638.448 -2.86878
17680 1264.09 630.13 638.155 -2.86873
17690 1366.8 2973.42 637.885 -2.86819
17700 1475.04 1116.22 637.669 -2.86741
17710 1490.67 894.359 637.485 -2.86661
17720 1504.6 35.4608 637.323 -2.86591
17730 1600.64 -3804.79 637.165 -2.86533
17740 1690.9 -5733.42 636.951 -2.86507
17750 1694.32 -6897.01 636.647 -2.86533
17760 1612.64 -5772.01 636.234 -2.86604
17770 1488.95 -4016.86 635.733 -2.86688
17780 1391.43 -1295.03 635.176 -2.86754
17790 1311.27 2541.68 634.612 -2.8678
17800 1275.78 4674.86 634.103 -2.86763
17810 1291.33 6441.42 633.688 -2.86702
17820 1369.5 5550.11 633.391 -2.86607
17830 1431.9 4832.95 633.203 -2.86493
17840 1421.34 4286.91 633.106 -2.86376
17850 1367.61 4121.1 633.092 -2.8626
17860 1386.85 2061.66 633.151 -2.86135
17870 1529.68 -2618.28 633.248 -2.86001
17880 1614.97 -5483.91 633.305 -2.85878
17890 1607.74 -4599.01 633.278 -2.85796
17900 1571.18 -3662.28 633.176 -2.85754
17910 1468.86 504.991 633.023 -2.85733
17920 1363.71 5836.34 632.888 -2.85707
17930 1349.91 8239.92 632.857 -2.85662
17940 1362.35 10053.3 632.975 -2.85593
17950 1366.76 10767.8 633.27 -2.85507
17960 1413.35 7526.58 633.749 -2.85409
17970 1467.32 1677.79 634.354 -2.85298
17980 1498.64 -792.98 634.991 -2.85187
17990 1533.02 -1626.55 635.614 -2.85087
18000 1596.85 -2363.06 636.206 -2.85007
18010 1606.56 -4391.66 636.751 -2.84957
18020 1486.28 -1769.74 637.227 -2.84935
18030 1407.74 -1708.42 637.665 -2.84917
18040 1482.89 -5408.56 638.067 -2.84885
18050 1583.62 -8817.42 638.374 -2.84848
18060 1684.06 -13732.7 638.522 -2.84838
18070 1709.08 -16903.9 638.434 -2.8488
18080 1656.33 -15606.1 638.06 -2.84978
18090 1610.87 -11477.1 637.425 -2.85105
18100 1625.77 -7600.85 636.603 -2.85246
18110 1629.86 -2758.85 635.666 -2.85397
18120 1560.35 3336.11 634.705 -2.85545
18130 1540.68 5118.12 633.815 -2.85676
18140 1609.21 2419.37 633.026 -2.85808
18150 1579.82 3271.9 632.306 -2.85948
18160 1491.55 5362.39 631.659 -2.86078
18170 1464.64 6174.27 631.12 -2.86183
18180 1550.72 4729.22 630.697 -2.86273
18190 1578.64 3164.52 630.368 -2.86367
18200 1477.8 2640.47 630.106 -2.86461
18210 1409.15 1375.79 629.898 -2.86531
18220 1534.15 -3107.34 629.717 -2.86581
18230 1641 -4542.76 629.495 -2.86638
18240 1580.18 -102.149 629.214 -2.86718
18250 1462.91 1832.8 628.935 -2.86798
18260 1391.9 5329.16 628.7 -2.86855
18270 1414.6 5852.41 628.561 -2.8688
18280 1592.37 846.003 628.522 -2.86892
18290 1666.12 -1790.91 628.506 -2.86922
18300 1559.82 -1259.62 628.471 -2.86985
18310 1424.74 1967.51 628.425 -2.87046
18320 1451.38 1337.54 628.413 -2.87087
18330 1527.04 -942.732 628.426 -2.87113
18340 1567.85 -2759.38 628.43 -2.87142
18350 1557.62 -4092.81 628.393 -2.87183
18360 1521.24 -2246.45 628.296 -2.87231
18370 1493.68 -221.952 628.168 -2.87277
18380 1439.28 578.482 628.041 -2.87315
18390 1252.93 5694.01 627.939 -2.87328
18400 1108.51 9330.11 627.937 -2.87293
18410 1231.34 3580.09 628.085 -2.87202
18420 1357.05 466.54 628.303 -2.87054
18430 1434.57 -174.481 628.534 -2.86887
18440 1493.91 -992.065 628.763 -2.8672
18450 1548.25 -1073.45 628.979 -2.86569
18460 1566.4 -1270.57 629.178 -2.86446
18470 1587.63 -1586.55 629.359 -2.86355
18480 1635.56 -813.725 629.517 -2.86298
18490 1623.22 3458.51 629.671 -2.86281
18500 1568.21 5924.67 629.885 -2.86297
18510 1564.62 4466.72 630.199 -2.86332
18520 1518.61 2777.89 630.59 -2.86376
18530 1332.17 5720.56 631.038 -2.8641
18540 1282.21 8027.57 631.584 -2.86414
18550 1400.46 4076.9 632.256 -2.86377
18560 1483.96 1169.83 632.998 -2.86315
18570 1417.07 3209.43 633.765 -2.86252
18580 1262.76 6988.52 634.585 -2.86189
18590 1180.38 7876.22 635.518 -2.86106
18600 1238.03 2087.65 636.572 -2.85975
18610 1312.2 -430.798 637.661 -2.85795
18620 1374.79 -2543.16 638.734 -2.85588
18630 1441.09 -3542.89 639.754 -2.85371
18640 1459.49 -1257.31 640.709 -2.85166
18650 1386.39 -677.698 641.631 -2.84984
18660 1289.64 -1257.59 642.535 -2.84814
18670 1253.82 -2594.14 643.406 -2.84634
18680 1248.27 -1239.24 644.229 -2.84434
18690 1245.92 -251.306 645.023 -2.84218
18700 1227.87 1013.67 645.808 -2.83986
18710 1287.58 1660.97 646.604 -2.83739
18720 1486.89 1477.1 647.424 -2.83466
18730 1658.19 1855.71 648.266 -2.83199
18740 1671.68 6465.81 649.146 -2.82997
18750 1575.73 11229.9 650.139 -2.82883
18760 1507.64 13415.9 651.328 -2.82824
18770 1622.41 10322.8 652.75 -2.82792
18780 1796.42 4174.25 654.346 -2.82785
18790 1812.72 3486.59 656.018 -2.82849
18800 1664.4 3478.76 657.743 -2.82983
18810 1489.05 4347.44 659.522 -2.83129
18820 1497.06 808.367 661.36 -2.8325
18830 1641.95 -6764.22 663.19 -2.83345
18840 1710.2 -8214.71 664.886 -2.8345
18850 1696.24 -7279.25 666.413 -2.83594
18860 1609.69 -6058.17 667.785 -2.83766
18870 1422.58 -503.055 669.038 -2.8393
18880 1307.86 40.6265 670.261 -2.84048
18890 1324.14 -3122.99 671.468 -2.84108
18900 1308.99 -4846.8 672.606 -2.84115
18910 1303.7 -5561.04 673.639 -2.8408
18920 1334.54 -5291.74 674.555 -2.8401
18930 1391.86 -4740.08 675.36 -2.83914
18940 1471 -5227.47 676.063 -2.83805
18950 1553.59 -8191.53 676.654 -2.83697
18960 1567.02 -8378.91 677.084 -2.83611
18970 1510.2 -7114.04 677.349 -2.83554
18980 1465.54 -5933.44 677.474 -2.83511
18990 1430.95 -4114.07 677.486 -2.83469
19000 1400.39 -2239.83 677.422 -2.83417
19010 1439.43 -649.103 677.318 -2.83353
19020 1464.15 806.771 677.207 -2.83282
19030 1398.9 5405.94 677.127 -2.83211
19040 1249 8579.82 677.157 -2.83133
19050 1045.46 15501.3 677.373 -2.83032
19060 1156.61 13135.6 677.881 -2.82893
19070 1419.54 7617.66 678.646 -2.82682
19080 1608.7 2987.43 679.56 -2.82442
19090 1666.21 -1156.03 680.529 -2.82237
19100 1596.59 -2083.8 681.474 -2.82094
19110 1482.94 -657.81 682.375 -2.82002
19120 1391.2 -231.209 683.253 -2.81927
19130 1338.13 662.656 684.124 -2.81843
19140 1417.68 -2770.65 684.992 -2.8174
19150 1484.01 -5064.07 685.8 -2.81617
19160 1597.07 -6684.87 686.5 -2.81505
19170 1643.65 -8289.78 687.059 -2.81423
19180 1542.12 -6565.63 687.453 -2.81386
19190 1377.13 -3908.89 687.714 -2.81365
19200 1346.64 -2142.94 687.896 -2.81329
19210 1370.95 -2699.22 688.03 -2.81265
19220 1370.11 -1171.13 688.117 -2.81181
19230 1366.33 140.278 688.184 -2.81082
19240 1372.89 478.981 688.256 -2.80968
19250 1386.57 3254.39 688.349 -2.80842
19260 1476.04 3163.57 688.507 -2.80709
19270 1493.83 390.78 688.727 -2.8058
19280 1314.64 3557.69 688.971 -2.80467
19290 1226.16 5695.38 689.288 -2.8035
19300 1385.84 2304.81 689.713 -2.80198
19310 1476.99 1613.73 690.192 -2.8002
19320 1547.5 921.702 690.702 -2.79856
19330 1591.7 1511.41 691.234 -2.7972
19340 1618.8 1933.65 691.796 -2.79624
19350 1594.04 1807.13 692.396 -2.79569
19360 1575.75 1516.78 693.032 -2.79547
19370 1566.97 1688.18 693.699 -2.79547
19380 1572.92 443.17 694.395 -2.79563
19390 1583.67 -3957.46 695.091 -2.79592
19400 1485.99 -2959.15 695.713 -2.79629
19410 1430.28 -820.983 696.271 -2.79658
19420 1559.32 -3184.4 696.8 -2.79675
19430 1678.63 -2503.39 697.269 -2.79704
19440 1687.23 -1450.61 697.684 -2.79776
19450 1583.73 507.455 698.072 -2.79879
19460 1526.93 995.015 698.467 -2.79988
19470 1495.26 2487.37 698.888 -2.80087
19480 1556.81 2896.48 699.361 -2.80176
19490 1660.8 -1026.55 699.886 -2.80273
19500 1623.84 -3567.99 700.393 -2.8039
19510 1599.26 -6592.67 700.822 -2.80519
19520 1623.17 -9989.19 701.108 -2.80657
19530 1628.02 -10254 701.189 -2.8081
19540 1536.74 -6279.48 701.065 -2.80971
19550 1361.97 529.961 700.818 -2.81105
19560 1199.1 8676.91 700.596 -2.81174
19570 1281.82 8028.07 700.55 -2.81182
19580 1451.31 5827.81 700.68 -2.81146
19590 1545.62 3689.72 700.939 -2.81101
19600 1565.54 -700.738 701.275 -2.81068
19610 1553.01 -5137.32 701.597 -2.81052
19620 1502.2 -7555.21 701.816 -2.81049
19630 1451.44 -9598.29 701.875 -2.81049
19640 1385.15 -7857.85 701.74 -2.81041
19650 1294.83 -2288.89 701.453 -2.8101
19660 1275.01 -1393.84 701.116 -2.80944
19670 1256.73 -1041.7 700.758 -2.80844
19680 1223.05 1835.36 700.395 -2.80709
19690 1285.41 2781.84 700.076 -2.8054
19700 1459.48 2344.72 699.825 -2.80338
19710 1676.13 623.766 699.631 -2.80132
19720 1774.02 1189.55 699.463 -2.79979
19730 1714.24 4370.84 699.336 -2.79914
19740 1624.65 4726.3 699.305 -2.79917
19750 1498.36 4136.82 699.381 -2.7995
19760 1319.83 6904.43 699.556 -2.79975
19770 1242.46 8386.73 699.879 -2.79964
19780 1347.01 6194.77 700.373 -2.79911
19790 1419.56 5518.78 701.004 -2.79826
19800 1479.47 1315.72 701.743 -2.79732
19810 1471.22 -555.385 702.511 -2.79637
19820 1443.27 -260.086 703.268 -2.7955
19830 1443.05 -1668.72 704.012 -2.79461
19840 1556.02 -5653.38 704.709 -2.7937
19850 1606.03 -9832.71 705.282 -2.79293
19860 1473.29 -9359.69 705.649 -2.79248
19870 1335.99 -7605.04 705.817 -2.79208
19880 1391.59 -9619.53 705.815 -2.7915
19890 1507.14 -12180.4 705.611 -2.79076
19900 1603.52 -15527.7 705.15 -2.79017
19910 1675.92 -19392.8 704.364 -2.79004
19920 1722.31 -22174.7 703.181 -2.79063
19930 1673.93 -20924.3 701.555 -2.79197
19940 1556.96 -17936.4 699.517 -2.79367
19950 1449.33 -15923.5 697.137 -2.79534
19960 1427.13 -15373.6 694.467 -2.79677
19970 1480.75 -15554.1 691.529 -2.79807
19980 1535.43 -15080.9 688.33 -2.79935
19990 1527.05 -12576.9 684.894 -2.80063
20000 1516.63 -11511.9 681.275 -2.80181
