# Time-averaged data for fix 2
# TimeStep c_mytemp c_mypress v_vmyvol v_avgEtotal
10 2082.81 -6010.03 690.123 -2.70504
20 1988.13 -3802.53 690.029 -2.70554
30 1970.86 -3920.99 689.877 -2.70624
40 1971 -4264 689.668 -2.70709
50 1839.95 -3526.23 689.401 -2.70794
60 1757.93 -3465.63 689.086 -2.70856
70 1814.39 -5727.2 688.722 -2.70886
80 1988.03 -8798.8 688.276 -2.70907
90 2097.11 -10530.8 687.702 -2.70959
100 2066.3 -11393.3 686.975 -2.71062
110 1966.35 -9482.9 686.086 -2.71198
120 1934.57 -8317.76 685.065 -2.71337
130 1965.29 -9213.72 683.932 -2.71477
140 1989.23 -6736.94 682.684 -2.71623
150 2058.04 -6479.77 681.356 -2.7178
160 2116.63 -6399.61 679.956 -2.71975
170 1996.67 -1335.33 678.497 -2.72189
180 1792.87 3378.55 677.053 -2.72374
190 1710.88 5563.83 675.695 -2.72491
200 1908.24 -325.323 674.446 -2.72573
210 2089.61 -7057.32 673.223 -2.72675
220 2102.59 -10872.2 671.924 -2.72835
230 2005.2 -10450.5 670.494 -2.73032
240 1990.98 -8859.43 668.938 -2.73236
250 2096.42 -9418.89 667.281 -2.73452
260 2239.09 -10019.7 665.517 -2.73721
270 2266.49 -6767.76 663.65 -2.7406
280 2220.79 -5198.07 661.724 -2.7445
290 2158.28 -3438.82 659.767 -2.74871
300 2101.53 -688.087 657.807 -2.75287
310 1994.02 3776.82 655.888 -2.75678
320 1749.94 9151.01 654.075 -2.75982
330 1622.22 10404.2 652.434 -2.76177
340 1617.73 9651.2 650.984 -2.76287
350 1667.06 6266.72 649.708 -2.76333
360 1798.28 2641.41 648.555 -2.76343
370 1850.17 2186.77 647.473 -2.76337
380 1851.69 3147.51 646.451 -2.76322
390 1973.91 3408.73 645.5 -2.76307
400 2120.24 1013.86 644.619 -2.76322
410 2117.51 -316.382 643.778 -2.76396
420 2051.33 801.08 642.96 -2.76521
430 2020.43 991.035 642.172 -2.7667
440 2002.88 1073.77 641.42 -2.76835
450 1935.6 3309.52 640.707 -2.77002
460 1894.48 6087.83 640.06 -2.77152
470 1906.38 7564.31 639.517 -2.77289
480 1762.22 13629.5 639.104 -2.774
490 1748.78 12979.9 638.888 -2.77468
500 2033.11 3466.7 638.854 -2.77521
510 2187.86 -486.373 638.884 -2.77608
520 2162.17 -1671.05 638.914 -2.77769
530 1913.79 3184.54 638.935 -2.77963
540 1699.19 8440.05 639.009 -2.78117
550 1883.63 4579.94 639.192 -2.78226
560 2071.64 552.584 639.443 -2.78332
570 2045.65 1212.63 639.71 -2.78472
580 1861.52 4366.83 639.999 -2.78622
590 1693.15 8823.94 640.352 -2.7874
600 1769.52 6438.14 640.823 -2.78812
610 1816.72 2743.63 641.381 -2.78851
620 1681.16 2955.8 641.981 -2.78864
630 1550.87 2014.95 642.616 -2.78837
640 1544.06 1195.89 643.276 -2.78754
650 1734.92 -2513.63 643.941 -2.78616
660 1735.9 -264.137 644.574 -2.78447
670 1703.57 1054.03 645.196 -2.78279
680 1680.55 209.622 645.826 -2.78099
690 1667.81 1500.96 646.457 -2.77908
700 1692.96 1290.35 647.103 -2.77699
710 1818.31 529.273 647.762 -2.77478
720 1889.1 -563.713 648.424 -2.77256
730 1954.83 -3557.72 649.07 -2.77063
740 1978.84 -3978.85 649.662 -2.76908
750 1962.95 -1656.8 650.197 -2.76797
760 2137.04 -5165.57 650.698 -2.76731
770 2232.95 -9679.29 651.117 -2.76735
780 2020.11 -4949.78 651.409 -2.76818
790 1913.7 -5480.58 651.621 -2.76927
800 1931.09 -8709.24 651.75 -2.7703
810 1959.72 -7945.56 651.76 -2.77137
820 1963.63 -4540.27 651.663 -2.77249
830 1955.36 -2550.09 651.502 -2.77371
840 1894.79 1586.65 651.316 -2.77485
850 1975.59 538.357 651.156 -2.77599
860 1986.53 324.702 651.014 -2.77721
870 1908.37 2705.5 650.887 -2.77848
880 1822.8 5613.86 650.809 -2.77961
890 1785.04 7671.29 650.819 -2.78045
900 1818.91 8683.43 650.948 -2.78101
910 1886.26 7400.65 651.202 -2.78142
920 1839.11 10083.9 651.575 -2.78181
930 1656.07 15150.1 652.099 -2.78209
940 1449.17 19260.5 652.845 -2.78204
950 1430.17 17309.3 653.862 -2.78146
960 1499.43 13155.8 655.124 -2.78018
970 1643.06 7523.12 656.569 -2.77824
980 1691.99 3451.83 658.113 -2.77583
990 1551.85 6682.7 659.705 -2.7734
1000 1443.06 8107.76 661.378 -2.77108
1010 1502.91 5995.5 663.151 -2.7684
1020 1551.89 6927.34 665.003 -2.76532
1030 1631.44 4195.86 666.936 -2.762
1040 1651.99 2986.53 668.917 -2.7585
1050 1706 1358.73 670.923 -2.75506
1060 1933.3 -6596.29 672.92 -2.75142
1070 2107.26 -9364.95 674.799 -2.74788
1080 2182.76 -9449.19 676.514 -2.74528
1090 2142.69 -9023.88 678.061 -2.7438
1100 2134.4 -9651.81 679.448 -2.74329
1110 2077.31 -10511.9 680.666 -2.74347
1120 2014.82 -9084.21 681.706 -2.74412
1130 2023.01 -7754.8 682.589 -2.74507
1140 1985.37 -5935.86 683.341 -2.74629
1150 1810.99 -2358.38 683.993 -2.7475
1160 1697.5 -2153.31 684.599 -2.74835
1170 1736.97 -7785.35 685.156 -2.74871
1180 1792.09 -10175.9 685.588 -2.7487
1190 1810.2 -11540.6 685.855 -2.74849
1200 1870.36 -14668.9 685.931 -2.74821
1210 1879.51 -16169.3 685.774 -2.748
1220 1767.74 -13789.5 685.366 -2.74788
1230 1589.94 -8975.41 684.748 -2.74759
1240 1426.72 -2864.42 684.001 -2.74682
1250 1383.87 778.981 683.221 -2.74538
1260 1494.48 4260.39 682.472 -2.74321
1270 1722.06 2514.6 681.801 -2.74038
1280 1896.77 -18.0159 681.187 -2.7373
1290 1865.18 2516.97 680.597 -2.73454
1300 1758.56 6455.26 680.064 -2.73218
1310 1817.62 7017.66 679.645 -2.73
1320 1939.06 4738.34 679.347 -2.7279
1330 2017.39 1584.73 679.135 -2.72617
1340 2096.22 -3160.04 678.957 -2.72502
1350 2153.16 -8016.16 678.736 -2.72461
1360 2099.99 -9245.7 678.402 -2.72497
1370 2041.73 -11080.4 677.93 -2.7259
1380 1961.09 -8726.77 677.302 -2.7271
1390 1997.79 -7263.13 676.549 -2.7284
1400 2079.22 -6431.56 675.699 -2.72987
1410 2179.32 -6122.35 674.767 -2.73176
1420 2278.9 -6286.99 673.759 -2.73433
1430 2304.23 -6997.9 672.676 -2.73779
1440 2174.13 -6314.46 671.51 -2.74187
1450 1939.67 -1754.43 670.278 -2.74578
1460 1844.54 724.872 669.042 -2.74892
1470 1935.48 -1133.79 667.838 -2.75163
1480 1946.44 -2021.98 666.646 -2.75415
1490 1924.79 -3257.51 665.448 -2.75648
1500 1931.24 -5884.73 664.224 -2.75866
1510 1913.08 -4624.52 662.944 -2.76069
1520 1897.5 -2134.95 661.62 -2.76247
1530 1852.09 3815.77 660.298 -2.76393
1540 1791.23 7906.61 659.061 -2.76495
1550 1770.67 7568.73 657.965 -2.76557
1560 1833.8 4696.28 657.003 -2.76594
1570 2028.42 -1778.89 656.129 -2.76629
1580 2237.1 -9724.94 655.245 -2.76721
1590 2261.17 -10213.9 654.249 -2.7691
1600 2106.69 -5248.87 653.131 -2.77167
1610 1909.73 1736.38 651.964 -2.77416
1620 1768.44 9468.26 650.847 -2.77608
1630 1727.31 16239.7 649.895 -2.77727
1640 1798.16 17894.4 649.196 -2.77803
1650 1762.19 19138.7 648.776 -2.77853
1660 1613.86 20467 648.65 -2.77874
1670 1610.82 15487.2 648.822 -2.77852
1680 1858.49 4614.46 649.215 -2.77785
1690 2089.1 -4382.15 649.679 -2.77708
1700 2061.84 -7049.05 650.085 -2.7768
1710 1802.59 -3753.58 650.395 -2.77696
1720 1561.56 909.031 650.653 -2.77697
1730 1494.4 3090.18 650.921 -2.77642
1740 1724.08 -3277.19 651.225 -2.77523
1750 1973.72 -9929.81 651.482 -2.77365
1760 2130.28 -13935.8 651.597 -2.77236
1770 2276.08 -13347 651.516 -2.77197
1780 2116.82 -6527.57 651.254 -2.77262
1790 1839.6 443.484 650.906 -2.77364
1800 1750.91 3722.52 650.571 -2.77441
1810 1731.31 4776.92 650.299 -2.77478
1820 1758.7 3805.7 650.103 -2.7748
1830 1833.92 1228.91 649.97 -2.77458
1840 1899.33 -244.301 649.864 -2.7743
1850 1829.74 2121.8 649.766 -2.77408
1860 1659.21 4637.73 649.707 -2.77375
1870 1623.04 7354.64 649.723 -2.7731
1880 1789.09 3637.55 649.843 -2.77204
1890 2049.04 -4731.17 650.014 -2.77082
1900 2211.03 -10305 650.123 -2.77007
1910 2259.66 -12314.2 650.09 -2.77029
1920 2309.68 -14587.2 649.881 -2.77168
1930 2126.39 -11442.1 649.476 -2.77402
1940 1719.45 -1740.03 648.924 -2.77627
1950 1543.82 3161.72 648.354 -2.77753
1960 1847.4 -3257.4 647.828 -2.77817
1970 2009.39 -2711.3 647.281 -2.77869
1980 2002.14 -534.05 646.708 -2.77943
1990 1952.84 2524.07 646.143 -2.78037
2000 1961.34 4627.75 645.629 -2.7813
2010 2137.1 1115.36 645.188 -2.78247
2020 2187.04 813.38 644.781 -2.78424
2030 1951.52 5933.17 644.405 -2.78639
2040 1629.97 13301.3 644.129 -2.78811
2050 1417.71 16536.6 644.05 -2.78892
2060 1510.88 10993 644.204 -2.78889
2070 1732.06 3501.85 644.517 -2.78816
2080 1834.87 1537.02 644.889 -2.78709
2090 1883.61 849.541 645.284 -2.78603
2100 1904.28 1742.51 645.694 -2.78512
2110 1861.35 6116.74 646.133 -2.78442
2120 1761.65 10448.3 646.662 -2.78384
2130 1759.23 7630.32 647.331 -2.78321
2140 1766.94 3696.26 648.107 -2.78234
2150 1850.49 828.278 648.934 -2.78135
2160 1903.22 -2742.41 649.766 -2.78033
2170 1827.83 11.655 650.561 -2.77947
2180 1685.78 4434.33 651.353 -2.77871
2190 1584.8 6822.03 652.203 -2.7778
2200 1587 6460.55 653.144 -2.77653
2210 1673.72 1993 654.169 -2.77483
2220 1658.04 414.227 655.219 -2.77279
2230 1558.62 1242.42 656.27 -2.77065
2240 1588.35 -25.0928 657.328 -2.76831
2250 1767.18 -4528.18 658.373 -2.76552
2260 1896.61 -6911.8 659.343 -2.76257
2270 1855.24 -3790.09 660.209 -2.75998
2280 1734.09 1882.51 661.016 -2.75786
2290 1792.15 2063.09 661.838 -2.75591
2300 1999.64 -1781.47 662.681 -2.75392
2310 2118.92 -2875.37 663.495 -2.75231
2320 2034.04 -366.044 664.266 -2.75146
2330 1962.01 -506.258 665.023 -2.7512
2340 1916.12 -3218.57 665.765 -2.75118
2350 1786.25 738.349 666.463 -2.75121
2360 1712.19 4993.62 667.168 -2.75113
2370 1776.79 7326.88 667.943 -2.7508
2380 1828.86 12323 668.832 -2.75037
2390 1797.54 16197.9 669.906 -2.75004
2400 1702.88 16865.7 671.22 -2.74974
2410 1631.83 17168.2 672.789 -2.74932
2420 1738.55 11352.2 674.607 -2.74857
2430 1918.8 2070.11 676.584 -2.74734
2440 1918.69 -1682.7 678.584 -2.74601
2450 1931.13 -5423.77 680.539 -2.74487
2460 1944.4 -8931.79 682.389 -2.74385
2470 1969.53 -10024.2 684.08 -2.74307
2480 1931.87 -6572.88 685.601 -2.7426
2490 1985.26 -7398.15 686.992 -2.74243
2500 2024.04 -10807.4 688.246 -2.74245
2510 1973.77 -13797.1 689.312 -2.74278
2520 1777.85 -13589 690.146 -2.74321
2530 1577.85 -10780 690.753 -2.74334
2540 1651.42 -13950.9 691.167 -2.74297
2550 1832.07 -16803.1 691.349 -2.74218
2560 1948.08 -14972.2 691.262 -2.7414
2570 2041.48 -13705.3 690.931 -2.74094
2580 2066.63 -12936.6 690.385 -2.74099
2590 1993.22 -11281.6 689.639 -2.74155
2600 1839.7 -7463.68 688.729 -2.74227
2610 1750.72 -5988.13 687.713 -2.74278
2620 1775.56 -7188.86 686.617 -2.74301
2630 1849.99 -8032.99 685.427 -2.74304
2640 1920.16 -9240.86 684.131 -2.74309
2650 1866.35 -7611.07 682.715 -2.74327
2660 1662.73 -2461.66 681.214 -2.74325
2670 1712.34 -5862.27 679.69 -2.74289
2680 1846.32 -9043.04 678.104 -2.74235
2690 1907.25 -9893.82 676.411 -2.74183
2700 1918.08 -11330.8 674.594 -2.74157
2710 1812.68 -7411.21 672.645 -2.74144
2720 1735.14 -5342.82 670.616 -2.74115
2730 1657.07 -3762.66 668.546 -2.74058
2740 1645.18 -310.249 666.465 -2.73962
2750 1692.14 927.837 664.417 -2.73821
2760 1725.73 3027.52 662.428 -2.73651
2770 1737.9 5877.37 660.53 -2.73457
2780 1899.01 4219.4 658.754 -2.73253
2790 2156.68 -1837.67 657.074 -2.73081
2800 2303.81 -2773.15 655.412 -2.73004
2810 2287.54 -2197.28 653.747 -2.73052
2820 2159.28 -1598.84 652.085 -2.73201
2830 2068.51 1229.21 650.441 -2.73394
2840 1985.53 4377.48 648.851 -2.73597
2850 1905.11 7345.36 647.36 -2.73773
2860 2007.7 7120.2 646.004 -2.73941
2870 2010.56 6726.95 644.782 -2.74119
2880 1906.6 9133.45 643.688 -2.74296
2890 1756.47 15081.3 642.756 -2.74437
2900 1558.48 21112.7 642.062 -2.74515
2910 1519.82 23626.3 641.682 -2.74519
2920 1768.94 21784.2 641.646 -2.74475
2930 1963.42 19827.1 641.93 -2.74416
2940 2094.78 15862.2 642.495 -2.74393
2950 2066.06 13321.1 643.29 -2.74429
2960 1950.35 12874.6 644.273 -2.7451
2970 1956.06 12047.8 645.436 -2.74607
2980 2162.53 4110.36 646.752 -2.74721
2990 2262.99 -117.02 648.122 -2.74886
3000 2231.41 509.306 649.485 -2.7513
3010 2225.52 -1039.37 650.841 -2.7544
3020 2164.16 -2143.49 652.169 -2.75795
3030 1980.31 509.468 653.459 -2.76153
3040 1837.77 2474.06 654.745 -2.76468
3050 1778.33 3430.96 656.054 -2.76718
3060 1902.08 -1036.82 657.395 -2.76919
3070 1973.78 -5437.15 658.707 -2.77094
3080 1852.73 -3632 659.933 -2.77258
3090 1631.52 1109.91 661.096 -2.77383
3100 1539.56 1982.32 662.259 -2.77444
3110 1490.68 3408.68 663.443 -2.77433
3120 1505.27 6276.12 664.669 -2.77361
3130 1728.41 3493.75 665.97 -2.77228
3140 1936.82 1480.08 667.316 -2.77057
3150 2040.95 -2095.34 668.67 -2.76903
3160 2010.75 -3852.81 669.98 -2.76798
3170 1889.71 -3328.07 671.221 -2.76741
3180 1720.63 -1916.58 672.4 -2.76697
3190 1644.27 -2108.65 673.536 -2.76634
3200 1680.73 -5621.37 674.622 -2.7653
3210 1764.2 -10290.4 675.608 -2.76388
3220 1827.61 -15738 676.42 -2.76227
3230 1864.22 -17676.6 676.979 -2.76073
3240 1845.73 -16061.8 677.26 -2.75942
3250 1850.76 -14949.7 677.283 -2.7583
3260 1861.3 -14431.8 677.072 -2.75735
3270 1771.77 -10224.4 676.647 -2.75652
3280 1676.13 -4936.77 676.071 -2.75563
3290 1727.24 -2712.29 675.428 -2.75446
3300 1862.37 -1783.97 674.756 -2.75308
3310 1919.9 3690.73 674.079 -2.75171
3320 2007.47 6180.81 673.473 -2.75057
3330 2053.16 6354.91 672.978 -2.74988
3340 1857.94 11352.9 672.604 -2.74962
3350 1653.2 17360.9 672.423 -2.7494
3360 1623.91 16072.7 672.512 -2.74887
3370 1713.69 12070.2 672.855 -2.748
3380 1772.75 10242.3 673.392 -2.74684
3390 1875.49 7695.95 674.087 -2.74564
3400 1916.42 7558.21 674.904 -2.74453
3410 1901.25 9888.83 675.84 -2.7437
3420 1958.74 6850.05 676.917 -2.74314
3430 1965.34 1420.91 678.092 -2.74274
3440 1889.87 -1511.51 679.285 -2.74252
3450 1863.06 -5026.85 680.442 -2.74231
3460 1930.47 -9320.59 681.505 -2.74205
3470 1918.74 -9505.68 682.416 -2.74189
3480 1805.36 -7340.81 683.169 -2.74184
3490 1715.9 -5085.94 683.798 -2.74167
3500 1774.98 -5659.88 684.335 -2.74124
3510 1922.94 -7041.62 684.778 -2.74063
3520 2026.83 -9608.3 685.103 -2.74018
3530 2039.6 -12348.8 685.274 -2.74014
3540 1973.27 -14062.6 685.246 -2.74053
3550 1830.24 -12150.7 685 -2.74114
3560 1607.22 -8233.35 684.569 -2.74151
3570 1581.42 -8037.05 684.009 -2.74134
3580 1749.97 -10731.3 683.328 -2.74066
3590 1966.58 -11305.3 682.494 -2.73981
3600 2084.16 -11399.1 681.495 -2.73924
3610 2075.68 -8511.98 680.34 -2.73928
3620 1970.81 -5255.29 679.074 -2.73974
3630 1937.93 -4234.01 677.749 -2.74037
3640 1948.17 -5743.82 676.381 -2.74108
3650 1945.37 -5949.47 674.952 -2.74197
3660 1837.96 -1661.82 673.467 -2.74279
3670 1751.32 818.574 671.985 -2.7433
3680 1744.04 -1907.05 670.538 -2.74348
3690 1844.39 -6447.23 669.091 -2.74349
3700 1957.71 -8114.94 667.577 -2.74356
3710 1992.49 -5860.7 665.976 -2.74379
3720 2062.3 -5817.18 664.315 -2.74432
3730 2067.9 -5260.95 662.601 -2.74528
3740 2000.65 -1654.65 660.848 -2.74649
3750 2041.02 -256.204 659.104 -2.7478
3760 2136.66 2148.3 657.395 -2.74943
3770 2019.72 7287.73 655.759 -2.75129
3780 1730.03 12776.8 654.269 -2.75287
3790 1566.62 14981.3 652.997 -2.75361
3800 1661.35 12819 651.966 -2.75376
3810 1756.31 13165.4 651.153 -2.75344
3820 1948.25 8567.81 650.545 -2.75298
3830 2047.59 4355.01 650.08 -2.7528
3840 1844.57 7508.13 649.703 -2.75295
3850 1695.57 9834.08 649.447 -2.75301
3860 1785.97 4880.47 649.333 -2.75278
3870 1889.35 1647.66 649.303 -2.75235
3880 1989.55 -568.298 649.302 -2.75202
3890 1943.9 2175.99 649.306 -2.75196
3900 1835.24 5697.48 649.35 -2.75204
3910 1868.89 4243.62 649.473 -2.7521
3920 1815.75 8035.02 649.671 -2.75211
3930 1740.85 12151.6 649.99 -2.75203
3940 1715.13 11917.3 650.482 -2.75178
3950 1557.12 16981.5 651.157 -2.75125
3960 1592.84 15612.4 652.069 -2.75044
3970 1737.77 11506.8 653.201 -2.74911
3980 1816.66 11535.4 654.5 -2.74761
3990 1750.14 12455 655.962 -2.74621
4000 1661.6 10862.5 657.593 -2.74492
4010 1585.05 10752.3 659.374 -2.74347
4020 1576.03 11498.9 661.303 -2.74185
4030 1622.71 7251.08 663.379 -2.73985
4040 1603.24 7447.58 665.555 -2.73755
4050 1830.05 3536.85 667.818 -2.735
4060 2076.92 -1424.19 670.112 -2.73212
4070 2062.55 2466.67 672.375 -2.72992
4080 1984.93 3299.81 674.65 -2.7287
4090 1988.03 1530.06 676.953 -2.72796
4100 2033.18 -3760.16 679.253 -2.72748
4110 2099.04 -10594.8 681.466 -2.72718
4120 2177.8 -15222.8 683.489 -2.72729
4130 2198.99 -17190 685.247 -2.72808
4140 2071.68 -15169 686.712 -2.72958
4150 1800.06 -9682.53 687.92 -2.73123
4160 1607.26 -8430.24 688.949 -2.73238
4170 1622.34 -11982.6 689.821 -2.73282
4180 1681.14 -12892.5 690.492 -2.73267
4190 1717.52 -14225.2 690.942 -2.73216
4200 1739.48 -14182.1 691.158 -2.73141
4210 1805.71 -15494.6 691.136 -2.73054
4220 1740.87 -12366.1 690.87 -2.72964
4230 1622.36 -8488.42 690.41 -2.72863
4240 1645.37 -6118.51 689.82 -2.72734
4250 1706.23 -4409.34 689.143 -2.72569
4260 1798.33 -5404.69 688.405 -2.72387
4270 1904.24 -8890.86 687.593 -2.72207
4280 1996.22 -12039.3 686.655 -2.72062
4290 1987.85 -13661.7 685.544 -2.71971
4300 1794.81 -8970.75 684.246 -2.71925
4310 1649.31 -6265.89 682.826 -2.71863
4320 1955.06 -9601.8 681.327 -2.71783
4330 2091.1 -10909.9 679.71 -2.71723
4340 1995.16 -9022.62 677.956 -2.71727
4350 1837.12 -2952.89 676.105 -2.71747
4360 1979.46 -3264.06 674.237 -2.71759
4370 2209.99 -6248.75 672.354 -2.71811
4380 2150.17 -1184.53 670.429 -2.71934
4390 2108.97 658.582 668.522 -2.72095
4400 2197.06 -2213.19 666.659 -2.72311
4410 2173.89 1017.16 664.815 -2.72583
4420 2078.44 4999.92 663.028 -2.72875
4430 2007.81 6236.64 661.353 -2.73156
4440 2008.88 2739.85 659.804 -2.73432
4450 2017.07 1868.31 658.336 -2.73707
4460 2010.47 1055.48 656.927 -2.73982
4470 1940.81 5842.66 655.575 -2.74238
4480 1860.31 11511.1 654.341 -2.74451
4490 1788.11 17656.5 653.306 -2.74613
4500 1673.3 24445.9 652.56 -2.74714
4510 1764.8 25207.5 652.185 -2.74771
4520 1911.55 22426.3 652.19 -2.74819
4530 1868.93 26325.2 652.544 -2.74879
4540 1879.8 27114.9 653.282 -2.74958
4550 1893.03 27780.9 654.42 -2.75055
4560 1902.75 28521.6 655.962 -2.75176
4570 1939.47 25819.6 657.912 -2.75319
4580 1909.99 23684.1 660.236 -2.75479
4590 1910.89 17955.1 662.889 -2.75637
4600 1858.72 12728 665.793 -2.75776
4610 1738.17 8481.99 668.865 -2.75874
4620 1621.59 7034.25 672.042 -2.75925
4630 1585.59 4132.17 675.294 -2.75914
4640 1562.61 503.065 678.575 -2.75831
4650 1548.18 -1980.02 681.831 -2.75685
4660 1573.43 -5899.8 685.015 -2.75476
4670 1627.83 -7849.81 688.069 -2.75209
4680 1845.64 -11798 690.954 -2.74901
4690 2063.83 -17224.9 693.606 -2.74569
4700 2096.23 -19036 695.943 -2.74294
4710 1945.47 -17451.4 697.936 -2.74112
4720 1754.18 -14986.6 699.61 -2.73987
4730 1755 -16456.1 701.002 -2.73865
4740 1956.49 -21020.4 702.09 -2.73735
4750 1934.91 -22613 702.811 -2.73629
4760 1729.25 -19267.2 703.143 -2.73564
4770 1484.97 -13258 703.149 -2.73495
4780 1497.28 -11618.3 702.926 -2.73381
4790 1734.86 -15110 702.502 -2.73208
4800 1941.59 -17448.5 701.836 -2.73014
4810 2020.42 -20898.7 700.887 -2.72862
4820 1966.42 -20359.1 699.613 -2.72783
4830 1909.68 -17936.4 698.026 -2.72754
4840 1933.19 -17863.2 696.169 -2.72756
4850 1886.6 -13966.3 694.062 -2.72777
4860 1813.27 -11796.6 691.768 -2.72799
4870 1725.07 -8078.51 689.334 -2.72804
4880 1696.95 -5613.24 686.821 -2.72769
4890 1739.06 -5765.76 684.272 -2.72702
4900 1765.51 -5837.4 681.691 -2.72617
4910 1784.55 -4517.64 679.078 -2.7252
4920 1791.15 -2397.69 676.456 -2.72407
4930 1838.83 1271.1 673.861 -2.72281
4940 1762.67 6172.39 671.351 -2.72139
4950 1592.69 8808.75 668.993 -2.71976
4960 1597.01 8640.74 666.825 -2.71787
4970 1658.79 9388.33 664.844 -2.71558
4980 1845.86 6326.33 663.047 -2.71309
4990 2087.99 2115.27 661.39 -2.71077
5000 2191.57 803.017 659.809 -2.70919
5010 2128.29 6125.23 658.288 -2.70858
5020 1969.13 12750.4 656.899 -2.70849
5030 1953.29 15292.6 655.73 -2.70856
5040 2092.81 13965.3 654.812 -2.70891
5050 2149.45 13979.3 654.13 -2.70983
5060 2053.9 15134.8 653.676 -2.71132
5070 1976.38 16918.8 653.464 -2.71301
5080 2081.34 12582.6 653.503 -2.71492
5090 2071.78 11420.5 653.742 -2.71709
5100 2167.88 6445.19 654.146 -2.71957
5110 2386.2 -3067.34 654.639 -2.72276
5120 2374.47 -6720.37 655.094 -2.72703
5130 2004.08 -1191.43 655.457 -2.73165
5140 1550.69 10914.9 655.815 -2.73505
5150 1641.79 8823.58 656.314 -2.73725
5160 1913.94 5119.37 656.94 -2.73884
5170 2087.5 6561.8 657.646 -2.7405
5180 2060.45 6089.81 658.442 -2.74249
5190 1892.35 6411.7 659.326 -2.74452
5200 1929.55 2631.05 660.293 -2.74631
5210 2043.52 -3485.45 661.286 -2.74801
5220 1984.01 -6200.78 662.222 -2.74973
5230 1937.91 -7505.75 663.057 -2.75141
5240 1991.41 -9935.12 663.768 -2.75302
5250 2111.2 -13492.7 664.319 -2.75478
5260 2146.91 -11366.5 664.669 -2.75696
5270 2115.32 -7719.94 664.845 -2.7596
5280 1944.24 -2039.74 664.909 -2.76236
5290 1630.66 6008.6 664.951 -2.76455
5300 1528.54 6072.71 665.079 -2.76576
5310 1695.34 -1223.19 665.293 -2.76623
5320 1776.5 -4873.66 665.496 -2.76619
5330 1854.08 -6599.69 665.628 -2.76597
5340 1873.63 -8556.95 665.66 -2.76571
5350 1815.75 -7979.27 665.569 -2.76547
5360 1800.3 -8377.75 665.361 -2.76519
5370 1782.14 -8232.78 665.035 -2.76479
5380 1784.18 -8770.26 664.591 -2.76427
5390 1830.2 -8385.36 664.027 -2.76366
5400 1858.8 -8573.52 663.348 -2.76303
5410 1847.17 -5553.13 662.561 -2.76245
5420 1832.89 -302.143 661.71 -2.76185
5430 1817.66 6128.39 660.878 -2.76115
5440 1772.26 12933.8 660.159 -2.76032
5450 1692.9 19615.8 659.653 -2.75937
5460 1568.2 25617.6 659.458 -2.75823
5470 1610.38 24783.8 659.65 -2.75691
5480 1756.47 19728.6 660.215 -2.75529
5490 1828.88 17311.3 661.079 -2.75361
5500 1799.93 18314 662.205 -2.75213
5510 1810.9 17993.6 663.598 -2.7509
5520 1871.64 14513.5 665.25 -2.74975
5530 2066.17 6725.19 667.104 -2.74866
5540 2189 920.523 669.046 -2.74788
5550 2131.12 -2050.77 670.988 -2.74786
5560 1926.68 -3426.98 672.879 -2.74834
5570 1715.44 -2217.39 674.701 -2.7488
5580 1790.77 -7161.18 676.46 -2.74886
5590 2010.62 -13222.2 678.085 -2.74857
5600 2154.89 -16899.3 679.484 -2.74852
5610 2149.97 -17602 680.601 -2.74919
5620 1878.39 -11390.6 681.436 -2.75037
5630 1647.54 -6454.4 682.078 -2.75136
5640 1643.37 -5950.22 682.603 -2.75178
5650 1765.39 -7202.41 683.027 -2.75167
5660 1977.67 -9739.43 683.331 -2.75137
5670 2112.96 -9853.36 683.482 -2.75135
5680 2039.81 -7014.89 683.481 -2.75189
5690 1842.2 -124.687 683.379 -2.75271
5700 1708.42 3829.46 683.276 -2.75328
5710 1671.31 6061.16 683.242 -2.75344
5720 1648.18 6306.31 683.31 -2.75315
5730 1680.62 3278.48 683.479 -2.75246
5740 1744.25 -187.329 683.704 -2.75143
5750 1811 -3936.1 683.927 -2.7502
5760 1849.35 -5197.09 684.093 -2.74895
5770 1931 -7873.3 684.175 -2.74779
5780 2005.81 -11448.9 684.132 -2.7469
5790 2018.46 -13013.5 683.912 -2.74646
5800 1989.9 -15032.5 683.49 -2.74649
5810 2023.76 -17116.8 682.836 -2.74693
5820 2112.49 -20497.9 681.919 -2.74789
5830 2094.58 -22706.2 680.694 -2.74954
5840 1925.02 -20694.5 679.137 -2.75166
5850 1692.09 -14867.1 677.289 -2.75345
5860 1723.01 -16658.1 675.231 -2.75472
5870 1895.04 -19983.2 672.951 -2.75582
5880 2111.22 -22408.3 670.408 -2.7572
5890 2224.95 -22895.4 667.575 -2.75944
5900 2072.16 -16390.8 664.46 -2.7623
5910 1817.05 -7285.26 661.17 -2.76474
5920 1771.76 -1960.3 657.839 -2.76632
5930 1859.02 1985.48 654.554 -2.76723
5940 1976.12 5371.39 651.375 -2.76783
5950 1981.7 8415.29 648.348 -2.76839
5960 1874.38 13381.3 645.52 -2.7688
5970 1797.82 15406.9 642.947 -2.76889
5980 1849.51 13242.7 640.65 -2.76882
5990 1902.94 12299.4 638.597 -2.76878
6000 1907.64 14376 636.769 -2.76876
6010 1883.28 18362.9 635.189 -2.76875
6020 1798.95 24666.1 633.907 -2.76861
6030 1660.79 31022.1 632.999 -2.76829
6040 1551.22 34520.6 632.542 -2.76768
6050 1625.61 31208.3 632.569 -2.76687
6060 1653.45 26425.6 633.034 -2.76582
6070 1746.47 23263.6 633.868 -2.76462
6080 2073.86 12397.4 635.009 -2.76328
6090 2234.97 4852.22 636.318 -2.76222
6100 2193.48 1775.69 637.686 -2.76212
6110 2077.8 1953.5 639.069 -2.76282
6120 2052.8 138.695 640.462 -2.76396
6130 2073.12 309.365 641.845 -2.7654
6140 2020.96 4574.14 643.223 -2.76716
6150 2029.06 6040.18 644.648 -2.76915
6160 2151.15 686.564 646.136 -2.77135
6170 2153.94 -2703.5 647.622 -2.77388
6180 2080.27 -8266.26 649.049 -2.7766
6190 1993.05 -8731.74 650.347 -2.77925
6200 1997.81 -9727.01 651.501 -2.7818
6210 2031.02 -12608.1 652.496 -2.7843
6220 1989.33 -10840.5 653.302 -2.78677
6230 2005.2 -10390.7 653.938 -2.78922
6240 2062.59 -12330.1 654.412 -2.79171
6250 2075.62 -11670.1 654.703 -2.79437
6260 2037.79 -9197.48 654.824 -2.79717
6270 1943.2 -3175.75 654.818 -2.7999
6280 1873.13 1274.58 654.768 -2.80228
6290 1888.14 -553.089 654.735 -2.80432
6300 1817.43 -1161.87 654.702 -2.80605
6310 1727.57 -289.044 654.66 -2.80732
6320 1720.87 -1087.56 654.617 -2.80811
6330 1684.59 618.557 654.568 -2.80845
6340 1688.16 -1907.72 654.527 -2.80833
6350 1775.16 -4165.72 654.465 -2.80788
6360 1804.67 -2953.05 654.352 -2.80721
6370 1855.07 -2748.46 654.2 -2.80649
6380 1856.9 -1214.2 654.017 -2.80579
6390 1857.24 -896.176 653.823 -2.80514
6400 1910.34 -1176.28 653.625 -2.80456
6410 1953.25 -993.105 653.417 -2.80412
6420 1879.69 880.12 653.207 -2.80388
6430 1796.17 1089.07 653.017 -2.80368
6440 1824.54 -1178.39 652.848 -2.8034
6450 1791.16 -381.554 652.675 -2.80298
6460 1783.8 -2050.64 652.501 -2.80248
6470 1735.7 -2447.62 652.307 -2.80184
6480 1680.83 -1225.89 652.086 -2.801
6490 1654.02 -1175.6 651.855 -2.79989
6500 1700.2 -2607.17 651.612 -2.79848
6510 1784.92 -4188.99 651.34 -2.79686
6520 1850.98 -4331.91 651.017 -2.79522
6530 1765.75 -1658.72 650.646 -2.79368
6540 1694.7 1083.07 650.261 -2.79219
6550 1676.79 1538.05 649.9 -2.79054
6560 1708.86 1133.72 649.574 -2.7887
6570 1855.43 -1365.85 649.271 -2.78673
6580 1988.16 -2804.19 648.958 -2.78487
6590 1869.6 2180.02 648.624 -2.78343
6600 1598.09 9651.86 648.338 -2.78221
6610 1556.52 9572.42 648.19 -2.78082
6620 1500.84 12699.1 648.194 -2.77904
6630 1367.86 18297.3 648.392 -2.77697
6640 1484.92 18222.5 648.853 -2.77453
6650 1735.91 13304.5 649.572 -2.77142
6660 1938.58 6728.05 650.479 -2.76805
6670 1940.64 2633.23 651.483 -2.76502
6680 1890.23 -2025.82 652.517 -2.76258
6690 1909.86 -6994.81 653.511 -2.76048
6700 2001.55 -12310.9 654.393 -2.75867
6710 2075.44 -12495.7 655.092 -2.75731
6720 2136.78 -10142.3 655.603 -2.75668
6730 2237.66 -7308.45 655.962 -2.75689
6740 2261.42 -2127.48 656.216 -2.75811
6750 2040.23 3622.89 656.442 -2.76008
6760 1724.97 8812.66 656.724 -2.76193
6770 1641.83 9332.99 657.136 -2.76314
6780 1796.53 2764.44 657.677 -2.76376
6790 1970.31 -1043 658.26 -2.76416
6800 1909.43 1164.44 658.834 -2.76465
6810 1627.23 8345.49 659.43 -2.76514
6820 1429.3 11423.8 660.143 -2.76512
6830 1580.28 7669.88 661.015 -2.76444
6840 1687.71 6182.77 662.001 -2.7631
6850 1777.2 2500.8 663.07 -2.76147
6860 1935.05 -17.9173 664.17 -2.75971
6870 2088.83 -835.161 665.263 -2.75817
6880 2132.96 -2179.73 666.335 -2.75728
6890 2096.83 -2505.56 667.365 -2.75715
6900 1951.52 1614.48 668.356 -2.7576
6910 1783.12 5683.76 669.365 -2.75819
6920 1802 4017.46 670.446 -2.75859
6930 1911.51 1243.04 671.58 -2.75878
6940 1822.74 1716.4 672.73 -2.75893
6950 1689.9 2602.69 673.897 -2.75895
6960 1694.67 1874.67 675.094 -2.75865
6970 1748.29 -1263.48 676.306 -2.75795
6980 1779.88 -4257.47 677.487 -2.75698
6990 1816.9 -7304.3 678.59 -2.75585
7000 1840.85 -8469.26 679.569 -2.75469
7010 1675.48 -4354.71 680.411 -2.75361
7020 1400.17 1766.17 681.18 -2.75244
7030 1404.13 2634.35 681.964 -2.75086
7040 1633.04 -1670.4 682.776 -2.74848
7050 1829.81 -5361.39 683.556 -2.74552
7060 1998.19 -7409.44 684.246 -2.74258
7070 2125.66 -7095.91 684.816 -2.74018
7080 2153.05 -6127.97 685.269 -2.7387
7090 1939.86 -986.616 685.628 -2.73812
7100 1701.08 2124.15 685.971 -2.73779
7110 1916.43 -5270.14 686.332 -2.73733
7120 1994.2 -10558.3 686.61 -2.73685
7130 1814.76 -3972.92 686.735 -2.73667
7140 1692.11 -930.973 686.793 -2.73645
7150 1649.71 -258.392 686.837 -2.73591
7160 1585.46 3614.5 686.886 -2.73499
7170 1631.47 3422.44 686.993 -2.73364
7180 1897.24 -607.287 687.155 -2.73192
7190 2172.41 -6240.78 687.309 -2.73023
7200 2246.28 -9791.45 687.366 -2.72941
7210 2048.01 -6071.28 687.279 -2.72965
7220 1711.1 2662.13 687.107 -2.73017
7230 1629.94 6596.54 686.98 -2.73031
7240 1743.49 6061.22 686.962 -2.72992
7250 1910.39 3947.92 687.048 -2.72931
7260 1939.79 2063.21 687.204 -2.7288
7270 1781.4 2715.5 687.402 -2.72848
7280 1512.11 5292.25 687.651 -2.72804
7290 1367.89 4847.56 687.983 -2.72711
7300 1492.29 -533.62 688.389 -2.72545
7310 1811.6 -10321.6 688.778 -2.723
7320 2070.96 -18693.2 688.998 -2.72031
7330 2159.17 -19981.7 688.923 -2.71834
7340 2104.11 -15959.9 688.533 -2.71745
7350 1985.95 -11715.5 687.891 -2.71732
7360 1924.48 -7517.04 687.074 -2.71752
7370 1922.06 -5980.74 686.148 -2.7178
7380 1963.15 -4786.09 685.144 -2.71818
7390 2030.75 -3299.91 684.085 -2.7187
7400 2187.07 -7585.55 682.986 -2.71971
7410 2115.17 -6046.05 681.798 -2.7214
7420 1936.55 -1461.93 680.543 -2.72327
7430 1933.87 -3596.46 679.281 -2.72499
7440 1951.47 -7111.57 677.984 -2.72679
7450 1822.07 -6052.91 676.61 -2.72839
7460 1912.82 -10712.6 675.159 -2.72983
7470 2024.42 -13516.9 673.571 -2.73142
7480 2031.76 -12642.2 671.808 -2.7333
7490 1920.34 -8508.3 669.889 -2.73522
7500 1861.02 -3185.43 667.878 -2.73683
7510 1862.17 -503.868 665.855 -2.73805
7520 1863.5 2328.79 663.867 -2.73901
7530 1834 5867.55 661.956 -2.73962
7540 1923.96 6824.8 660.171 -2.74006
7550 1928.68 11580.6 658.533 -2.74042
7560 2023.72 13307.3 657.1 -2.74079
7570 2210.54 11257.7 655.891 -2.74163
7580 2223.77 13972.3 654.886 -2.74328
7590 2070.97 17014.3 654.112 -2.74549
7600 1917.49 17522.3 653.608 -2.74776
7610 1841.72 17343.4 653.377 -2.7498
7620 1880.68 16040 653.412 -2.75153
7630 2061.53 9637.35 653.684 -2.75327
7640 2091.63 5156.73 654.104 -2.75529
7650 1973.32 4784.58 654.608 -2.75748
7660 1951.44 1117.59 655.177 -2.75955
7670 1992.54 -1706.39 655.761 -2.76155
7680 1890.83 -462.347 656.324 -2.76344
7690 1782.83 695.813 656.875 -2.76508
7700 1527.82 6400.96 657.443 -2.76611
7710 1443.27 8034.76 658.097 -2.76642
7720 1500.72 7021.4 658.865 -2.76591
7730 1745.75 1622.89 659.728 -2.76472
7740 1979.46 -5867.99 660.605 -2.7631
7750 2060.04 -9127.65 661.393 -2.76174
7760 1964.55 -8225.34 662.043 -2.76097
7770 1780.68 -4732.89 662.567 -2.76055
7780 1690.99 -3598.56 663.014 -2.76005
7790 1768.71 -4682.56 663.402 -2.75927
7800 1925.48 -5462.24 663.717 -2.75832
7810 2037.85 -3859.1 663.955 -2.75757
7820 2058.71 -5077.04 664.131 -2.75729
7830 1932.32 -4386.26 664.237 -2.75746
7840 1822.34 -3656.52 664.279 -2.75773
7850 1891.16 -8443.75 664.262 -2.75791
7860 2016.93 -11282.7 664.125 -2.75817
7870 2031.11 -10712.8 663.827 -2.75875
7880 1896.87 -7660.55 663.379 -2.75961
7890 1792.13 -6006.08 662.825 -2.76032
7900 1917.68 -10455.4 662.183 -2.76093
7910 1945.55 -11638.1 661.404 -2.76156
7920 2011.72 -9533.07 660.469 -2.76238
7930 2068.23 -8603.25 659.409 -2.76346
7940 1988.83 -6910.24 658.242 -2.76489
7950 1743.95 733.578 657.007 -2.76612
7960 1678.98 2673.66 655.8 -2.76677
7970 1740.68 3162.04 654.656 -2.76695
7980 1710.03 6451.02 653.586 -2.76672
7990 1666.99 10204.5 652.636 -2.76612
8000 1635.22 13266.1 651.857 -2.76515
8010 1633.22 14892.2 651.289 -2.76382
8020 1714.52 14212.5 650.952 -2.76222
8030 1817.06 11343 650.833 -2.76046
8040 1922.74 7243.99 650.887 -2.75875
8050 2035.2 2698.39 651.052 -2.75734
8060 2060.91 -680.732 651.262 -2.75642
8070 2080.3 -2919.48 651.467 -2.7561
8080 2105.88 -3728.04 651.633 -2.75636
8090 2083.6 -3712.51 651.75 -2.75715
8100 2094.98 -5991.36 651.813 -2.75841
8110 2016.92 -5476.48 651.797 -2.76001
8120 1903.53 -3556.25 651.706 -2.76167
8130 1778.04 2105.79 651.578 -2.76307
8140 1737.05 3362.12 651.48 -2.76401
8150 1866.58 1010.46 651.433 -2.7646
8160 1945.16 35.2142 651.411 -2.76512
8170 1927.82 1806.12 651.399 -2.76569
8180 1867.61 4099.29 651.419 -2.76635
8190 1681.52 9394.77 651.511 -2.76678
8200 1711.33 6968.34 651.734 -2.76686
8210 1745.97 4983.15 652.064 -2.76654
8220 1777.56 3878.62 652.469 -2.76601
8230 1672.15 7293.74 652.937 -2.76533
8240 1531.18 11745.4 653.515 -2.76443
8250 1721.16 5542.32 654.249 -2.76311
8260 1818.52 3633.49 655.069 -2.76138
8270 1786.1 3485.61 655.939 -2.75972
8280 1825.45 -1770.33 656.85 -2.75809
8290 1941.2 -8564.6 657.725 -2.75641
8300 2081.66 -11312.1 658.471 -2.75498
8310 2134.88 -13424.3 659.043 -2.7542
8320 1969.3 -9937.26 659.417 -2.75417
8330 1723.8 -2031.62 659.648 -2.75434
8340 1775.09 -1964.13 659.839 -2.75429
8350 1934.27 -3444.49 660.002 -2.754
8360 2022.5 -1827.49 660.119 -2.75388
8370 1963.57 2657.6 660.218 -2.7541
8380 1840.68 4471.15 660.358 -2.75449
8390 1726.66 4288.54 660.567 -2.75473
8400 1707.61 1944.88 660.841 -2.75465
8410 1748.77 -1597.67 661.145 -2.75422
8420 1791.35 -4486.97 661.426 -2.75355
8430 1772.63 -5728 661.642 -2.75274
8440 1730.81 -6192.57 661.775 -2.75184
8450 1677.16 -3259.95 661.821 -2.75077
8460 1711.68 -2215.25 661.819 -2.74947
8470 1841 -6062.39 661.782 -2.74796
8480 1843.11 -6442.77 661.664 -2.74649
8490 1763.11 -3974.13 661.459 -2.74515
8500 1847.76 -5539.78 661.196 -2.74382
8510 2000.38 -8400.45 660.856 -2.74256
8520 2098.34 -7241.48 660.405 -2.74174
8530 2045.06 -2753.73 659.86 -2.74156
8540 1804.14 6541.5 659.296 -2.74166
8550 1750.66 8364.91 658.834 -2.74161
8560 1778.74 4410.38 658.503 -2.74133
8570 1740.51 4138.38 658.255 -2.74085
8580 1799.63 3297.41 658.077 -2.74019
8590 1885.07 1579.09 657.956 -2.73943
8600 1861.09 2762.18 657.87 -2.73876
8610 1745.05 6696.55 657.837 -2.73814
8620 1715.85 7784.47 657.906 -2.73739
8630 1781.51 8162.32 658.097 -2.73644
8640 1763.13 11526.8 658.419 -2.73537
8650 1863.12 9710.12 658.906 -2.7343
8660 1933.59 6693.33 659.54 -2.73327
8670 2040.43 1823.59 660.271 -2.73248
8680 2184.75 -4246.89 661.023 -2.73214
8690 2174.2 -4667.93 661.715 -2.73259
8700 1947.14 1776.05 662.344 -2.73368
8710 1675.05 9397.5 662.998 -2.73475
8720 1603.27 10391.3 663.784 -2.73531
8730 1819.19 5102.69 664.717 -2.73533
8740 2027.11 -815.236 665.722 -2.7351
8750 2109.17 -5224.23 666.709 -2.73516
8760 2070.15 -8235.12 667.612 -2.73572
8770 1925.29 -9576.16 668.382 -2.7366
8780 1774.11 -6808.49 669.005 -2.73739
8790 1895.5 -8864.29 669.512 -2.73795
8800 2052.13 -12165.9 669.878 -2.73853
8810 1979.03 -10286.8 670.062 -2.73945
8820 1801.79 -7150.89 670.091 -2.74042
8830 1736.22 -7304.58 670.007 -2.7411
8840 1749.1 -5465.74 669.82 -2.7414
8850 1755.71 -2429.47 669.557 -2.74139
8860 1753.3 784.776 669.264 -2.74111
8870 1794.83 4317.19 668.996 -2.74059
8880 1873.64 3634.53 668.797 -2.73995
8890 1938.34 3536.41 668.665 -2.73936
8900 1992.99 2476.64 668.595 -2.73901
8910 1922.95 3641.51 668.574 -2.73897
8920 1769.32 6835.76 668.62 -2.73899
8930 1801.37 5059.74 668.768 -2.73889
8940 1751.39 7744.89 669.007 -2.73859
8950 1686.25 8842.76 669.366 -2.73812
8960 1682.41 8637.11 669.861 -2.73739
8970 1608.75 11107.5 670.495 -2.73639
8980 1654.86 8806.54 671.292 -2.73509
8990 1852.6 2233.53 672.217 -2.7334
9000 2106.07 -4600.85 673.171 -2.73161
9010 2221.37 -7937.57 674.052 -2.73038
9020 2202.37 -7988.31 674.805 -2.73019
9030 2101.25 -5388.14 675.435 -2.73089
9040 2069.36 -7647.83 675.968 -2.73211
9050 2008.09 -10164.2 676.379 -2.73357
9060 1975.13 -8679.78 676.634 -2.73517
9070 1965.81 -5737.29 676.756 -2.73678
9080 1971.97 -4268.86 676.787 -2.73849
9090 1784.22 887.323 676.763 -2.74
9100 1722.92 2981.91 676.754 -2.74109
9110 1697.53 4047.81 676.797 -2.74166
9120 1688.36 6178.18 676.91 -2.74181
9130 1714.84 7685.82 677.126 -2.74156
9140 1842.37 4272.29 677.46 -2.74103
9150 1978.66 781.341 677.864 -2.74045
9160 2028.38 -1100.3 678.283 -2.74014
9170 2018.29 -2398.45 678.686 -2.74023
9180 1963.08 -3187.73 679.052 -2.74065
9190 1870.78 -2671.23 679.37 -2.74118
9200 1859.18 -5876.73 679.641 -2.74165
9210 1793.09 -6853.98 679.823 -2.74198
9220 1596.29 -1304.5 679.908 -2.74205
9230 1445.39 1739.42 679.971 -2.7416
9240 1456.44 2860.04 680.063 -2.74049
9250 1608.29 2479.53 680.203 -2.73872
9260 1740.15 -586.272 680.382 -2.73646
9270 1802.74 -1149.09 680.559 -2.73407
9280 1940.85 -5664.37 680.715 -2.73179
9290 2139.94 -11885.3 680.779 -2.72983
9300 2198.49 -11454.8 680.669 -2.72872
9310 2160.16 -8937.9 680.384 -2.72865
9320 2034.98 -5131.7 679.967 -2.72931
9330 1953.92 -1563.02 679.48 -2.7302
9340 2074.84 -2620.59 678.975 -2.73127
9350 2188.93 -3815.2 678.441 -2.73279
9360 2119.47 -2882.41 677.863 -2.73493
9370 1856.01 1462.15 677.26 -2.73714
9380 1643.77 6241.76 676.696 -2.73872
9390 1602.63 7514 676.24 -2.73955
9400 1568.5 3993.17 675.908 -2.73974
9410 1595.95 367.822 675.65 -2.73929
9420 1866.94 -4992.21 675.404 -2.73839
9430 2027.54 -10502.9 675.087 -2.73746
9440 1932.61 -8837.11 674.626 -2.73702
9450 1846.62 -7719.1 674.036 -2.73679
9460 2048.07 -12145.4 673.33 -2.7367
9470 2188.34 -14896.1 672.453 -2.73714
9480 2111.48 -14055.3 671.365 -2.73841
9490 1877.4 -9257.61 670.086 -2.73998
9500 1705.19 -5862.67 668.687 -2.74121
9510 1637.89 -4969.89 667.221 -2.74185
9520 1793.26 -6021.41 665.705 -2.74198
9530 2008.61 -8867 664.124 -2.74205
9540 1975.21 -6133.2 662.446 -2.7424
9550 1754.82 -470.857 660.713 -2.74273
9560 1732.14 481.398 659.001 -2.7427
9570 1888.09 -5214.46 657.321 -2.74248
9580 2023.93 -7642.31 655.603 -2.74247
9590 2012.5 -3403.98 653.814 -2.74282
9600 1857.43 6819.39 652.019 -2.74312
9610 1734.41 13496.3 650.356 -2.74309
9620 1613.97 20603.3 648.927 -2.74255
9630 1594.99 24441.1 647.825 -2.7415
9640 1750.25 22467.6 647.094 -2.74013
9650 1885.6 20852.7 646.709 -2.73869
9660 1951.83 20505.3 646.641 -2.73751
9670 1968.37 18246.2 646.875 -2.73677
9680 1915.81 20803.9 647.385 -2.73644
9690 1892.45 22938.9 648.198 -2.73647
9700 1976.89 17825.1 649.331 -2.73673
9710 1983.62 15799.9 650.723 -2.73723
9720 1850.58 17145.5 652.342 -2.73797
9730 1938.94 11350.5 654.191 -2.73875
9740 1999.88 8531.78 656.197 -2.73947
9750 1983.66 9063.95 658.319 -2.74042
9760 2089.15 5581.32 660.553 -2.7416
9770 2179.58 6449.49 662.858 -2.7432
9780 2103.99 10468.2 665.245 -2.74554
9790 1880.85 14981.7 667.775 -2.74825
9800 1733.32 17096.9 670.51 -2.75077
9810 1781.64 13823.3 673.48 -2.75282
9820 1948.41 6182 676.635 -2.75433
9830 1927.42 2295.96 679.865 -2.75548
9840 1737.84 2091.43 683.104 -2.75643
9850 1567.02 3093.91 686.348 -2.75696
9860 1677.97 -1093.04 689.601 -2.75683
9870 1719.71 -4998.48 692.802 -2.75593
9880 1706.99 -5781.37 695.89 -2.75471
9890 1709.72 -8958.87 698.842 -2.75315
9900 1710.2 -12840.1 701.607 -2.75125
9910 1762.7 -18912.8 704.116 -2.74897
9920 1734.01 -20131.2 706.276 -2.74654
9930 1628.39 -17982.1 708.065 -2.74424
9940 1535.44 -17524.3 709.514 -2.74196
9950 1485 -16598.5 710.642 -2.73948
9960 1507.54 -17600.3 711.46 -2.73672
9970 1615.41 -19308.2 711.959 -2.7336
9980 1648.03 -19050.9 712.117 -2.73035
9990 1712.56 -19258.6 711.941 -2.72718
10000 1765.3 -19131.4 711.434 -2.72415
