# Time-averaged data for fix 4
# TimeStep c_mytemp c_mypress v_vmyvol v_avgEtotal
10 1552.88 -12792.9 661.515 -2.82791
20 1599.02 -10720.3 660.457 -2.82951
30 1630.89 -7593.55 659.229 -2.83105
40 1582.57 -4454.8 657.888 -2.83252
50 1482.81 -322.37 656.498 -2.83368
60 1520.01 -140.135 655.123 -2.83453
70 1540.84 -2012.19 653.773 -2.83522
80 1501.71 -2001.56 652.419 -2.8358
90 1459.33 -2748.1 651.056 -2.8362
100 1464.21 -6688.44 649.667 -2.83641
110 1575.25 -9378.33 648.193 -2.83656
120 1673.07 -12004.4 646.583 -2.8369
130 1600.87 -9559.76 644.805 -2.83753
140 1438.31 -4543.04 642.901 -2.83807
150 1383.01 202.97 640.959 -2.83815
160 1517.7 -896.258 639.052 -2.83784
170 1730.03 -3874.48 637.168 -2.83758
180 1794.62 -6587.86 635.257 -2.83792
190 1600.5 -2213.54 633.289 -2.83872
200 1382.47 1502.89 631.324 -2.83932
210 1256.06 4701 629.426 -2.83934
220 1331.89 4566.58 627.641 -2.83873
230 1608.21 347.559 625.964 -2.83781
240 1893.15 -2902.08 624.332 -2.83716
250 2030.26 -4940.13 622.69 -2.83758
260 1985.39 -4860.36 621.008 -2.83939
270 1823.61 -145.923 619.292 -2.84204
280 1692.76 3783.91 617.612 -2.84468
290 1706.14 1966.36 616.02 -2.8473
300 1647.17 5810.07 614.506 -2.84986
310 1523.8 12121 613.118 -2.85199
320 1428.72 17929.5 611.954 -2.85345
330 1570.73 15816.5 611.087 -2.85451
340 1820.12 12091.4 610.487 -2.85578
350 1941.28 11341.8 610.097 -2.85781
360 1823.63 10446.3 609.897 -2.86062
370 1513.13 15621.5 609.881 -2.86338
380 1365.55 18072.8 610.11 -2.86542
390 1501.03 13025.1 610.612 -2.86695
400 1653.11 8523.36 611.318 -2.86829
410 1671.49 8618.28 612.16 -2.86972
420 1636.01 12817.1 613.137 -2.87133
430 1562.59 17293.8 614.31 -2.87304
440 1486.52 18234.8 615.741 -2.8747
450 1402.99 20021.1 617.454 -2.87614
460 1341.53 15246.5 619.46 -2.8772
470 1350.55 9981.42 621.693 -2.87763
480 1422.44 5029.42 624.065 -2.8775
490 1483.91 -2.23696 626.494 -2.87689
500 1473.88 -2835.46 628.902 -2.87603
510 1452.95 -4889.23 631.238 -2.87501
520 1377.08 -4634.64 633.469 -2.87386
530 1270.85 -3216.24 635.599 -2.8726
540 1237.74 -2584.13 637.649 -2.87109
550 1258.35 -3466.62 639.629 -2.8692
560 1274.59 -5807.31 641.524 -2.86692
570 1252.16 -6259.75 643.299 -2.86435
580 1248.37 -7284.11 644.943 -2.86162
590 1320.93 -10849.5 646.435 -2.85859
600 1381.85 -10597.5 647.726 -2.85536
610 1521.33 -11923 648.812 -2.85213
620 1681.74 -13451 649.675 -2.84904
630 1726.34 -10881.9 650.299 -2.84658
640 1647.09 -4950.73 650.728 -2.84499
650 1435.46 2992.25 651.074 -2.84398
660 1353.04 4041.48 651.46 -2.84305
670 1492.43 2117.61 651.914 -2.84189
680 1629.05 308.102 652.404 -2.84063
690 1606.12 1337.73 652.902 -2.83965
700 1475.95 3927.76 653.425 -2.83896
710 1446.36 2711.37 654.008 -2.83831
720 1537.13 1737.11 654.639 -2.83751
730 1693.71 -3261.75 655.289 -2.83675
740 1708.57 -7291.32 655.879 -2.8363
750 1599.49 -7341.71 656.34 -2.83626
760 1529.44 -8230.14 656.665 -2.83637
770 1565.48 -10908.2 656.837 -2.83646
780 1555.06 -10807.1 656.82 -2.83658
790 1510.03 -12734.1 656.608 -2.83674
800 1452.75 -13163.2 656.176 -2.83684
810 1464.17 -12349.8 655.521 -2.83679
820 1552.67 -12741.6 654.657 -2.83666
830 1529.16 -10948 653.588 -2.83657
840 1366.41 -4181.51 652.354 -2.8364
850 1265.37 1784.59 651.072 -2.83577
860 1436.89 -1391.18 649.833 -2.83469
870 1600.13 -4125.88 648.601 -2.83344
880 1666.75 -5252.87 647.324 -2.83243
890 1656.45 -5688.92 645.984 -2.83186
900 1572.67 -3650.75 644.579 -2.83163
910 1485.52 -216.388 643.144 -2.83142
920 1489.6 1086.14 641.733 -2.83107
930 1599.34 -438.086 640.367 -2.83064
940 1717.2 -2754.19 639.023 -2.83043
950 1743.8 -2089.53 637.668 -2.83066
960 1746.28 -2614.03 636.305 -2.83137
970 1710.43 -1988.47 634.93 -2.8325
980 1589.26 3163.21 633.56 -2.83375
990 1464.68 7945.62 632.273 -2.83467
1000 1530.61 5850.67 631.138 -2.83526
1010 1730.33 2458.49 630.125 -2.83591
1020 1829.11 3102.91 629.183 -2.83699
1030 1857.5 5238.93 628.317 -2.83869
1040 1802.83 9923.2 627.562 -2.84098
1050 1502.6 19673.6 627 -2.8432
1060 1274.66 24292.1 626.771 -2.84471
1070 1339.12 20805.4 626.94 -2.84563
1080 1489.2 16572.7 627.456 -2.84617
1090 1650.17 10532.5 628.241 -2.84658
1100 1773.71 4422.32 629.196 -2.8472
1110 1713.26 699.86 630.221 -2.84817
1120 1641.94 84.4737 631.252 -2.84937
1130 1563.79 -693.438 632.276 -2.85056
1140 1504.12 -1029.96 633.28 -2.85158
1150 1415.61 3021.76 634.265 -2.85232
1160 1467.13 2155.19 635.285 -2.85276
1170 1552.29 -3072.22 636.324 -2.85292
1180 1483.38 -2382.16 637.312 -2.85295
1190 1502.48 -5847.79 638.245 -2.85285
1200 1593.24 -11130.9 639.064 -2.8526
1210 1497.76 -7981.58 639.701 -2.8524
1220 1412.21 -6736.29 640.191 -2.85217
1230 1477.91 -9632.87 640.556 -2.85172
1240 1548.72 -8652.39 640.761 -2.85114
1250 1591.59 -5124.15 640.822 -2.85064
1260 1609.84 -2121.81 640.798 -2.85032
1270 1588.14 1715.96 640.746 -2.85016
1280 1538.98 6179.74 640.73 -2.85011
1290 1499.65 9549.63 640.826 -2.85006
1300 1540.31 9135.87 641.085 -2.84997
1310 1557.81 7547.33 641.503 -2.84987
1320 1566.17 6440.66 642.052 -2.84983
1330 1532.96 7109.72 642.715 -2.84983
1340 1528.16 5681.57 643.492 -2.84983
1350 1590.1 447.928 644.358 -2.84977
1360 1650.07 -3964.38 645.227 -2.84973
1370 1693.93 -8300.34 646.02 -2.84988
1380 1720.15 -14370.8 646.659 -2.85033
1390 1668.79 -16146 647.048 -2.85113
1400 1506.27 -10760.3 647.164 -2.85208
1410 1414.8 -7477.78 647.089 -2.8528
1420 1396.41 -4415.35 646.889 -2.85313
1430 1457.02 -4851.29 646.614 -2.85312
1440 1522.95 -6780.96 646.261 -2.85293
1450 1536.41 -7110.31 645.803 -2.8527
1460 1547.13 -8890.13 645.23 -2.85251
1470 1577.7 -9581.11 644.518 -2.85239
1480 1663.11 -10440.3 643.655 -2.85241
1490 1736.69 -11702.5 642.629 -2.85281
1500 1700.03 -8951.84 641.43 -2.85365
1510 1558.83 -4617.38 640.104 -2.85465
1520 1394.5 1028.11 638.728 -2.85533
1530 1367.93 5182.3 637.398 -2.85548
1540 1472.99 4954.28 636.176 -2.85521
1550 1528.63 5851.57 635.066 -2.85479
1560 1513.6 6893.07 634.081 -2.85428
1570 1588.19 3255.73 633.227 -2.85384
1580 1643.04 -649.144 632.447 -2.85357
1590 1662.5 -3593.73 631.676 -2.85362
1600 1547.59 -2342.14 630.87 -2.85391
1610 1408.27 262.349 630.044 -2.8541
1620 1411.89 2312.09 629.241 -2.85395
1630 1535 2521.34 628.49 -2.85356
1640 1516.43 9557.24 627.812 -2.85305
1650 1539.09 10867.7 627.299 -2.85251
1660 1611.74 7612.23 626.971 -2.85208
1670 1558.87 10501.8 626.79 -2.8518
1680 1542.75 11063 626.788 -2.85163
1690 1608.95 9724.71 626.972 -2.85155
1700 1597.73 10790.6 627.324 -2.8516
1710 1599.57 10952.7 627.854 -2.85184
1720 1615.95 11103.9 628.565 -2.85224
1730 1528.02 10893.3 629.456 -2.85277
1740 1282.34 14520.8 630.528 -2.85321
1750 1045.62 21590.1 631.841 -2.85334
1760 1175.78 17223.4 633.486 -2.85296
1770 1450.93 10106.1 635.404 -2.85166
1780 1626.92 5940.75 637.48 -2.84991
1790 1622.11 4820.31 639.644 -2.84838
1800 1504.92 7318.48 641.876 -2.84734
1810 1372.32 11415.5 644.219 -2.84665
1820 1443.56 9095.13 646.728 -2.84593
1830 1618.86 4997.88 649.372 -2.84489
1840 1598.51 5519.24 652.087 -2.84398
1850 1399.07 9208.76 654.88 -2.8435
1860 1313.79 9379.28 657.807 -2.84313
1870 1324.5 7060.6 660.87 -2.84237
1880 1306.01 7314.64 664.039 -2.8413
1890 1409.33 1014.4 667.3 -2.8398
1900 1502.77 -7594.09 670.543 -2.83759
1910 1470.88 -11628.5 673.614 -2.8351
1920 1407.01 -13567.1 676.432 -2.83268
1930 1382.19 -16898.4 678.953 -2.83022
1940 1366.56 -18976.1 681.118 -2.82765
1950 1332.37 -19540.3 682.888 -2.82508
1960 1314.89 -20274.5 684.252 -2.82254
1970 1302.4 -20711.9 685.2 -2.81998
1980 1319.67 -19125.7 685.732 -2.81743
1990 1447.76 -18868.3 685.88 -2.81484
2000 1648.05 -20758.1 685.652 -2.8123
2010 1759.41 -19708.8 685.031 -2.81028
2020 1803.68 -17938.8 684.039 -2.80917
2030 1790.71 -16599.9 682.719 -2.80902
2040 1632.09 -11238.9 681.113 -2.80955
2050 1501.75 -5516.52 679.326 -2.81004
2060 1618.85 -8247.88 677.458 -2.81046
2070 1670.89 -8872.5 675.479 -2.81111
2080 1576.34 -6173.49 673.381 -2.81191
2090 1491.65 -2923.86 671.215 -2.81258
2100 1511.05 -999.337 669.041 -2.81292
2110 1611.77 -3164.92 666.892 -2.81321
2120 1563.03 -2465.28 664.739 -2.81363
2130 1444.29 1216.56 662.595 -2.81386
2140 1498.29 635.446 660.515 -2.81384
2150 1541 2061.98 658.499 -2.81369
2160 1515.84 3725.6 656.568 -2.81342
2170 1486.23 4758.24 654.749 -2.81308
2180 1415.9 5217.91 653.056 -2.8126
2190 1350.91 5782.06 651.496 -2.81188
2200 1401.15 4984.08 650.074 -2.81088
2210 1545.48 3119.09 648.771 -2.8097
2220 1605.72 3447.02 647.559 -2.80857
2230 1562.93 4648.14 646.436 -2.80768
2240 1448.78 8376.95 645.428 -2.80689
2250 1432.76 10082.3 644.586 -2.80601
2260 1516.75 8540.63 643.936 -2.80501
2270 1568.88 8700.15 643.458 -2.80403
2280 1616.61 4781.61 643.137 -2.80324
2290 1639.72 1979 642.913 -2.80272
2300 1683.27 -234.289 642.735 -2.80249
2310 1805.81 -3285.29 642.559 -2.8027
2320 1819.37 622.312 642.348 -2.80353
2330 1747.16 5064.09 642.157 -2.80491
2340 1675.01 8063.27 642.063 -2.80657
2350 1643.69 10510.5 642.115 -2.80829
2360 1693.61 8085.58 642.347 -2.81008
2370 1762.48 5616.24 642.722 -2.81209
2380 1719.22 8686.42 643.203 -2.81439
2390 1615.27 12124.4 643.835 -2.81672
2400 1654.56 8886.81 644.664 -2.81899
2410 1667.83 5207.38 645.641 -2.82117
2420 1660.85 2901.8 646.705 -2.82333
2430 1608.46 -193.344 647.807 -2.82537
2440 1486.73 305.223 648.901 -2.82713
2450 1337.17 1697.9 649.99 -2.82838
2460 1264.34 4561.73 651.103 -2.82903
2470 1361.46 795.348 652.274 -2.82907
2480 1525.26 -6337.64 653.441 -2.8286
2490 1606.48 -9968.08 654.489 -2.82796
2500 1645.87 -11528.2 655.349 -2.82749
2510 1625.24 -11747.4 655.996 -2.82732
2520 1547.21 -11097.3 656.427 -2.82736
2530 1508.74 -10153.5 656.657 -2.82742
2540 1527.18 -9232.21 656.703 -2.82744
2550 1554.53 -8253.41 656.587 -2.82743
2560 1515.94 -7975.12 656.326 -2.82744
2570 1420.22 -6302.4 655.935 -2.82736
2580 1492.55 -8075.14 655.436 -2.82708
2590 1661.5 -10405 654.802 -2.82678
2600 1733.18 -9769.84 654.004 -2.82679
2610 1629.16 -7417.61 653.052 -2.82723
2620 1484.91 -3308.44 651.993 -2.82772
2630 1514.62 -2917.3 650.892 -2.82801
2640 1632.37 -3172.65 649.763 -2.82823
2650 1732.38 -1430.86 648.607 -2.82863
2660 1733.42 2139.58 647.456 -2.82938
2670 1700.85 3767.6 646.365 -2.83043
2680 1593.87 5118.97 645.365 -2.83162
2690 1453.77 6920.31 644.48 -2.83261
2700 1416.21 4747.18 643.729 -2.83323
2710 1476.9 1231.34 643.078 -2.83355
2720 1535.46 -2114.73 642.464 -2.83371
2730 1547.99 -4162.4 641.831 -2.83385
2740 1494.43 -2819.05 641.148 -2.83396
2750 1467.9 -2625.66 640.431 -2.83391
2760 1578.56 -5412.88 639.682 -2.83375
2770 1804.35 -9110.2 638.857 -2.83378
2780 1969.62 -11658 637.897 -2.83462
2790 1904.53 -9331.64 636.767 -2.83659
2800 1617.95 -1432.27 635.514 -2.83891
2810 1385.02 4644.39 634.262 -2.84064
2820 1291.49 8341.76 633.111 -2.84156
2830 1351.14 10025.2 632.125 -2.84179
2840 1504.72 7792.64 631.321 -2.84166
2850 1618.28 5228.16 630.667 -2.84143
2860 1779.87 -88.1818 630.113 -2.8415
2870 1832.58 -1898.41 629.578 -2.84218
2880 1747.01 2071.65 629.035 -2.84348
2890 1622.93 7579.47 628.544 -2.84496
2900 1546.08 9737.09 628.187 -2.84635
2910 1419.78 13931.7 628.008 -2.84745
2920 1337.05 15606.4 628.063 -2.84812
2930 1359.21 15223.2 628.378 -2.84835
2940 1454.82 14879.5 628.948 -2.84828
2950 1461.63 16143.2 629.765 -2.84806
2960 1463.07 16189 630.843 -2.84783
2970 1393.07 17978.5 632.187 -2.84755
2980 1455.09 16168 633.817 -2.84724
2990 1541.41 11902.4 635.701 -2.84671
3000 1496.62 11630.2 637.776 -2.84622
3010 1433.03 10749.2 640.031 -2.84581
3020 1419.38 9325.05 642.448 -2.84529
3030 1475.42 7531.65 645.004 -2.84456
3040 1573.44 2739.12 647.661 -2.84365
3050 1625.1 -1627.87 650.341 -2.84262
3060 1628.99 -4427.98 652.968 -2.84173
3070 1601.95 -6627.14 655.491 -2.841
3080 1594.65 -7552.29 657.868 -2.8404
3090 1661.44 -9565.69 660.08 -2.83996
3100 1694.33 -11331.8 662.094 -2.83974
3110 1662.22 -11623.1 663.879 -2.83985
3120 1541.65 -10511.1 665.431 -2.84018
3130 1389.93 -10906.6 666.767 -2.84041
3140 1274.58 -9775.35 667.887 -2.84026
3150 1296.56 -9786.94 668.809 -2.83965
3160 1441.52 -11765.8 669.533 -2.8386
3170 1560.82 -11058.5 670.035 -2.83738
3180 1608.18 -10222 670.325 -2.83632
3190 1581.7 -6412.31 670.428 -2.83555
3200 1539.89 -2388.02 670.414 -2.83499
3210 1540.52 784.159 670.36 -2.83448
3220 1653.45 1010.3 670.323 -2.83405
3230 1738.36 -637.538 670.308 -2.83391
3240 1662.77 355.874 670.293 -2.83422
3250 1515.12 2912.99 670.294 -2.83471
3260 1454.74 5330.18 670.355 -2.83508
3270 1390.71 7561.57 670.522 -2.83517
3280 1372.56 7593.89 670.831 -2.83496
3290 1466.96 3489.32 671.277 -2.83444
3300 1631.97 -3335.04 671.784 -2.83373
3310 1727.13 -6052.73 672.233 -2.83321
3320 1649.5 -5718.29 672.569 -2.83316
3330 1415.94 -2455.55 672.804 -2.8333
3340 1275.66 -255.048 672.991 -2.8332
3350 1227.7 1192.82 673.175 -2.83259
3360 1284.99 -373.461 673.378 -2.83149
3370 1443.67 -3824.61 673.573 -2.82993
3380 1493.14 -5236.76 673.701 -2.8282
3390 1452.24 -6252.72 673.732 -2.82654
3400 1502.31 -7921.99 673.648 -2.82499
3410 1488.09 -8021.11 673.422 -2.82351
3420 1432.38 -6008.18 673.055 -2.82213
3430 1467.54 -5088.62 672.584 -2.82074
3440 1509.54 -7809.65 672.022 -2.81934
3450 1440.03 -9482.11 671.329 -2.81809
3460 1354.27 -8616.36 670.476 -2.81688
3470 1413.01 -11254.9 669.475 -2.81557
3480 1537.79 -13825.8 668.284 -2.81417
3490 1687.1 -15457.5 666.86 -2.81298
3500 1726.23 -14031 665.185 -2.81229
3510 1750.33 -12485.4 663.285 -2.81224
3520 1703.27 -7912.53 661.199 -2.81271
3530 1574.27 -855.262 659.019 -2.81321
3540 1719.47 -490.982 656.859 -2.81368
3550 1862.13 -4588.21 654.728 -2.81469
3560 1780.53 -2885.74 652.573 -2.8164
3570 1708.62 -877.523 650.414 -2.81834
3580 1686.09 770.895 648.287 -2.82038
3590 1571.49 6860.9 646.228 -2.82221
3600 1394.97 13160.8 644.334 -2.82342
3610 1309.95 17607.3 642.709 -2.82383
3620 1448.77 16009.9 641.416 -2.82377
3630 1609.24 12006.1 640.423 -2.82365
3640 1617.65 11314.5 639.667 -2.82371
3650 1524.55 11493.9 639.127 -2.82389
3660 1578.28 6645.81 638.79 -2.82408
3670 1717.01 667.926 638.576 -2.82444
3680 1657.59 2911.71 638.398 -2.82508
3690 1568.47 4574.49 638.275 -2.82587
3700 1504 6929.19 638.241 -2.82658
3710 1422.25 7104.62 638.328 -2.82709
3720 1299.34 9374.2 638.544 -2.82723
3730 1273.49 10417.4 638.921 -2.82693
3740 1456.4 6429.6 639.467 -2.82617
3750 1631.21 6574.11 640.129 -2.8252
3760 1631.33 9967.12 640.904 -2.8245
3770 1529.62 13285.7 641.848 -2.8242
3780 1498.39 12576.8 643.007 -2.82405
3790 1614.64 7003.86 644.368 -2.82384
3800 1755.28 1918.24 645.841 -2.8237
3810 1758.58 -195.714 647.337 -2.82397
3820 1609.03 2429.77 648.824 -2.82471
3830 1428.4 5663.15 650.341 -2.82549
3840 1397.09 5833.76 651.939 -2.826
3850 1512.06 1681.04 653.618 -2.82611
3860 1623.48 -3357.28 655.308 -2.82599
3870 1623.48 -4478.41 656.929 -2.8259
3880 1631.26 -6197.26 658.451 -2.82599
3890 1592.79 -6531.17 659.846 -2.8262
3900 1500.12 -5296.99 661.11 -2.82647
3910 1403.29 -4214.92 662.264 -2.82658
3920 1381.29 -5211.75 663.326 -2.82638
3930 1501.31 -10366.7 664.273 -2.82582
3940 1563.36 -11767.3 665.027 -2.82513
3950 1524.45 -11808 665.558 -2.82455
3960 1490.66 -12113.3 665.865 -2.82405
3970 1417.97 -8536.91 665.954 -2.82352
3980 1398.65 -5492.36 665.885 -2.82284
3990 1441.94 -4708.21 665.717 -2.82195
4000 1406.28 -3385.84 665.469 -2.82093
4010 1286.4 233.411 665.172 -2.81976
4020 1292.85 1882.39 664.886 -2.81832
4030 1500.59 -2552.36 664.633 -2.81649
4040 1677.81 -6928.7 664.344 -2.81459
4050 1645.49 -5297.82 663.947 -2.81314
4060 1535.52 -2464.44 663.466 -2.81214
4070 1538.02 -2189.01 662.948 -2.81133
4080 1565.9 -307.739 662.407 -2.81058
4090 1545.58 196.51 661.871 -2.80995
4100 1457.73 2359.26 661.358 -2.80937
4110 1349.37 5627.55 660.903 -2.80867
4120 1389.7 4675.96 660.557 -2.80772
4130 1467.55 567.819 660.302 -2.80654
4140 1500.12 -1941.08 660.069 -2.80529
4150 1536.89 -2602.4 659.814 -2.80409
4160 1617.59 -3798.94 659.519 -2.803
4170 1665.28 -4909.74 659.164 -2.80221
4180 1604.09 -1252.24 658.741 -2.80174
4190 1635.3 1268.35 658.304 -2.80149
4200 1782.86 1765.61 657.901 -2.80152
4210 1870.04 3879.15 657.546 -2.80216
4220 1873.11 5302.17 657.272 -2.8036
4230 1723.1 9440.7 657.111 -2.80563
4240 1567.5 12271.7 657.128 -2.80761
4250 1659.5 4490.34 657.356 -2.80948
4260 1732.19 -77.9017 657.675 -2.81142
4270 1713.16 422.967 658.002 -2.81356
4280 1646.33 742.7 658.338 -2.81575
4290 1542.36 3118.68 658.692 -2.81777
4300 1433.11 8566.01 659.109 -2.81941
4310 1415.59 10752.4 659.677 -2.82059
4320 1480.21 10934.2 660.437 -2.82144
4330 1435.98 11300.8 661.393 -2.82205
4340 1300.66 11894 662.551 -2.82239
4350 1245.08 10854.3 663.917 -2.8223
4360 1453.1 4056.61 665.462 -2.82162
4370 1650.7 -1154.71 667.071 -2.82053
4380 1667.24 -5116 668.646 -2.81958
4390 1542.48 -5284.52 670.118 -2.81894
4400 1530.56 -6576.32 671.474 -2.81843
4410 1616.58 -9105.21 672.691 -2.81791
4420 1647.32 -11094.2 673.725 -2.81755
4430 1603.7 -13802 674.537 -2.81742
4440 1550.71 -15777.3 675.081 -2.81746
4450 1477.45 -17600.7 675.319 -2.81752
4460 1456.97 -21048.6 675.219 -2.81755
4470 1417.34 -23694.9 674.723 -2.81754
4480 1378.18 -22354.8 673.792 -2.81749
4490 1375.95 -19750.6 672.457 -2.81728
4500 1404.68 -18113.1 670.772 -2.81688
4510 1413.62 -13447.4 668.785 -2.81629
4520 1419.75 -9892.78 666.584 -2.81543
4530 1487.14 -7095.91 664.244 -2.81436
4540 1516.46 -4718.05 661.819 -2.81317
4550 1573.48 -186.444 659.363 -2.81194
4560 1611.51 3903.29 656.955 -2.81067
4570 1628.17 9386.67 654.674 -2.8095
4580 1645.76 13245 652.609 -2.80846
4590 1684.94 13167.3 650.819 -2.80772
4600 1731.44 11123.8 649.299 -2.80749
4610 1706.17 8734.69 648.01 -2.80778
4620 1632.97 7541.68 646.907 -2.80844
4630 1561.98 7032.43 645.961 -2.8092
4640 1463.21 7819.49 645.164 -2.80983
4650 1449.71 7661.46 644.521 -2.81017
4660 1573.57 4723.77 644.024 -2.81032
4670 1729.58 3920.17 643.626 -2.81058
4680 1802.28 5086.71 643.312 -2.81127
4690 1766.31 3797.1 643.095 -2.81252
4700 1688.78 4270.64 642.957 -2.81411
4710 1704.35 1300.79 642.895 -2.81584
4720 1777.3 -2089.44 642.864 -2.81782
4730 1780.37 -4537.29 642.804 -2.82015
4740 1724.12 -7362.51 642.672 -2.82271
4750 1704.97 -10647.7 642.419 -2.82536
4760 1729.6 -11545.7 641.996 -2.82808
4770 1863.95 -13944.1 641.382 -2.83113
4780 1943.64 -12931.7 640.548 -2.83489
4790 1866.98 -7983.32 639.518 -2.83918
4800 1631.52 -2779.2 638.375 -2.84328
4810 1366.72 3719.45 637.213 -2.84628
4820 1336.42 2425.13 636.126 -2.84815
4830 1554.76 -2321.89 635.099 -2.84955
4840 1733.87 -4551.45 634.061 -2.85099
4850 1777.78 -3158.13 632.973 -2.85276
4860 1708.43 1128.94 631.862 -2.85479
4870 1553.51 7076.33 630.797 -2.85667
4880 1379.79 11230.2 629.871 -2.85797
4890 1347.61 12837.3 629.15 -2.85871
4900 1367.56 11778.5 628.656 -2.85891
4910 1511.4 7465.2 628.365 -2.85882
4920 1559.87 5639.26 628.213 -2.85865
4930 1519.66 4213.51 628.162 -2.85851
4940 1517.97 -670.841 628.183 -2.85835
4950 1475.42 -1420.86 628.204 -2.85812
4960 1427.79 136.868 628.21 -2.85776
4970 1427.14 -725.747 628.217 -2.85722
4980 1434.89 -122.055 628.221 -2.85646
4990 1586.99 -1612.96 628.226 -2.85557
5000 1801.14 -6296.23 628.202 -2.85483
5010 1882.33 -6807.17 628.088 -2.8548
5020 1750.21 -2704.43 627.876 -2.85561
5030 1580.77 1913.03 627.628 -2.85671
5040 1523.29 7176.08 627.424 -2.8577
5050 1492.22 10415 627.344 -2.85847
5060 1468.91 10002.1 627.437 -2.85903
5070 1454.97 7590.02 627.698 -2.85935
5080 1490.25 6074.19 628.088 -2.85946
5090 1570.71 4738.82 628.578 -2.85943
5100 1697 3120.03 629.146 -2.85948
5110 1743.3 2918.13 629.765 -2.85988
5120 1636.98 4352.24 630.433 -2.86068
5130 1432.32 8625.54 631.176 -2.86154
5140 1270.84 12532.9 632.058 -2.8621
5150 1216.51 13688.2 633.14 -2.86215
5160 1341.93 9767.05 634.436 -2.86167
5170 1484.76 3295.22 635.883 -2.86065
5180 1542.95 -558.686 637.377 -2.8594
5190 1579.35 -2383.17 638.851 -2.8582
5200 1618.16 -4319.31 640.27 -2.85717
5210 1561.11 -3434.04 641.606 -2.85638
5220 1374.56 -768.191 642.874 -2.85578
5230 1215.88 -687.605 644.113 -2.85501
5240 1321.72 -4653.19 645.322 -2.85376
5250 1564.99 -12446 646.431 -2.85191
5260 1742.43 -18120.2 647.316 -2.85003
5270 1785.36 -21964 647.877 -2.84879
5280 1716.45 -21840.8 648.054 -2.84842
5290 1589.65 -18196.7 647.853 -2.84866
5300 1414.19 -11700.7 647.344 -2.84901
5310 1213.89 -3453.79 646.645 -2.84898
5320 1146.71 -94.0525 645.893 -2.84833
5330 1323.2 -2167.62 645.148 -2.84706
5340 1509.39 -5148.21 644.38 -2.84533
5350 1582.7 -5854.14 643.542 -2.84362
5360 1535.28 -3697.31 642.627 -2.84218
5370 1523.95 -4462.28 641.664 -2.84095
5380 1605.69 -7726.67 640.64 -2.83989
5390 1707.24 -9730.25 639.508 -2.83915
5400 1803.58 -10241.2 638.235 -2.83896
5410 1837.58 -8573.06 636.817 -2.83952
5420 1732.23 -1765.19 635.293 -2.84062
5430 1681.34 2211.63 633.767 -2.84185
5440 1743.11 672.695 632.301 -2.84329
5450 1686.04 3537.01 630.888 -2.84497
5460 1550.07 6125.04 629.562 -2.84658
5470 1394.26 8845.91 628.367 -2.84773
5480 1366.26 6098.65 627.336 -2.84835
5490 1467.38 2615.56 626.428 -2.84862
5500 1509.14 3583.44 625.589 -2.84868
5510 1477.8 5914.32 624.829 -2.84858
5520 1533.1 7610.54 624.184 -2.84835
5530 1557.6 10877.9 623.682 -2.84807
5540 1515.92 14196.5 623.37 -2.84784
5550 1488.49 16054.3 623.3 -2.84761
5560 1530.05 15204.5 623.495 -2.84738
5570 1549.58 13735.2 623.942 -2.84718
5580 1531.53 10657.5 624.609 -2.84707
5590 1436.93 11683.1 625.456 -2.84693
5600 1505.88 7066.87 626.48 -2.84668
5610 1631.4 2663.64 627.613 -2.84626
5620 1720.72 2108.21 628.786 -2.84604
5630 1749.2 2019.87 629.986 -2.84627
5640 1706.9 1741.27 631.21 -2.84698
5650 1579.89 3326.19 632.456 -2.84795
5660 1438.51 5638.86 633.749 -2.84884
5670 1500.33 1514.53 635.116 -2.84941
5680 1669.55 -4368.1 636.493 -2.84972
5690 1688.09 -5973.73 637.791 -2.85016
5700 1596.58 -4416.93 638.979 -2.85083
5710 1553.45 -3630.14 640.08 -2.85154
5720 1555.64 -3569.7 641.108 -2.85217
5730 1565.63 -4200.42 642.064 -2.85271
5740 1583.55 -5565.38 642.938 -2.85322
5750 1553.36 -5175.23 643.712 -2.85368
5760 1588.25 -5784.78 644.389 -2.85414
5770 1647.2 -5935.71 644.962 -2.85463
5780 1646.89 -3899.72 645.431 -2.85532
5790 1523.92 378.244 645.835 -2.85611
5800 1378.98 1387.78 646.24 -2.85668
5810 1357.35 -1275.62 646.662 -2.85683
5820 1353.66 -506.04 647.068 -2.85655
5830 1335.98 878.061 647.464 -2.85592
5840 1305.39 1593.99 647.873 -2.85497
5850 1349.04 571.076 648.308 -2.85368
5860 1471.61 -2522.73 648.748 -2.85207
5870 1610.88 -6891.3 649.139 -2.85034
5880 1701.56 -10605.1 649.41 -2.84887
5890 1673.54 -8703.67 649.503 -2.84794
5900 1591.24 -7694.54 649.445 -2.84749
5910 1436.16 -5789.52 649.257 -2.84721
5920 1302.7 -822.46 648.98 -2.84676
5930 1311.95 456.514 648.692 -2.84592
5940 1430.07 -2344.7 648.415 -2.8447
5950 1557.11 -5431.45 648.105 -2.8433
5960 1624.64 -6155.01 647.714 -2.84202
5970 1722.78 -8481.98 647.223 -2.84112
5980 1757.37 -8552.96 646.598 -2.84078
5990 1687.4 -3809.21 645.849 -2.84098
6000 1614.6 -2771.84 645.043 -2.84145
6010 1520.7 -1914.11 644.208 -2.84201
6020 1382.19 164.951 643.359 -2.84235
6030 1274.26 2126.49 642.533 -2.84224
6040 1313.15 1657.58 641.757 -2.84165
6050 1480.29 350.055 641.026 -2.84064
6060 1595.96 7.34783 640.319 -2.8395
6070 1665.78 -808.35 639.628 -2.83858
6080 1673.58 -13.3524 638.943 -2.83803
6090 1670.79 283.756 638.273 -2.83786
6100 1644.69 -814.471 637.623 -2.83801
6110 1574.81 -1463.52 636.976 -2.83837
6120 1528.97 -1294.62 636.321 -2.83873
6130 1594.37 -2784.86 635.656 -2.83903
6140 1704.17 -5517.09 634.958 -2.83948
6150 1740.43 -3454.09 634.191 -2.84028
6160 1670.13 3502.88 633.392 -2.84136
6170 1525.03 8719.67 632.667 -2.84241
6180 1384.38 11737.9 632.102 -2.84314
6190 1393.84 13276.7 631.748 -2.84342
6200 1620.22 8362.17 631.616 -2.84347
6210 1772.48 4646.27 631.636 -2.8437
6220 1737.02 5607.08 631.746 -2.84445
6230 1576.11 9850.14 631.959 -2.84552
6240 1403.97 14060.6 632.341 -2.84647
6250 1323.84 18596.8 632.961 -2.84708
6260 1362.83 21069.9 633.888 -2.84735
6270 1498.27 17331.8 635.156 -2.84739
6280 1546.21 10913.2 636.706 -2.84725
6290 1472.83 8631 638.435 -2.84705
6300 1411.46 6956.95 640.299 -2.84674
6310 1509.8 1955.22 642.261 -2.84616
6320 1612.38 -2290.86 644.24 -2.84533
6330 1641.15 -4155.07 646.165 -2.8446
6340 1638.1 -6391.56 647.999 -2.84411
6350 1653.03 -8405.34 649.703 -2.84383
6360 1643.09 -8662.9 651.244 -2.84379
6370 1556.62 -5655.92 652.623 -2.84397
6380 1564.84 -6228.98 653.882 -2.84418
6390 1689.2 -11368.8 655.009 -2.84441
6400 1663.8 -16986.5 655.922 -2.84482
6410 1555.65 -20489.6 656.523 -2.84539
6420 1499.19 -21448.8 656.752 -2.84598
6430 1510.63 -20044.5 656.598 -2.84653
6440 1544.07 -19288 656.087 -2.84706
6450 1562.14 -19405.7 655.238 -2.84766
6460 1501.6 -17324.6 654.062 -2.84833
6470 1412.67 -15171.8 652.599 -2.84887
6480 1331.3 -12183.4 650.897 -2.84912
6490 1311.22 -7320.77 649.016 -2.84887
6500 1421.41 -5716.94 647.038 -2.84811
6510 1524.04 -5938.94 644.998 -2.84714
6520 1433.65 186.599 642.908 -2.84608
6530 1371.16 4220.55 640.862 -2.84476
6540 1518.56 1545.14 638.921 -2.84327
6550 1567.2 2357.02 637.054 -2.84182
6560 1512.94 5761.09 635.271 -2.84047
6570 1461.42 9149.81 633.624 -2.83916
6580 1437.46 12455.9 632.165 -2.83777
6590 1478.95 13891.8 630.946 -2.83627
6600 1552.07 12565.2 629.981 -2.83483
6610 1486.93 14000.8 629.252 -2.83355
6620 1342.19 20266.8 628.783 -2.83237
6630 1361.01 21446 628.655 -2.8311
6640 1586.84 16239.2 628.881 -2.82969
6650 1687.96 12397.1 629.383 -2.82843
6660 1618.24 13125.1 630.097 -2.82767
6670 1653.55 9358.66 631.019 -2.82731
6680 1692.65 7995.01 632.094 -2.82722
6690 1688.13 10138.8 633.301 -2.82756
6700 1695.43 9250.07 634.664 -2.8283
6710 1715.61 7865.41 636.173 -2.82934
6720 1696.43 5726.84 637.799 -2.83067
6730 1604.1 4608.55 639.511 -2.83208
6740 1649.16 1172.59 641.281 -2.83345
6750 1617.39 794.476 643.06 -2.83477
6760 1575.37 684.679 644.836 -2.83606
6770 1567.67 -1691.14 646.601 -2.83721
6780 1445.59 -1438.68 648.325 -2.83811
6790 1356.69 -3600.65 650.001 -2.83859
6800 1312.47 -6044.89 651.595 -2.83853
6810 1272.34 -8256.91 653.064 -2.83794
6820 1245.02 -9026.76 654.371 -2.83687
6830 1307.59 -9760.88 655.502 -2.83535
6840 1490.73 -11970.7 656.441 -2.83344
6850 1683.07 -14239.7 657.155 -2.83146
6860 1661.58 -11365.6 657.612 -2.82994
6870 1472.31 -4438.99 657.869 -2.82897
6880 1433.34 -6291.26 658.032 -2.82814
6890 1431.76 -7347.97 658.085 -2.82715
6900 1480.44 -10298.6 658.005 -2.82607
6910 1600.41 -14952 657.741 -2.825
6920 1689.18 -17371.9 657.218 -2.82424
6930 1599.78 -14809.4 656.403 -2.82397
6940 1427 -11392.6 655.34 -2.82391
6950 1321.63 -6759.39 654.097 -2.82365
6960 1205.7 1379.94 652.764 -2.8229
6970 1124.85 10042.6 651.484 -2.82151
6980 1210.73 13077.3 650.402 -2.81948
6990 1401.28 12519.4 649.569 -2.81689
7000 1482.11 13187.1 648.98 -2.81413
7010 1399.09 15966.6 648.645 -2.81161
7020 1330.15 15869 648.598 -2.80935
7030 1458.75 9651.97 648.829 -2.80706
7040 1643.14 598.581 649.228 -2.80465
7050 1740.7 -4898.71 649.643 -2.80257
7060 1762.16 -5085.18 649.98 -2.80118
7070 1863.58 -6529.19 650.225 -2.80059
7080 1880.56 -5699.67 650.358 -2.80093
7090 1735.17 3452.04 650.411 -2.80202
7100 1697 7244.09 650.521 -2.80344
7110 1748.95 7034.99 650.759 -2.80511
7120 1696.07 8059.03 651.128 -2.80707
7130 1531.01 10396.5 651.644 -2.80899
7140 1504.71 7718.22 652.336 -2.81057
7150 1658.93 3643.43 653.16 -2.81195
7160 1685.35 2726.77 654.05 -2.8134
7170 1592.73 1045.59 654.981 -2.81492
7180 1494.37 -1016.55 655.923 -2.81619
7190 1564.89 -5713.09 656.836 -2.81715
7200 1692.96 -10086.1 657.638 -2.81802
7210 1704.68 -9219.09 658.259 -2.81915
7220 1650.35 -8101.54 658.709 -2.82046
7230 1748.77 -11699.1 659.003 -2.82196
7240 1751.76 -13921.5 659.088 -2.8238
7250 1581.17 -12688.3 658.927 -2.82581
7260 1464.14 -10610.6 658.545 -2.82752
7270 1494.59 -9789.58 657.979 -2.82884
7280 1603.69 -12084.5 657.243 -2.82998
7290 1664.39 -12954.2 656.308 -2.83123
7300 1630.34 -11630.2 655.163 -2.83266
7310 1477.1 -5708.98 653.84 -2.83399
7320 1294.6 -224.505 652.442 -2.83471
7330 1304.03 750.009 651.062 -2.8348
7340 1321.88 1505.29 649.722 -2.83436
7350 1329.86 6113.35 648.445 -2.83345
7360 1385.26 8535.79 647.298 -2.83212
7370 1445.32 6018.24 646.317 -2.83059
7380 1378.03 7877.11 645.473 -2.82901
7390 1318.64 8401.69 644.781 -2.82737
7400 1352.9 6285.71 644.25 -2.82553
7410 1524.5 1062.57 643.836 -2.8235
7420 1671.98 -2786.06 643.456 -2.82151
7430 1669.36 -3810.49 643.043 -2.81999
7440 1612.87 -2288.51 642.58 -2.81901
7450 1596.96 -1597.12 642.089 -2.81833
7460 1681 -2710.95 641.581 -2.81789
7470 1790.8 -4705.03 641.039 -2.81786
7480 1827.24 -5543.25 640.432 -2.8185
7490 1741.02 -3349.98 639.75 -2.81975
7500 1596.52 -104.271 639.029 -2.82118
7510 1542.26 2562.7 638.323 -2.82242
7520 1563.73 1724.52 637.67 -2.82352
7530 1447.87 4753.42 637.071 -2.82437
7540 1459.39 2395.28 636.559 -2.82489
7550 1550.01 -1471.41 636.098 -2.82523
7560 1513.16 3222.75 635.64 -2.82545
7570 1560.73 3664.37 635.241 -2.82558
7580 1676.61 4274.21 634.916 -2.82577
7590 1706.27 8092.43 634.681 -2.8262
7600 1687.15 9198.42 634.587 -2.82702
7610 1540.18 12696.6 634.662 -2.82796
7620 1526.87 11915.7 634.95 -2.82883
7630 1581.24 8985.48 635.438 -2.82958
7640 1641.67 6568.51 636.079 -2.83035
7650 1656.63 4023.27 636.83 -2.83125
7660 1561.06 5162.54 637.651 -2.83224
7670 1468.88 4235.84 638.551 -2.83309
7680 1492.79 -137.452 639.513 -2.83363
7690 1559.37 -6467.25 640.462 -2.8339
7700 1579.05 -10166.4 641.296 -2.83407
7710 1524.25 -9353.73 641.954 -2.83425
7720 1454.56 -7255.68 642.448 -2.83437
7730 1383.8 -3830.04 642.816 -2.83427
7740 1404.8 -2174.92 643.115 -2.8339
7750 1478.35 -3058.43 643.373 -2.83325
7760 1612.02 -5379.92 643.577 -2.83252
7770 1703.97 -5866.04 643.694 -2.83197
7780 1731.65 -8382.98 643.707 -2.83186
7790 1728.11 -8973.67 643.585 -2.83225
7800 1728.35 -8453.75 643.315 -2.83307
7810 1746.53 -9346.55 642.906 -2.83432
7820 1641.96 -5693.52 642.354 -2.83585
7830 1450.82 -698.552 641.72 -2.83721
7840 1354.71 -786.399 641.08 -2.83806
7850 1359.95 -3351.87 640.437 -2.83843
7860 1372.11 -1823.54 639.758 -2.83836
7870 1371.54 284.071 639.065 -2.83792
7880 1480.35 -1312.09 638.386 -2.83715
7890 1683.01 -1546.86 637.703 -2.83634
7900 1628.79 2339.06 637.016 -2.83576
7910 1628.79 3731.52 636.382 -2.83549
7920 1581.96 3311.23 635.824 -2.83541
7930 1569 4063.9 635.339 -2.83542
7940 1642.01 1248.68 634.929 -2.83552
7950 1728.65 -572.53 634.555 -2.83587
7960 1765.12 323.384 634.187 -2.83663
7970 1779.81 -1779.36 633.831 -2.83788
7980 1751.62 -1536.32 633.461 -2.83957
7990 1691.64 1328.49 633.081 -2.84149
8000 1592.48 4062.6 632.733 -2.8434
8010 1415.91 8920.74 632.469 -2.84497
8020 1239.88 15221.7 632.366 -2.8459
8030 1157.56 16740.3 632.518 -2.84615
8040 1207.54 14479.4 632.951 -2.84577
8050 1353.28 11214.4 633.626 -2.84483
8060 1526.15 4667.12 634.479 -2.84347
8070 1602.58 779.729 635.411 -2.84204
8080 1587.7 1023.75 636.357 -2.84085
8090 1592.17 -195.911 637.312 -2.83994
8100 1602.63 -3301.58 638.252 -2.83923
8110 1513.67 -3697.49 639.134 -2.83865
8120 1524.14 -6257.35 639.944 -2.83812
8130 1599.03 -10552 640.636 -2.83754
8140 1613.09 -9438.91 641.151 -2.83712
8150 1618.93 -7239.96 641.503 -2.83694
8160 1640.12 -6371.02 641.728 -2.83698
8170 1635.79 -4761.89 641.847 -2.83724
8180 1654.7 -4730.9 641.883 -2.83769
8190 1711.74 -3807.33 641.845 -2.83836
8200 1805.95 -4212.13 641.745 -2.83943
8210 1860.44 -4027.17 641.582 -2.8411
8220 1826.14 -2473.76 641.359 -2.84336
8230 1819.68 -529.191 641.104 -2.84606
8240 1823.83 1111.16 640.85 -2.84913
8250 1741.85 2032.21 640.624 -2.85243
8260 1525.78 6567.85 640.449 -2.85543
8270 1336.56 9773.33 640.393 -2.85762
8280 1288.76 8319.79 640.504 -2.85896
8290 1369.16 3982.91 640.76 -2.85964
8300 1506.23 -3768.01 641.079 -2.85988
8310 1619.3 -9759.23 641.338 -2.85997
8320 1676.21 -14496.3 641.431 -2.86023
8330 1613.99 -15644.6 641.282 -2.86079
8340 1554.6 -14524.6 640.875 -2.86144
8350 1711.45 -17015.5 640.22 -2.86225
8360 1781.08 -15999.4 639.295 -2.86349
8370 1689.39 -10885.9 638.121 -2.86515
8380 1550.44 -4932.67 636.786 -2.86676
8390 1427.18 780.626 635.394 -2.86798
8400 1238.69 7071.84 634.043 -2.86849
8410 1164 10292.3 632.835 -2.8682
8420 1274.69 9585.48 631.819 -2.86728
8430 1369.23 9171.95 630.984 -2.86589
8440 1352.12 7854.07 630.319 -2.86428
8450 1341.12 6739.15 629.803 -2.86254
8460 1370.14 1191.58 629.405 -2.86065
8470 1382.92 -577.406 629.043 -2.85863
8480 1532.21 -1598.79 628.683 -2.8565
8490 1804.28 -6359.29 628.299 -2.85444
8500 1860.24 -4008.78 627.835 -2.85311
8510 1718.03 271.232 627.32 -2.85274
8520 1543.59 3505.67 626.82 -2.85283
8530 1421.4 8635.6 626.395 -2.85286
8540 1452.83 9282.71 626.118 -2.85262
8550 1621.52 4721.46 625.996 -2.85226
8560 1796.81 285.431 625.96 -2.85211
8570 1901.04 -3838.41 625.934 -2.85266
8580 1861.52 -3033.45 625.86 -2.85408
8590 1782.26 -663.618 625.746 -2.85608
8600 1772.34 -2170.8 625.622 -2.85843
8610 1765.49 -3073.84 625.473 -2.86104
8620 1715.06 -2555.16 625.283 -2.8638
8630 1675.87 -3078.46 625.058 -2.86652
8640 1659.48 -2871.94 624.792 -2.86914
8650 1646.49 -1398.34 624.492 -2.87164
8660 1617.94 -1830.69 624.175 -2.874
8670 1533.95 894.306 623.843 -2.87606
8680 1473.2 1038.56 623.532 -2.87772
8690 1409.28 1173.91 623.249 -2.8789
8700 1356.11 2608.16 622.995 -2.87959
8710 1303.57 3396.61 622.791 -2.87976
8720 1289.43 4845.63 622.652 -2.87944
8730 1406.56 2733.04 622.594 -2.87865
8740 1614.19 -540.42 622.583 -2.87762
8750 1650.74 -1326.88 622.573 -2.87672
8760 1590.22 1400.05 622.552 -2.87621
8770 1509.79 5987.19 622.563 -2.87586
8780 1458.53 10475.4 622.676 -2.87554
8790 1330.59 15877.5 622.965 -2.8751
8800 1244.98 18581.1 623.512 -2.87447
8810 1429.79 12707.9 624.348 -2.87347
8820 1641.39 6750.36 625.389 -2.87211
8830 1716.34 3243.74 626.536 -2.87095
8840 1661.8 1781.91 627.732 -2.87028
8850 1617.67 802.162 628.95 -2.87001
8860 1467.05 2635.38 630.176 -2.86992
8870 1294.82 4576.26 631.436 -2.86975
8880 1191.96 5685.43 632.762 -2.86921
8890 1208.22 4398.18 634.17 -2.86818
8900 1323.76 -1850.82 635.629 -2.86651
8910 1409.49 -6627.43 637.048 -2.86433
8920 1437.67 -8770.88 638.344 -2.86196
8930 1459.93 -9484.98 639.481 -2.85963
8940 1590.29 -10736.5 640.443 -2.85736
8950 1700.14 -7717.15 641.22 -2.85538
8960 1636.1 -3146.41 641.861 -2.854
8970 1610.86 -2151.03 642.438 -2.85313
8980 1599.52 -1958.32 642.976 -2.85254
8990 1541.57 -1292.7 643.479 -2.85214
9000 1477.35 -2385.69 643.955 -2.85179
9010 1454.59 -3553.28 644.387 -2.85132
9020 1536.22 -6828.87 644.754 -2.85073
9030 1597.79 -7850.75 645.006 -2.85014
9040 1581.18 -9773.47 645.119 -2.84974
9050 1423.98 -7032.15 645.073 -2.84947
9060 1245.32 -236.57 644.917 -2.84898
9070 1349.38 -2300.76 644.749 -2.84807
9080 1522.33 -7812.42 644.542 -2.84676
9090 1641.86 -10117.9 644.212 -2.8455
9100 1613.07 -8496.78 643.723 -2.84458
9110 1535.46 -6760.42 643.098 -2.84396
9120 1468.58 -5664.61 642.37 -2.84344
9130 1466.12 -5838.17 641.557 -2.84285
9140 1492.03 -3606.44 640.665 -2.84216
9150 1534.91 142.921 639.733 -2.84137
9160 1621.72 487.114 638.818 -2.84061
9170 1692.89 512.039 637.931 -2.84008
9180 1766.67 -962.487 637.071 -2.84001
9190 1736.65 -3292.69 636.213 -2.84051
9200 1633.63 -3669.06 635.322 -2.84139
9210 1615.33 -3420.7 634.388 -2.84238
9220 1624.42 -1627.98 633.419 -2.84341
9230 1544.04 517.454 632.445 -2.84437
9240 1432.11 3043.77 631.501 -2.84511
9250 1350.14 6821.46 630.631 -2.84538
9260 1483.81 4785.82 629.884 -2.84523
9270 1757.57 1652.46 629.233 -2.84503
9280 1926.18 -1508.76 628.626 -2.84543
9290 1879.26 363.64 628.018 -2.84678
9300 1795.56 785.112 627.428 -2.84879
9310 1742.96 306.182 626.866 -2.85114
9320 1653.9 1153.92 626.325 -2.85355
9330 1559.45 1384.14 625.817 -2.85575
9340 1531.71 2324.2 625.346 -2.8576
9350 1582.58 1698.6 624.924 -2.85917
9360 1642.77 1136.2 624.541 -2.86068
9370 1633.57 3725.11 624.193 -2.86219
9380 1564.58 5940.85 623.916 -2.86363
9390 1521.42 7855.96 623.748 -2.86486
9400 1507.95 8156.12 623.712 -2.86586
9410 1465.38 9622.54 623.818 -2.86663
9420 1397.23 10166.1 624.084 -2.86713
9430 1278.16 12476.9 624.52 -2.86725
9440 1229.28 13955.2 625.16 -2.86696
9450 1287.27 10005.9 626.017 -2.86618
9460 1270.5 9347.87 627.04 -2.86496
9470 1222.53 10498.3 628.21 -2.8635
9480 1257.71 8725.13 629.541 -2.86172
9490 1456.12 3633.93 631.002 -2.85945
9500 1693.05 -2636.17 632.51 -2.85681
9510 1796.87 -7506.48 633.961 -2.85447
9520 1682.25 -6673.8 635.283 -2.85297
9530 1515.25 -4972.06 636.482 -2.85213
9540 1463.97 -5028.36 637.583 -2.8514
9550 1606.47 -7991.84 638.584 -2.8506
9560 1766.63 -10491.3 639.442 -2.84994
9570 1831.24 -14054.2 640.111 -2.8499
9580 1641.37 -9732.31 640.547 -2.85051
9590 1430.3 -2846 640.819 -2.85121
9600 1478.71 -4369.28 641.028 -2.85163
9610 1570.02 -5589.93 641.166 -2.85185
9620 1547.96 -4588.86 641.213 -2.85206
9630 1452.25 -4168 641.185 -2.85223
9640 1354.28 -2442.16 641.093 -2.85214
9650 1452.7 -5131 640.959 -2.85172
9660 1597.52 -10308.1 640.738 -2.85115
9670 1579.6 -11535.1 640.354 -2.85073
9680 1501.03 -10797.7 639.785 -2.85049
9690 1499.31 -7918 639.049 -2.85022
9700 1647.38 -8609.06 638.186 -2.84993
9710 1773.54 -8563.1 637.198 -2.84995
9720 1667.68 -3809.57 636.092 -2.85045
9730 1442.89 3262.96 634.949 -2.85095
9740 1420.25 6372.92 633.879 -2.85109
9750 1518.93 4855.98 632.932 -2.85092
9760 1623.8 3645.22 632.088 -2.85075
9770 1592.73 2502.3 631.324 -2.85074
9780 1515.36 1109.86 630.62 -2.8508
9790 1655.41 -3191.55 629.946 -2.85092
9800 1755.4 -3437.33 629.241 -2.85132
9810 1674.26 -1250.36 628.499 -2.85212
9820 1551.2 3327.34 627.758 -2.85302
9830 1507.75 4215.98 627.084 -2.85373
9840 1551.69 1950.04 626.49 -2.8543
9850 1590.3 1703.9 625.949 -2.8548
9860 1694.79 -3032.35 625.441 -2.8554
9870 1801.63 -9315.86 624.894 -2.85642
9880 1731.73 -8286.44 624.22 -2.85799
9890 1534.61 -2399.67 623.433 -2.85963
9900 1364.62 3948.58 622.626 -2.86078
9910 1297.41 7423.11 621.897 -2.86127
9920 1353.74 7824.83 621.3 -2.86119
9930 1446.14 7025.73 620.843 -2.86073
9940 1549.92 3973.5 620.509 -2.8601
9950 1596.24 2673.09 620.252 -2.85954
9960 1579.48 2354.11 620.049 -2.85914
9970 1541.23 4441.6 619.895 -2.85888
9980 1491.23 8502.5 619.824 -2.85863
9990 1457.04 8168.65 619.89 -2.85833
10000 1316.94 12340.1 620.1 -2.85786
