# Time-averaged data for fix 2
# TimeStep c_mytemp c_mypress v_vmyvol v_avgEtotal
10 1503.89 9990.84 616.552 -2.87525
20 1441.41 11689.5 616.732 -2.87529
30 1375.25 12677.3 617.106 -2.87526
40 1243.43 17918.5 617.695 -2.87509
50 1152.66 20318.8 618.57 -2.87468
60 1356.13 14286.3 619.759 -2.87386
70 1542.61 9238.2 621.171 -2.8726
80 1555.03 10080.5 622.73 -2.87154
90 1496.95 9472.29 624.437 -2.87087
100 1378.93 10317.2 626.283 -2.87038
110 1262.95 11311.2 628.282 -2.86993
120 1255.18 7373.19 630.439 -2.86917
130 1401.82 -238.464 632.689 -2.86784
140 1557 -8919.41 634.901 -2.86597
150 1623.57 -14439.8 636.931 -2.86408
160 1546.59 -14203.1 638.688 -2.86262
170 1426.06 -11671.9 640.171 -2.86158
180 1234.04 -6455.69 641.429 -2.86068
190 1049.26 -459.246 642.557 -2.85964
200 1076.26 -955.451 643.65 -2.85818
210 1235.03 -4572.88 644.706 -2.856
220 1325.07 -5843.91 645.669 -2.85333
230 1328.47 -4692.32 646.519 -2.85059
240 1380.13 -5977.46 647.269 -2.8479
250 1452.06 -7064.5 647.901 -2.84523
260 1424.04 -6497.39 648.401 -2.84277
270 1354.78 -3953.83 648.783 -2.84061
280 1380.35 -4416.51 649.085 -2.83855
290 1546.05 -9955.99 649.298 -2.83644
300 1688.59 -14290.8 649.332 -2.83457
310 1716.87 -16025 649.114 -2.83343
320 1648.63 -14147.9 648.619 -2.83307
330 1599.86 -11968.6 647.881 -2.83323
340 1559.13 -10199.2 646.945 -2.83365
350 1511.74 -6770.99 645.851 -2.83415
360 1507.22 -4579.77 644.66 -2.83457
370 1595.56 -4760.11 643.412 -2.83499
380 1755.42 -7713.38 642.105 -2.83571
390 1884.56 -12574.8 640.69 -2.83725
400 1879.21 -12317.7 639.096 -2.83985
410 1754.91 -10594.5 637.324 -2.8431
420 1534.89 -5213.35 635.416 -2.84625
430 1342.99 517.722 633.462 -2.84853
440 1316.23 2861.76 631.558 -2.8499
450 1435.26 3599.19 629.747 -2.85071
460 1586.02 4817.42 628.042 -2.85131
470 1693.39 6574.16 626.462 -2.85204
480 1708.13 8487.46 625.032 -2.85315
490 1569.25 13394.5 623.787 -2.85443
500 1477.4 15265.8 622.794 -2.85555
510 1510.98 12692.5 622.076 -2.85651
520 1654.31 7972.12 621.588 -2.85755
530 1700.27 6545.24 621.253 -2.85892
540 1621.57 7776.63 621.045 -2.86056
550 1581.49 8548.33 620.976 -2.86227
560 1552.28 12407.1 621.062 -2.86394
570 1505.78 12895 621.355 -2.86551
580 1463.58 10279.4 621.861 -2.86691
590 1455.36 5796.83 622.535 -2.868
600 1550.2 -2197.74 623.293 -2.86886
610 1534.51 -3268.52 624.019 -2.8696
620 1532.77 -2719.39 624.685 -2.87034
630 1525.78 -3339.11 625.297 -2.87109
640 1358.01 1502.33 625.857 -2.8717
650 1168.81 8660.17 626.442 -2.87195
660 1202.83 8426.63 627.157 -2.87168
670 1400.91 5750.84 628.006 -2.87086
680 1482.43 5745.51 628.95 -2.86979
690 1374.34 7125.05 629.985 -2.86884
700 1225.11 10130.6 631.135 -2.86792
710 1218.74 9677.6 632.443 -2.86682
720 1350.47 4117.48 633.895 -2.86524
730 1486.43 -92.3388 635.406 -2.86327
740 1606.48 -5622.96 636.896 -2.86126
750 1704.49 -10543.7 638.27 -2.85954
760 1716.69 -9358.39 639.453 -2.85847
770 1704.04 -9990 640.454 -2.85815
780 1700.88 -10669.9 641.267 -2.85841
790 1670.07 -10893.4 641.884 -2.85915
800 1624.72 -11047.4 642.301 -2.86023
810 1563.39 -10396.1 642.52 -2.86146
820 1493.22 -9429.9 642.555 -2.86266
830 1393.54 -8666.35 642.425 -2.86365
840 1240.67 -5181.25 642.152 -2.8642
850 1191.95 -4815 641.791 -2.86419
860 1232.38 -6123.04 641.351 -2.86362
870 1282.51 -3602.51 640.821 -2.86262
880 1267.87 -1978.1 640.238 -2.86125
890 1364.36 -2705.85 639.632 -2.85963
900 1442.06 -5705.98 638.988 -2.85783
910 1497.46 -5086.01 638.266 -2.85611
920 1580.22 -4444.46 637.473 -2.85457
930 1658.18 -5093.67 636.619 -2.8534
940 1613.2 -2205.7 635.702 -2.85274
950 1479.64 3708.5 634.772 -2.85237
960 1445.1 10495.2 633.932 -2.85194
970 1525.41 11289.5 633.286 -2.85144
980 1545.78 12251.5 632.853 -2.85106
990 1488.22 15305 632.652 -2.85083
1000 1537.11 13191.1 632.716 -2.85073
1010 1605.99 10975.2 633.016 -2.85078
1020 1626 7223.08 633.507 -2.85111
1030 1593.27 3897.21 634.121 -2.85168
1040 1524.15 6159.86 634.81 -2.85237
1050 1523.96 7532.75 635.601 -2.8531
1060 1525.53 7378.56 636.516 -2.85384
1070 1420.88 8603.19 637.555 -2.8545
1080 1471.28 7984.06 638.734 -2.85503
1090 1516.57 4614.82 640.039 -2.85539
1100 1477.03 1889.9 641.415 -2.85568
1110 1382.9 -89.0614 642.813 -2.8558
1120 1376.87 -4672.47 644.191 -2.8556
1130 1512.62 -9787 645.469 -2.85506
1140 1590.29 -12533.5 646.559 -2.8545
1150 1572.09 -14196.5 647.414 -2.85419
1160 1578.38 -18966.8 647.997 -2.8541
1170 1593.38 -21798.3 648.234 -2.8543
1180 1616.89 -20703.2 648.082 -2.85484
1190 1687.46 -18674.9 647.561 -2.85578
1200 1706.31 -13989.5 646.717 -2.85722
1210 1539.38 -4172.89 645.65 -2.85881
1220 1383.89 2270.55 644.526 -2.85998
1230 1400.01 1872 643.456 -2.8607
1240 1440.89 1115.95 642.445 -2.86113
1250 1455.83 -365.094 641.476 -2.86139
1260 1452.66 -1530.43 640.521 -2.86153
1270 1472.23 -1745.81 639.564 -2.86156
1280 1540.17 -4316.87 638.593 -2.86159
1290 1509.54 -5373.6 637.57 -2.86171
1300 1458.16 -3582.39 636.481 -2.86184
1310 1462.62 -2873.95 635.351 -2.86187
1320 1429.42 -1731.02 634.197 -2.8618
1330 1332.57 1406.73 633.04 -2.86152
1340 1302.69 3673.83 631.934 -2.86089
1350 1418.13 31.982 630.904 -2.85997
1360 1556.06 -1019.52 629.904 -2.85897
1370 1620.9 -1275.62 628.909 -2.85817
1380 1549.03 2759.72 627.922 -2.85771
1390 1456.6 7116.99 627.006 -2.85733
1400 1532.66 4164.52 626.221 -2.85697
1410 1629.78 2110.19 625.528 -2.85675
1420 1714.03 308.159 624.889 -2.85691
1430 1803.11 -2967.25 624.269 -2.85767
1440 1858.13 -4963.45 623.617 -2.85927
1450 1822.37 -2683.93 622.906 -2.86164
1460 1740.79 178.615 622.168 -2.86448
1470 1638.67 2554.57 621.451 -2.86738
1480 1546.78 6885.39 620.797 -2.87002
1490 1527.04 11059.7 620.276 -2.87228
1500 1528.51 12198.7 619.949 -2.8743
1510 1476.07 13784.3 619.838 -2.87608
1520 1423.99 14098.7 619.963 -2.87753
1530 1489.98 9487.96 620.32 -2.87872
1540 1537.02 4797.37 620.836 -2.87975
1550 1464.94 2918.04 621.434 -2.88067
1560 1289.9 6079.58 622.086 -2.88131
1570 1171.92 6482.96 622.831 -2.88148
1580 1150.03 6068.82 623.679 -2.88106
1590 1199.23 5001.96 624.621 -2.88009
1600 1298.98 3279.05 625.639 -2.87861
1610 1496.98 -78.4029 626.7 -2.87676
1620 1675.71 -4371.53 627.75 -2.87484
1630 1712 -5268.42 628.721 -2.87345
1640 1590.41 -2581.06 629.601 -2.87278
1650 1448.03 -1537.05 630.426 -2.87249
1660 1387.03 -1937.88 631.216 -2.87216
1670 1464.18 -3678.59 631.965 -2.87164
1680 1564.13 -4381.98 632.646 -2.87106
1690 1628.05 -5409.18 633.247 -2.87068
1700 1663.91 -8959.42 633.746 -2.87065
1710 1681.55 -12088.2 634.088 -2.87102
1720 1698.86 -13864.8 634.221 -2.87186
1730 1721.37 -15125.7 634.117 -2.87318
1740 1720.72 -15807.2 633.756 -2.875
1750 1627.54 -12438.7 633.137 -2.87718
1760 1430.19 -5667.88 632.322 -2.87915
1770 1270.04 -871.066 631.425 -2.88046
1780 1199.54 -237.584 630.525 -2.88103
1790 1205.72 -524.917 629.64 -2.88095
1800 1314.02 -1721.99 628.763 -2.88035
1810 1473.1 -4138.06 627.873 -2.87943
1820 1550.8 -3583.67 626.938 -2.87849
1830 1591.03 -2891.15 625.962 -2.87777
1840 1623.24 -272.906 624.962 -2.87733
1850 1688.56 2317.55 623.979 -2.87724
1860 1587.14 8365.75 623.064 -2.87751
1870 1374.09 14518.4 622.311 -2.87775
1880 1383.76 13944.9 621.81 -2.87776
1890 1491.97 8761.48 621.55 -2.87759
1900 1585.56 5001.47 621.448 -2.87747
1910 1573.96 2308.85 621.439 -2.87754
1920 1539.01 -778.409 621.474 -2.87778
1930 1542.7 -2268.47 621.504 -2.87808
1940 1599.27 -2918.34 621.501 -2.87848
1950 1634.53 -3273.17 621.456 -2.87908
1960 1616.39 -2901.4 621.364 -2.87991
1970 1656.04 -5116.78 621.225 -2.88097
1980 1669.2 -6151.3 621.012 -2.88232
1990 1600.47 -6150.87 620.704 -2.88389
2000 1523.44 -4508.08 620.307 -2.88541
2010 1570.36 -3761.19 619.844 -2.88682
2020 1594.59 -321.44 619.336 -2.88822
2030 1500.24 2794.13 618.835 -2.88959
2040 1365.05 5923.43 618.394 -2.89059
2050 1473.01 2739.4 618.055 -2.89123
2060 1684.38 -4149.6 617.764 -2.89187
2070 1697.58 -3655.48 617.427 -2.8929
2080 1586.14 1292.21 617.047 -2.89422
2090 1483.92 6599.05 616.699 -2.89544
2100 1494.19 9218.86 616.469 -2.89645
2110 1554.02 8011.7 616.394 -2.89738
2120 1503.68 8335.79 616.461 -2.89829
2130 1400.35 7904.24 616.669 -2.89906
2140 1373.58 5920.13 617.008 -2.89951
2150 1446.35 2784.41 617.444 -2.89966
2160 1484.99 -526.286 617.925 -2.89964
2170 1443.95 -222.677 618.401 -2.89955
2180 1401.42 1133.38 618.874 -2.89937
2190 1384.78 539.4 619.361 -2.89901
2200 1364.43 1709.15 619.858 -2.89846
2210 1390.4 1972.04 620.381 -2.89771
2220 1464.03 -136.374 620.93 -2.89682
2230 1485.65 -661.344 621.479 -2.89589
2240 1472.07 -1839.25 622.011 -2.89505
2250 1447.56 -814.665 622.516 -2.89425
2260 1490.01 -4292.6 622.998 -2.89345
2270 1577.21 -7205.2 623.406 -2.89269
2280 1635.57 -8607.45 623.696 -2.89218
2290 1690.94 -11906.3 623.837 -2.8921
2300 1649.6 -9701.79 623.79 -2.89251
2310 1568.09 -6624.19 623.585 -2.89325
2320 1474.12 -4099.92 623.277 -2.89399
2330 1469.77 -1663.46 622.909 -2.89459
2340 1489.3 -1042.75 622.521 -2.89504
2350 1434.46 251.129 622.127 -2.89537
2360 1336.74 3245.55 621.752 -2.89547
2370 1348.37 3037.01 621.437 -2.89523
2380 1422.83 579.591 621.179 -2.89473
2390 1409.63 -332.109 620.942 -2.89409
2400 1279.48 836.825 620.711 -2.89334
2410 1199.68 1683.65 620.501 -2.89233
2420 1342.51 -127.635 620.324 -2.89092
2430 1508.62 -1714.65 620.152 -2.88919
2440 1515.13 -1602.23 619.962 -2.88757
2450 1457.36 -2608.67 619.751 -2.88623
2460 1452.26 618.848 619.512 -2.88501
2470 1542.34 3012.86 619.29 -2.88386
2480 1563.27 4204.93 619.125 -2.88289
2490 1402.76 9509.27 619.045 -2.88218
2500 1250.07 12192.8 619.126 -2.88147
2510 1221.98 11596 619.41 -2.88051
2520 1287.63 8629.83 619.884 -2.87918
2530 1335.67 5382.14 620.501 -2.87752
2540 1436.67 1758.82 621.205 -2.87568
2550 1505.86 -1104.41 621.934 -2.87377
2560 1606.72 -3815.45 622.641 -2.87206
2570 1693.7 -3232.47 623.286 -2.87073
2580 1757.44 -2925.04 623.872 -2.87008
2590 1737.18 -2418.74 624.408 -2.87017
2600 1643.24 635.246 624.907 -2.87086
2610 1495.66 4759.07 625.415 -2.87178
2620 1350.7 10570.1 626.008 -2.87255
2630 1336.04 9140.85 626.766 -2.87298
2640 1399.47 7290.44 627.677 -2.87304
2650 1500.16 5132.04 628.706 -2.87287
2660 1557.89 3352.84 629.816 -2.87269
2670 1526.91 2041.62 630.977 -2.87263
2680 1423.75 1605.19 632.166 -2.87262
2690 1294.04 1002.4 633.372 -2.87244
2700 1240.43 -875.239 634.584 -2.87189
2710 1281.65 -4162.16 635.768 -2.87088
2720 1299.2 -4620.17 636.873 -2.86946
2730 1365.02 -6365.93 637.885 -2.8678
2740 1511.29 -9364.56 638.773 -2.86593
2750 1631.55 -9238.33 639.495 -2.86418
2760 1661.98 -7867.58 640.05 -2.86294
2770 1563.95 -5409.89 640.463 -2.86229
2780 1335.19 139.356 640.787 -2.8619
2790 1248.3 437.861 641.105 -2.86134
2800 1367.22 -2254.07 641.426 -2.86037
2810 1553.68 -3190.03 641.71 -2.85914
2820 1714.54 -5090.11 641.938 -2.8581
2830 1670.18 -4214.3 642.08 -2.85766
2840 1458.02 918.347 642.159 -2.85766
2850 1439.44 1162.79 642.251 -2.85763
2860 1611.37 -2962.47 642.361 -2.85753
2870 1636.15 -3354.2 642.428 -2.85766
2880 1491.64 -1547.81 642.444 -2.85803
2890 1411.67 -158.075 642.436 -2.85833
2900 1504.14 -1472.71 642.427 -2.85845
2910 1612.74 -6112.3 642.392 -2.85857
2920 1696.32 -11255.8 642.253 -2.85899
2930 1735.42 -16432 641.92 -2.85996
2940 1676.2 -18140.4 641.308 -2.86152
2950 1530.61 -14207.9 640.397 -2.8633
2960 1482.94 -12981.7 639.247 -2.86489
2970 1532.31 -13349 637.888 -2.86637
2980 1520.07 -10319.6 636.327 -2.86778
2990 1416.91 -7063.11 634.614 -2.86897
3000 1248.14 -24.162 632.82 -2.86957
3010 1257.01 2152.39 631.052 -2.86949
3020 1357.4 4538.28 629.357 -2.86887
3030 1387.78 8166.05 627.778 -2.86788
3040 1391.59 9645.75 626.366 -2.86669
3050 1408.44 11722.2 625.149 -2.86539
3060 1484.09 10746.8 624.152 -2.86405
3070 1492.21 10325.7 623.358 -2.86284
3080 1413.64 12783.8 622.763 -2.86176
3090 1446.12 11773 622.392 -2.86073
3100 1548.34 9196.29 622.228 -2.85972
3110 1637.82 8802.06 622.23 -2.85895
3120 1633.75 10454.5 622.39 -2.85862
3130 1540.37 13236.8 622.732 -2.8587
3140 1427.71 18014 623.301 -2.85897
3150 1387.49 21529.3 624.171 -2.85925
3160 1382.28 21763.9 625.396 -2.85949
3170 1341.6 21440.7 626.98 -2.85966
3180 1304.41 21857.8 628.92 -2.85973
3190 1437.88 17123.1 631.212 -2.85961
3200 1592.9 8381.16 633.775 -2.85911
3210 1607.89 3740.12 636.469 -2.85857
3220 1538.17 -1014.03 639.205 -2.85818
3230 1509.42 -7821.45 641.894 -2.85766
3240 1526.19 -11820.7 644.42 -2.85694
3250 1528.28 -11175.5 646.717 -2.8563
3260 1546.98 -13120.2 648.781 -2.85578
3270 1504.22 -11696.5 650.59 -2.85538
3280 1427.81 -9011.41 652.166 -2.85513
3290 1401.29 -9824.71 653.553 -2.85476
3300 1462.02 -10182.7 654.745 -2.85426
3310 1486.91 -10889.5 655.735 -2.85368
3320 1556.67 -13606.2 656.508 -2.85317
3330 1624.13 -16461.7 657.02 -2.85286
3340 1535.96 -13706 657.23 -2.85293
3350 1373.27 -11474.1 657.185 -2.85306
3360 1459.02 -13186.9 656.922 -2.85306
3370 1542.89 -14100.5 656.424 -2.85301
3380 1572.67 -14111.6 655.677 -2.85313
3390 1639.18 -15877.2 654.682 -2.85355
3400 1665.66 -14937.5 653.42 -2.85439
3410 1619.47 -14048.5 651.907 -2.85562
3420 1511.71 -11909.1 650.172 -2.85698
3430 1432.86 -9757.91 648.256 -2.85817
3440 1380.74 -8183.41 646.202 -2.85903
3450 1379.03 -5931.49 644.045 -2.85951
3460 1439.63 -5059.52 641.826 -2.85964
3470 1522.29 -6518.76 639.561 -2.85968
3480 1570.39 -7136.04 637.233 -2.85984
3490 1652.94 -8505.76 634.829 -2.86025
3500 1758.04 -8286.46 632.334 -2.86113
3510 1825.09 -7154.4 629.754 -2.86264
3520 1802.28 -6941.09 627.108 -2.8649
3530 1667.22 -3543.5 624.412 -2.86751
3540 1459.96 2281.91 621.722 -2.86976
3550 1296.02 7661.53 619.132 -2.87104
3560 1362.63 7719.27 616.721 -2.87159
3570 1523.74 5096.1 614.489 -2.87191
3580 1597.42 4939.32 612.397 -2.87231
3590 1560.62 7753.11 610.438 -2.87281
3600 1514.45 10703 608.65 -2.87322
3610 1555.61 12512.6 607.074 -2.87359
3620 1517.03 18348.5 605.74 -2.87394
3630 1348.85 29896.2 604.74 -2.87407
3640 1273.97 36135.4 604.231 -2.8739
3650 1450.6 31610.8 604.294 -2.87369
3660 1636.7 26236.6 604.863 -2.87364
3670 1692.29 23278.2 605.849 -2.8741
3680 1572.65 24377.1 607.204 -2.87516
3690 1380.49 27004.4 608.938 -2.87651
3700 1376.7 22364.5 611.078 -2.87775
3710 1515 14544.3 613.553 -2.87856
3720 1587.61 10691.8 616.245 -2.87918
3730 1491.23 8699.44 619.085 -2.87984
3740 1213.77 11300.6 622.046 -2.88043
3750 1154.82 10114.8 625.156 -2.8807
3760 1157.69 9449.96 628.404 -2.88028
3770 1180.59 9028.95 631.777 -2.87944
3780 1359.14 2455.29 635.255 -2.87789
3790 1513.61 -4920.64 638.735 -2.87555
3800 1608.03 -11716 642.083 -2.87293
3810 1581.48 -13788.7 645.187 -2.87055
3820 1438.89 -13260.2 648.004 -2.86866
3830 1298.04 -10571.2 650.544 -2.86706
3840 1376.97 -11459.3 652.848 -2.86539
3850 1563.47 -15330.9 654.901 -2.86346
3860 1553.7 -12338.8 656.652 -2.86177
3870 1441.22 -6744.68 658.151 -2.8606
3880 1435.93 -6212.22 659.493 -2.85963
3890 1479.36 -4956.34 660.702 -2.85863
3900 1484.82 -4279.67 661.8 -2.85773
3910 1456.09 -5573.26 662.799 -2.85689
3920 1476.29 -8751.85 663.674 -2.85606
3930 1425.91 -7894.21 664.382 -2.85523
3940 1396.49 -9040.34 664.925 -2.85441
3950 1401.8 -9268.56 665.292 -2.8535
3960 1436.12 -9739.45 665.478 -2.85252
3970 1482.96 -9145.82 665.481 -2.85152
3980 1580.65 -10510.1 665.31 -2.85063
3990 1646.25 -14126.1 664.942 -2.85008
4000 1538.44 -13991.6 664.324 -2.85
4010 1370.62 -14442.1 663.454 -2.85012
4020 1340.57 -17224.9 662.327 -2.8501
4030 1561.66 -24164.4 660.893 -2.8501
4040 1663.84 -27012.1 659.045 -2.85056
4050 1607.17 -26029.8 656.738 -2.85171
4060 1488.55 -20735.4 654.01 -2.85315
4070 1429.61 -17452.8 650.962 -2.85441
4080 1412.56 -14083.1 647.671 -2.85542
4090 1393.03 -8812.45 644.213 -2.85596
4100 1384.53 -5141.22 640.683 -2.85602
4110 1415.72 182.796 637.159 -2.85557
4120 1571.96 827.205 633.722 -2.8548
4130 1736.48 341.282 630.392 -2.85426
4140 1729.61 722.6 627.158 -2.85437
4150 1530.1 7102.36 624.033 -2.85479
4160 1326.34 15450.4 621.117 -2.85465
4170 1386.62 14569.9 618.522 -2.85398
4180 1656.46 9965.01 616.232 -2.85335
4190 1897.78 7343.39 614.172 -2.85337
4200 1949.04 4923.64 612.286 -2.85463
4210 1761.81 9280.75 610.543 -2.85683
4220 1521.05 16794.4 608.999 -2.85896
4230 1320.94 23033.6 607.765 -2.86037
4240 1439.3 22925.2 606.925 -2.86125
4250 1729.95 15981.4 606.464 -2.86228
4260 1814.5 10843.6 606.276 -2.86397
4270 1668.68 11038.3 606.28 -2.8662
4280 1598.79 11424.3 606.465 -2.86846
4290 1608.6 11564.2 606.836 -2.87073
4300 1570.59 12118.6 607.39 -2.87293
4310 1564.09 11687.4 608.131 -2.87508
4320 1494.8 13736.2 609.057 -2.87705
4330 1580.66 11266.4 610.187 -2.8789
4340 1653 7671.02 611.481 -2.88076
4350 1529.22 7345.74 612.889 -2.88265
4360 1311.62 8809.88 614.4 -2.88423
4370 1160.99 10463.1 616.035 -2.88519
4380 1242.14 8729.34 617.815 -2.88549
4390 1401.63 6233.95 619.714 -2.88521
4400 1575.52 1150.79 621.687 -2.88463
4410 1702.12 -6548.74 623.647 -2.88399
4420 1678.88 -7347.84 625.481 -2.88375
4430 1508.81 -3511.62 627.172 -2.88398
4440 1432.36 -3259.98 628.774 -2.88426
4450 1444.37 -5271.58 630.293 -2.88433
4460 1436.71 -3415.97 631.708 -2.88423
4470 1499.17 -4932.55 633.039 -2.88405
4480 1518.78 -6405.54 634.265 -2.88381
4490 1454.27 -4827.34 635.368 -2.88362
4500 1428.08 -4919.83 636.371 -2.88338
4510 1548.53 -8017.73 637.269 -2.88302
4520 1705.03 -11506.5 638.014 -2.88278
4530 1727.77 -11627.2 638.554 -2.88306
4540 1663.22 -10334.4 638.887 -2.88391
4550 1624.21 -11221 639.032 -2.88507
4560 1619.91 -12321.6 638.982 -2.88643
4570 1626.37 -12078.2 638.722 -2.88797
4580 1592.12 -10173.4 638.261 -2.88964
4590 1481.04 -4348.32 637.641 -2.89121
4600 1372.49 866.084 636.961 -2.89239
4610 1253.66 5858.28 636.314 -2.893
4620 1173.49 9013.86 635.785 -2.89298
4630 1212.21 8363.94 635.423 -2.89239
4640 1365.46 4613.08 635.214 -2.89132
4650 1462.72 3657.36 635.1 -2.89002
4660 1426.57 3014.87 635.057 -2.88875
4670 1321.43 5051.46 635.078 -2.88754
4680 1293 6838.56 635.19 -2.88624
4690 1308.84 8396.15 635.426 -2.88472
4700 1313.41 7992.65 635.808 -2.88305
4710 1269.05 6517.16 636.325 -2.88126
4720 1230.24 3845.02 636.953 -2.87935
4730 1276.54 -1508.1 637.638 -2.87716
4740 1364.21 -4623.05 638.293 -2.87469
4750 1416.3 -4886.71 638.865 -2.87214
4760 1380.87 -4213.74 639.346 -2.86975
4770 1238.44 -1675.84 639.753 -2.86759
4780 1104.59 192.175 640.127 -2.86551
4790 1172.36 -1582.52 640.497 -2.86316
4800 1463.93 -7742.81 640.828 -2.86023
4810 1692.66 -10788.5 641.027 -2.8571
4820 1706.53 -8674.23 641.044 -2.85471
4830 1592.74 -6238.13 640.912 -2.85327
4840 1521.49 -2415.94 640.679 -2.85235
4850 1610.24 -2473.68 640.406 -2.85168
4860 1731.91 -3455.18 640.099 -2.85135
4870 1781.95 -3847.24 639.743 -2.85169
4880 1675.92 -1548.48 639.336 -2.85266
4890 1502.34 1346.44 638.914 -2.85383
4900 1384.73 5041.02 638.532 -2.85473
4910 1421.47 5049.8 638.245 -2.85526
4920 1503.14 4000.33 638.055 -2.85559
4930 1487.18 6225.75 637.951 -2.85586
4940 1404.95 9020.69 637.964 -2.85605
4950 1405.17 7612.69 638.136 -2.85604
4960 1509.73 6119.97 638.445 -2.85589
4970 1511.28 10463.6 638.873 -2.85577
4980 1368.96 14761.2 639.485 -2.85576
4990 1207.91 14402.8 640.349 -2.85561
5000 1116.67 13100.9 641.462 -2.85509
5010 1185.89 7803.65 642.79 -2.85403
5020 1353.41 86.971 644.242 -2.85226
5030 1459.65 -4055.24 645.684 -2.85004
5040 1471.29 -4909.52 647.044 -2.84788
5050 1550.44 -9386.81 648.293 -2.8459
5060 1538.68 -11961.8 649.362 -2.84413
5070 1454.24 -12676.8 650.203 -2.84273
5080 1436.52 -12398 650.806 -2.8415
5090 1531.45 -11542.2 651.178 -2.84035
5100 1600.31 -12390.4 651.332 -2.83942
5110 1490.87 -6983.54 651.272 -2.83883
5120 1403 -2283.2 651.09 -2.83835
5130 1528.72 -5175.24 650.86 -2.8378
5140 1624.74 -8053.15 650.545 -2.83736
5150 1536.14 -7058.74 650.1 -2.83725
5160 1354.45 -3276.63 649.543 -2.83722
5170 1343.37 -3512.04 648.932 -2.83694
5180 1420.69 -4679.88 648.272 -2.83639
5190 1490.36 -4409.18 647.545 -2.83571
5200 1602.48 -6047.21 646.752 -2.83511
5210 1649.07 -7371.87 645.871 -2.83484
5220 1702.29 -10542.4 644.872 -2.83506
5230 1747.47 -11786.1 643.71 -2.8359
5240 1708.7 -10129.8 642.367 -2.83734
5250 1611.22 -7275.83 640.874 -2.83905
5260 1571.36 -5425.32 639.283 -2.84072
5270 1674.34 -8348.08 637.623 -2.84249
5280 1678.43 -9318.87 635.854 -2.84464
5290 1535.45 -4173.76 633.972 -2.84676
5300 1465.04 -613.762 632.055 -2.84844
5310 1541.68 -300.224 630.163 -2.84981
5320 1602.87 1490.35 628.31 -2.85112
5330 1530.94 5971.18 626.528 -2.85235
5340 1361.9 10369.7 624.887 -2.85319
5350 1281.07 11946.5 623.452 -2.85349
5360 1320.66 14103.2 622.251 -2.85329
5370 1398.8 16377.1 621.315 -2.85273
5380 1502.84 15412.3 620.669 -2.85207
5390 1518.89 13592.7 620.297 -2.8515
5400 1587.23 9346.24 620.162 -2.85113
5410 1756.49 2862.09 620.186 -2.8511
5420 1859.51 -1411.26 620.268 -2.85178
5430 1838.73 -3359.38 620.334 -2.85336
5440 1690.02 4101.9 620.364 -2.85555
5450 1539.23 12192.2 620.469 -2.85778
5460 1409.32 17709.1 620.778 -2.85971
5470 1335.92 20379.2 621.382 -2.86122
5480 1345.92 19653.6 622.32 -2.86234
5490 1452.55 13406 623.573 -2.86312
5500 1547 7611.86 625.042 -2.86365
5510 1557.14 4671.13 626.631 -2.86414
5520 1520.81 1363.79 628.283 -2.86464
5530 1419.04 256.394 629.947 -2.86501
5540 1346.9 -2777.38 631.593 -2.86511
5550 1258.92 -2583.36 633.182 -2.86479
5560 1321.84 -6118.87 634.7 -2.86405
5570 1506.84 -11492 636.093 -2.86286
5580 1587.43 -11663 637.278 -2.86166
5590 1533.73 -9532.44 638.249 -2.86083
5600 1384.7 -5344.51 639.044 -2.86026
5610 1261.05 -438.189 639.74 -2.85962
5620 1333.29 -3200.3 640.411 -2.85869
5630 1452.97 -6677.26 641.018 -2.8574
5640 1542.75 -6803.12 641.508 -2.85609
5650 1595.84 -6966.52 641.873 -2.855
5660 1582.52 -5079.77 642.118 -2.85428
5670 1504.07 -3173.13 642.273 -2.85388
5680 1369.53 288.562 642.377 -2.85354
5690 1313.63 1199.84 642.485 -2.85303
5700 1304.86 2059.98 642.618 -2.85223
5710 1311.62 5150.36 642.796 -2.85114
5720 1434.82 1348.51 643.057 -2.84981
5730 1563.6 -998.385 643.347 -2.84837
5740 1593.44 -1004.43 643.622 -2.84719
5750 1513.52 1137.18 643.885 -2.84638
5760 1407.99 5694.75 644.175 -2.84577
5770 1429.73 6497.07 644.563 -2.84514
5780 1486.38 4146.88 645.061 -2.84442
5790 1503.57 4530.04 645.639 -2.84374
5800 1570.09 2336.02 646.292 -2.84317
5810 1637.75 164.312 646.984 -2.84282
5820 1545.67 2764.21 647.683 -2.8428
5830 1413.64 2385.52 648.425 -2.8429
5840 1460.66 -3468.84 649.195 -2.84282
5850 1569.52 -9815.04 649.895 -2.84256
5860 1679.63 -12518.3 650.418 -2.84248
5870 1779.5 -15393.5 650.707 -2.84291
5880 1815.33 -18545.3 650.714 -2.84415
5890 1720.44 -16192.3 650.395 -2.84612
5900 1560.39 -12061.7 649.792 -2.84832
5910 1411.39 -5332.27 648.987 -2.85018
5920 1325.2 -461.385 648.1 -2.85142
5930 1298.32 1454.38 647.22 -2.85205
5940 1309.43 2448.09 646.385 -2.85216
5950 1411.77 -715.835 645.605 -2.85189
5960 1585.39 -5085.42 644.829 -2.85153
5970 1660.75 -6048.19 643.985 -2.85144
5980 1590.41 -4196.49 643.055 -2.85173
5990 1439.14 -877.668 642.075 -2.8521
6000 1379.76 -491.185 641.094 -2.85228
6010 1402.87 86.0882 640.126 -2.85219
6020 1426.64 2047.46 639.184 -2.85185
6030 1523.32 1656.33 638.295 -2.8514
6040 1596.87 1438.1 637.456 -2.85103
6050 1682.65 621.232 636.661 -2.85097
6060 1694.93 1090.51 635.898 -2.85137
6070 1611.69 3727.63 635.176 -2.85217
6080 1493.05 4528.72 634.534 -2.85302
6090 1446.07 4147.52 633.985 -2.85375
6100 1432.57 5008.97 633.527 -2.85421
6110 1568.21 42.3339 633.157 -2.85456
6120 1656.9 -2599.08 632.804 -2.85507
6130 1643.73 -3152.11 632.42 -2.85591
6140 1570.61 -2715.66 631.995 -2.85696
6150 1499.31 -1484.82 631.535 -2.85798
6160 1514.75 -2395.44 631.06 -2.85889
6170 1524.15 -3109.18 630.556 -2.85973
6180 1480.5 -2440.87 630.015 -2.86048
6190 1438.82 -2135.13 629.444 -2.86108
6200 1407.64 -1939.17 628.85 -2.86145
6210 1323.83 -377.248 628.239 -2.86156
6220 1191.97 4804.58 627.641 -2.86124
6230 1230.33 6932.65 627.135 -2.86039
6240 1537.07 3027.08 626.751 -2.85909
6250 1727.03 1155.96 626.433 -2.85782
6260 1661.56 3736.66 626.153 -2.8572
6270 1539.1 5505.51 625.946 -2.85705
6280 1583.41 2496.99 625.834 -2.85711
6290 1677.48 818.654 625.775 -2.85737
6300 1745.48 -1246.93 625.736 -2.85811
6310 1661.28 -1299.86 625.686 -2.85933
6320 1543.16 -1175.82 625.62 -2.8607
6330 1475.77 -1142.56 625.54 -2.86196
6340 1339.47 4593.99 625.457 -2.86289
6350 1269.94 6767.38 625.452 -2.86331
6360 1373.86 3346.89 625.558 -2.86326
6370 1538.87 1040.55 625.727 -2.86296
6380 1584.07 2874.45 625.925 -2.86272
6390 1539.02 3617.48 626.171 -2.86273
6400 1463.94 4701.42 626.483 -2.8628
6410 1509.82 4392.51 626.873 -2.86285
6420 1632.56 291.873 627.334 -2.86293
6430 1735.46 -3356.26 627.799 -2.86331
6440 1763.5 -5811.11 628.209 -2.86425
6450 1741.85 -7578.21 628.52 -2.86575
6460 1704.23 -6150.21 628.708 -2.86767
6470 1696.98 -5945.62 628.792 -2.86988
6480 1660.99 -5529.02 628.779 -2.87225
6490 1666.56 -7322.54 628.672 -2.87475
6500 1623.04 -7730.27 628.45 -2.87729
6510 1514.29 -5323.72 628.108 -2.87968
6520 1373.29 -884.825 627.689 -2.88154
6530 1302.67 3018.55 627.265 -2.88279
6540 1273.26 2611.74 626.897 -2.88336
6550 1369.39 -1367.75 626.58 -2.88348
6560 1493.56 -5675.27 626.249 -2.8833
6570 1703.3 -12730 625.824 -2.88326
6580 1777.29 -15687.9 625.203 -2.88381
6590 1656.8 -11922.2 624.339 -2.88505
6600 1433.24 -1790.2 623.304 -2.88628
6610 1351.61 2521.36 622.25 -2.88702
6620 1379.4 5874.29 621.259 -2.88729
6630 1446.16 7929.96 620.386 -2.88723
6640 1500.06 7189.47 619.66 -2.88704
6650 1504.21 5315.5 619.069 -2.8869
6660 1421.53 6601.42 618.587 -2.88676
6670 1370.03 9462.79 618.23 -2.88647
6680 1452.07 8548.43 618.033 -2.88598
6690 1628.16 4675.31 617.984 -2.88548
6700 1704.44 3376.19 618.023 -2.8853
6710 1673.66 3166.19 618.124 -2.88566
6720 1566.38 3718.06 618.283 -2.88639
6730 1442.99 7402.71 618.513 -2.88713
6740 1363.99 8752.47 618.864 -2.88766
6750 1320.62 12267.4 619.366 -2.88787
6760 1360.98 11175.5 620.064 -2.88778
6770 1452.46 5210.94 620.938 -2.8874
6780 1512.95 1681.93 621.897 -2.88686
6790 1584.53 -1502.67 622.879 -2.88637
6800 1595.03 -3564.64 623.829 -2.88607
6810 1533.19 -3003.65 624.717 -2.88601
6820 1440.33 -622.971 625.55 -2.88604
6830 1377.6 4086.81 626.37 -2.886
6840 1391.7 7038.52 627.253 -2.8858
6850 1468.23 4634.06 628.241 -2.88544
6860 1437.87 3641.04 629.305 -2.88498
6870 1374.59 2918.61 630.424 -2.88445
6880 1405.81 695.099 631.583 -2.88376
6890 1392.44 889.365 632.748 -2.88289
6900 1419.32 -86.2639 633.916 -2.88193
6910 1467.93 -2137.88 635.072 -2.88088
6920 1487.85 -2728.63 636.184 -2.87981
6930 1577.85 -4770.5 637.236 -2.87883
6940 1640.54 -4606.72 638.2 -2.87809
6950 1644.19 -3955.07 639.075 -2.8778
6960 1570.64 -1898.74 639.878 -2.8779
6970 1492.13 -633.501 640.641 -2.87818
6980 1458.66 -2258.17 641.383 -2.87839
6990 1473.32 -6245.3 642.075 -2.87847
7000 1347.44 -6911.87 642.659 -2.8784
7010 1172.12 -6249.23 643.116 -2.87804
7020 1119.3 -5176.46 643.46 -2.8772
7030 1308.87 -10273.1 643.699 -2.87579
7040 1439.35 -13491.1 643.758 -2.87396
7050 1420.12 -14310.6 643.581 -2.87219
7060 1477.57 -16590.8 643.152 -2.87063
7070 1570.58 -15095.1 642.443 -2.86925
7080 1697.63 -15372.2 641.474 -2.86826
7090 1731.39 -12260.6 640.26 -2.86793
7100 1630.41 -7563.12 638.854 -2.8682
7110 1487.77 -2307.61 637.346 -2.8686
7120 1581.7 -3183.09 635.817 -2.86897
7130 1693.53 -3352.6 634.266 -2.86957
7140 1591.57 1144.97 632.694 -2.87048
7150 1315.39 7972.25 631.181 -2.87111
7160 1294 8650.62 629.826 -2.87118
7170 1470.61 5163.93 628.642 -2.8709
7180 1646.19 913.172 627.571 -2.87066
7190 1709.65 -1171.81 626.542 -2.87086
7200 1634.29 -1003.17 625.519 -2.87155
7210 1471.56 -921.862 624.501 -2.87239
7220 1401.91 -2240.34 623.489 -2.873
7230 1598.94 -6123.96 622.455 -2.87352
7240 1681.04 -5110.64 621.35 -2.87426
7250 1511.08 -324.268 620.188 -2.87525
7260 1273.32 7722.11 619.05 -2.8758
7270 1436.58 8680.88 618.054 -2.87583
7280 1609.47 7620.54 617.221 -2.87575
7290 1588.82 10545.9 616.54 -2.87586
7300 1538.24 11837.8 616.046 -2.87618
7310 1498.58 15432.5 615.765 -2.87654
7320 1517.86 16137.9 615.744 -2.87695
7330 1506.14 17311 615.996 -2.87741
7340 1467.73 18874.1 616.537 -2.87793
7350 1470.3 16330.9 617.382 -2.87845
7360 1456.85 13085.3 618.492 -2.8789
7370 1417.06 10817.4 619.812 -2.8792
7380 1466.04 7122.59 621.3 -2.8793
7390 1589.31 4826.87 622.898 -2.87928
7400 1711.95 550.312 624.558 -2.87944
7410 1681.2 -1543.87 626.217 -2.87996
7420 1625.45 -3221.84 627.837 -2.88081
7430 1603.56 -5871.56 629.384 -2.88179
7440 1547.86 -5409.18 630.821 -2.88282
7450 1437.51 -3933.48 632.153 -2.88375
7460 1350.66 -2488.45 633.404 -2.88441
7470 1337.11 -2485.82 634.598 -2.88467
7480 1377.49 -4315.99 635.735 -2.88454
7490 1406.9 -7383.55 636.782 -2.88411
7500 1415.41 -10533.1 637.691 -2.88346
7510 1481.05 -16718.1 638.401 -2.88268
7520 1551.83 -21426.4 638.81 -2.88193
7530 1569.58 -19892.6 638.85 -2.8815
7540 1585.86 -18209.1 638.54 -2.88142
7550 1546.67 -14968 637.92 -2.88166
7560 1348.6 -6184.83 637.06 -2.8819
7570 1200.6 796.047 636.107 -2.88171
7580 1286.99 3437.16 635.183 -2.88096
7590 1478.51 2173.99 634.333 -2.87978
7600 1613.07 -465.359 633.537 -2.87861
7610 1579.8 -1586.76 632.755 -2.87781
7620 1509.86 -2105.32 631.966 -2.87734
7630 1553.36 -2889.39 631.157 -2.87702
7640 1671.38 -3579.45 630.316 -2.87691
7650 1653.14 1523.92 629.443 -2.87719
7660 1491.28 8400.38 628.619 -2.87763
7670 1345.21 11508 627.952 -2.8779
7680 1293.08 12808.2 627.496 -2.87782
7690 1321.07 14511.8 627.273 -2.87738
7700 1374.17 12997.8 627.301 -2.87669
7710 1308.94 11761 627.557 -2.87583
7720 1277.52 8725.96 628.013 -2.8748
7730 1381.21 2944.57 628.614 -2.87346
7740 1462.93 -1252.03 629.264 -2.87188
7750 1442.1 -2755.27 629.892 -2.87035
7760 1297.22 -1102.17 630.474 -2.86893
7770 1260.03 -683.935 631.033 -2.86746
7780 1417.35 -5096.49 631.568 -2.86565
7790 1605.39 -9452.8 632.013 -2.86366
7800 1704.8 -9069.65 632.3 -2.86204
7810 1713.06 -5631.65 632.435 -2.86115
7820 1673.43 -319.716 632.479 -2.86092
7830 1732.66 1353.87 632.518 -2.86127
7840 1675.85 2299.75 632.584 -2.86212
7850 1483 6196.5 632.703 -2.86319
7860 1404.11 4974.11 632.924 -2.86404
7870 1474.29 1487.6 633.23 -2.8646
7880 1519.34 -294.206 633.566 -2.86504
7890 1441.47 1595.65 633.903 -2.86542
7900 1275.82 7047.11 634.274 -2.8656
7910 1187.99 9370.28 634.764 -2.86539
7920 1271.53 6653.87 635.408 -2.8647
7930 1361.72 5453.74 636.168 -2.86356
7940 1376.32 5919.48 637.022 -2.86225
7950 1346.63 4490.82 637.97 -2.86087
7960 1349.31 3763.38 638.992 -2.85939
7970 1380 3926.25 640.075 -2.85779
7980 1406.48 3374.32 641.217 -2.85613
7990 1423.94 2670.23 642.411 -2.85447
8000 1485.32 -724.297 643.638 -2.85283
8010 1628.79 -6457.32 644.839 -2.8512
8020 1816.91 -13350.9 645.91 -2.84989
8030 1906.11 -17418.8 646.736 -2.8495
8040 1826.3 -16285.6 647.248 -2.85031
8050 1662.79 -11235.5 647.469 -2.85187
8060 1581.86 -9099.94 647.482 -2.85361
8070 1534.62 -5673.64 647.339 -2.85528
8080 1499.65 -4323.44 647.095 -2.85676
8090 1471.5 -5695.28 646.779 -2.85803
8100 1397.39 -4456.38 646.373 -2.85903
8110 1293.09 -2254.05 645.899 -2.85959
8120 1278.33 -3518.3 645.391 -2.85969
8130 1284.62 -3002.06 644.834 -2.85934
8140 1312.66 -1960.54 644.238 -2.85859
8150 1390.07 -2047.37 643.617 -2.85755
8160 1487.53 -470.699 642.979 -2.85634
8170 1568.1 -1401.26 642.343 -2.85519
8180 1591.36 -3575.52 641.694 -2.85435
8190 1527.72 -3671.88 641.002 -2.85383
8200 1518.38 -4175.23 640.26 -2.8535
8210 1587.69 -4951.55 639.461 -2.85331
8220 1578.91 -3609.31 638.593 -2.85334
8230 1405.12 4042.55 637.692 -2.85344
8240 1267.48 10448.8 636.881 -2.85317
8250 1432.75 8372.29 636.257 -2.85256
8260 1531.96 7113.75 635.797 -2.85181
8270 1528.65 7000.5 635.478 -2.85121
8280 1544.28 2820.06 635.286 -2.85079
8290 1572.45 -2063.84 635.151 -2.85056
8300 1553.34 -1949.38 634.996 -2.85052
8310 1560.67 -1258.07 634.814 -2.85062
8320 1588.2 -2483.13 634.615 -2.85087
8330 1624.76 -918.937 634.388 -2.8513
8340 1617.21 543.956 634.151 -2.85202
8350 1424.08 5978.02 633.941 -2.85274
8360 1455.2 4585.59 633.833 -2.85327
8370 1476.36 4099.31 633.814 -2.85364
8380 1390.27 7291.9 633.878 -2.85386
8390 1415.85 8090.97 634.069 -2.85387
8400 1528.24 6198.86 634.402 -2.85374
8410 1594.04 4268.63 634.845 -2.85366
8420 1639.78 55.9932 635.359 -2.85381
8430 1732.97 -7146.04 635.867 -2.85429
8440 1743.56 -10202.4 636.256 -2.85527
8450 1681.36 -9582.33 636.471 -2.85675
8460 1638.33 -10130.2 636.519 -2.85848
8470 1637.41 -11837.5 636.391 -2.86035
8480 1673.63 -14024.2 636.06 -2.86242
8490 1696.79 -14297.1 635.498 -2.86476
8500 1674.74 -12816.3 634.702 -2.86737
8510 1572.9 -8790.33 633.703 -2.86997
8520 1430.6 -3275.95 632.575 -2.87216
8530 1322.44 1829.69 631.412 -2.87364
8540 1236.39 5434.73 630.303 -2.87441
8550 1204.94 8742.95 629.311 -2.87444
8560 1390.95 6006.23 628.479 -2.87394
8570 1558.03 1350.83 627.766 -2.87326
8580 1551.85 1176.66 627.1 -2.87278
8590 1432.52 1285.31 626.47 -2.87246
8600 1352.14 2114.17 625.878 -2.87207
8610 1414.91 2273.47 625.334 -2.87145
8620 1512.62 4008.29 624.845 -2.8707
8630 1466.69 7948.31 624.441 -2.86998
8640 1417.91 7717.7 624.176 -2.86931
8650 1432.58 6702.33 624.05 -2.8686
8660 1502.38 5174.71 624.045 -2.86784
8670 1581.16 2503.75 624.13 -2.86717
8680 1581.68 3595.69 624.269 -2.86674
8690 1613.75 3423.51 624.47 -2.86661
8700 1583.72 4853.4 624.735 -2.86676
8710 1525.56 7997.72 625.087 -2.8671
8720 1514.86 10788.7 625.577 -2.86753
8730 1491.54 11800.8 626.246 -2.868
8740 1454.63 9195.85 627.107 -2.86843
8750 1424.53 7016.4 628.123 -2.86869
8760 1443.98 4305.06 629.249 -2.86874
8770 1477.9 1684.46 630.443 -2.86864
8780 1445.26 766.531 631.658 -2.86844
8790 1386.65 3693.47 632.883 -2.86818
8800 1395.51 4653.95 634.159 -2.8678
8810 1501.15 2105 635.499 -2.86724
8820 1551.51 541.96 636.869 -2.86667
8830 1499.36 -1228.22 638.236 -2.86623
8840 1467.31 -4147.49 639.568 -2.8658
8850 1539.66 -7777.33 640.814 -2.86531
8860 1643.48 -10503.1 641.912 -2.86489
8870 1743.04 -15188.3 642.809 -2.86486
8880 1663.89 -15770.2 643.433 -2.8654
8890 1530.55 -13342.9 643.776 -2.86629
8900 1409.95 -8570.46 643.882 -2.86713
8910 1314.03 -3825.45 643.838 -2.86763
8920 1344.51 -5909.04 643.718 -2.86771
8930 1432.42 -8849.86 643.498 -2.86749
8940 1489.96 -8021.64 643.134 -2.86715
8950 1503.32 -7809.08 642.634 -2.86685
8960 1340.45 -2571.24 642.016 -2.86656
8970 1122.57 5087.39 641.369 -2.86597
8980 1046.43 8563.94 640.82 -2.86485
8990 1198.13 8573.17 640.433 -2.86311
9000 1467.16 4640.88 640.204 -2.86076
9010 1648.29 5.63682 640.064 -2.85831
9020 1644.5 -161.409 639.939 -2.85641
9030 1558.76 1464.26 639.823 -2.85515
9040 1573.79 -262.935 639.736 -2.85429
9050 1695.19 -5482.36 639.644 -2.85375
9060 1761.17 -11401.6 639.461 -2.85379
9070 1643.75 -12342.8 639.093 -2.85451
9080 1478.45 -7209.26 638.526 -2.85541
9090 1545.22 -5433.94 637.839 -2.85619
9100 1680.63 -5984.28 637.069 -2.85706
9110 1696.84 -2321.64 636.219 -2.85827
9120 1691.96 -745.047 635.344 -2.85978
9130 1686.84 -3163.81 634.469 -2.86163
9140 1571.22 -3252.34 633.563 -2.86362
9150 1413.06 -805.008 632.624 -2.86534
9160 1320.9 1801.73 631.69 -2.86647
9170 1324.04 3252.74 630.807 -2.86704
9180 1364.89 2699.24 629.996 -2.86717
9190 1404.87 859.699 629.246 -2.86702
9200 1384.29 3703.81 628.537 -2.86665
9210 1361.64 6071.66 627.905 -2.86606
9220 1363.35 6771.3 627.39 -2.86525
9230 1443.69 6942.94 627.002 -2.86427
9240 1512.32 9790.09 626.749 -2.86325
9250 1509.16 12393.7 626.673 -2.86236
9260 1547.13 9689.21 626.807 -2.86168
9270 1584.02 8125.11 627.113 -2.8612
9280 1640.36 6290.73 627.559 -2.86102
9290 1668.29 3883.92 628.111 -2.86121
9300 1648.87 3467.14 628.732 -2.8618
9310 1585.21 4381.75 629.413 -2.86265
9320 1587.15 2520.47 630.162 -2.86363
9330 1631.35 -1503.58 630.947 -2.86468
9340 1644.15 -5240.36 631.702 -2.86588
9350 1562.83 -3770.45 632.371 -2.8672
9360 1474.83 -2256.82 632.97 -2.86844
9370 1470.65 -2978.82 633.522 -2.86946
9380 1427.24 -1559.14 634.024 -2.87026
9390 1239.54 4995.9 634.506 -2.87074
9400 1212.12 6787.33 635.067 -2.8707
9410 1412.5 830.54 635.73 -2.87015
9420 1388.36 1969.63 636.418 -2.86931
9430 1290.06 3440.73 637.136 -2.86842
9440 1355.55 125.719 637.902 -2.86728
9450 1437.35 -602.906 638.671 -2.86588
9460 1461.24 -1019.14 639.423 -2.86447
9470 1421.85 -1638.14 640.153 -2.86314
9480 1395.99 -1647.45 640.851 -2.86185
9490 1429.91 -3145.82 641.512 -2.86052
9500 1469 -2328.37 642.116 -2.85918
9510 1467.43 -726.88 642.679 -2.85792
9520 1517.55 -3035.93 643.218 -2.85678
9530 1539.25 -24.3521 643.712 -2.85579
9540 1481.07 3552.85 644.203 -2.85507
9550 1315.93 6339.82 644.756 -2.85444
9560 1266.79 6832.57 645.419 -2.85366
9570 1380.58 783.959 646.191 -2.85252
9580 1464.14 -5685.51 646.972 -2.85107
9590 1468.19 -8683 647.651 -2.84961
9600 1436.3 -10740.1 648.168 -2.84829
9610 1388.7 -10277.1 648.49 -2.84705
9620 1313.51 -6499.22 648.631 -2.8458
9630 1348.07 -6548.36 648.649 -2.84443
9640 1431.68 -6142.87 648.552 -2.84287
9650 1497.77 -3749.24 648.353 -2.84131
9660 1540.75 -1329.59 648.094 -2.83989
9670 1549.96 2214.89 647.823 -2.83873
9680 1532.97 3691.12 647.597 -2.83784
9690 1457.61 5734.18 647.45 -2.83715
9700 1359.89 6468.7 647.413 -2.83649
9710 1327.59 5209.61 647.497 -2.8357
9720 1368.4 4630.94 647.68 -2.83467
9730 1421.94 3329.67 647.95 -2.83348
9740 1499.55 -3486.96 648.273 -2.83221
9750 1533.87 -8758.95 648.538 -2.83103
9760 1569.07 -12238 648.645 -2.83007
9770 1654.6 -14558.3 648.534 -2.82946
9780 1740.93 -16493.3 648.165 -2.8294
9790 1722.35 -13969.4 647.514 -2.83005
9800 1638.54 -10932.9 646.625 -2.83117
9810 1658.65 -10681 645.552 -2.83258
9820 1657.41 -9119.45 644.311 -2.83425
9830 1590.18 -5285.64 642.935 -2.83602
9840 1537.37 -1593.46 641.493 -2.83763
9850 1555.12 873.202 640.05 -2.83905
9860 1628.79 1310.25 638.648 -2.84042
9870 1668.45 290.868 637.298 -2.84198
9880 1661.85 -741.738 635.98 -2.84378
9890 1655.74 -2401.55 634.676 -2.84577
9900 1673.26 -2888.15 633.361 -2.84794
9910 1669.95 -3030.31 632.022 -2.85028
9920 1666.32 -2957.01 630.66 -2.85271
9930 1676.95 -3178.16 629.275 -2.85528
9940 1600.55 -814.774 627.868 -2.85786
9950 1466.84 5376.86 626.483 -2.86002
9960 1414.18 9302.68 625.214 -2.86155
9970 1451.52 10383.9 624.126 -2.86265
9980 1411.73 11798.7 623.237 -2.86346
9990 1308.2 12920 622.566 -2.8639
10000 1251.9 14859.7 622.131 -2.8639
