# Time-averaged data for fix 4
# TimeStep c_mytemp c_mypress v_vmyvol v_avgEtotal
10 1302.76 14305.6 621.954 -2.86349
20 1427.29 10790.7 622.02 -2.86277
30 1539.16 8660.75 622.275 -2.86197
40 1555.57 6705.98 622.677 -2.86132
50 1535.12 9357.94 623.201 -2.86093
60 1562.79 11273.5 623.879 -2.86076
70 1594.3 12974.8 624.744 -2.86085
80 1564.18 14641.6 625.826 -2.86127
90 1527.26 12413.8 627.143 -2.86186
100 1495.16 9509.39 628.661 -2.86248
110 1412.25 8828.52 630.334 -2.86299
120 1245.06 11633.5 632.151 -2.86331
130 1201.07 7737.97 634.142 -2.86324
140 1335.26 827.737 636.245 -2.86241
150 1489.21 -2309.52 638.35 -2.86108
160 1588.18 -6099.66 640.392 -2.85965
170 1534.31 -7156.78 642.31 -2.85846
180 1415.21 -7821.76 644.082 -2.85749
190 1442.5 -12242.3 645.69 -2.85647
200 1564.1 -17226.3 647.058 -2.85529
210 1628.63 -18564.2 648.103 -2.85436
220 1538.45 -15259.5 648.81 -2.85389
230 1488.46 -14905 649.227 -2.85369
240 1480.07 -14793.7 649.368 -2.85356
250 1415.97 -9141.21 649.253 -2.85345
260 1411 -6912.02 648.97 -2.85319
270 1561.37 -8747.24 648.564 -2.85284
280 1702.8 -9865.26 648.011 -2.85269
290 1776.42 -9447.82 647.297 -2.85313
300 1798.49 -10290.1 646.425 -2.85429
310 1840.36 -10357.5 645.39 -2.85627
320 1813.32 -8957.14 644.194 -2.85895
330 1713.54 -8005.93 642.861 -2.86207
340 1550.16 -3175.41 641.421 -2.86504
350 1409.85 1469.43 639.955 -2.86736
360 1304.15 4766.58 638.543 -2.86891
370 1247.86 7025.75 637.245 -2.86969
380 1242.14 7336.24 636.094 -2.86983
390 1266.33 6379.79 635.095 -2.86946
400 1319.89 4500.69 634.229 -2.8687
410 1379.9 1868.09 633.458 -2.86767
420 1457.51 -1437.64 632.737 -2.86653
430 1532.69 -3756.93 632.009 -2.86545
440 1532.2 -1668.83 631.24 -2.86455
450 1449.62 2264.65 630.464 -2.8638
460 1392.22 7144.67 629.747 -2.86302
470 1428.97 10417.3 629.166 -2.86211
480 1423.9 14734.1 628.782 -2.86112
490 1420.71 18355 628.661 -2.86015
500 1481.09 17468.6 628.856 -2.85924
510 1538.28 15876.7 629.354 -2.85848
520 1558.23 13110.5 630.123 -2.85796
530 1575.7 9721.68 631.113 -2.85768
540 1585.37 7268.79 632.266 -2.85762
550 1596.67 3057.74 633.533 -2.85774
560 1577.11 -140.987 634.844 -2.85801
570 1506.31 -1660.21 636.144 -2.85834
580 1435.63 -2092.99 637.405 -2.8586
590 1426.01 -4617.9 638.613 -2.85867
600 1460.47 -7447.6 639.728 -2.8585
610 1481.29 -7291.5 640.706 -2.85823
620 1471.95 -7692.3 641.543 -2.85794
630 1513.34 -8258.97 642.237 -2.85764
640 1542.02 -8032.33 642.778 -2.85742
650 1508.57 -5213.57 643.177 -2.85732
660 1471.8 -1975.27 643.483 -2.85728
670 1472.91 -910.258 643.751 -2.85721
680 1503.83 -1003.14 644.002 -2.85709
690 1507.15 -1104.82 644.238 -2.857
700 1442.59 -715.835 644.456 -2.85691
710 1356.11 -188.359 644.663 -2.8567
720 1364.24 -1931.07 644.865 -2.85627
730 1322.02 -1559.08 645.039 -2.85556
740 1338.24 -2601.53 645.184 -2.85462
750 1439.9 -5948.18 645.281 -2.85344
760 1517.66 -6927.09 645.278 -2.85221
770 1537.28 -6587.36 645.157 -2.85116
780 1490.65 -4983.62 644.927 -2.85033
790 1472.9 -5735.07 644.611 -2.84963
800 1522.26 -8171.71 644.2 -2.849
810 1583.22 -10152.3 643.653 -2.84855
820 1623.86 -10932 642.941 -2.84839
830 1662.04 -12743.7 642.046 -2.84865
840 1638.1 -11327.5 640.95 -2.84935
850 1572.4 -10366.3 639.674 -2.85031
860 1536.98 -10931.7 638.239 -2.85137
870 1534.83 -10172.7 636.642 -2.85245
880 1575.19 -7945.37 634.902 -2.85352
890 1554.49 -3809.18 633.063 -2.85454
900 1503.33 1212.17 631.196 -2.85541
910 1441.66 6203.63 629.39 -2.85594
920 1455.79 7805.75 627.723 -2.85618
930 1483.28 8051.74 626.224 -2.85625
940 1470.07 9153.16 624.893 -2.85628
950 1369.12 12573.9 623.751 -2.8561
960 1414.78 11187.6 622.837 -2.85575
970 1455.94 11066.5 622.137 -2.85523
980 1517.13 10106.9 621.636 -2.85474
990 1516.63 11592.6 621.323 -2.85435
1000 1450.75 16686.6 621.22 -2.85408
1010 1361.92 21431.4 621.406 -2.85383
1020 1292.37 21730.6 621.944 -2.85353
1030 1265.04 21739.3 622.849 -2.85304
1040 1521.9 10996.2 624.098 -2.85225
1050 1810.97 -1532.5 625.517 -2.85116
1060 1826.48 -4429.21 626.915 -2.8507
1070 1721.7 -4395.48 628.228 -2.85115
1080 1611.06 -3688.72 629.456 -2.85206
1090 1586.46 -5244.53 630.606 -2.85313
1100 1579.18 -5475.65 631.658 -2.85422
1110 1555.18 -4530.67 632.608 -2.85534
1120 1536.88 -4055.27 633.471 -2.85644
1130 1577.86 -6142.03 634.252 -2.85748
1140 1670.06 -7996.83 634.921 -2.85863
1150 1649.8 -3969.62 635.455 -2.86006
1160 1571.11 265.09 635.918 -2.86164
1170 1559.12 1098.88 636.379 -2.86318
1180 1574.08 1430.56 636.859 -2.86466
1190 1632.44 -212.305 637.36 -2.86617
1200 1674.06 -3342.23 637.853 -2.86784
1210 1618.31 -5044.15 638.288 -2.86966
1220 1530.13 -5572.54 638.636 -2.87141
1230 1537.59 -8479 638.882 -2.87298
1240 1543.66 -10640.7 638.979 -2.87444
1250 1496.63 -9628.9 638.897 -2.8758
1260 1435.51 -8607.16 638.65 -2.87694
1270 1430.86 -10830.3 638.255 -2.87782
1280 1443.58 -11184.5 637.683 -2.87848
1290 1450.54 -9989.74 636.928 -2.87898
1300 1457.64 -6669.97 636.019 -2.8793
1310 1529.36 -3236.65 635.013 -2.87947
1320 1624.92 -1275.96 633.969 -2.87967
1330 1583.73 3387.26 632.932 -2.88005
1340 1505.22 4800.66 631.971 -2.88049
1350 1443.14 2289.77 631.108 -2.88089
1360 1336.41 4847.7 630.313 -2.88109
1370 1261.19 7108.11 629.618 -2.88086
1380 1341.96 5487.01 629.056 -2.88023
1390 1490.09 1674.57 628.599 -2.87934
1400 1560.5 -879.781 628.184 -2.87848
1410 1505.01 1684.43 627.776 -2.87784
1420 1434.77 478.422 627.401 -2.87732
1430 1371.42 -298.136 627.046 -2.87679
1440 1179.81 2988.37 626.703 -2.87601
1450 1272 3059.3 626.417 -2.87488
1460 1479.19 -2121.48 626.183 -2.87328
1470 1620.74 -6707.55 625.921 -2.87171
1480 1534.8 -2580.36 625.571 -2.87053
1490 1486.02 -1047.68 625.182 -2.86966
1500 1588.4 -2869.14 624.78 -2.86893
1510 1624.66 1106.5 624.353 -2.86844
1520 1585.96 5730.12 623.956 -2.86829
1530 1447.04 8163.53 623.666 -2.86831
1540 1305.78 8999.62 623.522 -2.86822
1550 1284.2 9215.03 623.536 -2.8678
1560 1439 4416.06 623.702 -2.86702
1570 1656.15 -1440.91 623.944 -2.86613
1580 1735.32 -2671.1 624.172 -2.86561
1590 1753.05 -4424.69 624.357 -2.8658
1600 1657.91 -4857.81 624.471 -2.86659
1610 1481.97 -1548.82 624.513 -2.86757
1620 1411.33 -560.178 624.53 -2.86834
1630 1443.88 -2807.85 624.537 -2.86884
1640 1420.31 232.601 624.511 -2.86909
1650 1516.66 697.539 624.489 -2.86921
1660 1615.75 -920.596 624.482 -2.86936
1670 1582.67 -52.4252 624.469 -2.86973
1680 1441.95 3927.23 624.465 -2.87022
1690 1249.7 10614.1 624.538 -2.87045
1700 1205.4 15303.8 624.792 -2.87028
1710 1199.52 16195.5 625.302 -2.86966
1720 1231.84 15490 626.082 -2.86868
1730 1249.99 16140.3 627.125 -2.86739
1740 1397.54 13481.5 628.431 -2.86584
1750 1556.72 9658.74 629.955 -2.86407
1760 1580.24 8600.44 631.64 -2.86253
1770 1534.23 9055.23 633.461 -2.86146
1780 1514.31 8252.57 635.424 -2.86074
1790 1554.79 3702.45 637.51 -2.86013
1800 1577.11 -843.547 639.643 -2.85955
1810 1595.14 -5899.71 641.741 -2.85904
1820 1636.24 -9992.21 643.716 -2.85866
1830 1665.37 -13501.5 645.492 -2.85855
1840 1640.23 -17719.3 647.006 -2.85875
1850 1516.15 -16322.8 648.193 -2.85918
1860 1415.72 -14466.4 649.07 -2.85964
1870 1419.55 -14347.9 649.673 -2.85992
1880 1430.02 -12671.4 650.012 -2.86002
1890 1508.6 -13720.5 650.112 -2.86004
1900 1576.46 -15262.1 649.964 -2.86015
1910 1523.51 -12965 649.549 -2.86046
1920 1447.86 -9875.15 648.91 -2.86078
1930 1618.61 -12527.5 648.096 -2.86111
1940 1721.55 -13555.6 647.075 -2.86181
1950 1578.43 -8768.5 645.841 -2.86292
1960 1368.44 -6394.72 644.471 -2.86391
1970 1341.71 -9143.33 643.005 -2.86454
1980 1471.71 -12843.4 641.404 -2.86494
1990 1604.94 -14916.1 639.609 -2.86545
2000 1532.62 -7426.1 637.602 -2.86612
2010 1329.65 3892.91 635.515 -2.86631
2020 1449.35 4133.33 633.519 -2.86602
2030 1636.11 3893.58 631.638 -2.86565
2040 1661.97 5652.43 629.869 -2.86558
2050 1524.36 10677.9 628.24 -2.86576
2060 1369.59 14909.9 626.829 -2.86577
2070 1438.74 10747.3 625.689 -2.86558
2080 1531.77 6733.56 624.759 -2.86537
2090 1603.22 5001 623.967 -2.8653
2100 1666.4 2300.03 623.276 -2.86556
2110 1614.52 3176.08 622.648 -2.86615
2120 1561.62 1655.55 622.085 -2.86694
2130 1558.75 -485.095 621.565 -2.86779
2140 1578.88 455.729 621.054 -2.86869
2150 1573.84 3863.64 620.57 -2.86965
2160 1492.31 8871.29 620.165 -2.87059
2170 1296.67 17732.6 619.927 -2.87125
2180 1186.63 21455.2 619.987 -2.87145
2190 1348.53 14850.4 620.393 -2.87121
2200 1544.16 7719.74 621.048 -2.87062
2210 1610.45 4399.16 621.835 -2.8701
2220 1581.15 2488.63 622.691 -2.86988
2230 1504.63 2415.82 623.586 -2.86986
2240 1455.93 3168.48 624.517 -2.86989
2250 1496.23 449.095 625.488 -2.86983
2260 1561 -315.959 626.462 -2.86974
2270 1638.94 -1596.24 627.422 -2.8698
2280 1655.03 -3149.12 628.346 -2.87018
2290 1540.05 -878.029 629.216 -2.87083
2300 1380.59 3510.99 630.068 -2.87147
2310 1316.68 3678.62 630.967 -2.87183
2320 1286.22 2297.46 631.919 -2.87175
2330 1296.11 581.455 632.903 -2.87124
2340 1324.4 -179.479 633.891 -2.87036
2350 1396.46 -2867.86 634.863 -2.86919
2360 1516.4 -7315.3 635.773 -2.86782
2370 1551.59 -7970.63 636.554 -2.86654
2380 1521.38 -6091.43 637.193 -2.86555
2390 1465.4 -3841.25 637.72 -2.8648
2400 1374.93 349.186 638.182 -2.86411
2410 1350.84 203.979 638.64 -2.86332
2420 1437.72 -2244.43 639.097 -2.86231
2430 1521.69 -2654.79 639.516 -2.86122
2440 1555.23 -4053.35 639.886 -2.86028
2450 1486.88 -3466.98 640.188 -2.85957
2460 1447.99 -4067.26 640.427 -2.85896
2470 1552.22 -7391.92 640.591 -2.85834
2480 1630.57 -8788.94 640.629 -2.85791
2490 1525.28 -5729.49 640.522 -2.85781
2500 1345.63 196.363 640.324 -2.85777
2510 1271.65 3627.94 640.134 -2.85744
2520 1297.65 5259.54 640.014 -2.85673
2530 1360.29 4459.92 639.991 -2.85566
2540 1558.82 -3336.16 640.042 -2.8544
2550 1766.53 -11605.8 640.036 -2.85331
2560 1862.13 -13366.3 639.842 -2.85304
2570 1843.56 -12993.7 639.421 -2.85389
2580 1716.25 -11371.5 638.784 -2.85554
2590 1568.68 -8418.7 637.965 -2.85745
2600 1462.6 -5953.19 637.014 -2.85912
2610 1478.95 -6123.37 635.974 -2.86048
2620 1586.08 -6462.86 634.851 -2.86171
2630 1679.55 -6973.49 633.637 -2.8631
2640 1666.51 -5332.64 632.332 -2.86479
2650 1530.1 -1013.45 630.967 -2.86652
2660 1388.61 3187.04 629.612 -2.86781
2670 1420.39 3904.45 628.335 -2.86864
2680 1445.92 4558.25 627.152 -2.86917
2690 1407.96 7023.38 626.074 -2.86946
2700 1342.65 9692.25 625.139 -2.86943
2710 1389.15 11339.8 624.389 -2.86908
2720 1520.95 10064.1 623.843 -2.86855
2730 1617.6 8323.54 623.481 -2.86815
2740 1633.85 8639.83 623.274 -2.86809
2750 1622.48 11673.4 623.227 -2.86839
2760 1614.62 13373.7 623.381 -2.86901
2770 1581.82 14538.8 623.765 -2.86989
2780 1540.65 14975.1 624.394 -2.87093
2790 1494.55 14874.4 625.275 -2.87198
2800 1591.2 10802.3 626.396 -2.873
2810 1745.98 4158.91 627.69 -2.87416
2820 1773.3 1661.86 629.051 -2.87574
2830 1661.84 2582.65 630.435 -2.87777
2840 1481.94 4147.3 631.854 -2.87979
2850 1323.35 5596.2 633.331 -2.88138
2860 1244.97 9103.58 634.897 -2.88241
2870 1301.46 6929.86 636.598 -2.88291
2880 1352.71 5690.44 638.408 -2.8829
2890 1412.43 2703.56 640.299 -2.88257
2900 1416.88 833.087 642.222 -2.88197
2910 1431.59 -1859.49 644.14 -2.88122
2920 1500.26 -4790.64 646.006 -2.88031
2930 1497.08 -4940.79 647.771 -2.8794
2940 1498.03 -6310.79 649.426 -2.8786
2950 1464.08 -6629.6 650.952 -2.87785
2960 1398.91 -5458.07 652.342 -2.87713
2970 1355.34 -4702.09 653.617 -2.87634
2980 1383.58 -5549.99 654.789 -2.87537
2990 1430.97 -7195.35 655.845 -2.87421
3000 1458.98 -7662.82 656.761 -2.87302
3010 1403.47 -9489.01 657.521 -2.87187
3020 1288.13 -10104.2 658.099 -2.8707
3030 1263.49 -11003 658.483 -2.86937
3040 1359.93 -12619.6 658.657 -2.86777
3050 1471.34 -16119.4 658.592 -2.86602
3060 1503.99 -16921.3 658.234 -2.86444
3070 1523.51 -18587.5 657.566 -2.8632
3080 1543.84 -19312.8 656.567 -2.86235
3090 1443.78 -17284.2 655.235 -2.86183
3100 1371.81 -16548.1 653.605 -2.86148
3110 1337.33 -14324.2 651.706 -2.86103
3120 1424.13 -13318.2 649.58 -2.86038
3130 1572.28 -16128 647.249 -2.85977
3140 1597.11 -14192.1 644.685 -2.85949
3150 1577.62 -11638.6 641.92 -2.8595
3160 1605.66 -9769.75 639.008 -2.85973
3170 1572.59 -5926.81 635.992 -2.86012
3180 1447.42 2266.8 632.948 -2.86032
3190 1286.87 12162.8 630.016 -2.85984
3200 1176.12 16902.6 627.351 -2.85861
3210 1231.51 17362.4 625.029 -2.85686
3220 1482.85 13908.9 623.049 -2.85481
3230 1717.87 10488.3 621.345 -2.8529
3240 1752.55 11442 619.866 -2.85169
3250 1635.46 13341.6 618.612 -2.85126
3260 1494.59 14968.7 617.609 -2.85118
3270 1457.22 17125.7 616.88 -2.85113
3280 1572.6 14885.4 616.446 -2.8511
3290 1661.29 13006.5 616.271 -2.85133
3300 1586.61 16779 616.328 -2.85196
3310 1447.06 20597.9 616.668 -2.85274
3320 1445.22 20237.3 617.343 -2.85349
3330 1582.56 16088.3 618.344 -2.85417
3340 1781.31 8036.11 619.596 -2.85505
3350 1847.89 4820.41 620.978 -2.85651
3360 1707.4 7254.91 622.436 -2.85867
3370 1530.36 12058.2 624.005 -2.86103
3380 1407.28 17872.6 625.765 -2.86327
3390 1460.99 17952.8 627.802 -2.86526
3400 1623.07 11378.8 630.114 -2.86706
3410 1623.07 7952.37 632.605 -2.86881
3420 1497.16 5458.45 635.209 -2.87049
3430 1399.02 2512.08 637.879 -2.87178
3440 1283.6 2133.63 640.568 -2.87252
3450 1219.74 2370.81 643.266 -2.87277
3460 1192.43 865.262 645.971 -2.87243
3470 1197.38 -1051.08 648.66 -2.87151
3480 1203.02 -4675.44 651.294 -2.87
3490 1217.22 -5942.28 653.813 -2.86799
3500 1294.44 -8357.18 656.188 -2.86559
3510 1411.59 -11951 658.375 -2.86281
3520 1456.4 -13194.9 660.313 -2.85997
3530 1466.63 -14820.5 661.975 -2.85737
3540 1459.16 -16227.5 663.334 -2.85503
3550 1468.4 -17801.7 664.365 -2.85297
3560 1437 -17344.7 665.047 -2.85118
3570 1343.46 -15148.7 665.39 -2.84964
3580 1208.1 -7986.63 665.451 -2.84817
3590 1194.9 -5033.25 665.354 -2.84653
3600 1239.78 -5176.93 665.16 -2.84452
3610 1204.96 -3137.5 664.881 -2.84228
3620 1246.33 -4832.17 664.544 -2.83986
3630 1442.93 -7805.93 664.123 -2.83716
3640 1594.14 -6563.35 663.574 -2.83441
3650 1645.06 -3999.74 662.916 -2.83214
3660 1647.58 -1321.28 662.201 -2.83052
3670 1605.1 2062.89 661.481 -2.82947
3680 1591.53 3910.35 660.818 -2.82883
3690 1609.06 2287.6 660.24 -2.82852
3700 1578.98 120.31 659.723 -2.82851
3710 1516.47 -4090.38 659.219 -2.82873
3720 1426.6 -7839.47 658.654 -2.82896
3730 1436.99 -12802.1 657.955 -2.82912
3740 1473.47 -17788.3 657.032 -2.82929
3750 1481.92 -18698.7 655.805 -2.82953
3760 1533.97 -19180.3 654.258 -2.82992
3770 1575.09 -15290.3 652.397 -2.83047
3780 1588.68 -9024.38 650.302 -2.83104
3790 1632.87 -6903.34 648.081 -2.83169
3800 1650.01 -5328.83 645.786 -2.83257
3810 1638.6 -3920.4 643.447 -2.83368
3820 1560.53 -640.759 641.097 -2.83487
3830 1531.78 1185.76 638.787 -2.83587
3840 1608.23 -176.724 636.547 -2.83689
3850 1641.61 -974.243 634.358 -2.8381
3860 1624.8 -297.203 632.207 -2.83949
3870 1642.15 425.231 630.101 -2.84099
3880 1697.66 1036.48 628.052 -2.8427
3890 1674.12 5569.07 626.076 -2.84457
3900 1598.84 9872.04 624.24 -2.84638
3910 1588.67 13549.2 622.615 -2.84798
3920 1764.91 9565.75 621.245 -2.84975
3930 1904.83 4998.54 620.068 -2.85236
3940 1823.46 7011.65 619.014 -2.85574
3950 1620.52 11486.2 618.107 -2.85913
3960 1535.86 12790.1 617.41 -2.86205
3970 1527.54 11725 616.938 -2.8646
3980 1538.14 10036.6 616.675 -2.86688
3990 1555.51 8855.62 616.589 -2.86895
4000 1577.54 6607.29 616.654 -2.87092
4010 1509.34 7092.61 616.837 -2.87275
4020 1362.13 11303.4 617.145 -2.87423
4030 1257.33 13904.7 617.637 -2.87522
4040 1194.26 16550.3 618.358 -2.87562
4050 1385.09 12599 619.338 -2.87558
4060 1532.77 8462.5 620.517 -2.87519
4070 1538.57 8247.27 621.832 -2.87489
4080 1511.93 7408.94 623.271 -2.87477
4090 1556.03 5019.39 624.816 -2.87472
4100 1487.22 4769.95 626.433 -2.87476
4110 1315.58 6768.81 628.119 -2.8748
4120 1253.68 4820.53 629.894 -2.87457
4130 1343.32 -1904.09 631.724 -2.87378
4140 1379.61 -4302.4 633.506 -2.87252
4150 1340.51 -2752.9 635.198 -2.87116
4160 1374.66 -2663.6 636.821 -2.86971
4170 1491.07 -5465.17 638.372 -2.86807
4180 1575.04 -6510.34 639.811 -2.86647
4190 1594.38 -7337.12 641.119 -2.86519
4200 1501.3 -5408.85 642.285 -2.86428
4210 1448.17 -4948.45 643.34 -2.8636
4220 1495.44 -8472.94 644.288 -2.86288
4230 1573.64 -11439.8 645.076 -2.86217
4240 1706.72 -14849.8 645.648 -2.86173
4250 1796.49 -16658.2 645.95 -2.86192
4260 1760.25 -14908.6 645.957 -2.86293
4270 1623.01 -11422.7 645.703 -2.86448
4280 1516.21 -7939.29 645.252 -2.86605
4290 1498.69 -7960.12 644.665 -2.86745
4300 1433.25 -6308.71 643.953 -2.86865
4310 1288.76 -1857.99 643.149 -2.8694
4320 1240.17 185.725 642.329 -2.86957
4330 1316.22 -349.665 641.526 -2.86924
4340 1402.06 63.2417 640.738 -2.86854
4350 1422.52 849.155 639.971 -2.86767
4360 1368.82 2955.23 639.241 -2.86672
4370 1331.19 3826.86 638.578 -2.86564
4380 1366.17 3212.73 637.999 -2.86437
4390 1429.41 1078.65 637.487 -2.86296
4400 1473.1 1557.36 637.015 -2.86153
4410 1560.47 -1921.17 636.576 -2.86021
4420 1677.33 -5482.69 636.117 -2.8592
4430 1705.16 -4577.86 635.582 -2.85875
4440 1601.09 -1465.58 634.985 -2.85884
4450 1404.07 3453.14 634.382 -2.85909
4460 1280.42 6590.08 633.852 -2.85903
4470 1399.38 4724.42 633.443 -2.85861
4480 1532.67 964.811 633.126 -2.85799
4490 1579.94 -2526.61 632.837 -2.8575
4500 1559.24 -4371.97 632.517 -2.85726
4510 1566.84 -6643.98 632.131 -2.85724
4520 1607.95 -7948.86 631.642 -2.85744
4530 1584.19 -4494.77 631.037 -2.85785
4540 1567.43 -1819.78 630.369 -2.8584
4550 1560.41 639.485 629.687 -2.85901
4560 1523.41 2414.33 629.03 -2.85965
4570 1392.64 6353.47 628.436 -2.86016
4580 1287.54 9156.31 627.965 -2.86031
4590 1337.2 7795.94 627.656 -2.86006
4600 1448.45 7033.47 627.493 -2.85951
4610 1469.96 7538.69 627.459 -2.8589
4620 1405.29 6951.86 627.559 -2.85828
4630 1440.44 5416.78 627.78 -2.85762
4640 1468.7 3373.4 628.095 -2.85688
4650 1436.6 1475.92 628.468 -2.85615
4660 1366.65 2598.11 628.873 -2.85538
4670 1445.64 1259.18 629.317 -2.85448
4680 1690.81 -3615.21 629.775 -2.85352
4690 1836.33 -4021.38 630.179 -2.85305
4700 1809.07 -2094.06 630.516 -2.85352
4710 1651.8 3038.91 630.823 -2.85472
4720 1492.21 7921.04 631.184 -2.85605
4730 1504.76 8292.77 631.676 -2.85722
4740 1675.12 4698.5 632.306 -2.85837
4750 1798.09 1554.94 633.014 -2.8599
4760 1741.7 1952.79 633.751 -2.86199
4770 1585.19 4289.59 634.522 -2.8643
4780 1509.39 2776 635.358 -2.86639
4790 1530.49 -1416.11 636.232 -2.86817
4800 1501.92 -3712.53 637.077 -2.86972
4810 1399.39 -4217.97 637.853 -2.87094
4820 1301.65 -1732.33 638.554 -2.87171
4830 1324.72 -2799.59 639.213 -2.872
4840 1337.59 -981.503 639.822 -2.87188
4850 1256.42 2510.44 640.414 -2.87146
4860 1156.15 5002.6 641.045 -2.87072
4870 1183.2 5642.14 641.758 -2.86953
4880 1411.08 2672.67 642.561 -2.86783
4890 1561.39 2177.46 643.411 -2.86584
4900 1526.93 4442.6 644.297 -2.86421
4910 1335.07 8355.25 645.261 -2.86299
4920 1270.12 9058.87 646.363 -2.86187
4930 1292.86 8683.43 647.62 -2.86052
4940 1376.75 5753.88 649.019 -2.85892
4950 1501.68 -496.997 650.506 -2.85706
4960 1526.03 -3200.3 651.976 -2.85521
4970 1463.59 -6435.65 653.372 -2.85362
4980 1371.01 -8061.26 654.639 -2.85215
4990 1346.28 -8124.34 655.745 -2.85067
5000 1396.85 -8544.83 656.689 -2.84908
5010 1456.96 -10765.9 657.462 -2.84743
5020 1444.87 -11176.9 658.029 -2.84585
5030 1459.34 -11932.2 658.383 -2.84443
5040 1505.54 -12707.4 658.51 -2.84312
5050 1575.67 -11617.6 658.406 -2.84202
5060 1591.79 -10170.6 658.089 -2.84128
5070 1448.08 -4589.01 657.601 -2.84081
5080 1366.23 -1124.9 657.035 -2.84035
5090 1391.79 -2342.72 656.454 -2.83968
5100 1389.4 -2720.79 655.845 -2.83888
5110 1241.58 -671.705 655.204 -2.83794
5120 1143.99 1496.47 654.568 -2.83672
5130 1277.12 -3448.85 653.96 -2.83507
5140 1521.88 -8088.7 653.304 -2.83303
5150 1568.99 -6815.95 652.523 -2.83111
5160 1425.02 181.113 651.644 -2.82957
5170 1316.28 7056.13 650.786 -2.82812
5180 1395.81 9042.62 650.07 -2.8265
5190 1483.44 9512.17 649.536 -2.82477
5200 1503.24 8922.73 649.186 -2.82321
5210 1456.65 9682.31 649.015 -2.82188
5220 1489.52 7626.17 649.025 -2.82072
5230 1542.51 5025.1 649.18 -2.81967
5240 1578.7 1899.2 649.429 -2.81885
5250 1566.52 972.74 649.718 -2.81831
5260 1506.82 4964.52 650.036 -2.81799
5270 1531.6 5209.92 650.44 -2.81781
5280 1601.85 5159.93 650.94 -2.81774
5290 1629.7 7257.16 651.538 -2.81794
5300 1712.21 4999.68 652.261 -2.81854
5310 1662.13 3178.76 653.075 -2.81955
5320 1457.29 3880.66 653.947 -2.8207
5330 1333.1 1277.16 654.88 -2.82153
5340 1364.53 -2956.83 655.827 -2.82183
5350 1547.08 -11139.6 656.704 -2.82178
5360 1695.89 -17568.3 657.369 -2.82175
5370 1697.86 -16113.3 657.713 -2.82225
5380 1614.11 -13551.1 657.756 -2.82324
5390 1478.55 -9154.67 657.554 -2.82437
5400 1361.88 -6667.03 657.184 -2.82519
5410 1462.66 -9238.42 656.691 -2.82572
5420 1594.15 -12247.5 656.038 -2.82616
5430 1745.93 -16223.6 655.17 -2.82699
5440 1798.6 -17683.5 654.024 -2.82854
5450 1778.4 -18290.4 652.575 -2.83087
5460 1734.3 -16480.3 650.822 -2.83377
5470 1703.73 -13036 648.807 -2.83688
5480 1749.47 -13148.7 646.589 -2.84022
5490 1750.08 -11487.8 644.182 -2.8439
5500 1682.73 -8031.32 641.622 -2.84761
5510 1573.34 -4370.56 638.975 -2.851
5520 1474.25 -2464.72 636.304 -2.85377
5530 1392.98 -1718.72 633.645 -2.85592
5540 1413.98 1032.81 631.018 -2.85736
5550 1613.72 -2111.35 628.457 -2.8586
5560 1706.49 -2895.08 625.919 -2.86016
5570 1603.93 925.88 623.397 -2.86188
5580 1497.13 4076.87 620.945 -2.8633
5590 1554.81 5171.82 618.612 -2.86445
5600 1685.38 5477.9 616.417 -2.86563
5610 1725.26 6932.33 614.364 -2.86713
5620 1634.42 9212.62 612.472 -2.86887
5630 1437.45 15272.5 610.778 -2.87036
5640 1305.24 20111.7 609.367 -2.87117
5650 1349.72 18984.4 608.304 -2.87147
5660 1501.62 14197.1 607.566 -2.87159
5670 1592.18 11499.1 607.077 -2.8718
5680 1625.66 11683.3 606.789 -2.87225
5690 1656.83 14624.3 606.704 -2.87301
5700 1719.54 16383.7 606.859 -2.87417
5710 1792.86 14391.9 607.274 -2.87591
5720 1805.81 12403.4 607.92 -2.87831
5730 1749.48 11350.6 608.764 -2.88123
5740 1646.41 10059.3 609.784 -2.88433
5750 1543.66 8486.69 610.958 -2.88721
5760 1533.86 4751.61 612.256 -2.88972
5770 1524.21 2923.36 613.62 -2.89188
5780 1458.09 6491.62 615.027 -2.89378
5790 1354.39 10247.5 616.527 -2.89538
5800 1219.95 13434 618.179 -2.89651
5810 1176.94 13177.2 620.033 -2.89711
5820 1264.37 7351.66 622.078 -2.89703
5830 1393.7 3281.78 624.229 -2.8963
5840 1556.12 -2710.31 626.408 -2.8952
5850 1668.56 -7552.95 628.519 -2.89405
5860 1658.3 -8764.93 630.483 -2.89332
5870 1507.71 -6220.55 632.279 -2.89304
5880 1300.21 -2398.33 633.95 -2.89291
5890 1214.64 -768.933 635.555 -2.89251
5900 1286.19 -928.797 637.127 -2.89166
5910 1513.6 -6897.63 638.654 -2.89034
5920 1637.47 -11933.5 640.045 -2.88889
5930 1597.94 -12986.6 641.214 -2.88784
5940 1535.45 -12523.5 642.14 -2.8872
5950 1562.51 -11500.2 642.834 -2.88681
5960 1559.4 -7982.01 643.32 -2.88666
5970 1436.35 -2565.79 643.663 -2.88668
5980 1272.49 4265.81 643.963 -2.88658
5990 1272.97 5182.97 644.33 -2.88613
6000 1402.06 2250.34 644.783 -2.88527
6010 1458.1 105.028 645.276 -2.88423
6020 1352.79 -992.116 645.771 -2.88318
6030 1206.86 -2235.5 646.245 -2.88205
6040 1123.28 -2957.01 646.676 -2.88065
6050 1112.96 -3099.88 647.051 -2.87884
6060 1148.08 -4050.68 647.366 -2.8766
6070 1187.61 -5791.12 647.607 -2.87396
6080 1208.75 -6858.32 647.743 -2.87108
6090 1192.41 -5520.91 647.76 -2.86809
6100 1217.78 -5547.49 647.678 -2.86503
6110 1240.94 -5496.28 647.501 -2.86187
6120 1278.25 -5643.5 647.231 -2.85869
6130 1443.94 -10550.6 646.86 -2.85544
6140 1635.29 -14887.8 646.309 -2.85234
6150 1769.38 -15449.2 645.509 -2.84992
6160 1781.02 -12559.8 644.455 -2.84858
6170 1636.56 -6082.5 643.205 -2.84817
6180 1464.73 831.964 641.874 -2.84806
6190 1373.27 3569.12 640.581 -2.84783
6200 1360.84 6108.51 639.381 -2.84729
6210 1495.91 6690.16 638.31 -2.84654
6220 1528.31 8559.14 637.387 -2.84577
6230 1463.51 9593.06 636.633 -2.84515
6240 1412.4 11423 636.069 -2.84456
6250 1417.47 12275.2 635.718 -2.84392
6260 1375.84 15790 635.6 -2.84319
6270 1345.04 16915.7 635.762 -2.84242
6280 1427.71 12461.7 636.216 -2.84152
6290 1595.39 6362.77 636.886 -2.84054
6300 1606.06 6204.52 637.674 -2.83978
6310 1573.94 5940.75 638.566 -2.83943
6320 1549.8 3645.18 639.553 -2.83932
6330 1517.3 1415.56 640.598 -2.83931
6340 1559.44 -4183.49 641.652 -2.8393
6350 1585.65 -7845.74 642.626 -2.83934
6360 1535.66 -9461.33 643.454 -2.83951
6370 1496.18 -9733.26 644.107 -2.83973
6380 1525.83 -10306.4 644.579 -2.83995
6390 1609.08 -12263.8 644.862 -2.84025
6400 1663.95 -12877.2 644.926 -2.84083
6410 1647.42 -9849.14 644.769 -2.84179
6420 1610.76 -8575.8 644.438 -2.84299
6430 1561.09 -8862.37 643.961 -2.84431
6440 1504.44 -7557.67 643.342 -2.84557
6450 1492.23 -6879.72 642.6 -2.84669
6460 1499.82 -4583.14 641.756 -2.84765
6470 1526.52 -2648.93 640.848 -2.84845
6480 1600.69 -2856.28 639.91 -2.84926
6490 1611.79 -980.029 638.947 -2.85021
6500 1558.81 34.7965 637.986 -2.85125
6510 1468.31 4006.42 637.054 -2.85219
6520 1469.75 4912.75 636.209 -2.85286
6530 1557.88 2616.79 635.463 -2.85346
6540 1580.35 4301.06 634.788 -2.85411
6550 1553.2 5898.42 634.206 -2.85483
6560 1517.83 4783.95 633.737 -2.85557
6570 1473.1 3391.84 633.365 -2.85624
6580 1501.7 1114.07 633.061 -2.85677
6590 1612.11 -1954.41 632.786 -2.85732
6600 1676.74 -1135.73 632.494 -2.8581
6610 1656.9 1527.63 632.194 -2.85921
6620 1592.66 4193.28 631.932 -2.8605
6630 1544.36 3899.72 631.748 -2.86181
6640 1524.75 411.11 631.635 -2.86305
6650 1453.56 870.891 631.545 -2.86414
6660 1336.46 2160.35 631.476 -2.86489
6670 1265.56 4018.94 631.451 -2.86518
6680 1302.95 4542.72 631.5 -2.865
6690 1351.5 2843.09 631.627 -2.86443
6700 1352.18 3326.54 631.811 -2.8636
6710 1388.67 1721.34 632.052 -2.86259
6720 1483.57 -1112.95 632.323 -2.86142
6730 1577.52 -2190.84 632.579 -2.86031
6740 1611.31 -941.679 632.803 -2.85946
6750 1698.18 -2096.9 633.008 -2.85903
6760 1778.21 -2057.18 633.182 -2.85917
6770 1741.31 2731.2 633.331 -2.86002
6780 1586 8250.46 633.533 -2.86132
6790 1403.88 14493.1 633.884 -2.86258
6800 1380.8 15060.8 634.481 -2.86352
6810 1545.85 10605.9 635.331 -2.86424
6820 1596.14 8090.8 636.365 -2.86496
6830 1522.63 9664.23 637.54 -2.86583
6840 1469.8 9906.21 638.876 -2.8667
6850 1464.83 6168.92 640.369 -2.86742
6860 1363.76 3242.25 641.962 -2.86784
6870 1295.35 966.927 643.6 -2.86786
6880 1365.27 -3578.45 645.237 -2.86741
6890 1520.67 -9068.38 646.791 -2.86654
6900 1604.29 -11001.7 648.171 -2.86566
6910 1651.63 -12861.2 649.338 -2.8651
6920 1717.13 -15018.7 650.259 -2.86501
6930 1602.02 -14512.1 650.901 -2.86545
6940 1401.57 -11698.1 651.276 -2.86605
6950 1334.05 -8179.36 651.437 -2.86638
6960 1501.2 -10937.6 651.438 -2.86642
6970 1609.23 -12940.2 651.244 -2.86649
6980 1554.24 -11592.3 650.826 -2.86681
6990 1445.77 -10054.9 650.206 -2.86726
7000 1318.93 -5868.47 649.422 -2.86749
7010 1281.34 -3699.81 648.543 -2.86732
7020 1349.91 -3552.96 647.613 -2.86675
7030 1440.87 -2704.8 646.639 -2.8659
7040 1503.68 -3413.17 645.635 -2.86498
7050 1474.1 -2964.37 644.594 -2.86418
7060 1355.74 -1515.46 643.522 -2.86343
7070 1258.87 -1242.55 642.444 -2.86253
7080 1296.09 -2438.32 641.365 -2.86134
7090 1473.86 -5425.57 640.261 -2.85988
7100 1701.12 -8936.91 639.084 -2.85846
7110 1874.14 -12716.8 637.773 -2.85776
7120 1844.04 -12686 636.272 -2.85826
7130 1686.88 -7540.82 634.59 -2.85957
7140 1569.28 -2220.43 632.811 -2.86099
7150 1551.33 -1516.65 631.023 -2.86229
7160 1513.39 383.721 629.249 -2.86348
7170 1528.65 1536.98 627.519 -2.86446
7180 1651.15 -2186.21 625.842 -2.86551
7190 1719.66 -2364 624.171 -2.86694
7200 1669.43 -105.452 622.499 -2.86869
7210 1567.99 2274.79 620.862 -2.87045
7220 1542.82 3542.28 619.296 -2.87204
7230 1537.94 5210.09 617.823 -2.87348
7240 1470.47 9845.74 616.474 -2.87463
7250 1500.43 11022 615.309 -2.87549
7260 1614.33 10033.5 614.349 -2.87633
7270 1680.93 9811.68 613.577 -2.87742
7280 1591.79 10799.7 612.986 -2.87879
7290 1422.05 13741.1 612.59 -2.88004
7300 1416.04 13779.1 612.427 -2.88096
7310 1510.87 11045.3 612.489 -2.88169
7320 1481.61 13886.7 612.747 -2.88236
7330 1470.95 13628.5 613.228 -2.88298
7340 1455.88 13351.8 613.93 -2.88352
7350 1365.47 15963.9 614.852 -2.88394
7360 1382.42 15704.4 616.025 -2.88421
7370 1477.69 10467 617.44 -2.88424
7380 1557.48 3411.6 619.013 -2.88408
7390 1593.57 -817.822 620.633 -2.88392
7400 1594.93 -3001.61 622.227 -2.8839
7410 1648.86 -6285.46 623.752 -2.88407
7420 1734.21 -7341.54 625.161 -2.88457
7430 1710.2 -5274.8 626.437 -2.88561
7440 1555.88 -3368.36 627.611 -2.88699
7450 1418.27 -913.843 628.719 -2.88821
7460 1486.65 -4087.95 629.791 -2.88913
7470 1590.74 -8347.82 630.781 -2.88988
7480 1533.25 -7803.36 631.626 -2.89067
7490 1381.39 -6847.18 632.33 -2.89136
7500 1313.85 -7697.62 632.906 -2.8917
7510 1313.08 -7493.84 633.345 -2.89162
7520 1291.85 -5745.06 633.656 -2.89117
7530 1393.3 -8470.86 633.858 -2.89039
7540 1482.11 -8782.86 633.918 -2.88944
7550 1408.21 -3624.05 633.838 -2.88853
7560 1326.54 -1050.01 633.696 -2.88761
7570 1317.04 761.013 633.542 -2.88649
7580 1393.83 207.214 633.406 -2.88514
7590 1467.63 -665.448 633.279 -2.88366
7600 1473.35 -777.143 633.149 -2.88227
7610 1343.79 2325.65 633.018 -2.88101
7620 1209.87 5357.57 632.934 -2.87972
7630 1201.65 4859.62 632.944 -2.87817
7640 1318.49 695.518 633.039 -2.87624
7650 1348.45 -902.037 633.152 -2.87403
7660 1259.68 -143.561 633.257 -2.87187
7670 1150.48 1936.59 633.364 -2.86971
7680 1111.86 3345.32 633.506 -2.86742
7690 1203.42 2701.98 633.706 -2.86476
7700 1372.66 -1716.32 633.95 -2.86167
7710 1539.78 -9004.15 634.16 -2.85841
7720 1558.2 -10075.5 634.224 -2.85553
7730 1450.74 -3426.93 634.128 -2.8533
7740 1360.82 1091.59 633.976 -2.85145
7750 1328.35 2104.01 633.844 -2.84967
7760 1323.78 2934.37 633.756 -2.84784
7770 1356.47 1231.04 633.722 -2.84591
7780 1393.19 -719.466 633.716 -2.84392
7790 1502.7 -4209.59 633.698 -2.84196
7800 1475.93 -2077.61 633.622 -2.84016
7810 1407.06 2652.31 633.52 -2.83864
7820 1475.48 2493.17 633.463 -2.83719
7830 1507.41 3833.93 633.459 -2.83581
7840 1486.58 5668.05 633.528 -2.83465
7850 1532.15 3604.52 633.696 -2.83364
7860 1735.04 -4037.78 633.92 -2.83285
7870 1836.49 -8656.75 634.082 -2.83268
7880 1786.82 -9555.66 634.102 -2.83344
7890 1692.15 -7176.81 633.967 -2.83484
7900 1613.42 -6001.8 633.71 -2.83651
7910 1517.25 -1682.51 633.364 -2.83812
7920 1534.71 1173.38 632.997 -2.83952
7930 1612.91 198.565 632.656 -2.84088
7940 1675.07 -99.5248 632.331 -2.84238
7950 1744.59 -1187.65 632.014 -2.84419
7960 1825.97 -3299.06 631.686 -2.84653
7970 1829.86 -5366.19 631.311 -2.84954
7980 1644.07 -1056.27 630.867 -2.85279
7990 1566.94 1038.23 630.413 -2.85569
8000 1566.81 845.891 629.985 -2.85835
8010 1441.29 4520.67 629.592 -2.8606
8020 1326.78 5640.95 629.283 -2.86223
8030 1288.95 6320.51 629.08 -2.8632
8040 1359.57 4373.2 628.991 -2.86366
8050 1443.42 1532.85 628.981 -2.86377
8060 1512.7 -156.154 629.004 -2.86375
8070 1589.06 -1969.8 629.03 -2.86376
8080 1657.13 -2629.6 629.03 -2.86401
8090 1674.95 -2889.52 628.991 -2.86461
8100 1658.75 -2481.3 628.909 -2.86559
8110 1589.62 -608.485 628.794 -2.86678
8120 1556.35 -925.952 628.673 -2.86801
8130 1540.94 -1015.63 628.544 -2.86919
8140 1534.74 -1383.57 628.403 -2.87031
8150 1547.92 442.543 628.252 -2.87136
8160 1562.93 2142.76 628.114 -2.8724
8170 1499.84 6751.03 628.026 -2.8734
8180 1425.52 8588.94 628.056 -2.87423
8190 1447.18 7060.32 628.234 -2.87482
8200 1496.26 3960.7 628.534 -2.87523
8210 1529.19 1130.05 628.904 -2.87558
8220 1552.04 -2471.64 629.292 -2.87593
8230 1572.98 -5379.32 629.639 -2.87635
8240 1525.06 -4439.62 629.901 -2.87686
8250 1439.47 -1585.74 630.089 -2.87735
8260 1344.18 2749.31 630.256 -2.87761
8270 1273.93 7322.21 630.473 -2.87755
8280 1261.47 7961.56 630.812 -2.87708
8290 1358.5 5500.6 631.285 -2.87624
8300 1422.3 5299.33 631.857 -2.87513
8310 1471.9 3868.73 632.516 -2.87398
8320 1569.13 -1134.73 633.234 -2.87286
8330 1592.91 -3828.51 633.933 -2.87193
8340 1530.45 -4435.09 634.563 -2.87132
8350 1445 -5297.05 635.114 -2.87087
8360 1392.27 -6813.62 635.567 -2.87039
8370 1302.24 -2578.2 635.909 -2.86976
8380 1261.33 978.014 636.204 -2.86889
8390 1301.57 -200.981 636.509 -2.86769
8400 1289.05 2245.61 636.819 -2.86621
8410 1279.97 3272.41 637.165 -2.86455
8420 1364.7 1549.05 637.565 -2.86267
8430 1359.79 3312.67 637.998 -2.86066
8440 1309.32 4725.3 638.489 -2.85872
8450 1269.11 3011.09 639.056 -2.85675
8460 1185.27 4950.08 639.682 -2.85469
8470 1229.13 3575.77 640.385 -2.85246
8480 1370.03 568.224 641.146 -2.84985
8490 1478.97 -2179.66 641.913 -2.84708
8500 1542.63 -3941.54 642.638 -2.84449
8510 1572.41 -4813.77 643.29 -2.8423
8520 1598.47 -6615.01 643.849 -2.84059
8530 1563.56 -6596.5 644.292 -2.83934
8540 1436.83 -4424.39 644.618 -2.83846
8550 1315.8 -2609.12 644.865 -2.83763
8560 1440.02 -7303.66 645.055 -2.83663
8570 1613.03 -10653.8 645.118 -2.83551
8580 1717.85 -11521.2 644.996 -2.83479
8590 1731.69 -9209.93 644.678 -2.83473
8600 1691.32 -3560.57 644.212 -2.83529
8610 1626.19 -1003.31 643.687 -2.83622
8620 1544.84 3334.83 643.163 -2.83724
8630 1508.96 5376.85 642.708 -2.8382
8640 1464.68 6426.52 642.362 -2.839
8650 1462.89 5713.21 642.138 -2.83962
8660 1471.83 1680.8 642.02 -2.84009
8670 1429.65 -1614.37 641.941 -2.84043
8680 1364.7 -3621.17 641.841 -2.84055
8690 1356.64 -5770.91 641.682 -2.84039
8700 1399.34 -6015.46 641.432 -2.83997
8710 1502.84 -6951.73 641.079 -2.83941
8720 1575.87 -4945.37 640.619 -2.8389
8730 1563.5 -674.954 640.086 -2.83859
8740 1497.37 2792.11 639.553 -2.83842
8750 1454.68 4563.03 639.081 -2.83826
8760 1466.8 3271.89 638.698 -2.83803
8770 1527.47 304.175 638.38 -2.83779
8780 1573.01 -1257.94 638.082 -2.83762
8790 1678.44 -4747.01 637.768 -2.83771
8800 1762.66 -7899.49 637.381 -2.8383
8810 1706.07 -8552.98 636.87 -2.83952
8820 1543.48 -5396.67 636.229 -2.84101
8830 1534.13 -5092.21 635.503 -2.84233
8840 1787.13 -7435.25 634.7 -2.84382
8850 1989.97 -7576.97 633.789 -2.84617
8860 1918.53 -3136.29 632.774 -2.84966
8870 1675.68 1619.83 631.726 -2.8534
8880 1507.31 5309.71 630.729 -2.85659
8890 1552.05 4759.09 629.838 -2.85922
8900 1725.94 -180.81 629.041 -2.86187
8910 1826.06 -2646.49 628.264 -2.86501
8920 1708.51 2563.98 627.473 -2.86846
8930 1537.98 6736.64 626.741 -2.87155
8940 1466.74 7027 626.136 -2.87406
8950 1472.6 7039.42 625.666 -2.87606
8960 1578.74 1957.33 625.318 -2.87785
8970 1599.45 983.798 625.022 -2.87963
8980 1503.41 2708.1 624.756 -2.88129
8990 1465.22 2281.23 624.542 -2.88266
9000 1481.91 1358.45 624.375 -2.88377
9010 1511.81 341.64 624.238 -2.8847
9020 1528.92 1492.65 624.118 -2.88553
9030 1544.87 3075.57 624.032 -2.88632
9040 1519.5 3411.74 624.003 -2.8871
9050 1469.18 3510.44 624.036 -2.88779
9060 1474.32 700.523 624.131 -2.88833
9070 1461.94 -2124.11 624.242 -2.88872
9080 1421.58 -2982.96 624.323 -2.88895
9090 1417.01 -4176.53 624.356 -2.88901
9100 1355.06 -1363.89 624.329 -2.88884
9110 1318.6 2742.01 624.286 -2.88842
9120 1352.28 3989.01 624.29 -2.88769
9130 1385.89 5583.64 624.369 -2.88674
9140 1417.48 4465.96 624.542 -2.88565
9150 1504.25 751.941 624.79 -2.88451
9160 1603.03 -3144.94 625.052 -2.88345
9170 1658.8 -4398.43 625.266 -2.88275
9180 1587.19 -1037.67 625.416 -2.88248
9190 1518.8 2433.77 625.552 -2.88249
9200 1484.68 3123.51 625.729 -2.88255
9210 1444.84 3516.45 625.962 -2.88258
9220 1401.43 2324.8 626.255 -2.88249
9230 1364.69 2370.88 626.591 -2.88219
9240 1391.52 1028.97 626.965 -2.88167
9250 1472.27 -1670.13 627.356 -2.88097
9260 1473.4 -2814.4 627.72 -2.88023
9270 1350.02 -511.054 628.041 -2.87955
9280 1155.72 2455.5 628.355 -2.87871
9290 1204.19 821.007 628.704 -2.8775
9300 1304.63 -982.285 629.067 -2.87576
9310 1249.99 1910.02 629.42 -2.87381
9320 1152.16 4922.08 629.806 -2.8718
9330 1221.94 3032.98 630.269 -2.86954
9340 1479.04 -2528.97 630.777 -2.86676
9350 1688.13 -5591.18 631.245 -2.86385
9360 1750.27 -7135.73 631.616 -2.86162
9370 1643.36 -4007.55 631.873 -2.86032
9380 1673.62 -3553.37 632.058 -2.85971
9390 1665.46 -1889.52 632.185 -2.85961
9400 1587.76 3739.83 632.292 -2.8599
9410 1612.04 3535.41 632.459 -2.86044
9420 1648.22 1148.67 632.688 -2.86118
9430 1657.03 -379.54 632.941 -2.86219
9440 1648.65 -1963.44 633.19 -2.86347
9450 1542.45 -119.527 633.413 -2.86486
9460 1394.76 2133.29 633.637 -2.86606
9470 1304.45 4051.43 633.9 -2.86681
9480 1331.32 1898.23 634.229 -2.86707
9490 1408.38 -1095.41 634.591 -2.86695
9500 1484.01 -3524.43 634.934 -2.86662
9510 1545.42 -5799.85 635.217 -2.86626
9520 1603.94 -6650.51 635.401 -2.86607
9530 1533.99 -4680.92 635.476 -2.86613
9540 1310.93 1461.47 635.481 -2.86619
9550 1246.82 5027.35 635.512 -2.86592
9560 1385.31 3734.82 635.627 -2.86523
9570 1456.61 3006.72 635.813 -2.8643
9580 1337.85 6429.9 636.061 -2.86337
9590 1204.11 11547.3 636.428 -2.86237
9600 1307.63 7672.58 636.983 -2.86108
9610 1509.16 2600.68 637.671 -2.85937
9620 1618.47 593.486 638.406 -2.85768
9630 1596.98 -380.659 639.15 -2.85642
9640 1541.15 -2327.8 639.881 -2.85558
9650 1441.51 -504.491 640.574 -2.85495
9660 1431.79 -1430.49 641.249 -2.85436
9670 1477.02 -5048.17 641.891 -2.85365
9680 1551.99 -7260.92 642.442 -2.85293
9690 1633.89 -6976.87 642.865 -2.85242
9700 1644.17 -6453.02 643.162 -2.85231
9710 1509.8 -3047.92 643.35 -2.85253
9720 1285.22 1793.75 643.488 -2.85272
9730 1153 6681.01 643.662 -2.85247
9740 1374.46 3511.99 643.946 -2.8517
9750 1618.05 -3325.75 644.289 -2.85056
9760 1646.15 -5049.35 644.58 -2.8497
9770 1518.56 -773.218 644.794 -2.84929
9780 1520.13 -229.994 644.989 -2.84905
9790 1663.61 -2989.01 645.177 -2.84894
9800 1703.21 -2581.06 645.321 -2.84922
9810 1619.28 -830.911 645.423 -2.84994
9820 1508.27 2000.48 645.518 -2.85081
9830 1460.57 4435.24 645.652 -2.85158
9840 1444.79 5181.04 645.868 -2.85216
9850 1420.5 4669.16 646.179 -2.85254
9860 1424.26 3619.14 646.575 -2.85269
9870 1527.6 2045.95 647.037 -2.8527
9880 1634.85 -2316.62 647.531 -2.85275
9890 1639.09 -5828.73 647.983 -2.85307
9900 1509.38 -5458.56 648.336 -2.85363
9910 1393.61 -5480.53 648.588 -2.85409
9920 1436.38 -7266.4 648.739 -2.85431
9930 1525.56 -10119.6 648.76 -2.85436
9940 1623.38 -14700.7 648.595 -2.85455
9950 1627.53 -14986.4 648.178 -2.85507
9960 1601.71 -14724.2 647.499 -2.85592
9970 1539.48 -11850 646.571 -2.85697
9980 1415.25 -4911.2 645.454 -2.85785
9990 1371.47 1020.76 644.27 -2.85832
10000 1356.01 5704.3 643.126 -2.85834
