# Time-averaged data for fix 4
# TimeStep c_mytemp c_mypress v_vmyvol v_avgEtotal
10 1914.85 -11440.8 680.4 -2.74084
20 1925.41 -15127 681.28 -2.73999
30 1852.33 -15682.2 681.907 -2.73949
40 1720.86 -13701.3 682.274 -2.73918
50 1619 -10184.9 682.415 -2.73875
60 1704.72 -10211.8 682.385 -2.73805
70 1771.11 -9325.92 682.191 -2.73715
80 1734.14 -7482.11 681.852 -2.73624
90 1659.11 -6659.99 681.398 -2.73528
100 1668.54 -7237.44 680.845 -2.73417
110 1792.25 -9680.7 680.181 -2.73289
120 1899.81 -11584.7 679.375 -2.73171
130 1813.67 -10658.3 678.399 -2.73084
140 1748.01 -11124.2 677.268 -2.73015
150 1924.46 -14897.2 675.972 -2.7296
160 2045.58 -15309.2 674.465 -2.7294
170 2078.04 -14403.3 672.742 -2.72989
180 2051.64 -12638.1 670.825 -2.73102
190 2021.12 -12359.5 668.74 -2.73267
200 1984.12 -8805.66 666.506 -2.73457
210 2018.66 -7483.04 664.176 -2.7366
220 2111.31 -6995.86 661.775 -2.73896
230 2175.49 -5865.77 659.317 -2.74189
240 2135.8 -408.416 656.827 -2.7452
250 2142.38 2448.93 654.378 -2.74871
260 2040.44 7345.51 652.024 -2.75236
270 1759.34 16009.5 649.838 -2.75528
280 1632.61 19368 647.931 -2.75707
290 1699.68 17024 646.348 -2.75822
300 1910.94 12386.2 645.048 -2.75917
310 2188.85 10816.2 643.967 -2.76055
320 2173.81 13361.9 643.075 -2.76273
330 1845.3 21213.2 642.408 -2.76522
340 1489.17 29671.5 642.074 -2.76694
350 1508.49 27696.3 642.171 -2.76793
360 1547.43 25140.9 642.681 -2.76837
370 1526.18 23165.4 643.562 -2.7684
380 1646.03 14272.5 644.77 -2.76794
390 1835.03 7263.34 646.181 -2.76699
400 1948.52 4455.72 647.693 -2.76601
410 2044.88 -401.595 649.256 -2.76536
420 1963.31 1937.33 650.807 -2.76525
430 1714.51 8617.64 652.381 -2.76559
440 1625.2 9582.1 654.061 -2.76586
450 1657.64 10750.4 655.872 -2.76579
460 1615.14 11341.6 657.83 -2.76546
470 1587.27 11140.1 659.944 -2.76488
480 1658.84 9080.77 662.208 -2.76397
490 1736.57 5189.87 664.59 -2.76269
500 1715.82 2298.88 667.029 -2.76121
510 1648.29 3109.93 669.486 -2.75973
520 1608.31 3448.01 671.968 -2.75819
530 1779.52 -3279.71 674.468 -2.7563
540 1921.42 -8250.25 676.89 -2.75405
550 1930.68 -9143.93 679.158 -2.75212
560 1865.58 -10620.4 681.249 -2.75064
570 1774.15 -10261.2 683.144 -2.74946
580 1656.31 -8828.55 684.848 -2.74837
590 1591.12 -9264.69 686.382 -2.74713
600 1764.31 -12954.9 687.738 -2.74557
610 2040.48 -19007.7 688.857 -2.74384
620 2154.55 -20158.6 689.648 -2.74275
630 1997.88 -16098.6 690.1 -2.74268
640 1724.89 -10644.2 690.279 -2.7431
650 1518.9 -6546.35 690.277 -2.74325
660 1535.14 -7934.09 690.161 -2.74285
670 1616.98 -9389 689.919 -2.74193
680 1757.95 -12251.1 689.522 -2.74069
690 1934.26 -15641.2 688.928 -2.73948
700 1923.67 -12815.8 688.095 -2.73866
710 1796.18 -5603.54 687.073 -2.73816
720 1736.66 500.016 685.978 -2.73763
730 1756.96 2305.79 684.91 -2.7369
740 1811.87 2121.73 683.904 -2.7361
750 1836.03 -1050.16 682.951 -2.73538
760 1750.42 -1005.77 682.01 -2.7348
770 1643.43 -2742.1 681.07 -2.73415
780 1697.12 -8515.68 680.102 -2.73335
790 1807.62 -14111.2 679.015 -2.73249
800 1904.13 -15006.1 677.728 -2.7318
810 1995.71 -15952.1 676.224 -2.73148
820 2018.21 -15988.5 674.496 -2.73176
830 1993.09 -14547.2 672.548 -2.73256
840 2014.99 -16679.8 670.404 -2.73387
850 1972.28 -13816.2 668.047 -2.73564
860 1899.12 -6917.36 665.529 -2.73733
870 1913.47 -5292.14 662.95 -2.73887
880 1857.75 -3295.99 660.349 -2.74037
890 1768.41 584.02 657.759 -2.74148
900 1885.16 1011.58 655.23 -2.74233
910 2020.58 1224.01 652.777 -2.74321
920 2162.11 330.423 650.398 -2.74462
930 2154.09 405.888 648.08 -2.74676
940 1994.6 5782.47 645.829 -2.74928
950 1818.53 12220.3 643.718 -2.75133
960 1814.72 11355.2 641.827 -2.75293
970 1847.73 10293.5 640.147 -2.75436
980 1867.27 10203 638.657 -2.75561
990 2008.26 9607.82 637.35 -2.75698
1000 2001.92 12893 636.218 -2.75855
1010 1946.73 16655.9 635.301 -2.76027
1020 1867 21845.1 634.648 -2.76197
1030 1854.58 25299.2 634.326 -2.76356
1040 1877.33 24406.2 634.372 -2.76519
1050 1831.68 25861.6 634.78 -2.76683
1060 1931.2 20000.9 635.549 -2.76851
1070 2098.42 10497.2 636.596 -2.77038
1080 2088.14 8844.09 637.796 -2.77265
1090 2122.9 5155.42 639.11 -2.77533
1100 2226.98 -710.783 640.484 -2.77846
1110 2340.55 -5324.54 641.835 -2.78236
1120 2259.84 -4732.62 643.1 -2.78715
1130 1897.39 4739.02 644.297 -2.79193
1140 1767.99 5851.81 645.539 -2.79587
1150 1779.19 4276.21 646.853 -2.79907
1160 1824.86 2494.17 648.217 -2.80167
1170 1902.17 -1851.67 649.599 -2.80394
1180 1795.66 -1467.75 650.946 -2.80591
1190 1648.07 -743.637 652.256 -2.80741
1200 1626.57 -2170.54 653.539 -2.80827
1210 1682.11 -4670.67 654.771 -2.80856
1220 1708.01 -5222.14 655.922 -2.80847
1230 1649.77 -2610.46 656.984 -2.80813
1240 1532.61 74.6161 657.995 -2.80753
1250 1527.69 -480.298 658.993 -2.80652
1260 1627.96 -3971.3 659.968 -2.80501
1270 1670.15 -7230.65 660.872 -2.80314
1280 1586.07 -7825.34 661.659 -2.80117
1290 1430.35 -6566.38 662.317 -2.79913
1300 1309.3 -2699.48 662.871 -2.79688
1310 1383.19 -3032.18 663.372 -2.7942
1320 1524.23 -7994.71 663.815 -2.79085
1330 1627.08 -11259.8 664.132 -2.78713
1340 1633.67 -8943.37 664.28 -2.78345
1350 1599.42 -7051.26 664.288 -2.78002
1360 1532.22 -4015.5 664.191 -2.77676
1370 1511.1 -2246.5 664.036 -2.77356
1380 1606.7 -1624.98 663.852 -2.77022
1390 1741.43 -421.653 663.651 -2.76675
1400 1775.62 2782.29 663.454 -2.76344
1410 1663.57 7060.13 663.312 -2.76058
1420 1536.45 10114.9 663.288 -2.75804
1430 1583.93 8304.87 663.421 -2.75546
1440 1879.51 1318.96 663.68 -2.75262
1450 1988.92 -1962.7 663.966 -2.74993
1460 1766.61 3967.94 664.236 -2.74802
1470 1666.72 6018.97 664.566 -2.74651
1480 1858.5 1480.51 664.98 -2.74493
1490 2051.46 -2698.9 665.42 -2.74343
1500 2222.59 -7778.64 665.815 -2.74264
1510 2382.69 -12614.5 666.087 -2.74308
1520 2366.3 -13442 666.169 -2.74511
1530 2158.84 -11366.8 666.046 -2.74833
1540 1730.01 -999.712 665.765 -2.75144
1550 1514.22 6630.64 665.474 -2.75343
1560 1619.58 3899.22 665.281 -2.75457
1570 1687.38 5747.86 665.168 -2.75513
1580 1847.09 4295.15 665.147 -2.75539
1590 2017.86 546.972 665.195 -2.75571
1600 1991.71 3969.4 665.27 -2.75645
1610 1777.44 11114.1 665.416 -2.75742
1620 1556.64 17908.5 665.743 -2.75809
1630 1704.89 14019.2 666.338 -2.75834
1640 1947.7 7159.6 667.149 -2.7583
1650 1906.21 5337.19 668.078 -2.75842
1660 1882.3 1367.62 669.081 -2.75872
1670 1891.19 -1860.53 670.099 -2.75907
1680 1819.19 -1913.73 671.084 -2.75946
1690 1767.61 -3409.99 672.028 -2.75977
1700 1764.62 -6006.78 672.908 -2.75987
1710 1755.68 -6465.25 673.686 -2.75983
1720 1679.67 -3395.3 674.36 -2.75959
1730 1770.18 -3511.66 674.969 -2.75917
1740 1792.95 295.637 675.524 -2.75862
1750 1748.75 5596.69 676.083 -2.75812
1760 1776.11 8471.65 676.729 -2.75761
1770 1860.39 9167.34 677.506 -2.75711
1780 1902.95 11335 678.433 -2.75681
1790 1873.2 11890 679.538 -2.75679
1800 1921.52 8060.14 680.824 -2.75696
1810 1996.09 5807.43 682.235 -2.75733
1820 1946.9 5062.73 683.733 -2.75805
1830 1755.19 6823.55 685.308 -2.75892
1840 1600.18 7821.27 686.982 -2.75958
1850 1571.93 5358.07 688.765 -2.75973
1860 1558.93 4077.25 690.626 -2.7593
1870 1650.39 601.457 692.534 -2.75837
1880 1804.63 -4660.85 694.431 -2.75698
1890 1805.61 -6560.57 696.236 -2.75546
1900 1732.22 -6757.59 697.909 -2.75408
1910 1714.6 -7116.17 699.449 -2.75273
1920 1746.15 -10862.7 700.845 -2.75126
1930 1779.31 -14864.4 702.035 -2.74968
1940 1843.23 -19773.5 702.951 -2.74816
1950 1886.54 -23061.8 703.512 -2.74687
1960 1827.44 -22226 703.67 -2.746
1970 1799.72 -20896.1 703.438 -2.74543
1980 1876.35 -19857.3 702.845 -2.74506
1990 1957.04 -19528.2 701.916 -2.745
2000 1966.23 -17629.1 700.669 -2.74538
2010 1928.88 -16058.8 699.139 -2.74616
2020 1863.58 -15152.2 697.362 -2.74716
2030 1826.87 -14672.6 695.359 -2.74823
2040 1854.98 -15277.4 693.143 -2.74932
2050 1886.57 -14135.2 690.716 -2.7505
2060 1834.51 -9880.02 688.107 -2.75162
2070 1805.7 -6509.58 685.385 -2.75252
2080 1809.08 -3460.87 682.613 -2.75314
2090 1831.74 -1421.37 679.844 -2.75355
2100 1817.03 -322.814 677.112 -2.75384
2110 1770.27 2148 674.438 -2.75397
2120 1736.14 5851.89 671.86 -2.75382
2130 1711.88 8676.5 669.432 -2.75329
2140 1737.66 10489 667.196 -2.75251
2150 1644.2 14656.5 665.18 -2.75146
2160 1565.34 16664.4 663.437 -2.75011
2170 1574.45 20736.8 661.998 -2.74842
2180 1607.16 23299.4 660.913 -2.74639
2190 1687.32 21931.9 660.211 -2.74426
2200 1697.51 23379.8 659.872 -2.74217
2210 1656.82 25488.6 659.911 -2.74025
2220 1659.39 22594.1 660.342 -2.73846
2230 1827.9 15561.1 661.12 -2.73663
2240 2062.44 7048.23 662.133 -2.73484
2250 2214.07 336.187 663.25 -2.73365
2260 2157.85 -747.314 664.371 -2.73353
2270 1931.38 3952.26 665.478 -2.7343
2280 1689.59 9259.15 666.638 -2.73524
2290 1661.74 8728.26 667.925 -2.73588
2300 1850.72 1715.27 669.331 -2.73607
2310 2062.16 -5233.6 670.749 -2.73615
2320 2128.59 -9069.71 672.074 -2.73667
2330 2075.14 -10415.5 673.242 -2.73785
2340 1950.06 -7069.8 674.238 -2.73943
2350 1877.65 -5159.44 675.107 -2.74112
2360 1818.82 -4763.54 675.883 -2.74267
2370 1659.65 -2116.84 676.578 -2.74391
2380 1401.86 3126.65 677.239 -2.74452
2390 1412.11 3232.19 677.937 -2.74437
2400 1623.27 -1863.16 678.674 -2.74342
2410 1795.46 -6275.71 679.377 -2.74198
2420 1862.95 -8226.73 679.974 -2.74052
2430 1875.55 -8922.78 680.434 -2.7393
2440 1955.08 -11498.1 680.741 -2.73841
2450 1924.34 -7393.95 680.871 -2.73792
2460 1788.3 -404.958 680.885 -2.73774
2470 1634.96 7807.05 680.9 -2.73753
2480 1574.57 13145.1 681.046 -2.73702
2490 1672.84 13691 681.405 -2.73615
2500 1799.98 12509.7 681.991 -2.73508
2510 1886.68 8922.53 682.778 -2.73406
2520 1928.64 6730.25 683.711 -2.73327
2530 2029.5 1045.8 684.744 -2.73283
2540 2050.02 -1895.66 685.79 -2.73284
2550 1925.55 -203.869 686.803 -2.73337
2560 1694.17 4454.03 687.808 -2.73407
2570 1496.81 6638.93 688.878 -2.7344
2580 1664.67 -1369.28 690.033 -2.73413
2590 1686.5 -2219.77 691.168 -2.73331
2600 1706.27 -4048.68 692.25 -2.73231
2610 1797.19 -7123.51 693.251 -2.73112
2620 1746.88 -3903.22 694.132 -2.72995
2630 1691.48 -2289.89 694.935 -2.72886
2640 1673.71 -1177.96 695.693 -2.72765
2650 1798.06 -3345.28 696.42 -2.7263
2660 1927.02 -5865.8 697.083 -2.72492
2670 1931.54 -4000.6 697.647 -2.72391
2680 1878.39 -3058.81 698.138 -2.7233
2690 1863.85 -1540.66 698.576 -2.72293
2700 1889.47 -916.802 698.986 -2.72274
2710 1780.03 -979.288 699.378 -2.72271
2720 1522.11 2397.05 699.759 -2.72252
2730 1626.39 -801.309 700.171 -2.7219
2740 1823.8 -7235.82 700.562 -2.72082
2750 1798.94 -6462.75 700.839 -2.71975
2760 1749.99 -3084.51 701.009 -2.7188
2770 1796 -1085.47 701.123 -2.71788
2780 1759.21 2818.94 701.228 -2.71695
2790 1757.72 5344.06 701.383 -2.71607
2800 1701.29 8843.82 701.638 -2.71515
2810 1623.11 13324.6 702.053 -2.7142
2820 1592.39 13459.2 702.695 -2.71309
2830 1645.28 12114.8 703.572 -2.71174
2840 1843.88 4759.09 704.644 -2.71012
2850 1786.55 2566.83 705.804 -2.70847
2860 1675.34 1352.36 706.999 -2.70706
2870 1702.08 -1841 708.206 -2.70555
2880 1753.3 -6697.61 709.367 -2.70384
2890 1885.33 -11362.6 710.397 -2.70206
2900 2041.01 -14854.7 711.215 -2.70054
2910 2042.52 -13316.9 711.768 -2.69969
2920 2023.29 -13602.5 712.075 -2.69959
2930 1981.7 -11422.2 712.142 -2.70005
2940 1976.19 -9189.73 712.007 -2.70086
2950 2105.53 -10222.6 711.708 -2.70208
2960 2175.43 -8570.91 711.241 -2.70398
2970 2101.29 -3307.52 710.639 -2.70651
2980 1975.58 1800.58 709.993 -2.70924
2990 1871.65 5338.63 709.395 -2.71177
3000 1814.39 5410.88 708.903 -2.71398
3010 1738.03 4513.54 708.521 -2.71578
3020 1643.75 4882.62 708.234 -2.71707
3030 1607.84 2300.87 708.039 -2.71777
3040 1641.02 -1472.4 707.893 -2.71796
3050 1761.9 -6917.32 707.725 -2.71776
3060 1917.35 -13476 707.439 -2.7175
3070 1996.41 -16121.5 706.93 -2.71754
3080 2043.75 -18157.1 706.147 -2.71817
3090 2012.53 -16930.3 705.065 -2.71939
3100 1928.13 -15026.6 703.708 -2.72098
3110 1784.13 -11045.6 702.116 -2.72258
3120 1622.83 -6681.37 700.364 -2.7237
3130 1583.54 -6183.81 698.525 -2.72421
3140 1637.1 -4703.19 696.618 -2.72419
3150 1642.13 -3145.32 694.667 -2.72373
3160 1670.87 -3268.41 692.7 -2.72291
3170 1883.53 -6329.32 690.713 -2.72196
3180 2110.44 -7234.1 688.664 -2.72129
3190 2207.76 -7542.96 686.536 -2.72145
3200 2163.41 -5608.87 684.332 -2.72263
3210 2044.77 -1746.04 682.084 -2.72441
3220 1932.73 2006.49 679.856 -2.72628
3230 1853.32 4002.69 677.705 -2.72799
3240 1738.26 7881.03 675.67 -2.72926
3250 1844.59 5090.56 673.797 -2.73016
3260 1999.9 -486.114 672.043 -2.73127
3270 1999.61 -1862.92 670.325 -2.73275
3280 1962.23 -2927.33 668.616 -2.7345
3290 1887.24 -1136.14 666.902 -2.7363
3300 1826.11 2143.51 665.209 -2.73785
3310 1835.35 2983.73 663.582 -2.73913
3320 1805.95 3771.13 662.038 -2.74023
3330 1713.89 6061.83 660.589 -2.741
3340 1748.67 4918.75 659.262 -2.74142
3350 1831.79 2225.3 658.038 -2.74171
3360 1733.41 6684.87 656.886 -2.74188
3370 1727.9 9718.44 655.861 -2.74172
3380 1995.45 1318.93 654.992 -2.74154
3390 2156.49 -5404.83 654.168 -2.74191
3400 2092.54 -5356.99 653.29 -2.74313
3410 1894.72 -1934.7 652.357 -2.74473
3420 1788.23 -422.161 651.414 -2.74615
3430 1874.52 -792.205 650.484 -2.74734
3440 1935.89 -201.025 649.564 -2.74856
3450 1780.77 6357.86 648.67 -2.74971
3460 1624.01 12754.5 647.894 -2.7504
3470 1708.01 11754.8 647.317 -2.75059
3480 1948.61 6432.66 646.927 -2.75063
3490 2073.41 1666.46 646.644 -2.751
3500 2060.34 2402.39 646.406 -2.75194
3510 2058.63 4511.32 646.214 -2.75338
3520 2024.1 6606.5 646.1 -2.75522
3530 1944.78 8394.64 646.092 -2.75726
3540 1858.77 7121.82 646.211 -2.75924
3550 1835.9 6697.28 646.442 -2.76103
3560 1833.17 4630.4 646.773 -2.76259
3570 1850.84 2090.44 647.174 -2.76397
3580 1911.46 469.068 647.608 -2.76522
3590 2085.92 -3112.52 648.044 -2.76666
3600 2122.26 -1630.55 648.442 -2.76857
3610 2147.7 -1755.08 648.813 -2.77109
3620 2094.56 -3199.74 649.156 -2.77406
3630 2040.53 -4586.6 649.452 -2.77727
3640 2002.57 -5434.98 649.683 -2.7805
3650 1994.62 -6336.22 649.834 -2.78371
3660 1952.57 -5148.05 649.896 -2.78683
3670 1941.48 -3807.3 649.886 -2.78981
3680 1890.95 320.491 649.828 -2.79258
3690 1850.42 3276.28 649.779 -2.79504
3700 1840.45 1623.3 649.781 -2.79719
3710 1814.05 -258.859 649.813 -2.79903
3720 1777.66 -3865.08 649.844 -2.80056
3730 1693.82 -4736.36 649.825 -2.80172
3740 1620.73 -4616.53 649.741 -2.80239
3750 1621.53 -3893.13 649.595 -2.80255
3760 1699.38 -5193.13 649.394 -2.80229
3770 1779.38 -7568.73 649.122 -2.8018
3780 1779.22 -8050.4 648.748 -2.80126
3790 1741.17 -8633.68 648.264 -2.80073
3800 1724.9 -6099.3 647.667 -2.80011
3810 1774.17 -3698.78 646.994 -2.79935
3820 1894.48 -5499.89 646.275 -2.79858
3830 1899.84 -5116.73 645.494 -2.79803
3840 1863.14 -1927.63 644.66 -2.79772
3850 1876.75 -916.806 643.813 -2.79754
3860 1849.77 2205.89 642.975 -2.79747
3870 1793.87 5751.62 642.189 -2.79739
3880 1796.7 6727.66 641.502 -2.79724
3890 1854.09 4524.66 640.927 -2.79707
3900 1943.77 923.593 640.431 -2.79701
3910 2116.35 -4175.75 639.961 -2.79737
3920 2144.23 -6764.07 639.445 -2.7985
3930 1844.89 751.954 638.858 -2.80011
3940 1493.17 8856.06 638.297 -2.80117
3950 1515.63 7497.64 637.867 -2.80145
3960 1701.47 4967.26 637.556 -2.80112
3970 1788.6 5010.32 637.33 -2.80052
3980 1855.33 4320.7 637.186 -2.79988
3990 2129.24 -2356.04 637.103 -2.79949
4000 2241.27 -4756.96 637.001 -2.7999
4010 2074.63 -2400.42 636.842 -2.80131
4020 1774.51 3906.11 636.664 -2.80296
4030 1604.74 7204.63 636.546 -2.80412
4040 1639.63 5950.71 636.534 -2.80468
4050 1753.69 2579.39 636.609 -2.80483
4060 1757.75 2681.36 636.731 -2.80477
4070 1737.04 4070.7 636.898 -2.80457
4080 1802.53 530.772 637.119 -2.80421
4090 1955.15 -4290.69 637.349 -2.80388
4100 1906.29 -5384.21 637.524 -2.80378
4110 1818.81 -4850.18 637.627 -2.80391
4120 1791.51 -3847.27 637.663 -2.80402
4130 1741.32 718.81 637.653 -2.80404
4140 1702.18 5928.57 637.659 -2.80387
4150 1731.19 8896.68 637.755 -2.80348
4160 1828.07 6266.44 637.977 -2.80296
4170 1904.11 3924.77 638.292 -2.80249
4180 1928.45 1671.41 638.667 -2.80224
4190 1903.34 -937.832 639.068 -2.80227
4200 1809.48 -3150.2 639.454 -2.80242
4210 1768.55 -3193.81 639.798 -2.80254
4220 1728.58 -3753.98 640.093 -2.8025
4230 1651.33 -860.068 640.341 -2.80226
4240 1525.76 5472.22 640.581 -2.80172
4250 1511.77 8186.74 640.9 -2.80074
4260 1718.16 4200.82 641.329 -2.79929
4270 1793.7 5362.91 641.828 -2.79761
4280 1733.54 5359.3 642.402 -2.79607
4290 1632.33 7457.46 643.056 -2.79464
4300 1560.94 9609.68 643.818 -2.79314
4310 1647.24 7647.37 644.712 -2.7914
4320 1807.84 4633.46 645.711 -2.78937
4330 1905.63 2426.6 646.775 -2.78742
4340 1886.41 767.011 647.868 -2.7858
4350 1934.36 -3148.24 648.96 -2.78457
4360 1861.41 -2993.27 650.004 -2.78366
4370 1728.12 18.1533 650.997 -2.78302
4380 1594.43 3727.22 651.985 -2.78237
4390 1511.04 5589.75 653.019 -2.7815
4400 1458.76 6853.55 654.13 -2.78022
4410 1587.83 5485.82 655.333 -2.77847
4420 1625.09 5884.19 656.613 -2.77633
4430 1702.09 4009.73 657.969 -2.77405
4440 1847.61 1319.69 659.376 -2.77167
4450 1957.8 -368.762 660.792 -2.76944
4460 1979.92 298.976 662.195 -2.76777
4470 1949.48 -37.2427 663.59 -2.76673
4480 1833.74 2507.76 664.976 -2.76614
4490 1739.28 5963.74 666.394 -2.76579
4500 1821.75 3626.68 667.883 -2.76542
4510 1828.17 4900.85 669.425 -2.76502
4520 1762.39 4749.84 671.029 -2.76474
4530 1718.16 4104.7 672.697 -2.76437
4540 1792.93 -256.551 674.41 -2.76382
4550 1891.96 -6826.37 676.099 -2.76304
4560 1939.19 -10310.7 677.667 -2.76234
4570 1916.87 -12083.4 679.053 -2.76191
4580 1839.07 -9450.59 680.235 -2.76176
4590 1761.79 -5894.13 681.25 -2.76173
4600 1709.84 -2145.33 682.16 -2.76162
4610 1746.71 -1491.64 683.023 -2.76133
4620 1811.3 -497.909 683.856 -2.76092
4630 1776.89 3363.41 684.68 -2.76054
4640 1709.47 5939.78 685.552 -2.76016
4650 1765.46 4130.21 686.511 -2.75964
4660 1893.7 117.838 687.531 -2.75902
4670 1894.45 -1717.37 688.548 -2.75851
4680 1831.07 -3277.79 689.529 -2.75819
4690 1886.13 -7763.08 690.441 -2.75793
4700 1964.19 -11091.4 691.217 -2.75778
4710 2030.01 -14511.1 691.798 -2.75798
4720 2064.15 -16686.7 692.13 -2.75873
4730 1999.64 -15809 692.184 -2.76003
4740 1851.96 -13429 691.974 -2.76156
4750 1766.27 -12399.5 691.541 -2.76294
4760 1763.79 -12724.6 690.907 -2.76406
4770 1805.62 -13318.8 690.071 -2.76497
4780 1901.98 -13215.9 689.028 -2.76585
4790 1953.84 -12279.8 687.785 -2.7669
4800 1859.04 -7666.57 686.368 -2.76807
4810 1684.7 -1383.9 684.854 -2.76898
4820 1536.45 4460.21 683.347 -2.76926
4830 1505.5 8154.3 681.943 -2.76881
4840 1572.57 7098.72 680.696 -2.76778
4850 1562.67 7959.41 679.596 -2.76635
4860 1496.98 10038.1 678.651 -2.76458
4870 1586.58 8128.31 677.887 -2.76247
4880 1666.02 8130.89 677.276 -2.76004
4890 1687.82 10731.2 676.818 -2.75755
4900 1656.81 12273.6 676.546 -2.75512
4910 1627.21 14474.7 676.485 -2.75276
4920 1709 13768.6 676.665 -2.7504
4930 1894.81 8689.84 677.065 -2.74801
4940 2008.85 8295.11 677.617 -2.74594
4950 2021.53 6572.54 678.301 -2.74458
4960 1929.21 7332.45 679.095 -2.74391
4970 1818.38 8218.27 680.005 -2.74368
4980 1700.9 6569.23 681.041 -2.74352
4990 1533.36 7485.69 682.183 -2.74315
5000 1508.43 5070.46 683.434 -2.74236
5010 1629.16 1195.99 684.756 -2.74098
5020 1835.28 -3661.89 686.086 -2.73917
5030 2006.28 -6590.87 687.344 -2.73733
5040 1999.15 -3845.96 688.489 -2.7361
5050 1832.43 94.3706 689.563 -2.73553
5060 1593.23 2794.27 690.628 -2.73515
5070 1492.55 2490.71 691.728 -2.73448
5080 1546.15 137.862 692.856 -2.73326
5090 1658.17 -3624.96 693.976 -2.73155
5100 1717.8 -6650.89 695.024 -2.72953
5110 1621.14 -4275.09 695.957 -2.72751
5120 1501.34 -1137.81 696.81 -2.72555
5130 1468.28 434.534 697.634 -2.72337
5140 1552.39 1859.67 698.459 -2.72084
5150 1751.11 -618.081 699.304 -2.71792
5160 1913.6 -1398.22 700.136 -2.71492
5170 2044.96 -1283.13 700.94 -2.71238
5180 2160.91 -2746.05 701.714 -2.71066
5190 2216.74 -3574.83 702.437 -2.71003
5200 2056.56 955.098 703.101 -2.71052
5210 1740.14 9963.44 703.789 -2.71144
5220 1715.31 11659.3 704.639 -2.71222
5230 1878.24 7517.9 705.681 -2.71273
5240 2043.33 3284.2 706.849 -2.71328
5250 2109.71 1560.84 708.072 -2.71429
5260 2047.4 1090.2 709.316 -2.71586
5270 1912.94 4324.05 710.576 -2.71773
5280 1812.45 7668.83 711.903 -2.71956
5290 1902.24 6369.42 713.353 -2.72124
5300 2028.5 2024.71 714.901 -2.72293
5310 1967.22 405.038 716.479 -2.72481
5320 1834.82 -2075.08 718.048 -2.72662
5330 1775.42 -6411.37 719.562 -2.72801
5340 1838.48 -10642.5 720.944 -2.72904
5350 1867.46 -12723.4 722.119 -2.72988
5360 1874.67 -15679.9 723.044 -2.73071
5370 1839.09 -15509.3 723.675 -2.73154
5380 1769.8 -12750 724.017 -2.73233
5390 1746.21 -12896 724.117 -2.73292
5400 1945.94 -19236.4 723.968 -2.73342
5410 2142.46 -24504.9 723.469 -2.73441
5420 2075.94 -22334.7 722.539 -2.7363
5430 1820.12 -16883.5 721.22 -2.7385
5440 1586.87 -12233.8 719.614 -2.74026
5450 1509.41 -9656.84 717.812 -2.74117
5460 1646.18 -13157.1 715.858 -2.74151
5470 1714.91 -12913.9 713.712 -2.74158
5480 1745.99 -11725.1 711.376 -2.74144
5490 1816.93 -10622.9 708.878 -2.74123
5500 1829.57 -8100.48 706.245 -2.74097
5510 1832.67 -6305.84 703.522 -2.74074
5520 1790.21 -3160.47 700.749 -2.74044
5530 1818.7 -1757.26 697.978 -2.74005
5540 1860.42 852.217 695.239 -2.73963
5550 1786.67 6087.56 692.579 -2.73907
5560 1755.04 6914.99 690.075 -2.73837
5570 1801.98 6499.51 687.743 -2.73758
5580 1887.11 2719.35 685.567 -2.7369
5590 1932.23 1960.56 683.49 -2.73655
5600 1852.97 4219.49 681.494 -2.73642
5610 1668.96 11477.1 679.62 -2.73617
5620 1596.91 16634 677.974 -2.73541
5630 1759.34 15711.5 676.628 -2.7343
5640 1879.24 13155.7 675.568 -2.73318
5650 1979.69 10389.9 674.748 -2.73238
5660 2023.85 6818.35 674.114 -2.73212
5670 1906.2 6193.77 673.614 -2.73236
5680 1771.48 5731.91 673.229 -2.73274
5690 1777.69 1090.84 672.943 -2.733
5700 1831.94 -2012.5 672.689 -2.73313
5710 2003.78 -5431.42 672.41 -2.73334
5720 2171.49 -8658.46 672.055 -2.73408
5730 2136.6 -7902.52 671.579 -2.73564
5740 1979.02 -7476.59 670.989 -2.73772
5750 1853.14 -5617.88 670.297 -2.73979
5760 1885.22 -6581.96 669.53 -2.74164
5770 2025.65 -11681 668.67 -2.74361
5780 2034.15 -11082.9 667.652 -2.74596
5790 1881.28 -5941.69 666.489 -2.74835
5800 1807.09 -2588.23 665.256 -2.75038
5810 1797.98 -1581.98 664.005 -2.75207
5820 1599.93 1965.45 662.762 -2.75328
5830 1434.29 8202.13 661.582 -2.75366
5840 1403.92 10227.9 660.547 -2.75319
5850 1502.91 9965.09 659.694 -2.75201
5860 1792.3 5303.88 659.007 -2.7503
5870 2037.96 2641.83 658.422 -2.74859
5880 1931.04 9750.15 657.91 -2.7474
5890 1828.12 11084.1 657.554 -2.7467
5900 1857.68 7034.2 657.373 -2.74618
5910 1942.29 2789.31 657.311 -2.74583
5920 2025.89 -3584.14 657.295 -2.74582
5930 2015.34 -6121.9 657.236 -2.74631
5940 1914.75 -6423.51 657.092 -2.74718
5950 1864.73 -5888.53 656.859 -2.74814
5960 1936.32 -5845.3 656.543 -2.74914
5970 1985.1 -4856.5 656.15 -2.75028
5980 2013.44 -1943.93 655.697 -2.75173
5990 1929.94 2147.69 655.229 -2.75335
6000 1797.65 8245.64 654.81 -2.75488
6010 1719.56 13825.9 654.53 -2.75605
6020 1753.87 15826.1 654.466 -2.75685
6030 1938.93 11914.3 654.645 -2.75756
6040 2069.12 3798.17 655.002 -2.75849
6050 2061.48 1378.01 655.428 -2.75991
6060 2041.16 3001.78 655.881 -2.76173
6070 2063.17 2843.59 656.377 -2.76393
6080 1995.39 2762.33 656.917 -2.76639
6090 1886.21 1179.49 657.495 -2.76882
6100 1815.52 592.569 658.091 -2.77094
6110 1909.77 -5726.2 658.685 -2.77279
6120 2011.03 -11032 659.19 -2.77461
6130 2041.84 -16435.4 659.521 -2.77672
6140 1887.65 -13954.5 659.609 -2.77897
6150 1809.95 -11365.4 659.485 -2.78098
6160 1933.96 -13869.2 659.183 -2.78285
6170 1991.03 -13094.6 658.681 -2.78484
6180 1930.11 -11496.8 657.992 -2.78704
6190 1689.59 -7901.63 657.144 -2.78892
6200 1686.3 -6131.14 656.191 -2.79023
6210 1804.42 -7170.12 655.161 -2.7911
6220 1941.89 -9958.41 654.041 -2.79198
6230 1903.62 -6802.96 652.803 -2.79302
6240 1710.57 -3475.45 651.487 -2.79397
6250 1480.95 1725.98 650.149 -2.79438
6260 1423.19 5427.56 648.862 -2.79395
6270 1661.28 1509.97 647.672 -2.79288
6280 1840.08 -1723.18 646.533 -2.7915
6290 1819.24 -2485.55 645.394 -2.79029
6300 1723.44 -862.882 644.248 -2.78923
6310 1731.72 -1241.97 643.109 -2.78817
6320 1786.14 915.607 641.982 -2.78699
6330 1892.54 445.243 640.888 -2.78584
6340 1924.91 1966.89 639.827 -2.78495
6350 1812.89 8185.11 638.825 -2.78429
6360 1756.93 11290 637.96 -2.78367
6370 1764.27 13806.2 637.279 -2.78298
6380 1717.68 17016 636.817 -2.7822
6390 1817.01 15475.4 636.606 -2.78143
6400 1862.96 16834.2 636.633 -2.78074
6410 1735.97 21482.7 636.913 -2.78032
6420 1502.5 25473.4 637.506 -2.77995
6430 1522.47 25096.1 638.462 -2.77937
6440 1839.85 15909 639.762 -2.77831
6450 2151.67 6624.55 641.286 -2.77704
6460 2202.93 4185.33 642.905 -2.77651
6470 2022 3616.82 644.573 -2.77699
6480 1878.31 3809.93 646.282 -2.7779
6490 1914.34 -522.528 648.025 -2.77884
6500 1927.27 -2056.84 649.75 -2.77974
6510 1856.6 -957.772 651.43 -2.78072
6520 1811.24 -834.551 653.077 -2.78165
6530 1770.27 1948.01 654.702 -2.78245
6540 1659.85 5045.83 656.34 -2.78307
6550 1591.3 5748.82 658.037 -2.78334
6560 1643.85 3673.3 659.802 -2.78314
6570 1712.7 879.48 661.608 -2.7825
6580 1716.99 -1107.77 663.409 -2.7816
6590 1575.94 -775.454 665.178 -2.78054
6600 1458.75 810.073 666.92 -2.77928
6610 1406.46 199.083 668.652 -2.77759
6620 1553.03 -3858.2 670.364 -2.77531
6630 1713.75 -6729.01 671.999 -2.7724
6640 1825.67 -8480.81 673.51 -2.7694
6650 1803.9 -9177.96 674.868 -2.76667
6660 1619.61 -4542.45 676.072 -2.7644
6670 1413.34 1377.49 677.192 -2.76239
6680 1348.96 2870.89 678.317 -2.76023
6690 1455.52 -1045.75 679.471 -2.75752
6700 1607.97 -7314.65 680.59 -2.75415
6710 1651.55 -8222.87 681.588 -2.75053
6720 1682.17 -12216.9 682.433 -2.74704
6730 1725.31 -16980.1 683.066 -2.74368
6740 1603.02 -14253.7 683.425 -2.74064
6750 1495.08 -12641.3 683.542 -2.73793
6760 1485.19 -11164.9 683.451 -2.73517
6770 1586.33 -10806.2 683.178 -2.73217
6780 1833.67 -11964.3 682.732 -2.72892
6790 2095.22 -10912.3 682.104 -2.72586
6800 2136.55 -8117.38 681.312 -2.7237
6810 1988.66 -2908.72 680.41 -2.72265
6820 1855.53 1142.08 679.479 -2.72217
6830 1823.75 4466.14 678.59 -2.7218
6840 1969.92 -191.794 677.782 -2.72154
6850 2056.46 -3559.14 676.992 -2.72176
6860 1884.31 -617.124 676.174 -2.72241
6870 1801.28 -1597.72 675.359 -2.72306
6880 1887.89 -5237.8 674.533 -2.72372
6890 1872.01 -4737.1 673.65 -2.72438
6900 1960.93 -8023.16 672.703 -2.7252
6910 2003.63 -9258.74 671.652 -2.7263
6920 2100.65 -10057.2 670.477 -2.72783
6930 2206.2 -11567.3 669.166 -2.73008
6940 2215.64 -9804.69 667.704 -2.73319
6950 2081.59 -2978.78 666.125 -2.73677
6960 1853.11 5600.25 664.537 -2.73999
6970 1667.86 12368.5 663.068 -2.74231
6980 1642.68 14519.5 661.819 -2.7437
6990 1804.61 7989.77 660.812 -2.74471
7000 1947.45 4575.23 659.957 -2.74569
7010 2088.57 1391.56 659.194 -2.74702
7020 2023.65 1058.15 658.476 -2.74884
7030 1827.35 2837.21 657.794 -2.7507
7040 1757.77 3706.49 657.172 -2.75221
7050 1809.82 3863.32 656.622 -2.75337
7060 1929.82 3046.56 656.145 -2.75442
7070 1959.41 3071.54 655.729 -2.75562
7080 1794.74 8777.2 655.382 -2.75685
7090 1740.83 10415.9 655.175 -2.75776
7100 1963.27 3823.17 655.124 -2.75856
7110 1985.36 1211.56 655.147 -2.75957
7120 1853.39 -446.935 655.195 -2.76076
7130 1813.14 -2185.39 655.24 -2.7618
7140 1992.24 -9422.08 655.249 -2.76282
7150 2078.06 -14365.3 655.122 -2.76421
7160 1899.69 -12189.3 654.794 -2.76596
7170 1861.05 -11796.8 654.285 -2.76765
7180 1960.86 -11398.5 653.611 -2.76933
7190 1937.91 -7016.12 652.783 -2.77115
7200 1761.54 2821.29 651.878 -2.77272
7210 1830.65 4686.5 651.024 -2.77388
7220 1913.55 3974.66 650.255 -2.77497
7230 1816.49 12211.5 649.58 -2.77598
7240 1753.42 16624.5 649.1 -2.77678
7250 1706.94 16251.9 648.875 -2.77734
7260 1587.41 20367.8 648.913 -2.7776
7270 1529.1 19282.2 649.254 -2.77748
7280 1629.62 12923 649.879 -2.77689
7290 1789.45 8420.63 650.699 -2.77591
7300 1912.28 3241.35 651.639 -2.77486
7310 1956.5 -297.109 652.624 -2.77403
7320 1983.32 -3473.88 653.599 -2.77357
7330 2057.86 -8043.03 654.511 -2.77354
7340 2021.47 -10371 655.297 -2.77402
7350 1868.46 -7571.53 655.926 -2.77485
7360 1780.19 -5043.78 656.434 -2.77569
7370 1713.06 -1731.25 656.863 -2.77631
7380 1719.96 1221.7 657.266 -2.77662
7390 1968.79 -2435.65 657.677 -2.77675
7400 2135.1 -5669.48 658.052 -2.77722
7410 1997.79 -2173.64 658.35 -2.77832
7420 1778.01 724.701 658.615 -2.77961
7430 1664.61 3762.35 658.893 -2.78056
7440 1726.49 6937.32 659.232 -2.78109
7450 1880.07 6428.88 659.674 -2.78142
7460 1890.55 6411.87 660.217 -2.78182
7470 1745.65 8518.42 660.861 -2.78229
7480 1711.62 6669.31 661.63 -2.78258
7490 1814.53 853.431 662.492 -2.78258
7500 1871.39 170.892 663.372 -2.78248
7510 1899.54 -2482.25 664.244 -2.78249
7520 1888.26 -5684.42 665.069 -2.78263
7530 1778.24 -3193.91 665.808 -2.78283
7540 1729.95 -2214.96 666.489 -2.78295
7550 1687.35 -2990.92 667.128 -2.78284
7560 1555.54 381.005 667.723 -2.78243
7570 1560.94 476.623 668.317 -2.78164
7580 1745.58 -4686.85 668.907 -2.78034
7590 1917.46 -7746.04 669.423 -2.77887
7600 1966.12 -7830.6 669.818 -2.77771
7610 1936.42 -6294.53 670.089 -2.77707
7620 1769.34 -2902.5 670.264 -2.77675
7630 1631.1 3889 670.402 -2.77641
7640 1713.63 3383.04 670.593 -2.77579
7650 1808.97 4852.29 670.846 -2.77496
7660 1815.13 5287.07 671.177 -2.77419
7670 1723.78 3612.62 671.591 -2.77349
7680 1652.53 3643.1 672.068 -2.77271
7690 1699.15 -121.766 672.595 -2.7717
7700 1752.99 -1001.68 673.123 -2.77048
7710 1769.34 -264.374 673.636 -2.76925
7720 1757.56 -410.429 674.142 -2.76804
7730 1760.35 538.351 674.641 -2.76686
7740 1827.74 2015.73 675.149 -2.7657
7750 1937.8 1348.58 675.686 -2.76468
7760 2030.78 -2752.2 676.238 -2.76401
7770 2031.56 -5133.13 676.748 -2.76389
7780 1962.77 -6192.31 677.174 -2.76426
7790 1942.57 -10022 677.496 -2.76494
7800 1906.09 -12340.4 677.656 -2.76582
7810 1794.73 -11452.3 677.623 -2.76673
7820 1792.5 -12595 677.404 -2.76747
7830 1994.48 -16887.4 676.982 -2.76826
7840 2056.21 -15255.8 676.306 -2.76947
7850 1984.94 -10932.7 675.4 -2.77112
7860 1836.31 -5126.24 674.338 -2.77281
7870 1756.5 878.259 673.217 -2.77412
7880 1814.81 3017.14 672.127 -2.77506
7890 1823.14 6254.04 671.11 -2.7758
7900 1734.66 14114.1 670.224 -2.7763
7910 1700.93 15808 669.575 -2.77646
7920 1756.23 12299.9 669.187 -2.77643
7930 1782.9 12799.8 669.014 -2.77629
7940 1820.65 11871.6 669.052 -2.77612
7950 1832.06 9145.2 669.283 -2.776
7960 1779.51 7208.82 669.665 -2.77591
7970 1790.86 4065.53 670.162 -2.77575
7980 1947.38 -1112.46 670.719 -2.77554
7990 2072.12 -3575.58 671.262 -2.77562
8000 2021.22 -1159.25 671.752 -2.77629
8010 1816.43 1668.37 672.224 -2.77727
8020 1672.84 1656.67 672.719 -2.77808
8030 1545.08 2454.68 673.24 -2.77842
8040 1372.5 6569.22 673.804 -2.77819
8050 1320.41 8088.38 674.468 -2.77731
8060 1515.19 3568.02 675.25 -2.77565
8070 1663.22 500.998 676.089 -2.77332
8080 1731.09 -1771.43 676.93 -2.77078
8090 1725.26 -2888.66 677.738 -2.7683
8100 1674.37 -2140.41 678.497 -2.76598
8110 1675.74 -3673.17 679.212 -2.76373
8120 1734.33 -7204.42 679.859 -2.7614
8130 1787.52 -9697.68 680.386 -2.75911
8140 1701.84 -8018.9 680.756 -2.75704
8150 1532.38 -5389.39 680.996 -2.75515
8160 1462.77 -5102.28 681.144 -2.75313
8170 1648.37 -7117.22 681.208 -2.7507
8180 2061.28 -17562.5 681.144 -2.74792
8190 2289.06 -21933.2 680.806 -2.74581
8200 2163.48 -19795.5 680.125 -2.74528
8210 1922.89 -15692.4 679.138 -2.74582
8220 1837.05 -14730.5 677.908 -2.74662
8230 1886.26 -13370.8 676.462 -2.74748
8240 1886.09 -8599.47 674.833 -2.74833
8250 1867.01 -4233.22 673.097 -2.74913
8260 1820.32 -1621.05 671.325 -2.7498
8270 1767.61 1759.23 669.565 -2.75027
8280 1796.45 1192.2 667.862 -2.75049
8290 1961.91 -4467.68 666.205 -2.75079
8300 2043.65 -7465.51 664.517 -2.75155
8310 1924.56 -5013.21 662.754 -2.75275
8320 1739.39 337.406 660.953 -2.75377
8330 1836.26 1051 659.188 -2.75443
8340 2025.66 533.2 657.474 -2.75514
8350 2052.81 4143.53 655.809 -2.75622
8360 1890.53 8820.47 654.245 -2.75748
8370 1773.23 14581.1 652.85 -2.75851
8380 1728.38 16986.2 651.702 -2.75914
8390 1760.75 16869.7 650.834 -2.75955
8400 1753.32 18168 650.244 -2.75977
8410 1786.06 14955 649.935 -2.75988
8420 1859.83 10409.7 649.862 -2.75999
8430 1893.4 8388.18 649.957 -2.76019
8440 1887.18 6302.67 650.182 -2.76054
8450 1850.69 6307.01 650.508 -2.76101
8460 1771.02 8238.46 650.933 -2.76147
8470 1678.4 10942.8 651.484 -2.76177
8480 1774.94 10515.1 652.195 -2.76182
8490 2015.56 3834.34 653.053 -2.7618
8500 2021.42 2720.92 653.973 -2.76211
8510 1965.95 402.038 654.926 -2.76283
8520 2041.36 -4582.28 655.875 -2.76382
8530 2136.81 -7381.06 656.749 -2.76523
8540 2139.58 -7256.3 657.508 -2.7673
8550 2018.77 -7076.22 658.152 -2.76983
8560 1909.99 -7892.77 658.682 -2.77235
8570 1932.61 -10833.5 659.084 -2.7747
8580 2100.96 -15941 659.316 -2.77718
8590 2163.06 -15962.9 659.309 -2.78024
8600 1969.09 -10017.8 659.069 -2.78363
8610 1851.45 -7613.96 658.679 -2.78667
8620 1763.39 -6744.25 658.179 -2.78928
8630 1589.15 -1130.53 657.596 -2.79113
8640 1572.5 -611.903 657.002 -2.79216
8650 1627.73 -2762.09 656.408 -2.79261
8660 1563.16 -1328.31 655.793 -2.79252
8670 1686.77 -6459.9 655.162 -2.792
8680 1877.78 -11692.9 654.446 -2.79131
8690 1979.12 -12360.5 653.574 -2.79084
8700 1982.98 -9737.5 652.539 -2.79084
8710 1902.78 -5391.46 651.381 -2.79116
8720 1897.6 -3003.45 650.163 -2.79161
8730 1850.73 -105.83 648.927 -2.79214
8740 1735.07 4445.81 647.718 -2.79248
8750 1785.79 2315.04 646.592 -2.7926
8760 1839.48 1132.21 645.525 -2.79266
8770 1825.96 5544.01 644.507 -2.79268
8780 1756.16 9329.42 643.591 -2.79263
8790 1597.69 14414.1 642.836 -2.79231
8800 1685.84 13085.2 642.303 -2.79167
8810 1786.67 8694.79 641.972 -2.7908
8820 1723.4 8475.53 641.785 -2.78995
8830 1615.36 9653.26 641.733 -2.78904
8840 1663.51 8909.44 641.827 -2.78791
8850 1809.16 2849.27 642.048 -2.78654
8860 1911.44 -148.655 642.318 -2.7852
8870 1946.8 -2399.83 642.59 -2.7842
8880 1840.53 -2960.06 642.829 -2.78356
8890 1801.36 -463.224 643.032 -2.78312
8900 1803.04 -2250.68 643.224 -2.78269
8910 1804.79 -2043.47 643.389 -2.78226
8920 1795.65 204.209 643.528 -2.78183
8930 1825.69 571.065 643.672 -2.78144
8940 1828.21 818.973 643.829 -2.78104
8950 1965.52 -1083.65 643.997 -2.78079
8960 1918.11 2083.8 644.16 -2.78083
8970 1705.11 10129.5 644.364 -2.78104
8980 1655.7 14184.8 644.715 -2.78109
8990 1719.04 16263.9 645.276 -2.78087
9000 1814.06 17945.4 646.076 -2.78057
9010 1850.52 17920.1 647.138 -2.78037
9020 1971.41 11786.6 648.452 -2.78038
9030 2028.81 3587.43 649.932 -2.78057
9040 2001.55 -3367.81 651.455 -2.78106
9050 1911.3 -4115.42 652.924 -2.78177
9060 1914.95 -5371.71 654.316 -2.78259
9070 2011.07 -9528.11 655.611 -2.78353
9080 1914.9 -10604.2 656.753 -2.78466
9090 1819.73 -10891.3 657.722 -2.78578
9100 1872.26 -12955 658.513 -2.78674
9110 2048.56 -18157.3 659.094 -2.78781
9120 2095.52 -20764.9 659.393 -2.78939
9130 1949.8 -16570.8 659.381 -2.79145
9140 1758.81 -11375.6 659.119 -2.79342
9150 1670.01 -8047.52 658.687 -2.79489
9160 1675.52 -7038.56 658.139 -2.79583
9170 1719.77 -6286.97 657.496 -2.79635
9180 1787.94 -7509.63 656.768 -2.79661
9190 1840.82 -6911.26 655.943 -2.7968
9200 1835.1 -4582.85 655.034 -2.79698
9210 1854 -5284.83 654.071 -2.79716
9220 1861.7 -7945.89 653.044 -2.79746
9230 1828.39 -8207.89 651.924 -2.7978
9240 1938.82 -11388.8 650.698 -2.79827
9250 1994.22 -13604.2 649.326 -2.79909
9260 1913.02 -11831.1 647.785 -2.80025
9270 1772.83 -6362.85 646.103 -2.80141
9280 1660.83 -2769.38 644.359 -2.80206
9290 1783.69 -4569.68 642.601 -2.8024
9300 1788.68 50.1815 640.821 -2.8025
9310 1785.58 6113.98 639.082 -2.80231
9320 1865.21 8338.33 637.461 -2.802
9330 1815.78 14173.2 636.001 -2.80161
9340 1800.92 18084 634.774 -2.80119
9350 1763.16 18740 633.83 -2.80074
9360 1748.21 16230.1 633.172 -2.80028
9370 1824.34 10415.7 632.758 -2.79983
9380 1939.41 7308.2 632.51 -2.79948
9390 2035.84 3047.7 632.374 -2.79948
9400 2017.52 2995.51 632.295 -2.8
9410 1979.24 5928.08 632.27 -2.80091
9420 2080.19 5871.73 632.332 -2.8022
9430 2096.32 7133.06 632.485 -2.80401
9440 1919.36 13896.6 632.752 -2.8062
9450 1740.48 16911.1 633.215 -2.80822
9460 1714.34 16573.3 633.916 -2.80984
9470 1768.61 14658.9 634.85 -2.8111
9480 1886.4 6716.78 635.979 -2.81214
9490 1849.83 5143.57 637.206 -2.81306
9500 1739.4 4723.65 638.498 -2.81389
9510 1681.88 3581.52 639.846 -2.81441
9520 1622.12 3372.73 641.236 -2.81453
9530 1644.27 3129.87 642.664 -2.81427
9540 1677.06 1682.14 644.122 -2.81362
9550 1681.92 226.419 645.592 -2.81271
9560 1687.82 -3165.22 647.049 -2.81155
9570 1695.57 -5563.11 648.446 -2.81017
9580 1732.28 -8025.47 649.746 -2.80861
9590 1748.11 -6685.89 650.918 -2.80701
9600 1733.88 -3813.32 651.98 -2.80549
9610 1717.6 -955.49 652.975 -2.80404
9620 1693.26 188.617 653.944 -2.80261
9630 1612.49 1967.17 654.911 -2.80112
9640 1695.14 -1646.5 655.892 -2.79946
9650 1855.01 -9658.34 656.832 -2.79751
9660 1903.71 -14537.1 657.621 -2.79568
9670 1844.83 -15654.3 658.185 -2.79426
9680 1754.01 -15370.2 658.505 -2.79315
9690 1709.67 -14755 658.587 -2.79217
9700 1684.53 -12033.9 658.449 -2.79111
9710 1825.92 -13752.2 658.123 -2.78999
9720 1918.05 -13107 657.6 -2.78896
9730 1975.98 -11073.8 656.89 -2.78833
9740 1984.31 -11157.4 656.023 -2.78817
9750 1853.25 -8572.78 655.008 -2.78845
9760 1585.04 846.097 653.895 -2.78857
9770 1607.17 4062.5 652.809 -2.78815
9780 1780.59 3996.9 651.804 -2.78729
9790 1853.8 6601.09 650.886 -2.78635
9800 1817.17 9818.22 650.089 -2.78552
9810 1765.07 11826.6 649.458 -2.78478
9820 1663.26 13758 649.021 -2.78402
9830 1569 13495.3 648.8 -2.78309
9840 1539.11 10875.3 648.787 -2.78189
9850 1473.61 9566.7 648.945 -2.78033
9860 1568.93 7096.76 649.249 -2.77838
9870 1857.69 1230.07 649.655 -2.77596
9880 2094.02 -1985.82 650.082 -2.77359
9890 2048.57 1723.45 650.49 -2.77204
9900 1863.12 6080.55 650.925 -2.77135
9910 1719.41 8613.19 651.45 -2.77096
9920 1709.97 6143.99 652.096 -2.77047
9930 1825.89 2939.35 652.833 -2.76978
9940 1992.98 -1173.61 653.608 -2.76914
9950 2023.09 -1204.65 654.367 -2.76888
9960 1964.93 -230.856 655.104 -2.76916
9970 1929.55 269.31 655.833 -2.76975
9980 2003.02 -4670.45 656.554 -2.77055
9990 2018.08 -6143.8 657.206 -2.77164
10000 1962.27 -5889.97 657.762 -2.77303
