# Time-averaged data for fix 2
# TimeStep c_mytemp c_mypress v_vmyvol v_avgEtotal
10 1194.67 218.637 620.879 -2.91377
20 1174.62 93.3354 620.888 -2.9135
30 1212.25 -20.806 620.903 -2.91297
40 1297.99 -1245.19 620.921 -2.91229
50 1326.86 -1051.26 620.923 -2.9116
60 1341.68 -1230.43 620.909 -2.91102
70 1352.34 -1924.63 620.876 -2.91056
80 1352.6 -1340.54 620.815 -2.91023
90 1389.16 -1464.65 620.736 -2.91003
100 1426.2 -5571.45 620.628 -2.91003
110 1359.19 -6161.24 620.428 -2.91025
120 1228.82 -2776.35 620.128 -2.91049
130 1144.91 -689.883 619.785 -2.91048
140 1125.23 602.326 619.438 -2.91013
150 1140.47 786.379 619.112 -2.90941
160 1214.22 297.608 618.811 -2.90842
170 1303.56 -1866.62 618.522 -2.90726
180 1336.43 -2116.86 618.212 -2.90615
190 1361.88 76.0005 617.879 -2.90521
200 1401.65 1444.44 617.557 -2.90446
210 1415.09 2983.74 617.274 -2.90398
220 1362.76 6564.3 617.061 -2.90375
230 1323.76 6031.88 616.974 -2.90366
240 1311.43 5196.6 617.008 -2.9036
250 1346.63 1420.58 617.137 -2.90353
260 1374.45 -1024.02 617.3 -2.90352
270 1338.51 -345.208 617.451 -2.90361
280 1275.41 1496.73 617.6 -2.90371
290 1226.26 2761.59 617.778 -2.90369
300 1218.87 7011.78 618.016 -2.90349
310 1214.34 10652.9 618.385 -2.90314
320 1274.43 9485.59 618.945 -2.90266
330 1328.58 6666.56 619.678 -2.90212
340 1353.35 6349.12 620.536 -2.90163
350 1426.51 4640.16 621.502 -2.90131
360 1452.63 4216.31 622.551 -2.90125
370 1443.63 3395.71 623.668 -2.90152
380 1423.21 3253.28 624.84 -2.90205
390 1431.66 -11.4392 626.057 -2.90275
400 1400.78 -2716.41 627.261 -2.90353
410 1353.85 -2657.72 628.406 -2.90433
420 1324.71 -3408.11 629.485 -2.90506
430 1352.22 -4978.11 630.484 -2.90569
440 1384 -4904.07 631.378 -2.90628
450 1412.61 -3806.6 632.17 -2.90697
460 1402.08 -2465.97 632.88 -2.9078
470 1308.29 873.596 633.538 -2.90868
480 1170.5 4964.52 634.212 -2.90937
490 1126.57 4893.38 634.97 -2.90968
500 1184.37 2025.09 635.814 -2.90956
510 1287.54 -1887.91 636.687 -2.90911
520 1321.67 -4751.52 637.517 -2.90852
530 1322.75 -6548.21 638.245 -2.90797
540 1302.5 -6277.6 638.841 -2.90747
550 1335.93 -7466.63 639.301 -2.90702
560 1345.43 -4475.9 639.619 -2.90664
570 1303.99 -2249.33 639.844 -2.90639
580 1201.29 964.774 640.029 -2.90609
590 1272.67 -661.117 640.227 -2.90566
600 1354.45 -6027.38 640.407 -2.9051
610 1360.24 -8344.72 640.474 -2.90464
620 1459.32 -13117 640.371 -2.90441
630 1515.19 -17771 640.012 -2.90461
640 1529.47 -21074.2 639.309 -2.90545
650 1548.05 -22866.5 638.203 -2.90698
660 1579.93 -20281 636.674 -2.90917
670 1590.87 -16498 634.778 -2.9119
680 1540.46 -13190.9 632.598 -2.91501
690 1356.34 -7779.85 630.213 -2.91798
700 1176.51 -3863.42 627.728 -2.92012
710 1235.93 -4103.74 625.217 -2.9216
720 1363.43 -3389.31 622.686 -2.92281
730 1405.88 2299.03 620.159 -2.92385
740 1365.6 7443.45 617.732 -2.92465
750 1263.87 10091.1 615.498 -2.92518
760 1173.17 12887.5 613.504 -2.92534
770 1193.53 11825.3 611.787 -2.92511
780 1323.36 7183.23 610.32 -2.92479
790 1415.81 5800.44 609.026 -2.92455
800 1457.61 4026.13 607.867 -2.9246
810 1425.58 6006.98 606.816 -2.92494
820 1408.64 5842.84 605.895 -2.92547
830 1363.19 7843.34 605.107 -2.9261
840 1307.78 9639.26 604.479 -2.92668
850 1305.03 8391.45 604.036 -2.92716
860 1329.72 7744.86 603.759 -2.92757
870 1331.43 6807.34 603.629 -2.92796
880 1282.08 7889.53 603.633 -2.9283
890 1240.65 8861.73 603.784 -2.92852
900 1290.35 7138.13 604.091 -2.92856
910 1443.84 4319.78 604.525 -2.92857
920 1598.4 2345.54 605.038 -2.92889
930 1659.15 -1476.88 605.587 -2.92993
940 1556.17 -1606.09 606.113 -2.93167
950 1388.24 619.223 606.612 -2.93362
960 1284.58 711.94 607.117 -2.93534
970 1216.66 3764.3 607.636 -2.93665
980 1227.6 5965.54 608.22 -2.93758
990 1336.15 1973.97 608.897 -2.93824
1000 1355.57 116.362 609.61 -2.9388
1010 1307.9 1176.19 610.323 -2.93932
1020 1295.63 2707.22 611.054 -2.93977
1030 1325.17 427.069 611.822 -2.9401
1040 1347.57 -918.116 612.593 -2.94036
1050 1306.16 729.039 613.346 -2.94062
1060 1235.71 3187.03 614.107 -2.94082
1070 1163.31 6090.86 614.922 -2.94085
1080 1115 8764.92 615.843 -2.94063
1090 1126.13 6784.63 616.91 -2.9401
1100 1129.46 6948.96 618.099 -2.93924
1110 1180.51 4425.91 619.4 -2.93812
1120 1314.42 -2441.48 620.765 -2.93668
1130 1391.09 -6723.34 622.075 -2.93512
1140 1401.51 -11672.4 623.241 -2.93379
1150 1389.95 -17152.8 624.171 -2.93274
1160 1371 -19865.5 624.768 -2.93201
1170 1347.3 -18958.9 624.985 -2.93158
1180 1338.44 -17062.9 624.841 -2.93141
1190 1301.17 -13399.1 624.38 -2.93136
1200 1247.12 -9578.49 623.674 -2.93132
1210 1190.88 -6400.73 622.803 -2.9311
1220 1229.3 -5573.51 621.825 -2.93066
1230 1318.21 -5168.63 620.762 -2.93008
1240 1285.43 -3928.84 619.628 -2.92949
1250 1162.67 -49.7514 618.449 -2.92889
1260 1149.54 3459.25 617.295 -2.92799
1270 1356.9 -412.625 616.218 -2.92685
1280 1556.38 -4232.46 615.159 -2.92587
1290 1574.07 -3540.27 614.053 -2.92557
1300 1396.48 3352.96 612.916 -2.92586
1310 1194.28 10320.6 611.869 -2.92606
1320 1181.24 11627.6 611.026 -2.92593
1330 1263.46 11605.5 610.414 -2.92556
1340 1298.95 11226.7 610.029 -2.92511
1350 1247.99 12124.9 609.864 -2.92466
1360 1222.14 11701.2 609.927 -2.92419
1370 1210.37 10483 610.207 -2.92362
1380 1139.21 12108.5 610.684 -2.92293
1390 1131.9 12901.8 611.381 -2.9221
1400 1274.65 8505.84 612.302 -2.92102
1410 1395.61 3690.58 613.371 -2.91978
1420 1394.48 168.203 614.5 -2.91872
1430 1371.19 -2763.66 615.624 -2.91792
1440 1393.75 -4678.76 616.688 -2.91731
1450 1438.17 -5618.5 617.656 -2.91692
1460 1432.8 -5814.89 618.512 -2.91683
1470 1401.95 -5142.99 619.253 -2.91702
1480 1404.48 -3958.94 619.892 -2.91739
1490 1434.4 -2190.81 620.454 -2.91794
1500 1429.03 -968.96 620.97 -2.91871
1510 1342.96 3243.98 621.472 -2.9196
1520 1252.41 7207.33 622.033 -2.9204
1530 1262.06 5569.94 622.719 -2.92099
1540 1314.68 1772.2 623.504 -2.92135
1550 1330.7 -1439.2 624.318 -2.9216
1560 1278.73 -4059.12 625.099 -2.92176
1570 1182.36 -4335.95 625.799 -2.92176
1580 1179.85 -5858.78 626.409 -2.92147
1590 1324.79 -10377.9 626.895 -2.92091
1600 1458.98 -11438.5 627.185 -2.92037
1610 1473.83 -8188.41 627.262 -2.92023
1620 1387.66 -6604.22 627.182 -2.92048
1630 1264.96 -4190.35 626.983 -2.92083
1640 1199.85 -222.139 626.714 -2.92098
1650 1287.89 -2168.31 626.439 -2.92088
1660 1358.22 -5349.06 626.13 -2.92073
1670 1244.98 -2192.46 625.74 -2.92062
1680 1071.55 2238.76 625.32 -2.92034
1690 1021.66 4229.4 624.95 -2.91967
1700 1075.24 5797.66 624.672 -2.91853
1710 1147.81 5615.31 624.51 -2.91701
1720 1162.14 6403.17 624.466 -2.91528
1730 1135.19 6226.32 624.548 -2.91348
1740 1085.22 6090.38 624.754 -2.91163
1750 1095.47 2688.29 625.072 -2.90964
1760 1107 1327.74 625.447 -2.90746
1770 1151.28 -208.602 625.845 -2.90514
1780 1240.82 -2493.96 626.237 -2.90269
1790 1349.28 -2945.07 626.583 -2.90024
1800 1414.48 575.705 626.88 -2.89809
1810 1408.65 2848.67 627.187 -2.89645
1820 1284.41 4785.46 627.551 -2.89528
1830 1156.04 6253.83 628.007 -2.89433
1840 1208.47 2680.58 628.574 -2.89328
1850 1301.11 -1285.67 629.191 -2.89201
1860 1391.23 -5379.59 629.778 -2.89075
1870 1458.5 -8120.04 630.26 -2.88975
1880 1397.66 -5038.43 630.593 -2.88918
1890 1298.73 -2183.58 630.827 -2.88889
1900 1296.53 -2974.96 631.013 -2.88864
1910 1363.98 -4921.29 631.143 -2.88836
1920 1429.28 -8082.2 631.177 -2.8882
1930 1458.07 -10553 631.059 -2.88835
1940 1440.14 -10676.8 630.745 -2.88885
1950 1400.26 -6943.6 630.24 -2.88956
1960 1445.14 -7230.75 629.606 -2.89041
1970 1463.56 -6672.18 628.847 -2.89152
1980 1359.11 -1641.23 627.984 -2.89271
1990 1280.59 744.502 627.104 -2.89371
2000 1279.55 1768.62 626.256 -2.89443
2010 1306.52 1796.05 625.459 -2.89497
2020 1277.89 2227.26 624.715 -2.89536
2030 1260.77 4659.61 624.036 -2.89557
2040 1316.86 5020.75 623.458 -2.89563
2050 1333.89 5611.72 622.99 -2.89566
2060 1284.2 8696.92 622.646 -2.89565
2070 1310.6 8798.97 622.475 -2.89561
2080 1273.68 9203.04 622.479 -2.89554
2090 1137.59 13867.9 622.673 -2.8954
2100 1081.03 14167.9 623.126 -2.89503
2110 1167.07 11196.8 623.842 -2.89433
2120 1233.91 12329.2 624.777 -2.89339
2130 1240.34 12466.1 625.941 -2.89243
2140 1209.83 10607.3 627.333 -2.89149
2150 1149.34 9334.63 628.92 -2.89052
2160 1101.19 6547.37 630.672 -2.8894
2170 1141.65 1777.21 632.534 -2.88795
2180 1258.92 -4405.04 634.41 -2.88605
2190 1325.32 -7340.94 636.188 -2.88396
2200 1288.76 -8515.51 637.804 -2.88204
2210 1240.9 -7806.91 639.239 -2.88036
2220 1307.53 -8128.5 640.501 -2.87877
2230 1367.5 -7513.28 641.589 -2.87728
2240 1364.04 -7140.75 642.515 -2.87609
2250 1274.82 -5695.48 643.29 -2.87516
2260 1203.34 -4732.3 643.944 -2.87433
2270 1235.29 -7762.59 644.489 -2.87339
2280 1310.51 -8403.12 644.877 -2.87234
2290 1387.1 -8708.96 645.093 -2.87138
2300 1380.65 -7124.5 645.137 -2.87067
2310 1304.08 -2414.16 645.045 -2.8702
2320 1234.64 1349.77 644.909 -2.86977
2330 1195.8 3424.66 644.805 -2.86923
2340 1184.28 5037.61 644.777 -2.8685
2350 1216.06 6850.2 644.858 -2.86759
2360 1334.17 7401.55 645.082 -2.86657
2370 1497.64 3307.65 645.451 -2.86564
2380 1515.74 2345.02 645.895 -2.86518
2390 1354.93 4296.13 646.393 -2.86523
2400 1223.93 5152.14 646.977 -2.86538
2410 1217.9 4238.23 647.66 -2.86533
2420 1291.58 1315.19 648.424 -2.86507
2430 1310.72 -505.518 649.212 -2.8647
2440 1294.61 -987.255 649.987 -2.86432
2450 1354.4 -2309.32 650.735 -2.86393
2460 1462.1 -3916.53 651.43 -2.86365
2470 1482.42 -4474.97 652.041 -2.8637
2480 1365.13 -1083.9 652.564 -2.86411
2490 1256.11 -530.16 653.058 -2.86454
2500 1261.38 -4260.76 653.531 -2.86477
2510 1322.72 -8380.03 653.912 -2.86481
2520 1396.35 -11027.5 654.121 -2.86484
2530 1468.86 -14178.8 654.098 -2.86511
2540 1489.96 -16506.1 653.784 -2.86579
2550 1441.2 -16418.7 653.138 -2.86691
2560 1377.47 -15395.5 652.165 -2.86823
2570 1382.82 -14232.8 650.892 -2.86961
2580 1442.18 -12686.7 649.349 -2.87108
2590 1491.74 -11282.7 647.575 -2.87274
2600 1493.01 -9486.63 645.607 -2.87466
2610 1488.59 -8739.97 643.484 -2.87678
2620 1467.08 -7421.01 641.229 -2.87905
2630 1395.69 -5039.68 638.873 -2.88129
2640 1278.07 -2864.6 636.466 -2.88316
2650 1209.38 -965.277 634.052 -2.88452
2660 1217.51 1271.62 631.671 -2.88534
2670 1330.25 2326.68 629.364 -2.88578
2680 1435.36 2325.54 627.149 -2.88622
2690 1443.09 4718.45 625.032 -2.88678
2700 1431.44 6814 623.051 -2.88748
2710 1378.57 10968.8 621.246 -2.88819
2720 1316.3 13704.6 619.687 -2.88877
2730 1283.8 15394.7 618.419 -2.8892
2740 1353.73 16070.1 617.468 -2.88951
2750 1528.01 11795.6 616.832 -2.89003
2760 1628.3 6441.01 616.432 -2.89118
2770 1578.39 3397.65 616.17 -2.89302
2780 1459.37 2643.34 615.984 -2.89519
2790 1362.64 4213.11 615.862 -2.89724
2800 1367.34 2068.25 615.819 -2.89907
2810 1437.12 1912.78 615.825 -2.90082
2820 1512.32 4609.89 615.877 -2.90269
2830 1556.12 4841.96 616.015 -2.90488
2840 1540.38 4986.94 616.25 -2.90739
2850 1511.31 2230.28 616.575 -2.91008
2860 1460.55 -152.613 616.943 -2.91279
2870 1380.71 1224.92 617.317 -2.91531
2880 1370.2 -513.638 617.707 -2.91753
2890 1418.84 -4219.43 618.084 -2.91958
2900 1374.8 -4596.69 618.388 -2.92152
2910 1220.27 -1080.27 618.612 -2.92314
2920 1087.86 1194.21 618.815 -2.92416
2930 1118.46 -223.364 619.036 -2.92457
2940 1249.83 -2830.03 619.253 -2.92454
2950 1364.89 -6124.47 619.417 -2.92433
2960 1379.4 -7500.26 619.471 -2.92422
2970 1333.36 -7110.07 619.39 -2.92425
2980 1330.26 -5047.73 619.186 -2.92432
2990 1410.24 -5543.38 618.889 -2.92444
3000 1445.72 -4147.02 618.502 -2.92475
3010 1410.99 -1917.58 618.05 -2.92529
3020 1368.52 -516.986 617.573 -2.92595
3030 1329.76 702.704 617.099 -2.92659
3040 1298.92 2174.38 616.652 -2.92714
3050 1262.92 4885.93 616.261 -2.92752
3060 1209 6679.81 615.97 -2.92769
3070 1162.86 5996.19 615.809 -2.9276
3080 1155.18 3574.69 615.765 -2.92721
3090 1194.07 571.261 615.793 -2.92653
3100 1252.72 -432.36 615.838 -2.92565
3110 1258.28 2285.2 615.886 -2.92468
3120 1243.71 4920.89 615.981 -2.92371
3130 1236.38 5594.11 616.168 -2.92272
3140 1272.09 6685.02 616.464 -2.92169
3150 1376.23 4439.72 616.88 -2.92066
3160 1525.07 -1357.21 617.373 -2.91981
3170 1584.18 -3439.76 617.847 -2.9195
3180 1525.84 -1825.46 618.26 -2.91991
3190 1307.77 6413.09 618.653 -2.92071
3200 1173.13 9334.3 619.156 -2.92135
3210 1298.02 5126.64 619.822 -2.92169
3220 1376.6 2236.45 620.585 -2.92188
3230 1362.35 523.787 621.384 -2.92212
3240 1267.91 5433.61 622.202 -2.92241
3250 1303.53 5616.66 623.109 -2.92265
3260 1375.33 2710.2 624.112 -2.92281
3270 1285.42 2991.7 625.167 -2.92299
3280 1155.88 3048.44 626.268 -2.92306
3290 1151.14 2481.58 627.419 -2.92283
3300 1182.75 623.996 628.605 -2.92226
3310 1107.19 872.552 629.798 -2.92144
3320 1020.77 884.545 630.995 -2.92039
3330 1099.73 -3220.93 632.192 -2.91893
3340 1354.01 -10905.4 633.309 -2.91691
3350 1596.48 -16114 634.204 -2.91479
3360 1678.79 -15991.7 634.782 -2.91353
3370 1562.52 -9985.62 635.052 -2.91348
3380 1351.9 -2738.69 635.128 -2.91407
3390 1155.66 2753.27 635.152 -2.91458
3400 1055.93 5068.77 635.229 -2.91466
3410 1082.07 2852.11 635.402 -2.91427
3420 1061.78 2534.66 635.639 -2.91344
3430 1075.03 -324.341 635.922 -2.91225
3440 1161.03 -4786.34 636.196 -2.91069
3450 1198.45 -6700.15 636.382 -2.90888
3460 1241.85 -9781.21 636.431 -2.90705
3470 1268.92 -11354.5 636.294 -2.90526
3480 1245.33 -11941.7 635.938 -2.90365
3490 1225.5 -10273.7 635.359 -2.90218
3500 1272.38 -6963.22 634.593 -2.90073
3510 1331.35 -4614.5 633.704 -2.8993
3520 1310.3 1071.5 632.749 -2.898
3530 1225.06 9747.51 631.842 -2.89674
3540 1287.87 11628.4 631.135 -2.89544
3550 1448.81 9012.06 630.664 -2.89421
3560 1535.02 6185.49 630.384 -2.8934
3570 1470.61 743.363 630.23 -2.89322
3580 1284.53 -413.735 630.107 -2.89341
3590 1168.56 -1589.49 629.983 -2.89348
3600 1222.68 -5242.66 629.829 -2.89328
3610 1251.7 -5286.85 629.587 -2.89287
3620 1211.71 -2475.32 629.256 -2.89234
3630 1196.12 -900.67 628.884 -2.89165
3640 1257.99 -2438.37 628.499 -2.8908
3650 1239.19 -1316.48 628.083 -2.88988
3660 1181.98 1131.33 627.654 -2.88889
3670 1243.98 -865.094 627.251 -2.88778
3680 1333.13 -1415.5 626.846 -2.88659
3690 1288.92 2635.07 626.432 -2.88551
3700 1101.46 10734.3 626.088 -2.8845
3710 1036.42 14871.2 625.955 -2.88335
3720 1243.99 10899.6 626.1 -2.88186
3730 1504.68 5966.06 626.459 -2.88012
3740 1649.36 2173.24 626.935 -2.87886
3750 1635.32 990.36 627.46 -2.87859
3760 1554.67 1994.04 628.006 -2.87921
3770 1489.4 3374.37 628.591 -2.88036
3780 1457.31 4743.79 629.241 -2.88177
3790 1474.33 4429.11 629.977 -2.88335
3800 1506.04 2301.75 630.793 -2.88515
3810 1494.05 703.147 631.652 -2.88714
3820 1487.06 -1693.47 632.518 -2.88925
3830 1481.04 -4691.76 633.344 -2.89145
3840 1436.76 -4787.4 634.077 -2.89366
3850 1340.68 -1339.07 634.719 -2.89573
3860 1261.59 -565.06 635.325 -2.89746
3870 1208.9 930.823 635.919 -2.89873
3880 1172.13 3598.61 636.531 -2.89958
3890 1128.64 5041.7 637.209 -2.90001
3900 1062.95 6361.99 637.984 -2.90002
3910 1034.88 7634.77 638.883 -2.89961
3920 1144.09 4929.83 639.919 -2.89874
3930 1266.31 3930.93 641.051 -2.8975
3940 1247.68 6109.6 642.259 -2.89623
3950 1164.11 6828.46 643.578 -2.8951
3960 1111.22 7686.25 645.027 -2.89394
3970 1164.18 6091.87 646.616 -2.8926
3980 1279.84 2885.86 648.313 -2.89097
3990 1341.07 2472.08 650.061 -2.88929
4000 1311.93 3412.5 651.848 -2.88788
4010 1244.16 3059.27 653.688 -2.88671
4020 1191.96 1918.55 655.574 -2.88559
4030 1213.34 -1191.2 657.48 -2.88433
4040 1279.56 -5514.07 659.341 -2.88282
4050 1340.71 -10066.3 661.065 -2.88122
4060 1339.24 -14240.7 662.557 -2.8797
4070 1257.92 -16018.5 663.73 -2.87838
4080 1144.22 -13762.2 664.554 -2.87722
4090 1128.83 -12227 665.069 -2.87602
4100 1160.75 -9963.62 665.316 -2.87463
4110 1173.34 -6698.16 665.35 -2.87312
4120 1166.83 -5359.83 665.238 -2.87152
4130 1155.28 -3566.83 665.018 -2.86985
4140 1121.96 -1146.94 664.729 -2.86808
4150 1195.85 -1881.64 664.419 -2.86618
4160 1349.03 -5295.27 664.072 -2.86413
4170 1491.37 -6959.36 663.626 -2.86226
4180 1595.63 -6787.28 663.045 -2.861
4190 1622.88 -5237.62 662.336 -2.86063
4200 1541.2 -5261.54 661.527 -2.86112
4210 1322.39 -609.011 660.637 -2.86197
4220 1255.93 -881.815 659.743 -2.86261
4230 1349.74 -5524.76 658.842 -2.86313
4240 1374.5 -7571.05 657.848 -2.86371
4250 1292.46 -8725.75 656.716 -2.86435
4260 1184.51 -7309.58 655.43 -2.86486
4270 1132.61 -6145.09 654.015 -2.86498
4280 1319.45 -11004.4 652.488 -2.86484
4290 1550.12 -17972.1 650.759 -2.86494
4300 1716.37 -19787.8 648.702 -2.86596
4310 1780.69 -19340.8 646.284 -2.86831
4320 1667.32 -14631.3 643.531 -2.87175
4330 1442.82 -9195.56 640.542 -2.87525
4340 1247 -4698.85 637.433 -2.87807
4350 1117.92 638.914 634.301 -2.87984
4360 1145.72 2721.08 631.245 -2.88066
4370 1282.48 2826.59 628.307 -2.88106
4380 1238.26 9552.72 625.504 -2.88109
4390 1104.5 15170 622.945 -2.88052
4400 1106 16445.4 620.725 -2.87949
4410 1288.63 14230.5 618.862 -2.87818
4420 1575.89 8309.99 617.3 -2.87704
4430 1723.56 7201.23 615.939 -2.87674
4440 1661.33 9212.53 614.75 -2.87757
4450 1457.52 15763.1 613.77 -2.87902
4460 1292.37 20660.9 613.101 -2.88037
4470 1258.34 20147.3 612.825 -2.88149
4480 1303.24 16337.4 612.925 -2.88247
4490 1325.34 13712.4 613.333 -2.88335
4500 1404.87 9182.36 613.992 -2.88423
4510 1518.73 4104.18 614.816 -2.88521
4520 1622.21 159.805 615.711 -2.88663
4530 1569.19 -101.529 616.608 -2.8886
4540 1447.42 3006.24 617.501 -2.89086
4550 1327.88 6864.76 618.444 -2.89301
4560 1234.66 11062.9 619.509 -2.89485
4570 1244.68 12537.3 620.769 -2.89632
4580 1416.57 6877.36 622.242 -2.89758
4590 1583.24 -963.803 623.827 -2.89885
4600 1634.14 -5845.08 625.384 -2.90054
4610 1569.74 -7411.93 626.818 -2.90272
4620 1438.91 -7510 628.096 -2.90506
4630 1328.09 -7746.35 629.214 -2.90717
4640 1220.37 -4997.41 630.178 -2.90883
4650 1219.46 -7745.14 631.022 -2.91
4660 1252.55 -9847.84 631.709 -2.91076
4670 1294.69 -10544.4 632.199 -2.91128
4680 1351.78 -11556.1 632.478 -2.9117
4690 1392.19 -9784.65 632.536 -2.91219
4700 1424.15 -8429.88 632.405 -2.91281
4710 1429.94 -9298.25 632.111 -2.91364
4720 1375.64 -7778.96 631.65 -2.91461
4730 1325.29 -5829.81 631.051 -2.91553
4740 1369.64 -6580.18 630.348 -2.91639
4750 1420.45 -6637.33 629.535 -2.91729
4760 1418.75 -5961.32 628.614 -2.91834
4770 1309.64 -2894.84 627.604 -2.9194
4780 1134.26 4076.67 626.567 -2.92008
4790 1020.29 9395.5 625.629 -2.92013
4800 1048.98 10667.7 624.886 -2.91962
4810 1139.54 11446.2 624.364 -2.91864
4820 1230.18 9506.03 624.071 -2.91739
4830 1263.12 6909.41 623.969 -2.91607
4840 1243.86 5160.52 624.009 -2.91479
4850 1300.04 172.302 624.146 -2.91352
4860 1408.78 -5179.85 624.289 -2.9123
4870 1504.72 -9293.99 624.337 -2.91138
4880 1509.4 -7829.05 624.224 -2.91103
4890 1494.23 -8488.71 623.963 -2.91122
4900 1561.4 -12974.9 623.544 -2.91193
4910 1617.03 -16800.2 622.89 -2.91334
4920 1609.96 -16541.4 621.94 -2.91553
4930 1539.87 -15415.5 620.699 -2.91825
4940 1442.87 -11245.8 619.199 -2.92111
4950 1346.15 -4196.19 617.525 -2.92361
4960 1301.29 -836.845 615.802 -2.92557
4970 1259.4 658.063 614.096 -2.92713
4980 1118.45 7104.39 612.45 -2.92803
4990 1135.24 8642.03 610.96 -2.92825
5000 1246.52 4247.14 609.651 -2.92815
5010 1235.18 4716.68 608.457 -2.9279
5020 1192.93 7779.59 607.378 -2.92744
5030 1179.94 10177.2 606.464 -2.92674
5040 1214.32 9982.14 605.75 -2.92584
5050 1239.65 10336.8 605.234 -2.92482
5060 1243.17 13121.9 604.922 -2.92376
5070 1279.65 14882.6 604.854 -2.92271
5080 1323.5 14555.9 605.058 -2.92174
5090 1357.12 13180.2 605.526 -2.92095
5100 1373.33 12402.5 606.231 -2.92039
5110 1382.18 12063 607.158 -2.9201
5120 1378.59 9693.51 608.293 -2.92003
5130 1330.7 10500.8 609.6 -2.92013
5140 1305.71 11578.7 611.088 -2.92035
5150 1383.47 7214.77 612.766 -2.92057
5160 1438.15 2619.07 614.562 -2.92077
5170 1431.43 155.942 616.393 -2.92112
5180 1399.61 -1977.32 618.209 -2.92161
5190 1377.36 -3747.77 619.969 -2.92214
5200 1339.32 -3652.25 621.645 -2.92268
5210 1242.25 -479.717 623.238 -2.92316
5220 1146.55 1568.36 624.806 -2.92346
5230 1148.44 -1364.77 626.378 -2.92336
5240 1191.26 -5260.77 627.905 -2.92281
5250 1245.75 -8305.47 629.316 -2.92193
5260 1330.21 -11448.8 630.549 -2.9209
5270 1354.78 -13241.5 631.548 -2.91993
5280 1345.34 -15705.9 632.276 -2.91916
5290 1284.69 -15239.3 632.695 -2.91857
5300 1258.46 -14168.2 632.813 -2.91808
5310 1272.62 -13251.5 632.654 -2.9176
5320 1209.74 -9428.57 632.247 -2.9171
5330 1097.55 -5664.97 631.666 -2.91645
5340 1073.4 -4310.2 630.984 -2.91552
5350 1171.32 -4998.32 630.23 -2.91423
5360 1284.59 -5660.44 629.396 -2.9127
5370 1299 -2848.31 628.477 -2.91119
5380 1205.35 3303.7 627.529 -2.90978
5390 1102.27 7239.48 626.664 -2.90832
5400 1101.56 7850.45 625.951 -2.90671
5410 1151.5 9548.22 625.409 -2.90485
5420 1221.2 7681.24 625.059 -2.90284
5430 1245.82 5654.4 624.866 -2.90084
5440 1185.06 8693.46 624.799 -2.89897
5450 1129.82 11259.5 624.905 -2.89721
5460 1255.27 6998.85 625.219 -2.89537
5470 1441.46 120.08 625.664 -2.8934
5480 1507.72 -2402.56 626.118 -2.89178
5490 1456.33 -3779.89 626.527 -2.89081
5500 1345.24 -5137.67 626.862 -2.89033
5510 1180.84 -1194.58 627.108 -2.88999
5520 1110.41 901.801 627.328 -2.88947
5530 1181.19 -1133.73 627.56 -2.88863
5540 1288.9 -1189.01 627.776 -2.88754
5550 1362.44 -1280.55 627.969 -2.88644
5560 1328.51 1212.49 628.145 -2.88554
5570 1189.58 7454.76 628.355 -2.88481
5580 1180.42 8363.91 628.701 -2.88402
5590 1286.92 6660.91 629.207 -2.88304
5600 1440.79 4942.22 629.843 -2.88204
5610 1521.48 2140.05 630.568 -2.88136
5620 1486.78 1274.13 631.334 -2.88122
5630 1444.96 657.955 632.123 -2.88151
5640 1489.24 -1930.44 632.915 -2.88209
5650 1535.21 -3673.93 633.667 -2.88301
5660 1490.78 -3601.18 634.343 -2.88433
5670 1368.87 -621.972 634.952 -2.8858
5680 1301.46 1380.1 635.542 -2.88713
5690 1319.24 1783.67 636.154 -2.88823
5700 1379.59 1930.78 636.799 -2.88923
5710 1399.69 2416.9 637.481 -2.89024
5720 1370.84 2928.39 638.206 -2.8913
5730 1359.5 3647.03 638.987 -2.89232
5740 1446.7 900.648 639.83 -2.89334
5750 1518.68 -1159.51 640.687 -2.89456
5760 1505.83 -779.324 641.52 -2.8961
5770 1429.03 707.025 642.333 -2.89786
5780 1293.62 4372.89 643.16 -2.89954
5790 1143.83 6702.99 644.068 -2.90085
5800 988.209 8235.52 645.105 -2.90156
5810 934.015 7112.18 646.298 -2.90163
5820 1043.59 205.614 647.613 -2.90098
5830 1230.31 -6615.25 648.922 -2.8996
5840 1422.94 -13819.6 650.08 -2.89787
5850 1564.2 -19371 650.944 -2.89638
5860 1634.81 -23442.6 651.398 -2.89574
5870 1601.08 -23574.9 651.371 -2.89618
5880 1516.55 -22203.2 650.86 -2.8975
5890 1393.42 -20842.3 649.9 -2.89926
5900 1216.08 -17932.7 648.533 -2.90097
5910 1103.63 -15708.6 646.821 -2.90221
5920 1145.5 -14506.7 644.819 -2.90298
5930 1279.49 -12978.7 642.563 -2.90338
5940 1391.32 -11363.3 640.091 -2.90367
5950 1396.13 -7120.77 637.448 -2.90403
5960 1294.32 -1592.26 634.722 -2.90427
5970 1183.69 3622.56 632.024 -2.90417
5980 1145.54 8618.32 629.456 -2.90354
5990 1235.09 10128 627.104 -2.90247
6000 1358.02 9954.91 624.997 -2.90127
6010 1439.6 10027.6 623.129 -2.90023
6020 1488.44 8713.52 621.489 -2.89963
6030 1446.21 8836.87 620.056 -2.89949
6040 1462.62 6248.45 618.818 -2.89972
6050 1589.91 407.66 617.72 -2.90045
6060 1694.81 -3077.42 616.659 -2.90201
6070 1620.53 628.212 615.579 -2.90439
6080 1457.16 6291.81 614.539 -2.90693
6090 1373.32 9045.94 613.636 -2.90922
6100 1330.23 9699.93 612.918 -2.91121
6110 1230.97 8699.69 612.395 -2.91284
6120 1083.62 9653.89 612.05 -2.91391
6130 1036.5 9102.27 611.891 -2.91432
6140 1199.63 4158.47 611.899 -2.91421
6150 1397.04 -522.608 611.989 -2.91383
6160 1487.92 -2433.98 612.078 -2.91362
6170 1466.09 -1273.57 612.131 -2.91383
6180 1391.7 -1003.87 612.164 -2.91434
6190 1309.32 1456.04 612.188 -2.91491
6200 1308.62 4296.19 612.244 -2.91537
6210 1411.31 2875.35 612.377 -2.9158
6220 1451.57 5130.72 612.574 -2.91639
6230 1393.15 7239.35 612.867 -2.91721
6240 1300.04 7795.48 613.292 -2.91806
6250 1236.41 7311.56 613.861 -2.91874
6260 1255.4 3260 614.556 -2.91914
6270 1351.22 -1007.5 615.306 -2.91931
6280 1459.66 -3409.96 616.035 -2.9195
6290 1548.61 -6403.87 616.694 -2.92002
6300 1508.3 -5521.64 617.236 -2.92101
6310 1390.2 -1067.02 617.679 -2.92229
6320 1321.96 2292 618.1 -2.9235
6330 1429.02 13.6173 618.552 -2.92463
6340 1535.71 -2144.43 619.006 -2.92595
6350 1503.34 -2359.56 619.42 -2.92763
6360 1356.72 220.143 619.796 -2.9294
6370 1241.24 720.727 620.171 -2.93088
6380 1148.85 2286.89 620.563 -2.93189
6390 1105.74 3092.36 620.994 -2.93239
6400 1137.91 2510.14 621.481 -2.9324
6410 1227.39 1146.06 622.012 -2.93203
6420 1346.17 -2545.51 622.558 -2.93145
6430 1443.8 -7417.4 623.052 -2.93092
6440 1500.81 -11718.4 623.403 -2.93072
6450 1493.3 -13552.2 623.535 -2.93101
6460 1375.49 -12186.5 623.417 -2.9317
6470 1219.73 -8758.03 623.075 -2.93238
6480 1160.93 -3901.44 622.579 -2.93273
6490 1178.66 -1181.03 622.018 -2.93268
6500 1165.14 4413.72 621.452 -2.9323
6510 1079.76 12863.9 620.989 -2.93157
6520 1034.4 16495.4 620.774 -2.93055
6530 1055.97 16211.6 620.874 -2.92922
6540 1239.84 9978.91 621.276 -2.92757
6550 1464.28 1316.58 621.862 -2.92563
6560 1520.77 -2041.1 622.481 -2.92404
6570 1411.04 -2586.11 623.062 -2.92313
6580 1263.99 -2852.57 623.592 -2.9226
6590 1194.57 -4449.36 624.062 -2.92207
6600 1149.38 -3748.82 624.45 -2.92136
6610 1173.46 -5649.77 624.76 -2.92041
6620 1277.94 -6901.73 624.963 -2.91924
6630 1393.98 -5078.99 625.041 -2.91804
6640 1490.07 -3488.09 625.024 -2.91711
6650 1504.15 -2391.16 624.947 -2.9167
6660 1362.99 -152.709 624.831 -2.91676
6670 1177.13 4653.33 624.727 -2.91685
6680 1209.44 2886.45 624.706 -2.91669
6690 1353.22 -2703.4 624.739 -2.91631
6700 1370.72 -6028.49 624.73 -2.91598
6710 1293.58 -6113.68 624.615 -2.91579
6720 1276.53 -6390.37 624.39 -2.9156
6730 1377.7 -9273.24 624.045 -2.91539
6740 1450.03 -10701.7 623.537 -2.91536
6750 1436.79 -9023.09 622.842 -2.91567
6760 1383.59 -5893.22 621.994 -2.9162
6770 1349.18 -3227.94 621.052 -2.91677
6780 1330.11 -496.323 620.069 -2.91728
6790 1340.95 2451.26 619.099 -2.91769
6800 1374.47 2096.12 618.191 -2.91808
6810 1342.03 2140.42 617.343 -2.91851
6820 1323.03 1892.48 616.554 -2.9189
6830 1399.7 -302.667 615.815 -2.9193
6840 1483.71 -828.408 615.09 -2.91989
6850 1503.52 651.777 614.371 -2.92081
6860 1434.02 2611.32 613.681 -2.92201
6870 1278.33 7267.79 613.061 -2.92315
6880 1145.12 12866.9 612.592 -2.9239
6890 1116.81 16382.6 612.369 -2.92416
6900 1181.44 19718.2 612.457 -2.92412
6910 1160.12 22640.1 612.914 -2.92389
6920 1158.62 22857.7 613.783 -2.92361
6930 1195.17 20552.7 615.068 -2.92323
6940 1233.46 16785.1 616.723 -2.92274
6950 1240.49 13565 618.681 -2.92214
6960 1304.5 7545.07 620.872 -2.92139
6970 1412.56 933.075 623.187 -2.92043
6980 1501.57 -3701.64 625.503 -2.91952
6990 1556.32 -8300.19 627.726 -2.91897
7000 1562.97 -12466.2 629.769 -2.91893
7010 1471.85 -14210.4 631.552 -2.91936
7020 1358.71 -13676.6 633.044 -2.92003
7030 1345.43 -15320.6 634.247 -2.92071
7040 1353.16 -15405.6 635.138 -2.92134
7050 1395.14 -15657.1 635.716 -2.92205
7060 1450.03 -17780.2 635.974 -2.92294
7070 1444.82 -17423.7 635.886 -2.92414
7080 1329.43 -13936.3 635.463 -2.92549
7090 1145.57 -7804.02 634.78 -2.92656
7100 1005.39 -2694.08 633.956 -2.92701
7110 979.275 422.557 633.094 -2.92678
7120 1049.77 253.023 632.253 -2.92595
7130 1173.16 -918.282 631.432 -2.92467
7140 1162.79 1944.03 630.62 -2.92312
7150 1143.55 2870.87 629.861 -2.92146
7160 1218.87 -60.1957 629.168 -2.91968
7170 1221.43 -475.832 628.493 -2.91785
7180 1184.22 2283.89 627.832 -2.91606
7190 1214.92 3579.44 627.228 -2.91424
7200 1257.04 3590.04 626.706 -2.9124
7210 1256.52 7414.37 626.274 -2.91061
7220 1250.78 9079.3 625.992 -2.90894
7230 1216.77 9841.77 625.895 -2.90736
7240 1246.08 8539.22 625.991 -2.90586
7250 1371.48 3179.64 626.249 -2.90435
7260 1445.64 -795.288 626.573 -2.90304
7270 1407.17 -3232.93 626.884 -2.90214
7280 1297.03 -3158.49 627.138 -2.90158
7290 1202.11 -2421.83 627.334 -2.90108
7300 1211.06 -3425.51 627.482 -2.90043
7310 1336.06 -5773.49 627.564 -2.89962
7320 1462.27 -6440.87 627.541 -2.89889
7330 1495.25 -4149.92 627.405 -2.89856
7340 1470.43 -3573.98 627.193 -2.8987
7350 1409.6 -2634.96 626.922 -2.89919
7360 1326.04 -484.476 626.612 -2.89978
7370 1228.94 753.825 626.3 -2.90025
7380 1165.55 2358.52 626.014 -2.90041
7390 1223.7 -60.4757 625.776 -2.90026
7400 1258.02 -577.832 625.548 -2.8999
7410 1206.61 551.879 625.321 -2.89941
7420 1218.47 -662.495 625.11 -2.89876
7430 1342.31 -2997.31 624.891 -2.89798
7440 1377.34 -1548.68 624.631 -2.89725
7450 1417.64 -1434.34 624.347 -2.89676
7460 1447.86 -2270.05 624.044 -2.89655
7470 1462.2 -1627.81 623.711 -2.89668
7480 1470.62 -922.037 623.358 -2.89714
7490 1465.34 -2917.33 622.993 -2.89793
7500 1388.74 -1700.91 622.592 -2.89892
7510 1315.08 -1298.54 622.166 -2.89987
7520 1291.9 84.8059 621.73 -2.90066
7530 1301.31 1744.7 621.308 -2.90125
7540 1313.39 2490.47 620.93 -2.90171
7550 1305.18 5638.15 620.614 -2.90206
7560 1359.07 6212.77 620.41 -2.90234
7570 1415.51 6098.2 620.332 -2.9027
7580 1413.6 5129.71 620.376 -2.90323
7590 1384.91 4595.57 620.522 -2.90392
7600 1298.68 5567.97 620.762 -2.90462
7610 1238.46 6478.52 621.11 -2.90516
7620 1249.49 4396.04 621.575 -2.90546
7630 1311.15 2207.53 622.124 -2.90557
7640 1339.31 265.412 622.713 -2.9056
7650 1373.94 -460.878 623.307 -2.90566
7660 1401.81 -1003.9 623.89 -2.90582
7670 1398.49 -1653.69 624.45 -2.90614
7680 1322.21 1091.77 624.984 -2.90656
7690 1291.68 2737.76 625.534 -2.90696
7700 1276.19 3651.29 626.134 -2.90723
7710 1287.73 1861.98 626.798 -2.90739
7720 1202.04 552.744 627.495 -2.90737
7730 1112.57 1091.39 628.202 -2.90713
7740 1070.07 2042.12 628.925 -2.90654
7750 1091.28 2922.35 629.684 -2.90559
7760 1207.01 582.729 630.49 -2.90426
7770 1334.66 -1674.92 631.301 -2.90268
7780 1423.96 -2577.5 632.076 -2.90119
7790 1493.98 -3231.77 632.797 -2.90009
7800 1484.26 -2663.88 633.452 -2.89952
7810 1409.28 -200.932 634.056 -2.89945
7820 1344.56 951.315 634.65 -2.89962
7830 1300.45 3566.97 635.264 -2.89982
7840 1310.85 5407.87 635.946 -2.9
7850 1309.5 5897.51 636.729 -2.90015
7860 1289.84 6735.82 637.627 -2.90028
7870 1278.21 5682.45 638.651 -2.90034
7880 1285 1715.98 639.775 -2.90027
7890 1307.84 -1211.18 640.927 -2.90004
7900 1405.69 -4977.09 642.045 -2.89977
7910 1510.4 -11255.3 643.048 -2.89963
7920 1501.41 -15714.7 643.818 -2.89989
7930 1431.71 -17127.2 644.268 -2.90056
7940 1417.09 -19165.4 644.366 -2.9015
7950 1475.38 -20926.6 644.078 -2.90273
7960 1515.55 -22577.7 643.371 -2.90443
7970 1440.87 -21253.7 642.227 -2.90657
7980 1278.78 -18317.2 640.678 -2.90873
7990 1145.25 -13335.9 638.797 -2.91038
8000 1213.98 -13374.2 636.675 -2.91151
8010 1360.12 -13964.5 634.33 -2.91247
8020 1465.78 -13388.3 631.759 -2.91354
8030 1490.53 -11650 628.984 -2.9149
8040 1483.32 -9612.4 626.041 -2.91655
8050 1456.39 -5742.17 622.982 -2.91825
8060 1469.09 -5735.42 619.875 -2.92003
8070 1452.81 -4509.72 616.733 -2.92195
8080 1417.77 -946.001 613.583 -2.92379
8090 1380.14 2186.3 610.485 -2.92539
8100 1300.38 5704.76 607.501 -2.92663
8110 1154.11 12848.7 604.696 -2.92722
8120 1106.18 17336.4 602.18 -2.92698
8130 1233.77 17109.3 600.024 -2.92631
8140 1403.9 16084 598.218 -2.92559
8150 1515.68 14237.3 596.735 -2.92521
8160 1541.45 12415.5 595.537 -2.92545
8170 1490.35 12622.8 594.587 -2.92625
8180 1399.59 14927 593.883 -2.92732
8190 1296.07 18769.1 593.459 -2.92836
8200 1222.48 21277.5 593.37 -2.92924
8210 1144.72 23687.3 593.657 -2.92988
8220 1180.19 23355 594.351 -2.93029
8230 1299.7 20456.9 595.442 -2.93056
8240 1366.45 17834.7 596.88 -2.93083
8250 1336.65 16909.6 598.619 -2.93126
8260 1294.71 16847.7 600.639 -2.93183
8270 1273.72 16802.2 602.938 -2.93245
8280 1236.59 15251.2 605.51 -2.93302
8290 1198.76 11759.7 608.327 -2.93338
8300 1235.36 7415.53 611.327 -2.93335
8310 1352.12 1984.76 614.428 -2.93293
8320 1409.58 -2948.12 617.532 -2.93229
8330 1316.17 -5123.16 620.549 -2.93168
8340 1142.75 -5178.12 623.438 -2.93107
8350 1040.39 -5757.61 626.191 -2.93021
8360 1015.93 -5239.5 628.799 -2.92896
8370 1011.03 -3527.04 631.273 -2.92738
8380 1033.23 -4540.96 633.641 -2.92546
8390 1058.67 -7317.24 635.884 -2.92312
8400 1077.76 -10125.1 637.951 -2.92046
8410 1124.26 -13174.7 639.787 -2.91755
8420 1225.57 -16387.2 641.331 -2.91446
8430 1369.63 -20068.4 642.521 -2.91135
8440 1453.03 -20274.6 643.296 -2.90866
8450 1408.9 -16826.1 643.655 -2.90675
8460 1295.88 -12702 643.672 -2.90549
8470 1308.15 -13930.2 643.426 -2.90453
8480 1340.76 -13667.7 642.911 -2.90372
8490 1363.32 -11673.8 642.135 -2.90313
8500 1377.37 -9429.41 641.144 -2.90274
8510 1343.62 -6122.85 639.989 -2.90253
8520 1239.73 -1422.76 638.743 -2.90231
8530 1176.45 1459.4 637.497 -2.90189
8540 1224.37 42.799 636.301 -2.90123
8550 1308.44 -1926.56 635.134 -2.90046
8560 1322.45 -976.66 633.962 -2.89972
8570 1316.44 460.433 632.802 -2.89901
8580 1478.04 -2749.18 631.67 -2.89847
8590 1510.82 -4237.79 630.517 -2.89836
8600 1443.63 -3476.93 629.312 -2.89874
8610 1408.1 -2087.36 628.073 -2.89934
8620 1451.83 -4487.56 626.815 -2.90013
8630 1426.38 -5640.54 625.505 -2.9012
8640 1224.19 -784.187 624.129 -2.90223
8650 1053.31 5227.06 622.772 -2.90261
8660 1151.57 4477.32 621.533 -2.90246
8670 1208.63 8299.15 620.418 -2.90187
8680 1291.58 10389.9 619.483 -2.90105
8690 1406.57 9790.83 618.762 -2.90026
8700 1316.09 14249 618.255 -2.8997
8710 1172.55 20382.8 618.033 -2.89922
8720 1287.72 18704.6 618.189 -2.89872
8730 1447.67 16633.6 618.699 -2.89824
8740 1419.06 17010.1 619.525 -2.89819
8750 1242.07 17227.2 620.666 -2.89847
8760 1207.54 14828.8 622.116 -2.89873
8770 1353.69 9246.13 623.828 -2.89873
8780 1510.25 3281.16 625.697 -2.89865
8790 1536.85 -815.506 627.612 -2.89887
8800 1458.05 -4160.68 629.491 -2.89945
8810 1381.69 -8696.56 631.264 -2.90012
8820 1317.87 -10423.3 632.852 -2.90067
8830 1321.99 -12064.8 634.214 -2.90111
8840 1388.59 -14670.7 635.32 -2.90149
8850 1423.58 -16242.4 636.124 -2.90199
8860 1408.75 -16741.1 636.598 -2.90273
8870 1343.5 -13896.9 636.743 -2.90359
8880 1350.91 -11237.2 636.613 -2.90447
8890 1342.07 -10972.1 636.262 -2.90536
8900 1253.31 -9155.11 635.707 -2.90611
8910 1274.05 -7442.25 634.986 -2.90667
8920 1262.05 -7167.79 634.133 -2.90704
8930 1194.39 -5111.31 633.162 -2.90721
8940 1153.49 -3401.45 632.113 -2.90708
8950 1155.18 -4299.89 631.016 -2.90665
8960 1099.41 -2510.66 629.866 -2.90594
8970 1030.47 178.194 628.695 -2.90489
8980 1058.94 -47.6287 627.548 -2.90347
8990 1158.84 -1745.4 626.423 -2.90168
9000 1243.96 -1855.85 625.293 -2.89968
9010 1279.62 569.68 624.158 -2.89766
9020 1285.98 3080.94 623.061 -2.89574
9030 1266.92 4591.46 622.045 -2.89397
9040 1238.89 5554.89 621.141 -2.89232
9050 1304.29 3221.15 620.357 -2.89075
9060 1346.04 4087.91 619.66 -2.88929
9070 1310.38 6671.92 619.06 -2.88804
9080 1280.52 6129.05 618.596 -2.88696
9090 1284.6 6822.29 618.265 -2.88596
9100 1321.96 4638.72 618.067 -2.88502
9110 1367.46 917.807 617.963 -2.8842
9120 1368.85 162.509 617.889 -2.88357
9130 1353.73 740.664 617.826 -2.88313
9140 1367.75 3058.83 617.786 -2.88283
9150 1376.55 8006.25 617.815 -2.88267
9160 1443.06 8847.08 617.992 -2.8827
9170 1560.08 6304.63 618.334 -2.88309
9180 1626.15 3416.12 618.795 -2.88409
9190 1624.12 1408.53 619.322 -2.88578
9200 1611.37 846.298 619.876 -2.88808
9210 1608.79 -304.175 620.443 -2.89087
9220 1544.62 -298.719 621.004 -2.89398
9230 1437.5 837.278 621.559 -2.89703
9240 1429 -177.674 622.124 -2.89985
9250 1450.56 -1911.32 622.682 -2.90255
9260 1360.39 1942.81 623.21 -2.90506
9270 1254.64 6206.97 623.774 -2.90714
9280 1255.12 5634.23 624.446 -2.90876
9290 1329.87 2811.98 625.218 -2.91003
9300 1420.07 -77.4386 626.038 -2.91118
9310 1430.99 -892.133 626.854 -2.91237
9320 1410.66 -813.193 627.649 -2.91364
9330 1420.84 -1822.04 628.42 -2.91494
9340 1410.14 -4242.22 629.146 -2.91628
9350 1333.46 -5623.61 629.789 -2.91752
9360 1344.71 -8522.17 630.314 -2.91859
9370 1376.25 -11155.7 630.671 -2.91959
9380 1318.72 -10997 630.814 -2.92056
9390 1183.76 -8342.01 630.749 -2.92133
9400 1105.71 -7045.12 630.524 -2.92168
9410 1162.38 -8787.53 630.163 -2.92161
9420 1302.13 -10763.1 629.642 -2.92126
9430 1363.45 -11479.8 628.926 -2.92094
9440 1203.23 -6372.52 628.015 -2.92071
9450 1047.59 -3148.9 626.996 -2.92025
9460 1167.5 -5908.23 625.928 -2.91945
9470 1205.64 -5447.17 624.776 -2.91833
9480 1278.86 -7210.41 623.539 -2.91713
9490 1369.72 -12274.1 622.184 -2.91606
9500 1346.87 -11070.3 620.637 -2.91531
9510 1241.83 -4729.74 618.921 -2.91468
9520 1203.56 -576.255 617.148 -2.91389
9530 1176.47 4633.73 615.404 -2.91284
9540 1135.57 9966.76 613.783 -2.91143
9550 1224.83 9546.38 612.372 -2.90981
9560 1273 9717.09 611.168 -2.9081
9570 1267.03 11281.5 610.171 -2.90647
9580 1294.45 12797.2 609.404 -2.90495
9590 1294.79 13028.1 608.887 -2.90355
9600 1285.36 12590.3 608.62 -2.90233
9610 1344.32 10666.1 608.59 -2.90126
9620 1409.42 10169.6 608.762 -2.90037
9630 1399.83 14259.5 609.132 -2.89984
9640 1325.69 18283 609.762 -2.89968
9650 1294.22 19307.6 610.718 -2.89976
9660 1325.92 17565.6 612.019 -2.89993
9670 1381.08 14031.3 613.629 -2.90019
9680 1384.52 10443.7 615.485 -2.90052
9690 1323 9269.7 617.524 -2.90095
9700 1307.82 4752.01 619.711 -2.90131
9710 1324.76 -936.589 621.964 -2.9014
9720 1274.24 -2498.16 624.184 -2.9013
9730 1279.75 -3069.69 626.336 -2.90108
9740 1338.74 -4895.29 628.402 -2.90072
9750 1441.99 -6865.09 630.353 -2.90038
9760 1561.05 -10504.8 632.146 -2.9003
9770 1538.02 -13088.7 633.715 -2.90072
9780 1390.11 -12111.3 635.017 -2.90155
9790 1257.21 -10878.4 636.064 -2.90236
9800 1225.59 -9790.61 636.885 -2.90292
9810 1317.99 -13239 637.494 -2.90324
9820 1460.42 -17843.5 637.833 -2.90357
9830 1560.87 -21059.6 637.817 -2.90434
9840 1563.57 -22045.7 637.389 -2.90582
9850 1459.32 -19286 636.541 -2.90785
9860 1320.14 -15305.1 635.332 -2.9099
9870 1200.96 -13156.2 633.842 -2.91158
9880 1137.33 -10586.1 632.126 -2.91274
9890 1231.54 -10634.9 630.235 -2.91343
9900 1435.03 -12682.1 628.174 -2.91404
9910 1563.31 -10316.6 625.921 -2.91496
9920 1528.22 -6992.7 623.521 -2.91631
9930 1351.65 -1530.35 621.047 -2.91776
9940 1174.03 3565.7 618.598 -2.91868
9950 1111.05 6067.39 616.268 -2.91895
9960 1142.74 7871.6 614.102 -2.91867
9970 1209.61 9652.11 612.129 -2.91797
9980 1299.4 9824.94 610.377 -2.91706
9990 1355.72 8285.27 608.841 -2.91619
10000 1382.83 7735.93 607.492 -2.91552
