# Time-averaged data for fix 2
# TimeStep c_mytemp c_mypress v_vmyvol v_avgEtotal
10 1339.26 14545.9 620.294 -2.85752
20 1526.37 10008.5 620.542 -2.85723
30 1583.09 10298 620.963 -2.85696
40 1460.08 16883.6 621.562 -2.85691
50 1347.55 21578.9 622.431 -2.85696
60 1354.95 19439.9 623.635 -2.85688
70 1389.19 16693.8 625.149 -2.85659
80 1439.15 11042.5 626.915 -2.85605
90 1488.65 8007.5 628.848 -2.85532
100 1598.41 2406.05 630.886 -2.85451
110 1715.17 -1437.24 632.94 -2.85377
120 1704.05 -2202.84 634.947 -2.85349
130 1567.16 -1601.68 636.891 -2.85363
140 1557.49 -4047.26 638.776 -2.85389
150 1544.15 -7092.85 640.563 -2.85405
160 1423.57 -7002.04 642.206 -2.85413
170 1315.35 -6726.2 643.705 -2.85396
180 1370.02 -11001.9 645.054 -2.85338
190 1468.37 -13619.3 646.192 -2.85246
200 1420.47 -11238 647.08 -2.85149
210 1337.93 -8317.95 647.757 -2.85052
220 1357.03 -8223.91 648.273 -2.84939
230 1349.25 -5951.76 648.639 -2.84805
240 1320.92 -2229.52 648.9 -2.84656
250 1411.58 -4423.91 649.111 -2.84489
260 1499.36 -6976.16 649.243 -2.84307
270 1507.85 -5071.48 649.261 -2.84138
280 1529.29 -4894.07 649.188 -2.8399
290 1570.23 -5408.8 649.033 -2.83862
300 1590.61 -5866.75 648.791 -2.83762
310 1578.93 -7109.81 648.452 -2.8369
320 1675.93 -11336 647.993 -2.83648
330 1893.75 -16481.3 647.344 -2.83666
340 1996.49 -17066.3 646.426 -2.83804
350 1850.31 -11981.9 645.238 -2.84055
360 1682.49 -7646.78 643.866 -2.84338
370 1588.51 -4212.65 642.392 -2.84603
380 1538.02 -2369.27 640.876 -2.84831
390 1547.54 -698.521 639.356 -2.85023
400 1654.59 -2200.78 637.854 -2.85204
410 1708.02 -1255.13 636.356 -2.85404
420 1612.81 2758.36 634.877 -2.85607
430 1488.26 5854.55 633.48 -2.85778
440 1476.08 8819.24 632.217 -2.85903
450 1566.94 10094.5 631.132 -2.86003
460 1599.33 10647 630.245 -2.861
470 1511.02 11997.8 629.563 -2.86198
480 1366.48 15369.1 629.104 -2.86272
490 1228.93 18243.9 628.92 -2.86299
500 1304.75 15576.3 629.043 -2.8628
510 1411.78 10849 629.429 -2.86222
520 1452.1 8808.72 630.003 -2.86144
530 1567.23 3662.72 630.716 -2.86063
540 1530.97 1156.13 631.491 -2.85988
550 1376.25 2646.57 632.283 -2.85926
560 1311.08 3464.78 633.112 -2.85853
570 1348.08 1915.21 633.988 -2.8575
580 1373.74 1291.45 634.888 -2.85618
590 1367.58 3488.92 635.807 -2.85473
600 1460 585.404 636.768 -2.85316
610 1554.97 -1013.83 637.731 -2.8515
620 1591.89 -595.352 638.67 -2.85006
630 1629.11 -2430.63 639.585 -2.84895
640 1629.85 573.566 640.459 -2.84822
650 1719.65 -690.799 641.326 -2.84791
660 1847.27 -5255.51 642.169 -2.84811
670 1823.62 -3328.73 642.923 -2.84912
680 1662.78 145.172 643.615 -2.85072
690 1555.57 3004.97 644.304 -2.85239
700 1506.75 4506.57 645.039 -2.85388
710 1435.59 7176.35 645.85 -2.85512
720 1423.23 7463.61 646.779 -2.85603
730 1506.37 3687.66 647.825 -2.85664
740 1529.94 2053.16 648.933 -2.85708
750 1511.19 -2205.72 650.061 -2.85742
760 1458.7 -7019.53 651.136 -2.85757
770 1356.1 -7605.45 652.08 -2.85747
780 1264.93 -6499.51 652.878 -2.85706
790 1258.52 -5999.92 653.549 -2.85625
800 1332.62 -5855.48 654.104 -2.85503
810 1400.9 -5747.16 654.547 -2.85351
820 1383.05 -4737.75 654.885 -2.8519
830 1287.45 -3347.93 655.137 -2.85027
840 1187.51 -2400.39 655.327 -2.84854
850 1149.93 -5146.13 655.467 -2.84655
860 1192.48 -7750.66 655.516 -2.84418
870 1332.86 -9816.95 655.427 -2.84141
880 1590.72 -13221.7 655.161 -2.83834
890 1754.14 -12272.7 654.671 -2.83554
900 1753.96 -5423.38 653.979 -2.83361
910 1616.27 2855.4 653.209 -2.8325
920 1519.58 7054.41 652.504 -2.83177
930 1551.57 6500.94 651.937 -2.83117
940 1571.16 7315.06 651.508 -2.83069
950 1701.5 2035.3 651.215 -2.83045
960 1840.61 -7367.52 650.962 -2.83075
970 1838.92 -12741.7 650.593 -2.83192
980 1756.68 -15220.9 650.012 -2.83383
990 1677.74 -17008.2 649.172 -2.83613
1000 1611.44 -16658.1 648.049 -2.83858
1010 1527.64 -13977.8 646.658 -2.84089
1020 1463.93 -12528.9 645.044 -2.84287
1030 1375.39 -8693.4 643.248 -2.84438
1040 1333.63 -4775.95 641.337 -2.84526
1050 1342.63 -2155.15 639.38 -2.84555
1060 1366.52 -430.897 637.428 -2.84534
1070 1400.57 1775.52 635.51 -2.84479
1080 1420.02 5505.52 633.668 -2.84391
1090 1422.4 7811.56 631.958 -2.8428
1100 1463.57 10551.4 630.421 -2.84153
1110 1615.18 7178.33 629.087 -2.84027
1120 1755.96 5623.28 627.908 -2.8394
1130 1797.06 5444.37 626.853 -2.83921
1140 1710.33 5958.76 625.915 -2.83975
1150 1478.37 9926.42 625.106 -2.8405
1160 1398.75 11253 624.478 -2.84098
1170 1552.13 8194.13 624.047 -2.84125
1180 1680.73 6979.28 623.768 -2.84159
1190 1699.7 6445.21 623.617 -2.84229
1200 1665.22 6118.23 623.582 -2.84333
1210 1695.3 5138.58 623.655 -2.84463
1220 1715.44 3130.95 623.816 -2.84623
1230 1611.42 3620.36 624.037 -2.84802
1240 1518.53 4574.17 624.321 -2.84969
1250 1445.58 6056.41 624.682 -2.85108
1260 1401.55 7817.96 625.147 -2.85206
1270 1548.76 3908.72 625.731 -2.85274
1280 1719.41 -1381.98 626.375 -2.85343
1290 1738.43 -2834.04 626.999 -2.85449
1300 1656.43 -2155.93 627.574 -2.85587
1310 1658.92 -2729.55 628.109 -2.85741
1320 1787.56 -4794.57 628.594 -2.85917
1330 1860.75 -5401.96 628.998 -2.8615
1340 1829.71 -3752.21 629.315 -2.86444
1350 1744.76 -2572.89 629.569 -2.8677
1360 1630.08 713.411 629.784 -2.87092
1370 1417.04 6756.85 630.02 -2.87364
1380 1218.21 10520.2 630.367 -2.87548
1390 1132.61 11718.9 630.89 -2.8764
1400 1300.88 7414.24 631.601 -2.87659
1410 1454.37 3064.2 632.433 -2.87625
1420 1443.68 4931.2 633.321 -2.87573
1430 1426.76 5680.06 634.284 -2.87517
1440 1504.45 3994.91 635.334 -2.8745
1450 1537.13 4339.48 636.447 -2.87383
1460 1483.63 5450.17 637.626 -2.87331
1470 1412.43 5264.5 638.888 -2.87281
1480 1437.05 1834.66 640.226 -2.87217
1490 1604.06 -5855.1 641.575 -2.87128
1500 1652.29 -9855.04 642.816 -2.87045
1510 1525.66 -10865.1 643.874 -2.86996
1520 1349.87 -8740.98 644.736 -2.86957
1530 1274.8 -5611.82 645.435 -2.86898
1540 1299.27 -2864.03 646.029 -2.86803
1550 1346.3 287.63 646.569 -2.86676
1560 1433.76 -632.284 647.105 -2.86527
1570 1529.73 -4224.13 647.621 -2.86367
1580 1492.54 -4318.4 648.067 -2.86219
1590 1439.06 -4082.75 648.434 -2.8609
1600 1417.85 -1695.64 648.731 -2.85964
1610 1378.7 1933.87 649 -2.85836
1620 1323.36 3715.98 649.302 -2.857
1630 1189.73 8237.66 649.676 -2.85553
1640 1114.92 10816.7 650.196 -2.85389
1650 1166.63 9083.59 650.9 -2.85185
1660 1257.54 8675.4 651.767 -2.84936
1670 1345.22 8471.75 652.784 -2.84659
1680 1397.5 8245.84 653.948 -2.84377
1690 1370.51 9204.08 655.254 -2.84112
1700 1358.86 9154.96 656.717 -2.83871
1710 1445.79 5440.74 658.329 -2.83631
1720 1520.76 1647.6 660.027 -2.83387
1730 1514.69 -261.469 661.742 -2.83165
1740 1492.42 -3432.45 663.434 -2.82969
1750 1574.31 -6994.72 665.045 -2.82787
1760 1697.67 -11942.7 666.504 -2.82622
1770 1681.69 -11500.4 667.734 -2.82511
1780 1566.86 -9614.76 668.734 -2.82458
1790 1470.35 -9031.09 669.54 -2.82429
1800 1423.82 -11094.1 670.162 -2.82394
1810 1409.01 -12790.7 670.567 -2.82344
1820 1422.92 -13902.3 670.727 -2.82279
1830 1531.17 -15343.5 670.622 -2.82209
1840 1611.06 -16664.4 670.228 -2.82154
1850 1560.29 -14005.8 669.533 -2.82133
1860 1434.92 -8793.75 668.592 -2.82126
1870 1371.13 -4860.42 667.501 -2.82099
1880 1406.95 -2484.39 666.338 -2.82042
1890 1440.98 2768.55 665.158 -2.81958
1900 1463.05 6286.29 664.053 -2.81855
1910 1471.2 10002.4 663.092 -2.81745
1920 1415.38 14424.4 662.342 -2.81633
1930 1313.39 15278.5 661.873 -2.81517
1940 1282.35 12311.6 661.699 -2.81389
1950 1388.26 4942.42 661.754 -2.81234
1960 1508.53 -2905.77 661.906 -2.81058
1970 1568.43 -7599.42 662.013 -2.8089
1980 1599.65 -10586.4 661.984 -2.80753
1990 1586.14 -10921.2 661.767 -2.80656
2000 1560.06 -9557.37 661.357 -2.8059
2010 1573.28 -8794.18 660.78 -2.80547
2020 1595.04 -8543.04 660.053 -2.80523
2030 1668.68 -10387.1 659.18 -2.80527
2040 1721.8 -10021.1 658.139 -2.80575
2050 1673.26 -9049.48 656.936 -2.80667
2060 1523.8 -6040.89 655.596 -2.80779
2070 1403.93 -2582.98 654.175 -2.80859
2080 1538.94 -4573.15 652.727 -2.8091
2090 1757.02 -7628.39 651.225 -2.80975
2100 1836.05 -6935.37 649.624 -2.81104
2110 1720.94 -2600.26 647.937 -2.81287
2120 1563.13 2092.36 646.242 -2.81466
2130 1569.83 782.617 644.609 -2.81619
2140 1737.46 -2306.88 643.022 -2.81787
2150 1847.56 -2370.5 641.435 -2.82003
2160 1865.66 -4922.68 639.837 -2.82291
2170 1745.71 -3787.15 638.193 -2.82627
2180 1574.92 1445.45 636.526 -2.82936
2190 1470.95 6501.48 634.918 -2.83175
2200 1441.77 10130.4 633.456 -2.83345
2210 1518.58 12049.2 632.195 -2.83472
2220 1524.6 15260.5 631.171 -2.83579
2230 1510.24 15811.5 630.425 -2.83665
2240 1604.8 11197.6 629.959 -2.83752
2250 1677.34 6527.18 629.696 -2.83856
2260 1687.63 4688.35 629.558 -2.83988
2270 1673.82 4259.87 629.51 -2.84143
2280 1596.53 4617.23 629.541 -2.84312
2290 1398.36 9425.15 629.664 -2.84456
2300 1343.64 10147.1 629.942 -2.84552
2310 1369.1 10042.6 630.393 -2.84601
2320 1395.07 12026 631.017 -2.84619
2330 1376.78 9739.49 631.835 -2.8461
2340 1396.62 9842.81 632.819 -2.84576
2350 1492.82 5978.53 633.956 -2.84522
2360 1598.51 -708.62 635.181 -2.84453
2370 1615.65 -1622.3 636.394 -2.84397
2380 1622.66 -1217.05 637.569 -2.84373
2390 1567.8 623.571 638.715 -2.84374
2400 1489.38 2255.14 639.862 -2.8439
2410 1409.66 2934.13 641.038 -2.84396
2420 1424.24 282.921 642.248 -2.84382
2430 1351.56 2963.27 643.463 -2.84342
2440 1340.27 2384.68 644.712 -2.84281
2450 1378.3 1755.06 645.993 -2.84189
2460 1372.28 2819.61 647.295 -2.84078
2470 1333.91 5274.29 648.637 -2.83955
2480 1316.1 7136.44 650.062 -2.83825
2490 1342.79 3923.39 651.593 -2.83672
2500 1266.8 3807.87 653.184 -2.83497
2510 1149.38 7320.69 654.838 -2.83323
2520 1262.94 1485.38 656.592 -2.83115
2530 1357.64 -1926.31 658.36 -2.82842
2540 1440.92 -2341.98 660.08 -2.82559
2550 1565.55 -5224.23 661.733 -2.82275
2560 1647.88 -5286.67 663.278 -2.8202
2570 1696.69 -6825.76 664.706 -2.81825
2580 1701.86 -10102.4 665.989 -2.81691
2590 1672.16 -9798.76 667.075 -2.81618
2600 1677.84 -10930 667.962 -2.81595
2610 1755 -15195.4 668.627 -2.81617
2620 1786.94 -16752 669.004 -2.81699
2630 1754.35 -16474 669.064 -2.81848
2640 1639.36 -14206.6 668.817 -2.82034
2650 1472.69 -9986.04 668.312 -2.82216
2660 1315.44 -6593.93 667.629 -2.82341
2670 1351.61 -7879.26 666.827 -2.82412
2680 1363.91 -6796.15 665.899 -2.8244
2690 1355.93 -5311.35 664.865 -2.8243
2700 1362.38 -5467.97 663.748 -2.82389
2710 1365.79 -3822.27 662.557 -2.82319
2720 1448.82 -5674.34 661.314 -2.82227
2730 1530.2 -9360.48 659.988 -2.82134
2740 1547.63 -10462.2 658.522 -2.82063
2750 1479.22 -10289.6 656.894 -2.82013
2760 1438.55 -8688.45 655.116 -2.81966
2770 1558.65 -10065 653.21 -2.81916
2780 1695.6 -9950.22 651.164 -2.81887
2790 1664.78 -4827.09 648.991 -2.81893
2800 1565.24 -70.5431 646.778 -2.81914
2810 1482.28 4222.32 644.611 -2.81924
2820 1447.06 5754.37 642.562 -2.81909
2830 1449.45 5679.31 640.657 -2.81879
2840 1437.46 7599.39 638.896 -2.81829
2850 1467.86 8485.18 637.304 -2.81762
2860 1634.17 8155.6 635.893 -2.81689
2870 1936.15 3955.42 634.647 -2.81667
2880 2028.24 3733.06 633.507 -2.81762
2890 1986.09 2558.49 632.455 -2.82002
2900 1680.73 7264.3 631.483 -2.82307
2910 1443.65 10441.5 630.655 -2.82553
2920 1491.58 7267.51 630.014 -2.82746
2930 1516.5 10345.1 629.524 -2.8291
2940 1530.68 10049.9 629.216 -2.83049
2950 1579.24 6883.02 629.086 -2.83178
2960 1603.25 4519.89 629.082 -2.83305
2970 1628.08 2531.52 629.159 -2.83438
2980 1608.63 3069.93 629.289 -2.83574
2990 1670.61 2131.15 629.471 -2.8372
3000 1649.95 3628.45 629.696 -2.8388
3010 1590.02 4420.24 629.985 -2.84046
3020 1545.28 5398.22 630.351 -2.84201
3030 1577.71 3835.59 630.804 -2.84342
3040 1632.37 1419.34 631.321 -2.84481
3050 1581.85 629.602 631.862 -2.84624
3060 1420.15 4842.67 632.42 -2.84749
3070 1370.66 6095.1 633.053 -2.84833
3080 1474.73 4280.77 633.781 -2.84882
3090 1494.53 5236.42 634.583 -2.8491
3100 1550.32 3652.4 635.465 -2.84932
3110 1651.8 1024.68 636.402 -2.84958
3120 1661.6 807.794 637.354 -2.85008
3130 1500.09 1481.71 638.313 -2.85078
3140 1355.2 839.087 639.288 -2.85128
3150 1345.06 -72.2205 640.269 -2.85135
3160 1435.87 -684.08 641.241 -2.85107
3170 1444.85 -431.008 642.193 -2.85056
3180 1381.83 568.734 643.13 -2.84996
3190 1388.52 243.139 644.067 -2.84918
3200 1469.57 1141.59 645.004 -2.84821
3210 1584.09 3.79066 645.949 -2.8472
3220 1676.2 -2258.92 646.886 -2.84638
3230 1699.77 -5209.12 647.773 -2.84597
3240 1594.06 -4130.54 648.568 -2.84599
3250 1518.92 -3193.96 649.282 -2.84619
3260 1548.54 -5519.1 649.928 -2.84639
3270 1530.19 -6777.85 650.473 -2.84657
3280 1383.1 -2147.11 650.903 -2.84672
3290 1269.5 1217.72 651.29 -2.84657
3300 1358.41 -346.679 651.69 -2.84601
3310 1388.53 -1296.56 652.085 -2.84509
3320 1329.28 -1685.35 652.456 -2.844
3330 1333.27 -1278.39 652.798 -2.84271
3340 1425.52 -2312.36 653.112 -2.84116
3350 1481.49 -498.158 653.391 -2.83952
3360 1470.09 149.969 653.66 -2.83798
3370 1401.08 3263.44 653.937 -2.83656
3380 1343.06 8300.78 654.277 -2.83518
3390 1337.48 12089.6 654.769 -2.83372
3400 1461.3 10043 655.471 -2.83212
3410 1613.24 5911.78 656.352 -2.83044
3420 1664.78 1263.94 657.334 -2.82903
3430 1626.18 -802.951 658.337 -2.82809
3440 1554.69 -931.482 659.32 -2.82752
3450 1517.57 -541.21 660.279 -2.82713
3460 1527.2 -216.097 661.222 -2.8268
3470 1532.88 -544.937 662.151 -2.82653
3480 1423.58 502.727 663.067 -2.82628
3490 1219.95 3394.24 663.987 -2.82591
3500 1061.84 5686.93 664.963 -2.82517
3510 1131.14 3757.57 666.03 -2.82388
3520 1268.55 996.228 667.157 -2.82188
3530 1339.4 -320.483 668.297 -2.81943
3540 1498.03 -4302.5 669.415 -2.81674
3550 1699.48 -6657.32 670.444 -2.81404
3560 1792.53 -6734.26 671.341 -2.81193
3570 1694.55 -4443.17 672.107 -2.81077
3580 1569.27 -3115.89 672.781 -2.81029
3590 1500.98 -1731.74 673.391 -2.81003
3600 1475.78 -2235.06 673.962 -2.80977
3610 1551.43 -6130.34 674.48 -2.80944
3620 1648.81 -9290.91 674.879 -2.80918
3630 1691.42 -10845.3 675.1 -2.80926
3640 1626.77 -9963.19 675.117 -2.80976
3650 1511.97 -7479.63 674.948 -2.8104
3660 1537.74 -10876.7 674.632 -2.81099
3670 1661.66 -16249.5 674.111 -2.81167
3680 1772.65 -20013.4 673.291 -2.81283
3690 1816.85 -22623 672.106 -2.81477
3700 1819.54 -25248.7 670.509 -2.81756
3710 1801.5 -27282.5 668.462 -2.8212
3720 1711.36 -25120.7 665.947 -2.82535
3730 1581.9 -21978.9 663.01 -2.82946
3740 1461.62 -18397.4 659.725 -2.83306
3750 1440.93 -12615.6 656.177 -2.83587
3760 1517.99 -9090.71 652.472 -2.83802
3770 1534.76 -4105.19 648.691 -2.83972
3780 1414.87 2866.36 644.927 -2.84076
3790 1277.26 8191.08 641.302 -2.84084
3800 1333.7 6088.67 637.893 -2.84033
3810 1425.66 4745.56 634.674 -2.83959
3820 1509.15 6630.89 631.618 -2.83866
3830 1532.11 8191.98 628.747 -2.83766
3840 1477.87 9115.35 626.083 -2.83669
3850 1334.29 10885.2 623.636 -2.83569
3860 1287.4 13123.3 621.429 -2.83437
3870 1495.76 11699.6 619.484 -2.83275
3880 1644.28 11617.5 617.778 -2.83113
3890 1548.61 15211.7 616.309 -2.82989
3900 1374.22 20773.1 615.125 -2.82881
3910 1491.77 21389.8 614.298 -2.82766
3920 1891.59 13768.1 613.826 -2.82671
3930 2121.09 10433.6 613.596 -2.82693
3940 2054.34 11409.5 613.552 -2.82893
3950 1846.4 13630.1 613.701 -2.83211
3960 1671.2 16291.8 614.074 -2.8355
3970 1687.06 15371.4 614.705 -2.83882
3980 1802.17 11358.6 615.576 -2.84228
3990 1891.23 8997.48 616.625 -2.84624
4000 1780.17 11898.5 617.82 -2.85061
4010 1548.64 15764.6 619.196 -2.85476
4020 1313.77 18716.6 620.815 -2.85808
4030 1314.26 15718.2 622.717 -2.8605
4040 1475.04 7226.48 624.848 -2.86218
4050 1558.05 3018.35 627.081 -2.86337
4060 1514.63 1689.76 629.343 -2.86437
4070 1410.91 1064.12 631.608 -2.86512
4080 1376.75 -301.174 633.863 -2.86548
4090 1360.13 1512.59 636.09 -2.86548
4100 1342.1 1894.89 638.313 -2.86522
4110 1284.31 2474.65 640.543 -2.86464
4120 1299.84 -829.3 642.781 -2.86368
4130 1430.46 -8858.7 644.969 -2.86212
4140 1509.18 -13320.5 646.978 -2.86017
4150 1490.88 -14990.7 648.726 -2.85831
4160 1369.34 -13319.1 650.188 -2.85665
4170 1361.34 -13799.3 651.387 -2.85505
4180 1508.54 -18613.8 652.312 -2.85326
4190 1598.55 -21408.7 652.892 -2.85157
4200 1579.7 -21291.5 653.083 -2.85034
4210 1541.11 -19313.7 652.89 -2.84957
4220 1520.29 -16946.6 652.355 -2.84909
4230 1533.43 -15228.4 651.526 -2.84876
4240 1560.51 -14230.1 650.443 -2.84859
4250 1550.29 -12304.3 649.13 -2.84857
4260 1500.03 -8250.04 647.631 -2.84862
4270 1442.31 -4483.01 646.019 -2.84855
4280 1384.11 -1034.95 644.364 -2.84825
4290 1284.29 6134.94 642.737 -2.84753
4300 1254.04 9107.67 641.248 -2.84634
4310 1331.82 7196.15 639.946 -2.84476
4320 1442.5 7961.41 638.804 -2.84294
4330 1478.65 11539.2 637.834 -2.84101
4340 1515.51 11281.7 637.081 -2.83923
4350 1529.92 8966.62 636.541 -2.83766
4360 1568.5 8571.46 636.175 -2.83635
4370 1672.21 6034.76 635.967 -2.83532
4380 1763.67 641.485 635.867 -2.83481
4390 1691.74 629.119 635.796 -2.8349
4400 1656.58 800.874 635.743 -2.83545
4410 1623.47 -1384.53 635.706 -2.83623
4420 1576.19 -766.817 635.656 -2.83713
4430 1492.18 1610.16 635.602 -2.83797
4440 1493.79 2982.39 635.582 -2.83863
4450 1537.04 2890.45 635.615 -2.83916
4460 1508.58 4355.13 635.707 -2.83964
4470 1361.7 9085.12 635.883 -2.83998
4480 1219.81 13520.4 636.218 -2.83997
4490 1365.12 10402.7 636.775 -2.83952
4500 1557.11 5276.17 637.505 -2.83869
4510 1582.02 5195.11 638.329 -2.83792
4520 1566.53 5828.79 639.238 -2.83743
4530 1550.5 6113.18 640.241 -2.83714
4540 1547.51 5344.88 641.339 -2.83697
4550 1637.08 3370.17 642.52 -2.83691
4560 1715.29 1666.13 643.75 -2.83709
4570 1721.96 232.5 644.997 -2.8377
4580 1646.97 348.967 646.238 -2.83872
4590 1409.17 6938.96 647.486 -2.83982
4600 1287.77 10570.1 648.839 -2.84063
4610 1364.16 9069.59 650.36 -2.84098
4620 1375.88 9810.73 652.035 -2.84095
4630 1396.15 9223.08 653.866 -2.84072
4640 1398.69 8701.39 655.847 -2.84029
4650 1437.53 5019.39 657.962 -2.83965
4660 1435.15 188.443 660.144 -2.8387
4670 1427.51 -1894.68 662.311 -2.83758
4680 1436.61 -5717.07 664.415 -2.83628
4690 1440.04 -10787.8 666.384 -2.83479
4700 1422.78 -15075.9 668.128 -2.83312
4710 1414.47 -16403.4 669.568 -2.83142
4720 1429.95 -17796.9 670.676 -2.82974
4730 1399.89 -18467.6 671.431 -2.82811
4740 1357.59 -17908.1 671.826 -2.82656
4750 1401.85 -19115.1 671.87 -2.82501
4760 1537.74 -24534.8 671.542 -2.82349
4770 1662.02 -28540 670.755 -2.82236
4780 1708.89 -28334.9 669.447 -2.82203
4790 1663.94 -25390.7 667.632 -2.8225
4800 1548.39 -19600.8 665.38 -2.82341
4810 1446.89 -14068.8 662.808 -2.82422
4820 1441.63 -9043.33 660.031 -2.82468
4830 1567.47 -6343.54 657.147 -2.82479
4840 1698.02 -6601.75 654.207 -2.82499
4850 1684.25 -4010.63 651.223 -2.82555
4860 1580.77 -1651.05 648.237 -2.82627
4870 1466.6 1920.54 645.296 -2.82685
4880 1455.17 5541.13 642.459 -2.82701
4890 1503.84 8053.84 639.786 -2.82686
4900 1476.6 12101.2 637.321 -2.82647
4910 1439.81 14011.4 635.121 -2.82586
4920 1522.56 12493 633.209 -2.82515
4930 1776.37 8724.32 631.554 -2.82468
4940 1976.04 5976.21 630.09 -2.82508
4950 1948.92 7932.86 628.77 -2.82672
4960 1819.85 11268.8 627.62 -2.82915
4970 1771.19 12998 626.685 -2.83198
4980 1661.2 18858.1 626 -2.83492
4990 1493.1 26224.5 625.653 -2.83752
5000 1483.15 25780.9 625.743 -2.83976
5010 1568.07 22614.2 626.267 -2.84186
5020 1622.02 20383.4 627.168 -2.84401
5030 1575.38 20610 628.408 -2.84624
5040 1475.24 19453.3 629.98 -2.84836
5050 1484.7 16004.7 631.862 -2.85018
5060 1580.75 9527.07 633.991 -2.85171
5070 1523.56 6423.52 636.264 -2.85298
5080 1463.58 3346.29 638.621 -2.85399
5090 1518.62 -1860.92 641.003 -2.85459
5100 1593.1 -2871.15 643.332 -2.85496
5110 1613.5 -3151.39 645.582 -2.85545
5120 1555.81 -2199.95 647.75 -2.85602
5130 1522.16 -1338.96 649.853 -2.85663
5140 1519.98 -2166.26 651.901 -2.85714
5150 1430.39 -1543.05 653.887 -2.85753
5160 1309.11 -2841.39 655.816 -2.85762
5170 1173.16 -1978.77 657.673 -2.85723
5180 1165.28 -3381.76 659.464 -2.85632
5190 1291.25 -7348.5 661.163 -2.85475
5200 1401.49 -9783.36 662.706 -2.85266
5210 1423.01 -9463.85 664.05 -2.85047
5220 1369 -8929.12 665.198 -2.84838
5230 1265.51 -6272.88 666.167 -2.84638
5240 1277.43 -5307.96 667.003 -2.84431
5250 1381.69 -7278.83 667.722 -2.84194
5260 1410.53 -5267.71 668.305 -2.83948
5270 1435.76 -5576.05 668.776 -2.83713
5280 1469.9 -5767.57 669.139 -2.83489
5290 1485.42 -4820.47 669.392 -2.83282
5300 1464.53 -2630.48 669.557 -2.83097
5310 1474.1 -4416.77 669.667 -2.82929
5320 1411.43 -4740.2 669.699 -2.82772
5330 1387.29 -4666.13 669.644 -2.82622
5340 1436.87 -6221.37 669.504 -2.82465
5350 1477.26 -5456.18 669.257 -2.82307
5360 1486.41 -4702.09 668.915 -2.82159
5370 1537.85 -6308.49 668.491 -2.82024
5380 1610.11 -6886.37 667.962 -2.81911
5390 1645.42 -5744.24 667.32 -2.8183
5400 1659.09 -4597.57 666.586 -2.81792
5410 1535.25 1126.03 665.792 -2.81786
5420 1377.99 7510.68 665.042 -2.81768
5430 1550.15 3027.12 664.433 -2.81733
5440 1734.08 -3246 663.897 -2.8171
5450 1727.8 -7001.08 663.319 -2.81745
5460 1567.1 -9082.8 662.629 -2.81826
5470 1380.31 -6439.3 661.794 -2.81902
5480 1284.89 -4571.41 660.858 -2.81934
5490 1279.62 -4607.33 659.855 -2.81915
5500 1313.23 -4178.88 658.79 -2.81853
5510 1356.68 -3040.98 657.674 -2.81753
5520 1457.62 -5319.95 656.521 -2.8163
5530 1592.66 -7742.83 655.298 -2.81508
5540 1607.6 -10010.9 653.96 -2.81418
5550 1524.02 -9634.56 652.475 -2.81368
5560 1478.02 -5948.49 650.855 -2.81329
5570 1558.01 -4513.6 649.159 -2.8128
5580 1706.23 -4762.79 647.417 -2.81249
5590 1698.03 464.01 645.638 -2.81256
5600 1575.62 7848.54 643.913 -2.81278
5610 1526.86 13096 642.362 -2.81292
5620 1540.22 15042.1 641.071 -2.81296
5630 1548.31 14642.4 640.07 -2.81307
5640 1469.81 20705.9 639.362 -2.8132
5650 1416 23957 639.028 -2.81323
5660 1439.15 20078.5 639.113 -2.81321
5670 1496.24 16361.7 639.554 -2.81312
5680 1624.32 12774.1 640.28 -2.81306
5690 1724.8 8097.78 641.223 -2.81328
5700 1639.8 6695.99 642.306 -2.81388
5710 1609.72 5843.86 643.499 -2.81469
5720 1795.38 -241.941 644.774 -2.81571
5730 1881.86 -2547.08 646.039 -2.81726
5740 1780.23 2336.03 647.26 -2.81956
5750 1678.43 2764.91 648.503 -2.82217
5760 1632.88 685.508 649.78 -2.82474
5770 1599.66 136.956 651.061 -2.82708
5780 1785.7 -7604.24 652.319 -2.82941
5790 1908.99 -13749.2 653.43 -2.83215
5800 1891.08 -15088.3 654.287 -2.83559
5810 1779.04 -15718.4 654.862 -2.83946
5820 1581.48 -12486 655.153 -2.8431
5830 1481.24 -10109 655.215 -2.84611
5840 1486.92 -11320.9 655.089 -2.84854
5850 1521.99 -12046.6 654.764 -2.85059
5860 1574.2 -13394.2 654.228 -2.85247
5870 1578.74 -12319.5 653.465 -2.85427
5880 1578.84 -10092.1 652.499 -2.85597
5890 1558.55 -7631.66 651.372 -2.85758
5900 1433.72 -3204.11 650.135 -2.85889
5910 1290.7 618.992 648.867 -2.85965
5920 1217.52 2451.93 647.635 -2.85975
5930 1211.91 2094.8 646.47 -2.85925
5940 1244.29 -1015.48 645.364 -2.85827
5950 1313.44 -2770.63 644.265 -2.85692
5960 1417.2 -2212.41 643.145 -2.85525
5970 1554.16 -1450.92 642.011 -2.85346
5980 1668.45 -917.085 640.877 -2.85184
5990 1674.69 -427.404 639.752 -2.85073
6000 1522.86 3965.08 638.653 -2.85005
6010 1502.48 5857.04 637.644 -2.84948
6020 1571.87 5145.95 636.755 -2.84896
6030 1534.47 8371.78 635.982 -2.84854
6040 1495.66 13076 635.376 -2.84819
6050 1395.63 17838.2 635.011 -2.84781
6060 1359.63 20958 634.963 -2.84731
6070 1475.5 19375.3 635.275 -2.84669
6080 1557.19 20793.6 635.929 -2.84612
6090 1619.26 21084.3 636.936 -2.84588
6100 1630.2 19188.6 638.299 -2.84606
6110 1615.49 16174 639.984 -2.84657
6120 1640.74 10678.3 641.933 -2.84729
6130 1601.81 4068.47 644.049 -2.84802
6140 1477.91 529.702 646.221 -2.84862
6150 1385.54 -1642.77 648.384 -2.84892
6160 1416.79 -5190.82 650.491 -2.84879
6170 1529.71 -9815.42 652.481 -2.84828
6180 1575.95 -13290 654.272 -2.84766
6190 1551.45 -14117.2 655.804 -2.84718
6200 1479.13 -10840.3 657.067 -2.84684
6210 1552.28 -9398.96 658.114 -2.84657
6220 1654.54 -9227.38 658.973 -2.84642
6230 1603.58 -2568.71 659.668 -2.8466
6240 1575.65 1520.77 660.305 -2.84703
6250 1591.15 678.462 660.957 -2.84758
6260 1473.39 3722.22 661.628 -2.84816
6270 1372.1 3906.57 662.357 -2.84853
6280 1439.83 1088.15 663.149 -2.84859
6290 1404.23 1383.46 663.962 -2.84838
6300 1278.91 3123.72 664.795 -2.84798
6310 1162.24 3970.84 665.679 -2.84725
6320 1116.38 3192.6 666.627 -2.84606
6330 1161.98 332.829 667.624 -2.84431
6340 1297.51 -4525.86 668.613 -2.84197
6350 1435.28 -9911.64 669.505 -2.83915
6360 1493.98 -13557 670.202 -2.8363
6370 1508.11 -14525.5 670.638 -2.83375
6380 1489.25 -15144.6 670.793 -2.83159
6390 1440.68 -13841.2 670.663 -2.82978
6400 1372.77 -10543.1 670.279 -2.82816
6410 1369 -8985.89 669.699 -2.82655
6420 1459.14 -8685.94 668.96 -2.82487
6430 1497.24 -4538.23 668.08 -2.82318
6440 1436.53 -876.763 667.131 -2.82162
6450 1259.22 3416.88 666.189 -2.82011
6460 1149.9 8812.6 665.335 -2.81842
6470 1250.3 9715.82 664.66 -2.81631
6480 1440.78 5900.99 664.175 -2.81377
6490 1539.63 3753.74 663.818 -2.81118
6500 1553.71 3859.17 663.548 -2.80893
6510 1514.87 6321.91 663.364 -2.80708
6520 1469.67 8956.34 663.309 -2.80552
6530 1538.36 4091.83 663.416 -2.80412
6540 1579.59 -1536.87 663.602 -2.80288
6550 1519.74 -732.589 663.776 -2.8019
6560 1555.66 -2228.49 663.933 -2.80111
6570 1686.37 -5275.4 664.048 -2.80049
6580 1732.42 -5363.09 664.075 -2.80033
6590 1664.06 -3646.63 664.009 -2.8007
6600 1573.67 -1966.35 663.881 -2.80133
6610 1545.82 -1974.75 663.721 -2.802
6620 1573.1 -3053.56 663.53 -2.80264
6630 1542.44 -1156.83 663.296 -2.8033
6640 1510.63 -1009.96 663.048 -2.80386
6650 1616.54 -2921.02 662.785 -2.80442
6660 1615.93 -1552.54 662.485 -2.80509
6670 1540.37 76.2903 662.165 -2.80584
6680 1476.97 1514.14 661.858 -2.80651
6690 1412.77 2200.16 661.586 -2.80696
6700 1354.99 5207.86 661.371 -2.80705
6710 1506.25 1889.48 661.251 -2.80685
6720 1660.61 -2281.22 661.17 -2.80662
6730 1616.3 -344.511 661.067 -2.80668
6740 1551.48 658.43 660.963 -2.80697
6750 1473.73 955.821 660.877 -2.80725
6760 1481.3 -1994.02 660.81 -2.8074
6770 1532.13 -4155.4 660.714 -2.80746
6780 1587.68 -5863.27 660.55 -2.8075
6790 1721.06 -10339.8 660.279 -2.80781
6800 1673.37 -10282.2 659.831 -2.80857
6810 1535.87 -3824.54 659.217 -2.80952
6820 1536.16 -1839.2 658.539 -2.81033
6830 1658.19 -2415.88 657.839 -2.81114
6840 1706.09 -1644.01 657.115 -2.8122
6850 1625.5 -923.553 656.378 -2.81352
6860 1492.7 -377.638 655.64 -2.81482
6870 1437.64 -221.505 654.914 -2.81579
6880 1537.84 -4496.35 654.191 -2.81652
6890 1642.1 -7814.77 653.406 -2.81731
6900 1643.58 -9916.85 652.498 -2.81836
6910 1524.39 -9176.43 651.435 -2.81954
6920 1402.47 -6941.27 650.231 -2.82051
6930 1381.98 -6320.9 648.923 -2.82108
6940 1413.7 -5373.69 647.53 -2.82131
6950 1376.26 -2140.91 646.072 -2.82122
6960 1396.45 545.67 644.605 -2.82074
6970 1625 280.147 643.173 -2.82005
6980 1794.1 1010.33 641.778 -2.81962
6990 1761.94 2141.69 640.43 -2.81985
7000 1614.24 6460.19 639.156 -2.82056
7010 1512.35 7531.35 638.016 -2.82123
7020 1602.79 4708.2 637.025 -2.8219
7030 1652.83 5245.79 636.143 -2.82271
7040 1564.5 10634.6 635.38 -2.82364
7050 1424 15619.9 634.817 -2.8244
7060 1351.52 18965.2 634.537 -2.82484
7070 1327.78 18851.6 634.587 -2.82495
7080 1324.83 16349.4 634.964 -2.82476
7090 1368.14 13324.6 635.621 -2.82428
7100 1485.29 10699.1 636.506 -2.82355
7110 1566.02 9729.57 637.573 -2.82279
7120 1617.31 6852.44 638.798 -2.82223
7130 1535.96 7164.7 640.139 -2.82192
7140 1343.02 11104 641.599 -2.8218
7150 1274.07 8963.96 643.232 -2.82152
7160 1361.22 4042.4 645.005 -2.82071
7170 1493.9 972.452 646.836 -2.81951
7180 1553.47 -2354.35 648.666 -2.81819
7190 1487.39 -529.595 650.448 -2.81704
7200 1464.4 -2548.08 652.195 -2.81603
7210 1542.38 -7216.03 653.875 -2.81491
7220 1526.04 -7320.09 655.415 -2.81382
7230 1454.64 -4588.55 656.81 -2.81294
7240 1396.1 -3476.88 658.103 -2.8121
7250 1449.98 -5617.82 659.315 -2.81111
7260 1562.57 -8295.44 660.411 -2.80999
7270 1635.33 -10869.7 661.343 -2.80901
7280 1612.06 -11127.2 662.067 -2.80838
7290 1556.27 -9087.83 662.583 -2.80807
7300 1588.97 -8815.08 662.922 -2.80797
7310 1564.06 -6314.82 663.101 -2.808
7320 1579.79 -6414.04 663.159 -2.80816
7330 1659.04 -7137.03 663.1 -2.80847
7340 1756.25 -4890.35 662.92 -2.80913
7350 1837.05 -4125.39 662.654 -2.81037
7360 1821.73 -1830.38 662.325 -2.81231
7370 1707.88 1408.56 661.975 -2.81467
7380 1585.74 1992.24 661.657 -2.81701
7390 1543.04 1051.2 661.387 -2.81909
7400 1539.01 -999.174 661.144 -2.82091
7410 1535.46 -4982.54 660.889 -2.8225
7420 1590.86 -9625.08 660.55 -2.824
7430 1611.82 -11738.3 660.046 -2.82552
7440 1581.02 -13367.7 659.338 -2.82711
7450 1524.84 -14080.6 658.399 -2.82867
7460 1498.94 -11093.1 657.227 -2.83004
7470 1548.82 -9097.26 655.874 -2.83121
7480 1610.76 -8216.81 654.379 -2.83235
7490 1624.82 -6068.34 652.769 -2.83352
7500 1697.44 -6808.32 651.078 -2.83485
7510 1755.61 -7859.75 649.299 -2.83658
7520 1744.29 -6899.05 647.42 -2.83872
7530 1775.43 -6605.72 645.456 -2.84118
7540 1818.51 -5211.88 643.419 -2.84408
7550 1729.02 526.396 641.342 -2.8472
7560 1575.05 5733.36 639.316 -2.84992
7570 1527.05 7025.7 637.429 -2.85213
7580 1513.8 7695.75 635.703 -2.85395
7590 1527.77 6595.19 634.144 -2.85546
7600 1596.72 4033.21 632.73 -2.85687
7610 1671.24 2922.43 631.418 -2.85835
7620 1694.1 1408.94 630.185 -2.86006
7630 1635.92 1137.63 629.004 -2.86193
7640 1519.68 3756.94 627.874 -2.86367
7650 1408.05 10098.5 626.838 -2.86495
7660 1343.43 14629.3 625.991 -2.86564
7670 1330.81 14982.4 625.402 -2.86587
7680 1291.87 16995.5 625.083 -2.8657
7690 1323.28 17670.5 625.055 -2.8652
7700 1436.76 14257.5 625.321 -2.86443
7710 1541.55 11500.2 625.83 -2.86356
7720 1587.99 8152.11 626.527 -2.86281
7730 1604.46 7331.03 627.363 -2.86231
7740 1576.31 8612.83 628.318 -2.8621
7750 1603.17 7751.96 629.408 -2.86212
7760 1668.22 3778.92 630.616 -2.86233
7770 1617.88 2214.53 631.881 -2.86278
7780 1424.39 6773.84 633.183 -2.86335
7790 1392.26 6534.14 634.582 -2.86376
7800 1586.42 -1022.88 636.068 -2.86382
7810 1622.95 -4539.97 637.528 -2.86379
7820 1431.98 -1391.9 638.907 -2.86392
7830 1276.82 2122.23 640.248 -2.86392
7840 1337.71 -139.6 641.604 -2.86351
7850 1419.04 -2391.95 642.944 -2.86267
7860 1402.68 -3039.49 644.232 -2.86161
7870 1522.36 -6115.7 645.449 -2.86044
7880 1590.23 -10616.9 646.542 -2.85921
7890 1548.65 -12211.2 647.44 -2.85823
7900 1469.28 -11262.1 648.117 -2.85747
7910 1398.5 -11284.4 648.584 -2.85675
7920 1342.06 -10415.8 648.847 -2.85592
7930 1308.46 -8423.27 648.926 -2.85489
7940 1321.09 -7368.8 648.855 -2.8536
7950 1419.88 -9467.4 648.652 -2.85208
7960 1501.7 -10854.7 648.288 -2.85046
7970 1503.77 -8913.43 647.746 -2.84899
7980 1473.75 -5751.49 647.06 -2.84768
7990 1516.82 -5598.74 646.283 -2.84647
8000 1592.76 -4809.45 645.426 -2.84537
8010 1677.28 -4360.91 644.501 -2.84456
8020 1703.09 -2617.63 643.524 -2.84421
8030 1607.18 -719.597 642.524 -2.84428
8040 1443.53 2019.34 641.533 -2.8445
8050 1334.8 5936.64 640.603 -2.84441
8060 1456.6 5588.51 639.791 -2.84397
8070 1661.28 4117.38 639.093 -2.84345
8080 1748.16 5317.34 638.49 -2.84327
8090 1661.65 9958.06 638 -2.84363
8100 1562.15 13114.7 637.696 -2.84422
8110 1610.33 8710.19 637.618 -2.84491
8120 1676.76 5198.42 637.702 -2.84577
8130 1768.18 -710.099 637.876 -2.84696
8140 1799.94 -3084.32 638.049 -2.84868
8150 1723.41 -4607.6 638.172 -2.85084
8160 1540.55 -3389.23 638.221 -2.85306
8170 1282.64 3275.72 638.227 -2.8547
8180 1263.47 4753.34 638.285 -2.85557
8190 1337.61 5198.26 638.429 -2.85583
8200 1469.84 3281.69 638.664 -2.85569
8210 1661.34 -2011.95 638.952 -2.85547
8220 1621.87 -5172.4 639.21 -2.85549
8230 1434.59 -4089.72 639.386 -2.8557
8240 1261.98 542.355 639.499 -2.85569
8250 1244.23 1014.42 639.617 -2.85523
8260 1254.81 3460.93 639.759 -2.85428
8270 1291.5 4373.95 639.963 -2.85295
8280 1389.91 2093.39 640.24 -2.85127
8290 1552.5 -395.738 640.554 -2.8494
8300 1752 -2534.02 640.864 -2.84767
8310 1817.81 -1855.1 641.134 -2.84662
8320 1663.21 950.623 641.378 -2.84645
8330 1461.24 4439.12 641.644 -2.84663
8340 1481.13 675.875 641.978 -2.84671
8350 1671.62 -6160.26 642.319 -2.8467
8360 1748.12 -7974.82 642.561 -2.84702
8370 1674.87 -6471.91 642.669 -2.84785
8380 1553.02 -1333.42 642.673 -2.84889
8390 1431.9 5583.32 642.662 -2.8498
8400 1276.38 11793.1 642.754 -2.85032
8410 1156.02 13190.8 643.05 -2.85034
8420 1153.04 11466.6 643.576 -2.84979
8430 1291.88 5662.65 644.296 -2.84863
8440 1396.7 2572.9 645.117 -2.84697
8450 1418.25 856.872 645.98 -2.84516
8460 1470.34 -4405.14 646.847 -2.84329
8470 1540.94 -7989.05 647.63 -2.84142
8480 1585.17 -9518.14 648.269 -2.83976
8490 1601.68 -11629.5 648.732 -2.83843
8500 1639.59 -13398.4 648.986 -2.8375
8510 1661.24 -15762.6 648.998 -2.83702
8520 1640.68 -15974.3 648.737 -2.837
8530 1608.08 -17208 648.196 -2.83738
8540 1556.46 -15803 647.363 -2.83802
8550 1475.02 -12438.6 646.269 -2.83868
8560 1388.59 -9571.84 644.975 -2.83915
8570 1305.41 -5724.69 643.539 -2.83923
8580 1319.87 -2476.02 642.029 -2.8388
8590 1505.03 -2128.8 640.502 -2.83799
8600 1612.37 43.6463 638.972 -2.83709
8610 1638.78 1249.75 637.473 -2.83642
8620 1681.12 493.446 636.025 -2.83611
8630 1744.42 -769.286 634.614 -2.83631
8640 1680.35 1960 633.228 -2.837
8650 1611.34 3348 631.901 -2.83785
8660 1683.22 2650.49 630.657 -2.83889
8670 1672.83 4828.34 629.49 -2.84011
8680 1811.34 4295.55 628.425 -2.84163
8690 1986.41 -1036.77 627.45 -2.84403
8700 1961.29 -1926.69 626.487 -2.84755
8710 1818.44 1361.1 625.521 -2.85162
8720 1695.22 3484.91 624.597 -2.8556
8730 1539.34 8225.83 623.757 -2.85906
8740 1478.49 10017.9 623.07 -2.86176
8750 1503.56 7031.32 622.556 -2.86401
8760 1434.49 8651.72 622.181 -2.86581
8770 1439.46 11324.1 621.961 -2.86711
8780 1599.86 9274.18 621.93 -2.8682
8790 1649.72 6654.8 622.058 -2.86939
8800 1449.9 8263.21 622.307 -2.87058
8810 1265.46 10079.1 622.697 -2.87135
8820 1337.21 3964.68 623.239 -2.87157
8830 1473.24 609.311 623.849 -2.87132
8840 1611.25 -447.738 624.47 -2.87097
8850 1605.61 -2092.28 625.078 -2.8708
8860 1403.85 1024.68 625.658 -2.87078
8870 1366.54 398.819 626.245 -2.87057
8880 1613.32 -5448.44 626.828 -2.8701
8890 1744.77 -9788.79 627.32 -2.86976
8900 1647.01 -8989.17 627.653 -2.86995
8910 1532.35 -8199.77 627.836 -2.87041
8920 1505.7 -7666.35 627.881 -2.87087
8930 1473.64 -3701 627.809 -2.87121
8940 1476.12 -3356.15 627.674 -2.87141
8950 1455.26 -3291.74 627.489 -2.87147
8960 1381.2 -348.359 627.262 -2.87134
8970 1324.15 607.79 627.034 -2.87095
8980 1296.62 2767.21 626.826 -2.8702
8990 1412.34 3478.96 626.671 -2.86911
9000 1557.19 3359.36 626.58 -2.86782
9010 1616.73 3275.91 626.552 -2.86669
9020 1564.4 4413.22 626.587 -2.86589
9030 1538.39 5686.41 626.702 -2.86535
9040 1543.38 5364.19 626.914 -2.86493
9050 1497.98 6566.85 627.222 -2.86461
9060 1450.93 6295.83 627.639 -2.86431
9070 1453.38 5442.69 628.161 -2.86391
9080 1563.96 4040.83 628.772 -2.86343
9090 1617.89 5248.46 629.454 -2.86308
9100 1477.9 9061.72 630.225 -2.86301
9110 1201.08 13368.8 631.147 -2.86294
9120 1159.51 12892.6 632.282 -2.86253
9130 1315.72 9045.6 633.624 -2.8615
9140 1383.93 5859.77 635.111 -2.86
9150 1336.47 3542.51 636.686 -2.85835
9160 1134.01 6447.27 638.318 -2.85669
9170 1081.82 6196.98 640.042 -2.85496
9180 1297.3 -1764.18 641.846 -2.85249
9190 1476.88 -7142.44 643.607 -2.84924
9200 1551.5 -10800.4 645.227 -2.84597
9210 1562 -13802.8 646.64 -2.84307
9220 1586.29 -15140.8 647.796 -2.84065
9230 1679.6 -17919.8 648.667 -2.83872
9240 1749.2 -19859.4 649.211 -2.83742
9250 1736.9 -18443.2 649.4 -2.83696
9260 1641.42 -15651.1 649.262 -2.83719
9270 1530.5 -12842 648.85 -2.83773
9280 1482.03 -11922.7 648.216 -2.83825
9290 1530.04 -12047.6 647.38 -2.8387
9300 1541.68 -10404.8 646.352 -2.83914
9310 1503.82 -9473.2 645.158 -2.83957
9320 1458.29 -8062.5 643.821 -2.83993
9330 1460.87 -5250.05 642.373 -2.84008
9340 1545.43 -4545.41 640.858 -2.84007
9350 1594.02 -2743.51 639.297 -2.84009
9360 1543.05 1688.61 637.724 -2.84015
9370 1466.76 6527.91 636.214 -2.84011
9380 1451.78 11240.8 634.85 -2.83981
9390 1552.53 13024.2 633.703 -2.83935
9400 1637.63 12446.5 632.802 -2.83903
9410 1586.91 11650.8 632.133 -2.83902
9420 1436.01 12783.8 631.684 -2.83916
9430 1310.05 16510.7 631.47 -2.8391
9440 1344.18 17214.1 631.539 -2.83873
9450 1468.43 16589.7 631.906 -2.83812
9460 1576.05 13909.2 632.553 -2.8375
9470 1556.61 11939.2 633.437 -2.83706
9480 1585.61 7341.41 634.517 -2.83682
9490 1622.42 432.832 635.71 -2.83666
9500 1551.72 -1774.79 636.908 -2.83662
9510 1526.37 -2782.83 638.068 -2.83662
9520 1689.56 -8776.73 639.16 -2.83663
9530 1857.04 -11442.6 640.096 -2.83701
9540 1908.13 -10890.3 640.83 -2.8383
9550 1823.7 -9726.2 641.369 -2.84047
9560 1683.7 -4985.49 641.742 -2.84304
9570 1623.3 -2088.04 642.025 -2.84556
9580 1639.59 -1883.98 642.268 -2.84799
9590 1655.37 -2148.66 642.48 -2.85038
9600 1651.33 -1458.78 642.659 -2.85275
9610 1663.29 -3100.01 642.811 -2.85513
9620 1598.61 -3893.92 642.914 -2.85745
9630 1487.63 -3467.68 642.955 -2.85949
9640 1387.65 -2268.75 642.94 -2.86103
9650 1336.68 -1917.98 642.889 -2.86201
9660 1325.74 -4449.36 642.805 -2.86247
9670 1289.44 -5423.59 642.651 -2.86246
9680 1249.82 -5524.09 642.409 -2.862
9690 1290.79 -8039.83 642.074 -2.86112
9700 1346.75 -9158.19 641.61 -2.8599
9710 1386.17 -8714.1 640.998 -2.85848
9720 1379.48 -7730.36 640.249 -2.85696
9730 1368.81 -5393.31 639.383 -2.85536
9740 1456.78 -6953.42 638.435 -2.85368
9750 1487.25 -6676.55 637.39 -2.85201
9760 1407.8 -4387.72 636.254 -2.8505
9770 1314.79 -1159.53 635.067 -2.84898
9780 1429.32 -1289.15 633.88 -2.84728
9790 1600.42 -2662.46 632.693 -2.84547
9800 1665.94 -675.492 631.491 -2.84394
9810 1645.13 2662.32 630.305 -2.84288
9820 1580.52 6551.79 629.191 -2.8422
9830 1520.4 10292.2 628.213 -2.84168
9840 1508.52 10129.2 627.423 -2.84124
9850 1478.49 9947.61 626.823 -2.84082
9860 1510.1 9603 626.405 -2.8404
9870 1583.52 8173.59 626.158 -2.84003
9880 1639.72 6110.43 626.057 -2.83986
9890 1642.66 5515.07 626.068 -2.84
9900 1570.43 5184.09 626.176 -2.8404
9910 1463.09 8057.62 626.383 -2.84082
9920 1503.35 7092.8 626.72 -2.84111
9930 1665.31 4500.64 627.175 -2.84136
9940 1818.85 3952.5 627.709 -2.84199
9950 1897 3513.18 628.308 -2.84339
9960 1862.44 4210.2 628.968 -2.84565
9970 1790.15 3318.79 629.694 -2.8485
9980 1603.58 5233.79 630.477 -2.85147
9990 1384.85 8642.3 631.348 -2.85392
10000 1367.62 4745.62 632.348 -2.85566
