# Time-averaged data for fix 4
# TimeStep c_mytemp c_mypress v_vmyvol v_avgEtotal
10 1388.71 -8333.51 620.039 -2.92334
20 1417 -7425.65 620.501 -2.92466
30 1393.34 -3480.74 620.819 -2.92625
40 1289.33 1065.94 621.068 -2.92793
50 1123.1 5751.22 621.342 -2.9293
60 1035.3 7470.22 621.727 -2.93017
70 1036.13 5136.54 622.255 -2.93051
80 1112.69 1524.21 622.881 -2.93038
90 1203.72 -1454.73 623.535 -2.92994
100 1291.12 -3471.72 624.157 -2.92939
110 1354.34 -4012.22 624.707 -2.92898
120 1307.03 -1693.05 625.178 -2.92885
130 1198.75 1469.92 625.614 -2.92889
140 1089.45 4092.87 626.078 -2.92883
150 1056.27 5406.65 626.622 -2.92851
160 1160.38 2405.86 627.266 -2.92788
170 1255.92 -966.368 627.954 -2.92702
180 1249.82 -32.8813 628.627 -2.92622
190 1212.72 197.648 629.292 -2.92554
200 1213.56 239.48 629.957 -2.92489
210 1256.13 178.931 630.623 -2.92426
220 1317.06 -2052.7 631.285 -2.92369
230 1358.27 -4830.4 631.899 -2.92331
240 1350.12 -5546.34 632.413 -2.92321
250 1355.14 -6964.46 632.808 -2.92338
260 1404 -7868.81 633.059 -2.92383
270 1418.26 -6142.56 633.153 -2.92462
280 1399.48 -3964.57 633.122 -2.92578
290 1291.84 -999.848 633.017 -2.92708
300 1131.15 1085.67 632.897 -2.92816
310 1030.01 1672.4 632.803 -2.92876
320 1083.53 -1064.34 632.745 -2.92887
330 1192.52 -4045.44 632.671 -2.92864
340 1229.06 -6492.51 632.518 -2.9283
350 1177.71 -6271.42 632.242 -2.92794
360 1178.73 -6798.6 631.844 -2.92753
370 1233.81 -7800.23 631.314 -2.92706
380 1221.67 -6662.4 630.64 -2.92658
390 1219.38 -7109.44 629.841 -2.92616
400 1250.75 -6911.06 628.914 -2.92575
410 1303.37 -7349.56 627.864 -2.92543
420 1283.81 -5927.91 626.689 -2.92528
430 1201.68 -1991.95 625.424 -2.92519
440 1183.6 -1476.41 624.137 -2.92496
450 1322.29 -4186.82 622.843 -2.92469
460 1458.35 -7323.15 621.49 -2.92471
470 1526.5 -7410.63 620.025 -2.92535
480 1521.93 -5883.92 618.446 -2.92672
490 1407.53 -1245.04 616.79 -2.92848
500 1284.29 -581.358 615.137 -2.9302
510 1163.17 862.571 613.51 -2.93162
520 1122.23 3849.08 611.936 -2.93249
530 1226.47 4001.98 610.465 -2.93298
540 1350.74 5136.44 609.106 -2.93341
550 1382.51 6429.94 607.875 -2.93398
560 1322.76 7852.15 606.795 -2.93476
570 1238.75 10180.8 605.893 -2.93551
580 1214.58 9509.31 605.199 -2.93613
590 1226.39 10686.6 604.708 -2.93661
600 1270.96 11146.7 604.434 -2.93701
610 1333.53 10062.9 604.378 -2.93748
620 1324.72 8764.17 604.521 -2.93812
630 1221.57 9696.41 604.839 -2.93883
640 1162.01 10691.8 605.343 -2.9394
650 1212.58 9034.65 606.043 -2.93979
660 1242.63 10561.4 606.921 -2.94009
670 1288.31 6258.56 607.983 -2.94038
680 1279.83 1499.45 609.157 -2.94063
690 1239.84 -120.012 610.356 -2.94086
700 1226.45 -2713.92 611.538 -2.94099
710 1193.61 -208.426 612.668 -2.94102
720 1241.16 -812.152 613.777 -2.94099
730 1271.52 -1366.64 614.861 -2.9409
740 1245.61 627.961 615.913 -2.94087
750 1197.26 3824.96 616.971 -2.94089
760 1189.21 3810.82 618.091 -2.94086
770 1209.46 1298.98 619.272 -2.94068
780 1207.28 -140.9 620.471 -2.94038
790 1185.13 -257.839 621.658 -2.94001
800 1109.17 925.08 622.832 -2.93957
810 1012.71 1288.02 624.012 -2.93896
820 992.71 -1102.14 625.201 -2.93801
830 1103.41 -5414.65 626.354 -2.93662
840 1252.88 -8858.93 627.386 -2.93486
850 1369.92 -12877.4 628.226 -2.93315
860 1340.03 -13544.8 628.799 -2.93188
870 1181.29 -8592.32 629.101 -2.93108
880 1047.96 -4160.64 629.224 -2.93038
890 1071.98 -3160.02 629.258 -2.92946
900 1227.57 -4402.93 629.227 -2.92826
910 1339.18 -4363.5 629.113 -2.92704
920 1282.98 -2120.06 628.921 -2.92613
930 1140.7 -164.043 628.692 -2.92545
940 1108.98 -1382.98 628.463 -2.92471
950 1246.76 -5067.73 628.21 -2.9238
960 1377.05 -8434.2 627.863 -2.92293
970 1406.3 -9121.88 627.357 -2.92248
980 1364.82 -8450.53 626.682 -2.92251
990 1330.88 -9692.38 625.845 -2.92287
1000 1324.73 -9979.09 624.833 -2.92347
1010 1303.5 -9855.02 623.64 -2.92422
1020 1259.31 -7557.68 622.277 -2.925
1030 1267.99 -4544.29 620.791 -2.92566
1040 1362.61 -2519.14 619.244 -2.9263
1050 1396.71 639.328 617.682 -2.92708
1060 1351.44 4142.53 616.166 -2.92801
1070 1284.09 5581.5 614.761 -2.92892
1080 1280.34 5064.57 613.493 -2.92977
1090 1373.85 3698.76 612.35 -2.93066
1100 1476.11 1941.46 611.304 -2.93188
1110 1460.04 1398.73 610.322 -2.93356
1120 1332.01 1766.12 609.392 -2.93543
1130 1239.73 1713.04 608.517 -2.9371
1140 1257.94 -271.998 607.691 -2.93852
1150 1311.06 -470.921 606.881 -2.93983
1160 1320.8 2406.96 606.087 -2.9411
1170 1306.4 4875.36 605.357 -2.94231
1180 1262.62 7051.44 604.736 -2.94344
1190 1182.26 11158.9 604.271 -2.94434
1200 1195.79 10346.9 604.02 -2.94499
1210 1249.2 7487.64 603.973 -2.9455
1220 1256.86 7003.02 604.079 -2.94596
1230 1225.37 8440.26 604.325 -2.94637
1240 1222.4 9877.66 604.735 -2.94673
1250 1250.87 10261.7 605.33 -2.94703
1260 1285.93 9587.83 606.118 -2.94736
1270 1318.47 7694.34 607.082 -2.94776
1280 1335.57 6709.95 608.189 -2.9483
1290 1302.25 6864.16 609.418 -2.949
1300 1208.29 7527.02 610.772 -2.94972
1310 1245.28 4766.51 612.255 -2.95031
1320 1267.02 1778.17 613.816 -2.95074
1330 1194.87 829.244 615.403 -2.95107
1340 1123.31 -121.832 616.991 -2.95122
1350 1079.21 -1884.31 618.559 -2.95105
1360 1051.61 -2230.21 620.077 -2.95052
1370 1069.07 -2241.62 621.535 -2.94968
1380 1123.3 -2788.1 622.933 -2.94857
1390 1174.8 -2985.15 624.261 -2.94725
1400 1222.31 -2665.37 625.517 -2.94592
1410 1254.06 -4168.24 626.703 -2.94464
1420 1208.57 -2876.23 627.798 -2.94351
1430 1155.95 -734.165 628.826 -2.94252
1440 1172.64 -1385.77 629.825 -2.94151
1450 1261.01 -3762.33 630.783 -2.94041
1460 1344.16 -7909.72 631.651 -2.93938
1470 1345.1 -10646.1 632.351 -2.93861
1480 1283.88 -10907 632.828 -2.93819
1490 1222.66 -11233.6 633.075 -2.93796
1500 1180.66 -10647.6 633.091 -2.93774
1510 1171.88 -11169.9 632.887 -2.93746
1520 1186.9 -12280.3 632.457 -2.93711
1530 1228.45 -14681.7 631.779 -2.93676
1540 1261.18 -15053.9 630.817 -2.9365
1550 1274.83 -14903.2 629.563 -2.93643
1560 1264.5 -12546.2 628.034 -2.9365
1570 1263.9 -9442.52 626.28 -2.93662
1580 1271.91 -6529.67 624.37 -2.93672
1590 1331.44 -6245.23 622.364 -2.93685
1600 1414.06 -8047.66 620.27 -2.93728
1610 1409.65 -7665.51 618.067 -2.93813
1620 1327.59 -6922.87 615.758 -2.93927
1630 1234.92 -5677.62 613.364 -2.94041
1640 1183.24 -2095.81 610.916 -2.94126
1650 1179.79 2141.21 608.482 -2.94167
1660 1210.83 5978.49 606.141 -2.94172
1670 1220.11 12161.1 603.971 -2.94142
1680 1338.49 15671.1 602.077 -2.94096
1690 1356.8 16952.4 600.515 -2.94072
1700 1249.13 18647.7 599.31 -2.9407
1710 1237.32 18623.1 598.478 -2.94078
1720 1310.01 18583.3 598.015 -2.94094
1730 1354.02 17854.3 597.911 -2.94135
1740 1318.47 17324.2 598.147 -2.94205
1750 1256.86 17516.4 598.71 -2.94292
1760 1219.22 17940.6 599.599 -2.94381
1770 1246.19 14673.8 600.811 -2.94465
1780 1258.45 10872.4 602.287 -2.9454
1790 1291.21 7647.99 603.956 -2.94607
1800 1310.81 4030.95 605.752 -2.94671
1810 1237.05 5004.89 607.616 -2.94734
1820 1185.72 5468.09 609.556 -2.94791
1830 1269.06 428.585 611.57 -2.94827
1840 1283.15 -1829.93 613.578 -2.94845
1850 1202.16 786.85 615.536 -2.94867
1860 1128.65 1847.64 617.486 -2.94882
1870 1116.09 516.528 619.445 -2.94872
1880 1099.17 2269.21 621.4 -2.94835
1890 1149.87 779.422 623.372 -2.94777
1900 1215.92 -2147.91 625.335 -2.94692
1910 1222.85 -3141.78 627.236 -2.946
1920 1217.69 -4676.07 629.05 -2.94508
1930 1211.2 -5825.83 630.747 -2.94417
1940 1238.1 -8012.66 632.302 -2.94324
1950 1316.54 -12406.8 633.668 -2.94231
1960 1399.67 -17394.8 634.757 -2.94156
1970 1389.59 -19486.8 635.475 -2.94128
1980 1251.81 -18868.3 635.781 -2.94144
1990 1074.09 -15889.9 635.695 -2.94166
2000 1021.6 -15121.6 635.274 -2.94163
2010 1099.1 -15021.3 634.546 -2.94129
2020 1166.43 -12221.2 633.525 -2.94072
2030 1155.39 -7832.84 632.277 -2.93999
2040 1147.92 -4468.62 630.891 -2.93915
2050 1119.23 -2795.91 629.441 -2.93815
2060 1103.21 -272.582 627.967 -2.93701
2070 1159.56 753.219 626.518 -2.93566
2080 1263.67 -1461.1 625.112 -2.93425
2090 1318.69 -4539.29 623.706 -2.93304
2100 1324.2 -6371.77 622.242 -2.93221
2110 1323.1 -6439.38 620.688 -2.93174
2120 1293.18 -4700.35 619.042 -2.93153
2130 1267.08 -1052.32 617.344 -2.93138
2140 1314.86 -225.371 615.659 -2.93125
2150 1338.3 637.077 614.007 -2.93128
2160 1265.5 5079.05 612.412 -2.9314
2170 1165.62 9602.34 610.953 -2.93138
2180 1129.34 12512.4 609.711 -2.9311
2190 1165.7 13253.5 608.736 -2.9306
2200 1212.97 11191.1 608.035 -2.93003
2210 1204.34 9433.06 607.569 -2.92948
2220 1144.53 9094.74 607.3 -2.92893
2230 1149.14 8230.58 607.215 -2.92828
2240 1321.6 5869.95 607.291 -2.92754
2250 1514.36 4488.49 607.487 -2.927
2260 1563.82 4176.39 607.774 -2.92722
2270 1424.23 4852.17 608.145 -2.92822
2280 1227.49 6730.65 608.613 -2.92941
2290 1244.35 3932.35 609.201 -2.9304
2300 1411.17 -335.637 609.858 -2.93132
2310 1511.19 -783.734 610.512 -2.9326
2320 1464.46 -744.197 611.147 -2.9344
2330 1318.93 1413.01 611.768 -2.93639
2340 1165.55 3998.39 612.414 -2.9381
2350 1084.28 3943.12 613.128 -2.9393
2360 1046 4321.46 613.915 -2.93998
2370 1046.54 5343.06 614.782 -2.9402
2380 1075.13 3882.02 615.741 -2.94001
2390 1084.06 1052.03 616.765 -2.93946
2400 1050.75 -1137.47 617.801 -2.9386
2410 1022 -1801.86 618.807 -2.93748
2420 1049.33 -3693.42 619.764 -2.93607
2430 1111.76 -5501.59 620.638 -2.93437
2440 1156.49 -6620.07 621.394 -2.93251
2450 1203 -7119.38 622.01 -2.93066
2460 1199.96 -4229.73 622.485 -2.92894
2470 1141.13 -128.572 622.875 -2.9274
2480 1091.07 1213.92 623.255 -2.92596
2490 1062.76 1227.17 623.658 -2.92444
2500 1145.62 292.243 624.082 -2.92278
2510 1335.76 -4578.71 624.503 -2.92095
2520 1486.77 -8895 624.832 -2.91935
2530 1529.63 -11168.8 624.985 -2.91852
2540 1489.28 -12029 624.915 -2.91861
2550 1399.66 -8357.62 624.617 -2.91933
2560 1369.43 -3583.44 624.161 -2.92035
2570 1339.86 955.53 623.644 -2.92148
2580 1240.26 7537.03 623.167 -2.92255
2590 1128.02 10936.2 622.848 -2.92333
2600 1076.85 11394.1 622.757 -2.92375
2610 1145.04 9745.01 622.9 -2.92383
2620 1256.36 2256.64 623.232 -2.9237
2630 1268.64 -3256.99 623.613 -2.92353
2640 1170.44 -2867.02 623.94 -2.92338
2650 1094.52 -1860.15 624.209 -2.92311
2660 1069.21 -2282.58 624.437 -2.92259
2670 1079.67 -1431.33 624.624 -2.92177
2680 1160.46 -1497.55 624.781 -2.92072
2690 1250.32 -1497.98 624.91 -2.91953
2700 1252.86 -333.426 625.014 -2.91845
2710 1062.23 5251.87 625.123 -2.91753
2720 921.028 10048.2 625.343 -2.91657
2730 1094.24 3866.42 625.747 -2.91523
2740 1329.41 -3861.81 626.228 -2.9134
2750 1435.74 -7388.09 626.636 -2.91174
2760 1408.86 -8627.82 626.897 -2.91071
2770 1333.92 -7340.23 626.987 -2.91028
2780 1284.25 -7080.87 626.928 -2.91016
2790 1238.35 -5924.42 626.733 -2.91014
2800 1240.52 -4875.31 626.424 -2.91013
2810 1304.99 -5495.41 626.022 -2.91012
2820 1364.13 -6541.76 625.52 -2.91028
2830 1362.48 -7166.02 624.897 -2.91073
2840 1286.44 -4068.19 624.153 -2.91136
2850 1284.55 -4183.84 623.336 -2.91197
2860 1395.39 -6456.8 622.45 -2.91271
2870 1404.35 -4783.12 621.46 -2.91376
2880 1281.59 -609.058 620.401 -2.91493
2890 1143.32 3312.71 619.352 -2.91583
2900 1102.25 5476.32 618.389 -2.91628
2910 1186.92 2868.45 617.548 -2.91639
2920 1338.59 1018.45 616.784 -2.91642
2930 1459.82 -523.967 616.058 -2.91672
2940 1453.27 625.135 615.345 -2.9175
2950 1398.66 1280.42 614.661 -2.91866
2960 1396.84 -219.478 614.015 -2.92007
2970 1386.46 -514.358 613.383 -2.92167
2980 1350.68 1438.27 612.761 -2.92336
2990 1316 4453.25 612.184 -2.92497
3000 1378.76 4208.33 611.704 -2.92657
3010 1433.58 4397.88 611.32 -2.92835
3020 1447.89 6391.25 611.037 -2.93039
3030 1475.68 6092.48 610.885 -2.93272
3040 1497.77 5615.71 610.861 -2.93539
3050 1496.26 4633.65 610.952 -2.93838
3060 1440.85 5121.52 611.14 -2.94155
3070 1292.92 8552.15 611.437 -2.94457
3080 1096.24 12994.8 611.905 -2.94691
3090 1144.87 9906.11 612.612 -2.94858
3100 1309.34 2515.55 613.502 -2.9499
3110 1348.85 -1987.84 614.44 -2.95114
3120 1261.33 -1159.02 615.343 -2.95233
3130 1219.38 -1825.38 616.212 -2.95336
3140 1176.64 -1246.1 617.041 -2.95412
3150 1106.53 700.571 617.842 -2.9546
3160 1072.56 -308.215 618.645 -2.95472
3170 1096.04 -900.458 619.438 -2.95446
3180 1190.51 -4102.02 620.201 -2.95389
3190 1311.66 -8650.85 620.875 -2.95318
3200 1403.51 -12189.9 621.373 -2.95263
3210 1429.13 -13640.4 621.627 -2.95257
3220 1340.16 -11523.5 621.614 -2.95299
3230 1126.71 -6518.42 621.381 -2.95353
3240 949.591 -3988.87 621.018 -2.95369
3250 938.689 -1721.87 620.586 -2.95332
3260 1097.83 -1734.56 620.126 -2.95241
3270 1301.47 -1487.09 619.641 -2.95116
3280 1354.97 3649.33 619.15 -2.95001
3290 1255.67 9477.82 618.746 -2.94921
3300 1129.25 13709.1 618.541 -2.94858
3310 1122.49 12783.3 618.608 -2.9479
3320 1216.55 8095.18 618.93 -2.94709
3330 1322.29 1220.62 619.41 -2.94624
3340 1362.14 -6098.69 619.913 -2.94556
3350 1297.53 -9995.73 620.298 -2.94518
3360 1217 -11850.9 620.486 -2.94498
3370 1189.06 -12413.9 620.44 -2.94481
3380 1189.58 -13085.7 620.149 -2.94459
3390 1183.67 -11702.4 619.609 -2.94433
3400 1222.52 -10599.9 618.847 -2.94401
3410 1293.95 -10887.5 617.888 -2.94373
3420 1317.99 -9267.78 616.737 -2.94361
3430 1297.2 -8556.92 615.424 -2.94368
3440 1266.59 -5694.45 613.973 -2.94387
3450 1258.06 -3670.03 612.438 -2.94402
3460 1293.62 -4219.71 610.858 -2.94421
3470 1266.1 -2567 609.233 -2.94445
3480 1184.67 1692.6 607.596 -2.9446
3490 1151.6 6196.05 606.025 -2.94445
3500 1207.31 6728.7 604.598 -2.94406
3510 1213.2 8256.46 603.331 -2.94356
3520 1218.17 10802.6 602.251 -2.94301
3530 1250.17 9912.53 601.39 -2.94246
3540 1237.42 9332.79 600.736 -2.94201
3550 1170.2 11574 600.279 -2.94159
3560 1134.26 13753.7 600.052 -2.94111
3570 1177.57 13525.7 600.087 -2.94052
3580 1205.71 15307.7 600.385 -2.9399
3590 1188.49 17417.8 600.974 -2.93937
3600 1200.45 16818.7 601.884 -2.93893
3610 1316.33 13372.2 603.101 -2.93854
3620 1333.89 9754.62 604.562 -2.9383
3630 1240.74 8879.94 606.202 -2.93829
3640 1222.49 7506.03 607.999 -2.93834
3650 1345.45 -119.36 609.912 -2.93824
3660 1476.86 -7474.86 611.806 -2.93811
3670 1518.16 -8984.41 613.548 -2.93846
3680 1468.87 -9787.4 615.098 -2.93944
3690 1301.56 -7743.15 616.446 -2.94075
3700 1082.76 -3952.37 617.63 -2.94186
3710 960.524 -1015.95 618.723 -2.94243
3720 1016.62 -597.899 619.781 -2.94245
3730 1119.13 -1731.18 620.814 -2.942
3740 1087.76 430.948 621.809 -2.94128
3750 1008.24 2713.89 622.805 -2.94042
3760 1140.77 -3058.82 623.83 -2.93924
3770 1279.68 -6584.57 624.791 -2.93769
3780 1366 -10539.7 625.607 -2.93628
3790 1395.03 -14208.6 626.201 -2.93526
3800 1325.05 -12173.2 626.513 -2.93477
3810 1204.67 -9456.53 626.578 -2.93459
3820 1127.16 -8286.36 626.449 -2.93439
3830 1109.13 -3545.9 626.165 -2.934
3840 1138.68 -1154.96 625.813 -2.93336
3850 1152.43 -300.638 625.445 -2.93255
3860 1122.24 1812.01 625.084 -2.93161
3870 1178.79 -494.348 624.763 -2.93057
3880 1209.57 -2266.21 624.443 -2.92946
3890 1132.69 1103.72 624.095 -2.92841
3900 990.168 4743.17 623.782 -2.9273
3910 1035.25 1600.03 623.562 -2.92599
3920 1157.37 -2599.64 623.379 -2.92432
3930 1231.38 -4636.78 623.156 -2.92256
3940 1245.92 -5235.5 622.851 -2.92094
3950 1278.34 -6688.4 622.448 -2.91956
3960 1369.92 -9751.55 621.918 -2.91844
3970 1418.22 -9971.79 621.211 -2.91779
3980 1399.32 -7348.73 620.326 -2.91767
3990 1336.72 -4390.18 619.314 -2.91793
4000 1286.76 -2396.72 618.235 -2.91829
4010 1401.06 -1905.77 617.127 -2.9188
4020 1435.59 745.135 616.011 -2.91956
4030 1514.45 448.844 614.929 -2.92076
4040 1513.89 259.352 613.881 -2.92258
4050 1356.39 4012.22 612.869 -2.92466
4060 1198.67 8499.11 611.959 -2.92641
4070 1172.74 10442.2 611.23 -2.92769
4080 1187.56 11272.8 610.721 -2.92863
4090 1170.52 12222.6 610.446 -2.92933
4100 1186.89 8981.52 610.409 -2.9298
4110 1239.69 4458.15 610.551 -2.93013
4120 1200.3 2793.2 610.788 -2.93035
4130 1142.86 1747.86 611.083 -2.93043
4140 1107.99 -338.087 611.41 -2.93026
4150 1157.75 -2729.97 611.729 -2.92983
4160 1309.7 -4522.62 611.998 -2.92924
4170 1403.91 -5545.93 612.18 -2.9288
4180 1378.42 -5116.8 612.259 -2.92879
4190 1259.64 -2605.07 612.246 -2.92907
4200 1148.34 331.888 612.189 -2.92932
4210 1118.38 512.492 612.14 -2.92932
4220 1161.75 718.414 612.106 -2.92906
4230 1271.28 854.018 612.092 -2.92864
4240 1390.06 858.648 612.098 -2.92831
4250 1344.97 4881.07 612.136 -2.92832
4260 1199.32 7731.85 612.272 -2.92853
4270 1092.52 7664.51 612.558 -2.92864
4280 1115.9 6711.86 612.994 -2.92845
4290 1330.82 1507.87 613.553 -2.92801
4300 1542.88 -3952.04 614.14 -2.92773
4310 1601.85 -6917.04 614.651 -2.92824
4320 1455.14 -4591.05 615.034 -2.92959
4330 1255.75 475.301 615.332 -2.93114
4340 1198.94 3092.38 615.636 -2.93241
4350 1276.2 1390.3 615.996 -2.93347
4360 1286.71 1450.13 616.387 -2.93444
4370 1231.37 1809.18 616.806 -2.93534
4380 1198.53 2793.26 617.263 -2.93606
4390 1255.53 2377.27 617.772 -2.93661
4400 1316.04 -937.947 618.321 -2.9371
4410 1311.35 -950.192 618.857 -2.93766
4420 1293.49 -1910.77 619.37 -2.93829
4430 1247.29 -1500.67 619.845 -2.93892
4440 1140.38 1747.19 620.294 -2.93941
4450 1051.06 6337.63 620.78 -2.93962
4460 1035.35 9598.65 621.389 -2.9395
4470 1073.98 10185.9 622.183 -2.93904
4480 1124.65 7746.67 623.174 -2.93832
4490 1140.97 1983.29 624.308 -2.93734
4500 1173.44 -2829.02 625.475 -2.93615
4510 1224.6 -7037.6 626.575 -2.93482
4520 1284.36 -12263.8 627.52 -2.9335
4530 1252.12 -15107.7 628.21 -2.93235
4540 1146.28 -12788.1 628.592 -2.93145
4550 1042.89 -6898.15 628.717 -2.93058
4560 1078.28 -5076.9 628.695 -2.92951
4570 1221.58 -7646.91 628.565 -2.92818
4580 1320.5 -8695.22 628.287 -2.92686
4590 1297.4 -6931.28 627.846 -2.92585
4600 1241.51 -5475.12 627.273 -2.9251
4610 1302.33 -8888.37 626.593 -2.92454
4620 1375.66 -11105.5 625.75 -2.92422
4630 1399.39 -11234.8 624.703 -2.92432
4640 1405.93 -10579.5 623.451 -2.92487
4650 1450.24 -8324.85 622.013 -2.9258
4660 1527.45 -5631.11 620.439 -2.92719
4670 1557.47 -2927.25 618.785 -2.92916
4680 1484.13 1289.65 617.11 -2.93159
4690 1332.28 5884.58 615.497 -2.93397
4700 1192.5 9049.56 614.032 -2.93586
4710 1152.59 8556.98 612.768 -2.9372
4720 1149.43 6840.04 611.696 -2.93818
4730 1098.03 7141.25 610.784 -2.93876
4740 1097.45 6314.63 610.028 -2.93897
4750 1176.95 5911.73 609.413 -2.93885
4760 1354 4288.78 608.925 -2.93864
4770 1474.46 2968.28 608.534 -2.93871
4780 1436.79 4535.59 608.217 -2.93934
4790 1289.97 7985.04 608.002 -2.94028
4800 1174.54 10041.4 607.947 -2.94112
4810 1151.62 11600.1 608.091 -2.9417
4820 1182.26 11757.6 608.46 -2.94206
4830 1271.83 10849 609.056 -2.9423
4840 1350.73 9096.55 609.857 -2.94262
4850 1305.09 9825.2 610.834 -2.94316
4860 1188.79 12609.7 612.001 -2.94381
4870 1179.75 9788.6 613.395 -2.94436
4880 1155.29 7538.24 614.971 -2.94464
4890 1156.48 5847.84 616.683 -2.9447
4900 1196.89 1010.8 618.489 -2.94449
4910 1181.82 -1395.94 620.304 -2.94405
4920 1167.84 -2658.29 622.076 -2.94345
4930 1209.9 -2970.65 623.778 -2.94275
4940 1223.34 -1240.49 625.408 -2.94203
4950 1148.95 1546.68 627 -2.94141
4960 1027.99 4582.28 628.608 -2.9408
4970 952.098 6048.23 630.292 -2.94003
4980 1001.6 3323.3 632.079 -2.93888
4990 1106.38 -2568.79 633.91 -2.93718
5000 1193.95 -7189.76 635.672 -2.93509
5010 1195.37 -8877.97 637.27 -2.93296
5020 1177.24 -9271.94 638.666 -2.93101
5030 1263.34 -11674.1 639.846 -2.92916
5040 1277.63 -12153.2 640.77 -2.92748
5050 1267.66 -12813.3 641.425 -2.92614
5060 1302.47 -15102.6 641.797 -2.92508
5070 1333.87 -16120.6 641.847 -2.92434
5080 1326.06 -16262.1 641.556 -2.92399
5090 1314.45 -15776.1 640.928 -2.924
5100 1287.47 -15843 639.977 -2.92428
5110 1237.75 -14945.4 638.711 -2.92474
5120 1176.16 -12575.1 637.157 -2.92518
5130 1131.01 -9028.38 635.372 -2.92542
5140 1142.95 -6683.28 633.433 -2.92534
5150 1242.66 -7608.27 631.389 -2.92509
5160 1292.21 -5661.26 629.237 -2.92484
5170 1294.15 -2566 627.016 -2.92464
5180 1295.59 12.4018 624.79 -2.92446
5190 1344.63 1424.13 622.611 -2.92436
5200 1356.47 281.817 620.506 -2.92448
5210 1320.2 -2184.4 618.45 -2.9249
5220 1292.52 -3644.31 616.397 -2.92552
5230 1300.07 -2918.46 614.322 -2.9262
5240 1329.86 496.154 612.24 -2.92687
5250 1322.87 4568.4 610.216 -2.92748
5260 1272 7926.24 608.324 -2.92801
5270 1216.43 11318.3 606.628 -2.92838
5280 1190.26 13660.2 605.185 -2.92854
5290 1192.88 14725 604.033 -2.92851
5300 1254.71 12473.8 603.182 -2.92844
5310 1320.07 11570.1 602.59 -2.92848
5320 1329.52 13193.2 602.238 -2.92868
5330 1403.11 10652.4 602.141 -2.92915
5340 1481.08 5726.67 602.247 -2.93004
5350 1434.37 5876.04 602.476 -2.93142
5360 1298.02 9219.18 602.824 -2.93301
5370 1191.9 10464.3 603.342 -2.93444
5380 1162.04 11658.8 604.058 -2.93555
5390 1266.05 8468.74 604.982 -2.93645
5400 1339.08 6825.21 606.064 -2.93729
5410 1302 7272.89 607.269 -2.93826
5420 1185.06 9425.25 608.607 -2.93921
5430 1163.24 7370.95 610.106 -2.93996
5440 1188.34 6201.25 611.736 -2.94041
5450 1191.69 6455.41 613.471 -2.94071
5460 1147.5 6092.18 615.314 -2.94086
5470 1079.61 5479.74 617.258 -2.94081
5480 1029.48 3297.08 619.287 -2.94044
5490 1018.76 373.084 621.359 -2.93964
5500 1039.33 -3250.24 623.414 -2.93839
5510 1112.3 -8029.98 625.377 -2.93669
5520 1178.14 -10857.7 627.157 -2.93469
5530 1190.98 -10054 628.701 -2.93271
5540 1191.88 -9876.14 630.019 -2.9309
5550 1186.39 -8902.36 631.118 -2.92923
5560 1222.69 -8943.58 632.02 -2.92769
5570 1237.12 -10427 632.723 -2.92625
5580 1223.53 -10029.4 633.206 -2.92499
5590 1276.76 -10334.6 633.477 -2.92389
5600 1423.02 -12708.2 633.527 -2.92302
5610 1465.53 -13245.3 633.32 -2.92271
5620 1326.25 -11121.5 632.851 -2.92298
5630 1238.19 -11661.2 632.158 -2.92348
5640 1231.39 -13703.5 631.236 -2.92398
5650 1247.94 -14049.6 630.056 -2.92449
5660 1321.46 -15060.1 628.611 -2.92508
5670 1425.36 -16293.2 626.887 -2.92598
5680 1483.47 -14244.3 624.876 -2.92738
5690 1500.84 -11264.9 622.622 -2.92928
5700 1494.02 -7755.24 620.194 -2.93159
5710 1437.64 -2235.14 617.67 -2.93407
5720 1300.11 3134.42 615.16 -2.93628
5730 1125.95 8113.04 612.769 -2.93784
5740 999.688 14466.6 610.594 -2.93846
5750 1089.05 15711.3 608.74 -2.93838
5760 1261.17 11737.2 607.221 -2.93812
5770 1319.51 9537.18 605.967 -2.93801
5780 1279.99 10944.7 604.931 -2.93807
5790 1283.53 10721.4 604.125 -2.93821
5800 1298.17 10003.9 603.543 -2.93846
5810 1210.03 11558.6 603.172 -2.93876
5820 1149.56 11741.1 603.028 -2.93895
5830 1216.87 10217.6 603.112 -2.93899
5840 1259.46 10218 603.397 -2.93897
5850 1245.61 9497.96 603.874 -2.93902
5860 1161.64 12123.2 604.537 -2.93907
5870 1147.08 12657.3 605.421 -2.93907
5880 1194.35 11217 606.537 -2.93891
5890 1253.5 10429.2 607.858 -2.9387
5900 1273.59 9991.35 609.367 -2.93856
5910 1232.42 9649.38 611.055 -2.93855
5920 1159.99 8424.48 612.911 -2.93855
5930 1082.23 7277.18 614.912 -2.93841
5940 1008.13 7618.41 617.038 -2.93803
5950 981.102 5424.85 619.286 -2.93733
5960 1024.53 754.193 621.613 -2.93611
5970 1062.65 -923.802 623.935 -2.93443
5980 1126.5 -4252.83 626.206 -2.93246
5990 1187.56 -7096.43 628.366 -2.93025
6000 1247.99 -10260.7 630.353 -2.92802
6010 1295.46 -14560.5 632.101 -2.92589
6020 1303.74 -16479 633.529 -2.92405
6030 1310.46 -16260.4 634.6 -2.92264
6040 1320.97 -15077.3 635.318 -2.92164
6050 1300.13 -11763.9 635.717 -2.92102
6060 1315.22 -9458.89 635.865 -2.9207
6070 1301.28 -9587.01 635.811 -2.9206
6080 1246.26 -7651.74 635.567 -2.92065
6090 1220.02 -5989.08 635.171 -2.92071
6100 1227.71 -5067.35 634.659 -2.92073
6110 1192.29 -1599.89 634.06 -2.92066
6120 1183.71 1790.66 633.444 -2.92044
6130 1222.19 2936.4 632.877 -2.9201
6140 1232.66 2803.32 632.385 -2.91972
6150 1168.54 1721.07 631.964 -2.91934
6160 1078.68 284.134 631.59 -2.91886
6170 1092.3 -2249.92 631.232 -2.91815
6180 1230.49 -6392.37 630.835 -2.91722
6190 1343.69 -8854.28 630.32 -2.91632
6200 1305.36 -8013.67 629.642 -2.91573
6210 1221.5 -5657.82 628.82 -2.91539
6220 1249.94 -5396.52 627.897 -2.91506
6230 1429.78 -7084.91 626.882 -2.91485
6240 1548.27 -6940.17 625.749 -2.91516
6250 1518.23 -5443.55 624.504 -2.91624
6260 1373.96 -2732.67 623.18 -2.9178
6270 1179.35 2313.65 621.836 -2.91919
6280 1103.3 5577.09 620.564 -2.92002
6290 1162.75 7009.77 619.431 -2.92041
6300 1204.85 5867.95 618.459 -2.92056
6310 1165.54 4638.8 617.624 -2.92061
6320 1058.91 9089.93 616.914 -2.92042
6330 1038.6 11845.9 616.397 -2.91989
6340 1121.44 11287.9 616.122 -2.91905
6350 1194.46 12612.5 616.085 -2.91804
6360 1194.49 14367.2 616.304 -2.91706
6370 1152.41 13534.9 616.805 -2.91618
6380 1208.94 9233.06 617.567 -2.9153
6390 1304.12 3672.76 618.505 -2.91436
6400 1352.89 -1162.34 619.509 -2.91354
6410 1317.88 -4285.17 620.485 -2.91299
6420 1184.09 -5368.55 621.368 -2.91263
6430 1033.85 -3339 622.142 -2.91218
6440 1246.74 -8610.19 622.826 -2.91146
6450 1503.84 -14783.2 623.331 -2.91064
6460 1487.18 -14617.7 623.544 -2.91053
6470 1329.9 -8771.77 623.476 -2.91106
6480 1325.92 -7535.08 623.227 -2.91178
6490 1400.83 -9456.61 622.829 -2.91268
6500 1409.24 -8618.46 622.258 -2.91387
6510 1418.55 -7923.41 621.528 -2.91537
6520 1415.64 -6234.23 620.658 -2.91713
6530 1374.83 -2953.16 619.687 -2.91903
6540 1271.97 2140.79 618.684 -2.92081
6550 1236.34 5291.49 617.742 -2.92221
6560 1354.86 2967.97 616.916 -2.9235
6570 1439.9 1138.77 616.172 -2.925
6580 1366.98 267.673 615.47 -2.92676
6590 1215.61 1587.1 614.795 -2.92839
6600 1139.81 3176.71 614.167 -2.92957
6610 1181.44 1299.75 613.612 -2.93037
6620 1252.69 -1225.11 613.095 -2.93096
6630 1359.36 -3543.38 612.568 -2.93156
6640 1477.27 -3359.88 611.991 -2.93243
6650 1546.59 -934.407 611.367 -2.93386
6660 1526.66 2980.43 610.745 -2.93591
6670 1410.9 7169.8 610.197 -2.93825
6680 1293.64 10315.1 609.803 -2.94048
6690 1248.49 10334.6 609.616 -2.9424
6700 1251.14 8623.67 609.634 -2.94407
6710 1245.84 8099.12 609.827 -2.94552
6720 1243.57 8056.29 610.18 -2.9468
6730 1193.48 8204.98 610.692 -2.94788
6740 1104.87 6927.94 611.357 -2.94865
6750 1013.89 7223.53 612.158 -2.94901
6760 1029.58 4600.9 613.087 -2.9489
6770 1152.07 734.971 614.096 -2.94832
6780 1322.58 -3608.32 615.111 -2.94749
6790 1363.7 -6271.57 616.048 -2.94676
6800 1252.42 -4738.89 616.862 -2.94637
6810 1157.41 -2428.31 617.576 -2.9461
6820 1188.5 -2161.26 618.233 -2.94573
6830 1290.21 -5270.82 618.838 -2.94524
6840 1341.36 -8595.27 619.333 -2.94485
6850 1307.6 -8919.17 619.66 -2.94471
6860 1265.12 -9128.33 619.808 -2.94475
6870 1270.37 -10231.8 619.776 -2.94486
6880 1299.46 -10803.3 619.544 -2.94505
6890 1303 -8488.15 619.111 -2.94537
6900 1245.25 -5555.56 618.521 -2.94577
6910 1136.76 -3022.33 617.834 -2.94605
6920 1106.65 -2720.57 617.1 -2.94604
6930 1215.88 -4611.11 616.324 -2.94579
6940 1352.34 -6332.9 615.474 -2.94553
6950 1369.42 -5002.02 614.524 -2.94553
6960 1268.08 1560.71 613.507 -2.94572
6970 1219.97 6414.34 612.539 -2.94582
6980 1279.73 7070.73 611.709 -2.94585
6990 1294.9 8861.54 611.041 -2.94591
7000 1250.17 8502.6 610.557 -2.94607
7010 1170.54 7990.76 610.251 -2.94619
7020 1187.59 5806.49 610.108 -2.94618
7030 1268.69 2293.04 610.083 -2.94607
7040 1282.16 1735.81 610.113 -2.94599
7050 1244.28 3971.77 610.187 -2.94598
7060 1232.58 3164.97 610.336 -2.94598
7070 1219.86 3933.61 610.554 -2.94595
7080 1222.46 2821.7 610.847 -2.94586
7090 1237.72 -380.151 611.192 -2.94571
7100 1269.2 -2543.09 611.532 -2.94554
7110 1315.31 -3512.4 611.825 -2.94543
7120 1378.35 -4898.16 612.049 -2.9455
7130 1412.89 -3060.92 612.186 -2.94589
7140 1389.03 1353.61 612.273 -2.94666
7150 1323.89 4197.7 612.386 -2.94764
7160 1224.22 7558.06 612.588 -2.94863
7170 1129.32 9455.67 612.938 -2.94941
7180 1061.13 8605.92 613.468 -2.94984
7190 1015.62 8339.44 614.167 -2.94987
7200 1051.8 5537.45 615.021 -2.94947
7210 1175.38 2863.47 615.978 -2.94869
7220 1294.47 1649.68 616.987 -2.94774
7230 1291.56 2012.73 618.024 -2.94694
7240 1174 3917.6 619.096 -2.94638
7250 1116.35 3650.95 620.235 -2.94583
7260 1178.36 1251.55 621.432 -2.94508
7270 1250.77 301.065 622.649 -2.9442
7280 1291.12 -2586.56 623.857 -2.94335
7290 1272.71 -4608.35 625.005 -2.94263
7300 1233.77 -5307.24 626.051 -2.94205
7310 1220.76 -8105.45 626.976 -2.94149
7320 1224.37 -9049.33 627.732 -2.94091
7330 1304.8 -12236.5 628.291 -2.94037
7340 1404.4 -15700.2 628.596 -2.94003
7350 1449.27 -17429.5 628.581 -2.94019
7360 1418.29 -15920.6 628.219 -2.94096
7370 1330.04 -13038.8 627.542 -2.94209
7380 1256.89 -10148.9 626.614 -2.94324
7390 1330.74 -8637.93 625.496 -2.94432
7400 1487.86 -9187.25 624.223 -2.94563
7410 1543.56 -8819.93 622.791 -2.94754
7420 1455.4 -5810.46 621.217 -2.94994
7430 1307.99 -3223.08 619.559 -2.95231
7440 1185.18 -1663.94 617.869 -2.95426
7450 1109.13 -100.202 616.181 -2.95563
7460 1082.23 2885.05 614.528 -2.95641
7470 1097.62 3943.85 612.963 -2.95667
7480 1142.3 3424.37 611.503 -2.95658
7490 1207.97 4261.51 610.144 -2.95627
7500 1249.73 5732.97 608.896 -2.95587
7510 1179.17 7421.63 607.786 -2.95545
7520 1015.51 10896.3 606.848 -2.9549
7530 1016.2 7824.52 606.127 -2.95405
7540 1224.88 676.459 605.563 -2.95289
7550 1352.32 -413.167 605.04 -2.9517
7560 1287.59 -773.742 604.522 -2.95084
7570 1103.92 2817.33 604.01 -2.95021
7580 1014.25 8510.89 603.568 -2.94943
7590 1094.81 10157.4 603.292 -2.94833
7600 1219.64 11339.4 603.218 -2.94699
7610 1256.93 13358.6 603.367 -2.9457
7620 1195.87 14272.4 603.772 -2.94468
7630 1144.73 13705.5 604.445 -2.94382
7640 1115.05 14666.9 605.379 -2.94299
7650 1157.67 12839.2 606.582 -2.94213
7660 1200.34 8433.44 608.017 -2.94115
7670 1197.66 5023.05 609.604 -2.94011
7680 1207.91 2412.94 611.276 -2.93904
7690 1259.49 -123.465 612.979 -2.93796
7700 1297.57 -3087.34 614.662 -2.93693
7710 1270.71 -2872.95 616.276 -2.93606
7720 1246.4 -1956.72 617.818 -2.9354
7730 1300.9 -4654.84 619.299 -2.93483
7740 1293.12 -6007.81 620.677 -2.93433
7750 1227.13 -4926.56 621.925 -2.934
7760 1158.99 -5612.37 623.058 -2.93367
7770 1141.69 -6505.77 624.066 -2.9332
7780 1171.28 -6263.14 624.936 -2.93255
7790 1219.97 -5984.07 625.67 -2.93182
7800 1228.7 -4562.29 626.279 -2.9311
7810 1173.66 -2248.03 626.792 -2.93045
7820 1099.4 -1772.27 627.254 -2.92976
7830 1083.46 -2945.44 627.674 -2.92889
7840 1149.54 -5678.3 628.03 -2.92779
7850 1213.12 -8186.71 628.269 -2.92654
7860 1235.04 -10903.9 628.34 -2.92535
7870 1221.53 -12189.1 628.193 -2.92432
7880 1196.03 -10795 627.807 -2.92344
7890 1160.83 -8345.42 627.212 -2.92261
7900 1109.53 -4449.99 626.464 -2.92173
7910 1071.04 -3036.2 625.636 -2.9207
7920 1055.4 -1892.3 624.765 -2.91947
7930 1074.05 -1473.68 623.873 -2.91804
7940 1158.44 -2631.66 622.968 -2.9164
7950 1265.62 -2886.33 622.03 -2.9147
7960 1318.23 -2312.84 621.056 -2.91315
7970 1397.59 -3989.03 620.055 -2.91197
7980 1391.72 -2231.48 619.001 -2.91129
7990 1311.63 3392.15 617.934 -2.91099
8000 1220.65 8422.49 616.957 -2.91078
8010 1207.32 11328.3 616.165 -2.9105
8020 1258.7 11704.7 615.61 -2.91019
8030 1291.22 14656.8 615.306 -2.90996
8040 1311.35 16622 615.302 -2.90993
8050 1333.79 14820.8 615.625 -2.91014
8060 1330.83 12049 616.241 -2.91062
8070 1239.39 11639 617.098 -2.91125
8080 1154.29 8799.02 618.178 -2.91178
8090 1231.97 2307.8 619.416 -2.91201
8100 1422.45 -2267.09 620.693 -2.91212
8110 1501.89 -3314.36 621.921 -2.91259
8120 1363.51 -539.05 623.078 -2.91361
8130 1130.77 4301.51 624.219 -2.91467
8140 1083.55 4405.17 625.428 -2.91538
8150 1163.78 1391.48 626.712 -2.91564
8160 1322.35 -3469.89 628.009 -2.91564
8170 1416.92 -5909.74 629.229 -2.9157
8180 1452.64 -10132.1 630.31 -2.91614
8190 1398.77 -8145.27 631.186 -2.917
8200 1313.73 -5121.77 631.887 -2.91811
8210 1307.89 -5193.49 632.471 -2.91925
8220 1243.3 -4949.47 632.946 -2.92032
8230 1164.31 -5227.37 633.314 -2.92118
8240 1155.08 -5515.96 633.572 -2.92171
8250 1241.18 -6164.2 633.715 -2.92202
8260 1340.58 -7196.77 633.732 -2.92231
8270 1377.18 -7110.56 633.605 -2.92281
8280 1341.44 -4881.58 633.341 -2.92354
8290 1327.88 -3156.98 632.984 -2.92441
8300 1264.67 -567.108 632.573 -2.92532
8310 1102.91 5384.36 632.17 -2.92599
8320 1001.99 6951.55 631.882 -2.92623
8330 974.566 5156.5 631.742 -2.92597
8340 1040.41 1267.04 631.711 -2.92527
8350 1148.67 -2599.72 631.713 -2.92419
8360 1300.69 -7026.09 631.663 -2.92295
8370 1358.61 -7674.3 631.481 -2.9219
8380 1257.15 -4383.25 631.154 -2.92124
8390 1084.29 -530.988 630.748 -2.92071
8400 995.603 -669.351 630.335 -2.92
8410 1040.72 -2653.03 629.915 -2.91897
8420 1133.62 -4085.03 629.453 -2.91761
8430 1164.27 -4549.33 628.919 -2.91612
8440 1097.18 -1730.06 628.311 -2.91464
8450 1030.48 521.827 627.68 -2.91313
8460 1085.14 915.227 627.072 -2.91144
8470 1225.58 -946.391 626.493 -2.90953
8480 1355.92 -3256.33 625.908 -2.90765
8490 1427.69 -6360.98 625.269 -2.90623
8500 1397.73 -4955.44 624.526 -2.90545
8510 1298.37 -1817.8 623.701 -2.90514
8520 1229.06 -839.69 622.855 -2.905
8530 1185.05 -166.521 622.01 -2.90482
8540 1216.45 181.276 621.18 -2.90453
8550 1369.9 -2724.7 620.367 -2.90425
8560 1459.02 -4430.09 619.519 -2.90434
8570 1375.71 -2449.93 618.609 -2.9049
8580 1201.26 1622.47 617.675 -2.90558
8590 1129.77 5114.65 616.792 -2.90595
8600 1196.77 7360.18 616.026 -2.90602
8610 1285.44 10932.2 615.427 -2.90594
8620 1411.4 11844.7 615.054 -2.90599
8630 1442.62 11236.2 614.924 -2.9065
8640 1304.33 14285.7 615.031 -2.90741
8650 1118.25 19187.1 615.428 -2.90831
8660 1189.72 15996.3 616.191 -2.90899
8670 1439.74 8955.16 617.259 -2.90958
8680 1562.05 7154.93 618.51 -2.91059
8690 1551.27 7924.45 619.897 -2.91239
8700 1459.82 10805 621.438 -2.91483
8710 1342.96 11762.8 623.181 -2.91749
8720 1266.74 8700.06 625.141 -2.91995
8730 1214.69 4785.16 627.262 -2.92194
8740 1215.08 -787.609 629.457 -2.92341
8750 1235.85 -5931.94 631.618 -2.9244
8760 1244.39 -10837.7 633.634 -2.92501
8770 1223.92 -12874.3 635.408 -2.92538
8780 1197.8 -13743.5 636.895 -2.92559
8790 1161.15 -10682.9 638.084 -2.92569
8800 1127.3 -7670.42 639.034 -2.92566
8810 1135.72 -8421.81 639.805 -2.92541
8820 1143.71 -9320.12 640.39 -2.92495
8830 1189.53 -13070.1 640.766 -2.92433
8840 1289.15 -17848 640.86 -2.92369
8850 1375.36 -19033.2 640.582 -2.92331
8860 1405.1 -16905.9 639.912 -2.92342
8870 1365.9 -13523.9 638.901 -2.92399
8880 1300.7 -9923.27 637.625 -2.92477
8890 1260.33 -7685.93 636.164 -2.92556
8900 1220.79 -6178.09 634.571 -2.92625
8910 1149.38 -5677.48 632.879 -2.92678
8920 1079.5 -3102.21 631.109 -2.92697
8930 1096.95 -1331.23 629.31 -2.92676
8940 1163.23 -1071.32 627.518 -2.92624
8950 1164.87 1586.91 625.746 -2.92553
8960 1045.48 6301.36 624.049 -2.9246
8970 1076.59 6699.93 622.506 -2.92338
8980 1256.63 2948.99 621.124 -2.92194
8990 1415.76 1216.31 619.835 -2.9206
9000 1487.46 2173.8 618.604 -2.91979
9010 1419.84 7525.64 617.453 -2.91961
9020 1225.68 12803 616.476 -2.91974
9030 1003.37 17445.4 615.775 -2.91971
9040 1006.31 17469.3 615.428 -2.91931
9050 1218.39 11481.4 615.425 -2.91858
9060 1413.07 5246.18 615.655 -2.91781
9070 1443.2 1810.38 615.995 -2.91744
9080 1342.61 3040.84 616.382 -2.91759
9090 1274.27 3408.18 616.826 -2.91797
9100 1280.93 2967.42 617.336 -2.91838
9110 1297.03 679.18 617.899 -2.91881
9120 1230.11 649.807 618.478 -2.91924
9130 1169.08 1343.05 619.069 -2.91955
9140 1249.28 -2011.24 619.674 -2.91967
9150 1391.46 -3910.87 620.239 -2.91979
9160 1401.94 -2301.37 620.73 -2.92021
9170 1397.52 -3263.34 621.168 -2.92098
9180 1359.88 -2455.98 621.543 -2.922
9190 1336.47 -2708.18 621.868 -2.92315
9200 1309.16 -2106.48 622.14 -2.92434
9210 1254.84 -956.074 622.373 -2.92546
9220 1221.16 -904.324 622.585 -2.92642
9230 1188.33 1949.73 622.787 -2.92718
9240 1131.2 5264 623.031 -2.92768
9250 1068 6464.52 623.38 -2.92787
9260 1117.89 2905.9 623.852 -2.9277
9270 1254.29 -3994.27 624.374 -2.92723
9280 1325.97 -7070.21 624.821 -2.92673
9290 1319.29 -8017.38 625.125 -2.92645
9300 1240.47 -5082.92 625.275 -2.92638
9310 1202.72 -4373.15 625.319 -2.92632
9320 1229.87 -4370.04 625.277 -2.92619
9330 1289.29 -3991.7 625.154 -2.92604
9340 1323.33 -4879.61 624.953 -2.92601
9350 1293.6 -5987.83 624.662 -2.92614
9360 1269.84 -7437.89 624.258 -2.9264
9370 1294.94 -8287.75 623.717 -2.9267
9380 1405.06 -11575.8 623.015 -2.9272
9390 1469.79 -12721.1 622.101 -2.92815
9400 1412.89 -10828.1 620.956 -2.92962
9410 1257.08 -4348.38 619.627 -2.93113
9420 1188.07 -523.658 618.234 -2.93224
9430 1296.08 -1573.54 616.85 -2.93312
9440 1428.26 -996.804 615.469 -2.93409
9450 1483.46 -1133.74 614.095 -2.93545
9460 1413.04 498.549 612.732 -2.93719
9470 1308.59 4632.16 611.414 -2.93892
9480 1297.17 7123.51 610.211 -2.94042
9490 1311.55 7202.11 609.167 -2.94182
9500 1262.14 7837.88 608.288 -2.94312
9510 1231.21 7187.74 607.578 -2.94423
9520 1255.14 4219.45 607.019 -2.9452
9530 1312 1723.65 606.556 -2.94609
9540 1371.77 2172.14 606.144 -2.94711
9550 1247.21 7026.61 605.794 -2.94817
9560 1028.68 11554.6 605.588 -2.94892
9570 954.997 14398.3 605.61 -2.94911
9580 1196.31 8039.27 605.894 -2.94885
9590 1466.64 -205.715 606.331 -2.94843
9600 1545.89 -4494.3 606.77 -2.94851
9610 1438.3 -2900.59 607.134 -2.94932
9620 1307.45 -138.539 607.445 -2.95046
9630 1243.97 942.779 607.75 -2.95154
9640 1227.59 1992.39 608.075 -2.95244
9650 1251.66 2395.59 608.437 -2.95318
9660 1279.67 3530.98 608.848 -2.95387
9670 1226.07 4057.88 609.325 -2.95453
9680 1102.17 6347.2 609.883 -2.955
9690 1113.1 3528.28 610.553 -2.95514
9700 1239.51 -2044.85 611.284 -2.95495
9710 1353.96 -7307.26 611.968 -2.95467
9720 1347.68 -8199.02 612.515 -2.95461
9730 1238.1 -7167.27 612.901 -2.95479
9740 1141.24 -7761 613.144 -2.9549
9750 1161.78 -8499.02 613.234 -2.95482
9760 1213.98 -6261.32 613.168 -2.95457
9770 1251.32 -4421.19 612.984 -2.95428
9780 1217.55 -919.846 612.724 -2.954
9790 1152.99 2516.56 612.454 -2.95368
9800 1078.68 4323.63 612.241 -2.95321
9810 1017.37 5236.7 612.118 -2.95249
9820 994.49 7602.66 612.107 -2.95147
9830 1083.17 6390.4 612.243 -2.95012
9840 1189.88 2673.12 612.502 -2.94849
9850 1208.43 2455.46 612.823 -2.94684
9860 1199.84 2688.24 613.192 -2.94533
9870 1237.43 1007.38 613.61 -2.94392
9880 1295.44 -475.682 614.049 -2.94263
9890 1338.09 -990.221 614.479 -2.94157
9900 1364.79 -1282.04 614.89 -2.94085
9910 1393.37 -2477.87 615.274 -2.94051
9920 1418.66 -4301.26 615.608 -2.94058
9930 1374.94 -3948.55 615.863 -2.94105
9940 1240.14 -1846.97 616.045 -2.94172
9950 1105.99 -182.784 616.192 -2.94221
9960 1078.58 -2420.24 616.33 -2.94234
9970 1095.68 -1012.71 616.431 -2.94211
9980 1169.81 -1424.37 616.511 -2.9416
9990 1243.33 -1991.5 616.567 -2.94093
10000 1311.5 -2317.8 616.588 -2.94032
