# Time-averaged data for fix 4
# TimeStep c_mytemp c_mypress v_vmyvol v_avgEtotal
10 993.663 1364.23 563.529 -3.15214
20 1041.72 -1801.01 563.972 -3.15159
30 1077.41 -3638.74 564.377 -3.15138
40 1069.57 -2629.04 564.706 -3.1516
50 1019.45 -1195.52 564.977 -3.15215
60 965.88 62.6938 565.223 -3.15284
70 930.381 493.731 565.471 -3.15352
80 899.618 1189.04 565.732 -3.1541
90 860.628 2294.17 566.022 -3.15453
100 841.681 2269.85 566.362 -3.15476
110 861.559 1378.8 566.753 -3.1548
120 903.421 100.281 567.173 -3.15469
130 928.738 -1575.45 567.594 -3.15452
140 927.721 -2992.76 567.979 -3.15437
150 936.009 -4797.47 568.295 -3.15423
160 965.876 -6211.16 568.503 -3.15415
170 992.497 -6798.82 568.573 -3.15418
180 995.19 -7649.68 568.491 -3.1544
190 976.41 -6190.52 568.246 -3.15477
200 946.23 -2992.56 567.872 -3.15521
210 911.925 -257.927 567.439 -3.15561
220 879.08 1770.3 567.011 -3.1559
230 840.894 2399.3 566.63 -3.15603
240 819.329 2850.96 566.314 -3.15596
250 852.584 3273.11 566.072 -3.15568
260 935.241 1862.99 565.908 -3.15529
270 982.361 234.975 565.793 -3.15495
280 939.301 834.5 565.695 -3.15477
290 858.79 2045.66 565.623 -3.15464
300 824.646 2021.61 565.601 -3.1544
310 873.251 387.868 565.626 -3.15401
320 950.327 -1506.19 565.664 -3.15353
330 998.015 -3037 565.673 -3.15314
340 1021.58 -4094.15 565.618 -3.15298
350 1007.19 -3856.52 565.481 -3.15307
360 1012.63 -4611.88 565.262 -3.15337
370 1043.83 -4942.55 564.947 -3.1539
380 1048.59 -3835.22 564.535 -3.15467
390 997.885 -1299.97 564.05 -3.15563
400 921.317 2141.3 563.55 -3.15654
410 875.236 4190.76 563.108 -3.15725
420 882.877 5423.34 562.77 -3.15774
430 906.721 5905.78 562.561 -3.1581
440 895.166 7389.81 562.494 -3.15837
450 857.104 9028.55 562.598 -3.15854
460 831.842 9810.57 562.906 -3.1586
470 835.036 8199.84 563.429 -3.1585
480 868.671 4683.2 564.13 -3.15823
490 929.515 153.015 564.93 -3.15782
500 980.867 -3604.31 565.73 -3.1574
510 958.946 -3645.68 566.451 -3.15711
520 851.531 -1152.07 567.09 -3.15695
530 748.528 2000.34 567.701 -3.1567
540 772.629 616.16 568.344 -3.15622
550 889.296 -3752.04 568.992 -3.15541
560 998.04 -8454.86 569.549 -3.15449
570 1052.75 -11459.6 569.914 -3.15379
580 1053.66 -11941.2 570.021 -3.15353
590 1003.76 -10434.5 569.862 -3.15368
600 936.778 -7649.88 569.474 -3.15403
610 903.031 -6290.38 568.919 -3.15436
620 929.292 -6847.23 568.229 -3.15464
630 977.343 -8204.27 567.398 -3.15495
640 989.015 -7764.87 566.401 -3.1554
650 942.233 -5201.92 565.255 -3.15593
660 849.316 -1429.52 564.016 -3.15635
670 787.992 2825.84 562.772 -3.15643
680 847.873 4703.86 561.61 -3.15619
690 992.107 4621.25 560.573 -3.15579
700 1098.21 3802.74 559.659 -3.15558
710 1086.16 4225.8 558.851 -3.15584
720 978.992 6259.1 558.158 -3.15643
730 855.928 10268.4 557.622 -3.15696
740 800.82 13346.1 557.323 -3.15725
750 808.455 15011.2 557.323 -3.15731
760 844.572 15227 557.653 -3.15723
770 876.99 13093.5 558.314 -3.15708
780 902.87 8697.58 559.255 -3.15687
790 941.932 4622.55 560.383 -3.1566
800 998.43 -455.744 561.601 -3.15633
810 1039.44 -3261.78 562.805 -3.15617
820 1027.27 -3750.8 563.931 -3.15628
830 983.282 -5076.37 564.961 -3.1566
840 912.46 -4730.86 565.873 -3.15697
850 842.819 -4404.76 566.669 -3.15725
860 829.311 -4108.62 567.361 -3.1573
870 932.498 -7213.46 567.947 -3.15717
880 1043.72 -9384.74 568.368 -3.15706
890 1061.18 -9524.94 568.579 -3.15727
900 987.243 -7573.6 568.578 -3.1578
910 897.445 -3646.24 568.414 -3.15838
920 833.152 -499.054 568.172 -3.15878
930 794.78 1331.44 567.924 -3.15892
940 789.835 1081.83 567.711 -3.15877
950 839.749 -277.856 567.528 -3.15838
960 937.954 -3466.7 567.342 -3.15785
970 1001.05 -5317.87 567.087 -3.15739
980 970.68 -4355.57 566.727 -3.15715
990 881.554 -2221.56 566.28 -3.15705
1000 810.943 429.315 565.796 -3.15687
1010 805.096 2157.42 565.331 -3.15648
1020 857.881 2582.96 564.924 -3.15589
1030 928.058 3029.87 564.586 -3.1552
1040 961.939 3581.65 564.326 -3.15456
1050 926.298 3779.63 564.155 -3.15407
1060 868.777 3304.07 564.075 -3.15368
1070 867.139 2690.47 564.075 -3.15325
1080 930.656 1060.07 564.138 -3.15275
1090 1005.05 -1729.48 564.227 -3.1523
1100 1048.05 -3478.94 564.283 -3.15209
1110 1049.63 -4908.65 564.266 -3.15221
1120 1034.57 -4708.57 564.147 -3.15265
1130 1012.37 -1618.46 563.935 -3.1533
1140 972.643 2001.38 563.697 -3.15406
1150 914.5 5149.1 563.511 -3.15477
1160 853.444 6863.14 563.446 -3.15533
1170 826.931 7913.57 563.539 -3.15566
1180 844.006 7688.29 563.81 -3.15578
1190 874.142 5688.23 564.251 -3.15574
1200 879.553 3230.35 564.818 -3.15558
1210 858.629 1220.93 565.457 -3.15532
1220 841.736 1368.18 566.122 -3.15496
1230 844.361 2295.09 566.817 -3.15449
1240 893.782 1017.96 567.555 -3.15392
1250 910.272 -884.571 568.31 -3.15329
1260 884.187 -2575.07 569.04 -3.15268
1270 851.273 -3327.95 569.709 -3.15206
1280 852.357 -3736.35 570.297 -3.15139
1290 880.671 -3953.2 570.797 -3.15064
1300 897.213 -4143.13 571.203 -3.14987
1310 878.888 -3616.21 571.515 -3.14914
1320 840.062 -2157.76 571.746 -3.14843
1330 820.136 -1753.5 571.927 -3.14767
1340 860.433 -3812.24 572.064 -3.14681
1350 944.161 -7075.89 572.112 -3.14587
1360 997.326 -8320.9 572.006 -3.14506
1370 981.034 -7636.97 571.718 -3.14453
1380 946.729 -6382.25 571.265 -3.14424
1390 952.636 -6498.42 570.674 -3.14408
1400 1016.43 -7616.86 569.945 -3.14405
1410 1116.82 -8273.1 569.06 -3.14434
1420 1161.5 -7750.35 568.008 -3.14518
1430 1082.29 -5420.61 566.806 -3.14653
1440 930.775 -40.6137 565.513 -3.14789
1450 839.108 3829.99 564.242 -3.14884
1460 840.077 5907.02 563.079 -3.14939
1470 884.458 6682.71 562.07 -3.14967
1480 914.614 6707.66 561.229 -3.14984
1490 915.968 5159.52 560.552 -3.14997
1500 911.979 3896.37 560.006 -3.15008
1510 958.191 3680.89 559.561 -3.15017
1520 1068.24 3112.26 559.209 -3.15037
1530 1177.97 2441.36 558.936 -3.15099
1540 1212.07 1655.1 558.726 -3.1523
1550 1151.68 2567.15 558.566 -3.15425
1560 1022.27 5143.32 558.474 -3.15638
1570 871.048 7863.98 558.503 -3.15821
1580 739.376 10302.4 558.708 -3.15947
1590 650.415 13058.7 559.143 -3.16015
1600 672.86 11646.8 559.856 -3.16036
1610 773.275 8161.49 560.817 -3.16014
1620 867 4644.39 561.952 -3.15957
1630 924.465 721.95 563.18 -3.15883
1640 942.341 -1501.44 564.418 -3.1581
1650 934.787 -2038.34 565.615 -3.15746
1660 916.916 -1873.85 566.757 -3.15694
1670 895.46 -2331.18 567.845 -3.15647
1680 871.643 -3788.36 568.87 -3.15599
1690 857.758 -5276.97 569.799 -3.15544
1700 869.212 -6425.28 570.601 -3.1548
1710 899.706 -7987.32 571.247 -3.15411
1720 914.645 -7850.66 571.709 -3.15344
1730 898.302 -7279.42 571.989 -3.15285
1740 867.314 -6443.9 572.102 -3.15231
1750 848.073 -5213.69 572.07 -3.15175
1760 854.152 -5187.39 571.92 -3.15113
1770 880.018 -7019.78 571.653 -3.15045
1780 915.041 -7925.57 571.236 -3.14977
1790 938.446 -6669.34 570.651 -3.14917
1800 931.375 -3516.73 569.931 -3.14867
1810 905.56 -328.206 569.146 -3.14822
1820 881.236 2237.37 568.371 -3.14775
1830 906.892 410.869 567.654 -3.14726
1840 953.387 -1768.27 566.963 -3.14681
1850 982.9 -2268.43 566.251 -3.14649
1860 957.728 -258.788 565.508 -3.14633
1870 888.035 3548.69 564.781 -3.14622
1880 837.804 6101.23 564.147 -3.14601
1890 879.896 5390.54 563.658 -3.14566
1900 1031.66 1114.47 563.295 -3.14529
1910 1195.31 -3133.7 562.968 -3.14526
1920 1227.91 -2727.77 562.591 -3.14603
1930 1109.26 -257.885 562.169 -3.14749
1940 968.388 2942.15 561.756 -3.14905
1950 919.162 4251.79 561.415 -3.15039
1960 943.878 3888.38 561.176 -3.15153
1970 954.66 3692.1 561.033 -3.15259
1980 920.499 4165.8 560.98 -3.15355
1990 861.638 5766.82 561.028 -3.15432
2000 842.657 7359.05 561.207 -3.15484
2010 876.931 7916.49 561.551 -3.15517
2020 911.494 7121.26 562.068 -3.15539
2030 912.527 5344.9 562.74 -3.15556
2040 887.901 3149.2 563.527 -3.15566
2050 871.879 1590.72 564.381 -3.15565
2060 882.764 -371.209 565.263 -3.15551
2070 916.111 -1710.73 566.132 -3.15527
2080 962.953 -3646.52 566.954 -3.15501
2090 998.56 -6314.16 567.686 -3.15484
2100 1010.17 -9009.66 568.27 -3.15484
2110 1001.8 -10140.2 568.648 -3.15506
2120 967.206 -8961.59 568.8 -3.15545
2130 925.417 -7251.36 568.751 -3.15591
2140 900.011 -5447.17 568.542 -3.15631
2150 899.206 -4384.91 568.215 -3.15661
2160 903.023 -2917.73 567.799 -3.15683
2170 883.819 -1308.56 567.328 -3.15694
2180 856.554 -512.781 566.837 -3.15694
2190 860.706 6.6153 566.347 -3.15679
2200 919.354 -474.819 565.866 -3.15653
2210 992.034 -441.879 565.389 -3.15628
2220 1010.99 207.985 564.914 -3.15621
2230 962.968 1130.41 564.458 -3.15633
2240 901.779 1101.65 564.038 -3.1565
2250 882.056 1193.88 563.653 -3.15661
2260 904.981 1325.18 563.306 -3.15662
2270 936.782 1969.63 562.999 -3.15658
2280 956.746 2411.83 562.746 -3.15656
2290 966.877 2507.64 562.555 -3.15663
2300 972.207 1450.06 562.425 -3.15679
2310 960.179 597.144 562.336 -3.15704
2320 926.341 67.0759 562.267 -3.15733
2330 869.833 1849.14 562.209 -3.15757
2340 834.172 3938.59 562.199 -3.15765
2350 858.403 4605.32 562.279 -3.15754
2360 957.838 2800.92 562.461 -3.15732
2370 1078.88 -1418.98 562.702 -3.1572
2380 1141.96 -4438.8 562.917 -3.15748
2390 1109.1 -4732.08 563.04 -3.15831
2400 996.683 -1379.18 563.069 -3.15945
2410 869.13 3295.79 563.074 -3.16049
2420 783.3 6506.36 563.156 -3.16119
2430 771.944 6033.66 563.378 -3.16151
2440 796.02 3323.01 563.734 -3.16151
2450 822.779 -17.5806 564.161 -3.16122
2460 858.936 -2216.61 564.59 -3.16073
2470 912.547 -3450.56 564.969 -3.16014
2480 948.389 -2876.2 565.273 -3.15957
2490 938.236 -2745.81 565.512 -3.15911
2500 915.657 -2262.1 565.693 -3.15874
2510 979.199 -4758.3 565.818 -3.15843
2520 1113.13 -9028.09 565.836 -3.15831
2530 1183.03 -11084.3 565.659 -3.15876
2540 1108.44 -8766.01 565.249 -3.15989
2550 940.518 -2580.97 564.661 -3.16121
2560 787.719 3826.84 564.029 -3.16214
2570 727.746 6862.04 563.491 -3.16256
2580 736.395 7259.89 563.114 -3.16255
2590 749.047 6397.17 562.906 -3.1622
2600 758.504 5424.85 562.848 -3.16159
2610 800.914 4248.67 562.916 -3.16073
2620 883.674 2772.06 563.082 -3.15969
2630 964.977 405.083 563.31 -3.15861
2640 1018.67 -2199.04 563.549 -3.15769
2650 1057.34 -4303.37 563.742 -3.15709
2660 1082.97 -5918.82 563.842 -3.15692
2670 1087.98 -5899.95 563.817 -3.15721
2680 1050.49 -4445.16 563.668 -3.15788
2690 967.569 -1149.32 563.43 -3.15874
2700 858.643 1781.51 563.175 -3.15949
2710 771.78 5466.34 562.969 -3.15993
2720 734.479 7818.92 562.891 -3.15999
2730 758.307 6353.35 562.985 -3.15972
2740 836.362 3120.16 563.22 -3.15916
2750 933.324 478.988 563.528 -3.15842
2760 992.239 -851.864 563.851 -3.15773
2770 979.108 -1575.42 564.156 -3.15726
2780 918.802 -741.35 564.429 -3.15697
2790 885.654 451.171 564.689 -3.15674
2800 930.87 -916.302 564.953 -3.15648
2810 1013.24 -1564.19 565.202 -3.15625
2820 1076.04 -4087.1 565.412 -3.15626
2830 1054.12 -5380.8 565.535 -3.15665
2840 961.821 -3742.72 565.546 -3.15728
2850 860.7 -595.025 565.481 -3.15786
2860 799.087 1891.09 565.407 -3.15819
2870 768.482 3038.07 565.378 -3.15821
2880 759.565 1853.97 565.418 -3.15794
2890 805.699 -787.628 565.5 -3.15738
2900 904.555 -3142.07 565.568 -3.15661
2910 1006.69 -4172.99 565.572 -3.15582
2920 1071.18 -4963.85 565.487 -3.15528
2930 1100.47 -5787.93 565.297 -3.15521
2940 1094.65 -5707.28 564.986 -3.15564
2950 1031.21 -4320.91 564.56 -3.15644
2960 916.883 -1108.52 564.051 -3.15732
2970 824.558 1958.07 563.53 -3.15795
2980 813.529 3144.01 563.062 -3.15825
2990 857.919 2040.38 562.67 -3.1583
3000 909.643 1523.36 562.336 -3.15821
3010 931.759 2390.81 562.048 -3.15808
3020 919.913 3434.47 561.823 -3.15797
3030 939.474 3178.06 561.68 -3.15787
3040 1015.44 1840.5 561.613 -3.15784
3050 1066.82 657.058 561.593 -3.15806
3060 1014.24 451.625 561.596 -3.15859
3070 877.42 2385.12 561.618 -3.15919
3080 768.834 5774.11 561.701 -3.15955
3090 799.659 5970.38 561.909 -3.15959
3100 907.408 3685.07 562.248 -3.15939
3110 994.681 -339.02 562.665 -3.15913
3120 1016.75 -2454.13 563.078 -3.15903
3130 993.055 -1623.31 563.442 -3.15916
3140 968.332 -1040.37 563.77 -3.15944
3150 952.028 -2249.74 564.071 -3.15979
3160 927.884 -2388.69 564.325 -3.16013
3170 929.885 -2419.8 564.527 -3.16044
3180 955.398 -3011.69 564.676 -3.16073
3190 967.358 -3675.17 564.759 -3.16106
3200 949.292 -2745.39 564.767 -3.16145
3210 917.912 -455.623 564.72 -3.16183
3220 887.508 1725.49 564.669 -3.16213
3230 855.76 1853.69 564.658 -3.1623
3240 826.852 848.825 564.691 -3.16229
3250 813.463 144.67 564.748 -3.16209
3260 825.8 373.851 564.814 -3.16169
3270 847.506 793.667 564.892 -3.16113
3280 869.202 418.13 564.99 -3.16046
3290 906.601 -1705.82 565.097 -3.15974
3300 975.631 -4373.49 565.168 -3.15905
3310 1050.83 -6516.87 565.146 -3.15855
3320 1084.29 -7403.94 564.984 -3.15843
3330 1047.48 -6410.69 564.667 -3.15876
3340 958.403 -2557.12 564.222 -3.15933
3350 868.479 490.118 563.729 -3.15983
3360 810.856 3182.76 563.259 -3.16009
3370 814.857 4402.35 562.868 -3.16006
3380 922.787 1123.62 562.577 -3.15985
3390 1003.67 -844.682 562.323 -3.15964
3400 975.87 408.241 562.066 -3.15962
3410 898.529 1332.89 561.825 -3.15971
3420 840.837 1978.65 561.622 -3.15972
3430 861.412 1024.93 561.467 -3.15956
3440 954.064 -387.612 561.342 -3.1593
3450 1056.77 -2035.91 561.213 -3.15914
3460 1088.68 -1118.12 561.052 -3.15933
3470 1038.56 660.292 560.875 -3.15989
3480 963.572 2134.94 560.721 -3.16062
3490 909.423 3595.95 560.621 -3.16132
3500 863.869 5055.67 560.607 -3.16186
3510 814.189 6162.47 560.71 -3.16217
3520 790.691 6679.58 560.952 -3.16224
3530 838.514 4712.88 561.338 -3.16205
3540 952.301 1447.38 561.827 -3.16169
3550 1044.85 -1351.89 562.347 -3.16139
3560 1025.12 -1541.19 562.84 -3.16138
3570 898.703 854.123 563.304 -3.16158
3580 787.709 2248.55 563.783 -3.1617
3590 801.296 1865.09 564.307 -3.16157
3600 917.523 -1124.76 564.866 -3.16119
3610 1038.92 -5568.76 565.394 -3.16075
3620 1099 -7982.54 565.799 -3.16061
3630 1070.45 -6815.91 566.03 -3.16096
3640 951.876 -3546.8 566.114 -3.16159
3650 797.17 177.375 566.123 -3.16212
3660 705.721 2432.72 566.137 -3.16229
3670 753.94 447.816 566.201 -3.16205
3680 873.481 -1248.9 566.279 -3.16149
3690 914.005 -1235.79 566.336 -3.16082
3700 836.747 35.6139 566.371 -3.16019
3710 765.492 1537.95 566.412 -3.15952
3720 813.518 728.959 566.487 -3.15868
3730 941.058 -1814.08 566.578 -3.15763
3740 1032.21 -5052.72 566.63 -3.15664
3750 1040.2 -5267.62 566.579 -3.15601
3760 995.987 -2753.75 566.419 -3.15576
3770 926.742 -145.843 566.204 -3.15572
3780 830.676 3507 565.997 -3.15567
3790 758.138 5594.62 565.873 -3.15544
3800 757.899 5426.14 565.878 -3.15496
3810 838.408 3485.18 566.006 -3.15422
3820 952.972 849.727 566.214 -3.15331
3830 1031.59 -1379.39 566.444 -3.1525
3840 1028.76 -1980.32 566.649 -3.15201
3850 956.206 -1591.62 566.813 -3.15184
3860 883.321 -1113.85 566.944 -3.15178
3870 877.759 -1194.01 567.052 -3.15165
3880 932.546 -2587.7 567.134 -3.15145
3890 972.372 -3884.96 567.161 -3.15129
3900 985.486 -4911.63 567.104 -3.15124
3910 1032.96 -6266.66 566.942 -3.15139
3920 1018.48 -5189.01 566.65 -3.1518
3930 926.513 -2350.39 566.253 -3.15234
3940 811.793 2144.86 565.817 -3.15273
3950 780.124 4090.53 565.435 -3.15281
3960 861.562 2947.28 565.149 -3.1526
3970 995.51 551.907 564.936 -3.15229
3980 1072 -1261.32 564.745 -3.15217
3990 1015.14 541.225 564.541 -3.1524
4000 893.811 2748.95 564.358 -3.15277
4010 841.078 3709.5 564.243 -3.15301
4020 901.058 2066.48 564.211 -3.15307
4030 977.625 465.419 564.231 -3.15308
4040 988.14 -5.99706 564.269 -3.1532
4050 920.196 970.679 564.314 -3.15343
4060 839.513 2204.98 564.386 -3.15359
4070 832.195 1362.04 564.508 -3.15357
4080 930.105 -1736.19 564.658 -3.15337
4090 1066.23 -4862.44 564.771 -3.1532
4100 1138.08 -6401.75 564.783 -3.15341
4110 1104.41 -6561.27 564.659 -3.15418
4120 1009.11 -4323.12 564.399 -3.15529
4130 901.495 -667.061 564.053 -3.15634
4140 824.893 2860.25 563.702 -3.15709
4150 809.491 5949.67 563.425 -3.15749
4160 856.14 6297.23 563.283 -3.15763
4170 910.933 4472.64 563.286 -3.15762
4180 926.988 1993.55 563.392 -3.15757
4190 909 987.125 563.549 -3.15753
4200 892.927 1374.83 563.733 -3.15746
4210 893.673 1823.08 563.951 -3.15733
4220 891.729 1829.42 564.211 -3.15716
4230 878.845 1173.17 564.512 -3.15693
4240 865.3 232.72 564.84 -3.15663
4250 878.031 -592.655 565.173 -3.15624
4260 928.894 -2186.41 565.492 -3.15579
4270 1000.75 -5652.57 565.758 -3.15538
4280 1064.12 -7980.97 565.9 -3.1552
4290 1100.59 -7388.49 565.872 -3.15542
4300 1083.39 -5294.33 565.685 -3.15611
4310 987.363 -3669.82 565.386 -3.15706
4320 849.679 -1658.08 565.015 -3.15793
4330 755.449 -893.914 564.613 -3.15843
4340 757.913 -104.952 564.201 -3.15853
4350 835.283 1200.22 563.799 -3.15829
4360 909.833 1500.68 563.431 -3.15787
4370 929.036 2782.84 563.109 -3.15742
4380 930.532 4185.13 562.86 -3.15704
4390 966.805 3877.1 562.709 -3.15672
4400 1029.62 2192.96 562.65 -3.15657
4410 1057.82 1229.76 562.647 -3.15669
4420 1024.67 2101.86 562.681 -3.15713
4430 961.155 3373.96 562.768 -3.15773
4440 907.117 4574.03 562.934 -3.15832
4450 860.509 4281.72 563.202 -3.15878
4460 796.99 4350.58 563.568 -3.15903
4470 723.915 6485.56 564.036 -3.159
4480 702.852 7098.93 564.643 -3.15867
4490 773.221 4146.38 565.4 -3.158
4500 863.172 1430.4 566.246 -3.157
4510 911.782 -877.884 567.119 -3.15588
4520 898.318 -1316.05 567.971 -3.15483
4530 878.407 -2808.22 568.784 -3.15387
4540 888.764 -4992.86 569.526 -3.15292
4550 936.976 -7326.01 570.149 -3.15199
4560 1003.26 -10254.1 570.599 -3.15116
4570 1057.03 -11782 570.815 -3.15062
4580 1076.14 -11400.6 570.766 -3.15053
4590 1052.8 -9421.15 570.465 -3.1509
4600 979.388 -6145.93 569.959 -3.15154
4610 872.247 -2034.34 569.328 -3.15215
4620 777.319 484.875 568.661 -3.15248
4630 725.638 1198.12 568.014 -3.15246
4640 726.91 2963.13 567.413 -3.15206
4650 815.064 970.449 566.883 -3.15134
4660 923.03 -1156.44 566.388 -3.15042
4670 990.909 -2226.66 565.881 -3.14954
4680 1012.51 -2840.28 565.337 -3.14892
4690 1029.81 -3143.11 564.743 -3.1486
4700 1077.75 -2876.59 564.094 -3.14862
4710 1120.33 58.2596 563.401 -3.14905
4720 1081.43 4019.37 562.728 -3.1499
4730 947.919 7633.89 562.16 -3.15089
4740 814.837 9159.45 561.772 -3.15166
4750 807.155 8977.66 561.595 -3.1521
4760 903.632 6109.53 561.62 -3.1523
4770 968.749 3530.64 561.786 -3.15246
4780 934.711 3346.71 562.037 -3.15267
4790 868.738 5155.28 562.37 -3.15287
4800 867.195 4598.15 562.813 -3.15295
4810 934.244 2193.68 563.354 -3.15291
4820 1024.84 -859.838 563.941 -3.15287
4830 1085.7 -2656.82 564.509 -3.15308
4840 1084.54 -3726.89 565.016 -3.15367
4850 1025.08 -3280.39 565.442 -3.15456
4860 960.662 -2648.15 565.793 -3.15554
4870 922.947 -1684.05 566.086 -3.15644
4880 903.522 -1915.26 566.339 -3.1572
4890 880.558 -1828.22 566.551 -3.15778
4900 862.033 -1732.18 566.723 -3.15818
4910 855.785 -1333.27 566.859 -3.15839
4920 830.997 -1046.14 566.967 -3.15842
4930 784.71 -523.2 567.055 -3.15824
4940 786.874 -1445.15 567.131 -3.15782
4950 886.572 -3897.9 567.174 -3.15718
4960 1028.69 -5755.38 567.134 -3.15647
4970 1085.12 -6357.5 566.972 -3.15606
4980 1013.04 -4713.82 566.677 -3.1561
4990 896.124 -743.06 566.291 -3.15632
5000 853.155 895.136 565.893 -3.15643
5010 910.678 -873.009 565.519 -3.1564
5020 1002.12 -3588.18 565.135 -3.15636
5030 1054.46 -4505.3 564.683 -3.15654
5040 1034.46 -3734.56 564.146 -3.15702
5050 975.631 -672.898 563.543 -3.15768
5060 926.432 2926.75 562.94 -3.1583
5070 890.53 4967.2 562.413 -3.1588
5080 839.53 6371.16 562.009 -3.15912
5090 786.625 8350.65 561.759 -3.1592
5100 781.475 9916.02 561.701 -3.15903
5110 815.661 9947.42 561.867 -3.15864
5120 842.91 8403.61 562.254 -3.1581
5130 857.073 6913.17 562.829 -3.15747
5140 896.179 4498.19 563.553 -3.15677
5150 971.601 1301.52 564.373 -3.15604
5160 1015.47 -2363.25 565.215 -3.15543
5170 992.207 -3527.17 566.004 -3.15506
5180 950.963 -3919.21 566.71 -3.15491
5190 920.907 -4399.14 567.322 -3.15483
5200 905.845 -4429.95 567.832 -3.15476
5210 919.551 -5274.91 568.238 -3.15466
5220 953.256 -5890.23 568.523 -3.15457
5230 981.136 -7224.87 568.673 -3.15456
5240 976.595 -8316.59 568.663 -3.1547
5250 954.052 -8526.47 568.468 -3.15498
5260 931.126 -5707.7 568.094 -3.1553
5270 924.155 -2564.09 567.6 -3.15559
5280 896.388 54.3696 567.06 -3.1558
5290 843.278 1919.69 566.532 -3.15589
5300 828.203 2626.49 566.058 -3.15578
5310 878.312 2516.31 565.653 -3.1555
5320 937.088 1867.5 565.315 -3.15514
5330 950.389 647.547 565.028 -3.15483
5340 937.361 -298.68 564.765 -3.15462
5350 957.784 -1732.38 564.503 -3.15449
5360 1019.39 -2450.3 564.213 -3.15448
5370 1061.21 -2212.71 563.879 -3.15471
5380 1026.76 -987.719 563.507 -3.15525
5390 946.747 495.116 563.125 -3.15591
5400 890.781 1590.65 562.764 -3.15649
5410 880.53 2103.89 562.448 -3.15691
5420 872.166 3278.43 562.188 -3.15718
5430 832.248 5131.45 562.012 -3.15726
5440 831.894 4068.28 561.952 -3.15716
5450 902.1 1488.38 561.985 -3.15688
5460 1043.28 -2431.98 562.053 -3.15659
5470 1133.25 -3899.71 562.076 -3.15662
5480 1111.73 -2634.87 562.023 -3.1572
5490 1013.86 -354.368 561.919 -3.15814
5500 929.879 736.117 561.812 -3.15911
5510 904.009 1693.91 561.728 -3.15992
5520 900.701 3292.94 561.689 -3.16057
5530 887.481 4376.65 561.727 -3.16107
5540 871.971 4589.17 561.866 -3.16142
5550 879.585 3313.51 562.107 -3.16162
5560 914.034 1810.82 562.423 -3.16171
5570 929.902 822.067 562.781 -3.16175
5580 883.656 952.328 563.16 -3.16178
5590 804.728 1060.12 563.559 -3.16171
5600 769.866 1616.55 563.983 -3.16143
5610 830.463 538.937 564.438 -3.16089
5620 959.79 -3334.85 564.898 -3.16016
5630 1081.35 -6874.47 565.283 -3.1595
5640 1112.08 -7414.34 565.518 -3.1593
5650 1018.09 -4539.99 565.596 -3.1596
5660 876.56 -779.436 565.577 -3.16005
5670 806.36 944.867 565.542 -3.1603
5680 829.15 -593.011 565.526 -3.1603
5690 875.573 -2925.72 565.5 -3.16009
5700 891.849 -4487.67 565.414 -3.1598
5710 888.308 -3775.35 565.238 -3.15946
5720 905.122 -2522.01 564.984 -3.1591
5730 933.185 -698.02 564.684 -3.15874
5740 944.023 1292.69 564.376 -3.15842
5750 937.922 3369.22 564.109 -3.15817
5760 932.857 2853.16 563.92 -3.15798
5770 935.037 1340.95 563.802 -3.15785
5780 944.212 644.817 563.722 -3.15776
5790 942.921 -326.216 563.661 -3.15773
5800 920.938 -537.432 563.601 -3.15774
5810 893.493 -588.522 563.535 -3.15773
5820 884.525 -245.296 563.462 -3.15766
5830 906.604 -8.10401 563.389 -3.15752
5840 941.766 955.116 563.324 -3.15735
5850 960.109 873.518 563.283 -3.15724
5860 939.699 1640.23 563.269 -3.15721
5870 908.719 2547.22 563.298 -3.15722
5880 902.545 3012.08 563.387 -3.15721
5890 920.195 3158.25 563.547 -3.15715
5900 929.102 3483.84 563.781 -3.1571
5910 901.438 3674.41 564.095 -3.15706
5920 858.286 3166.19 564.491 -3.15698
5930 841.097 2052.32 564.956 -3.15678
5940 871.415 1806.4 565.468 -3.15644
5950 914.785 1456.94 566.017 -3.15601
5960 889.542 1652.01 566.6 -3.1556
5970 786.331 3221.87 567.219 -3.15518
5980 731.745 4415.49 567.908 -3.15464
5990 834.309 -574.224 568.679 -3.15381
6000 984.47 -4737.12 569.436 -3.15269
6010 1077 -9046.58 570.077 -3.15169
6020 1054.8 -10143.8 570.515 -3.15116
6030 974.081 -7298.39 570.727 -3.15107
6040 885.019 -3727.32 570.776 -3.15113
6050 824.519 -3103.88 570.736 -3.15111
6060 835.39 -4105.02 570.628 -3.1509
6070 944.831 -7762.74 570.425 -3.15056
6080 1052.18 -11125.9 570.053 -3.15032
6090 1069.06 -10693.2 569.444 -3.15048
6100 991.303 -8233.92 568.608 -3.151
6110 870.928 -3719.51 567.608 -3.15154
6120 799.602 525.386 566.542 -3.15179
6130 831.093 3364.12 565.508 -3.15171
6140 918.741 3708.92 564.565 -3.15141
6150 978.57 2850.47 563.722 -3.15112
6160 977.908 2086.06 562.963 -3.15098
6170 943.342 2580.23 562.269 -3.15098
6180 931.046 3935.59 561.65 -3.15102
6190 964.199 4268.12 561.132 -3.15107
6200 1015.13 3429.64 560.718 -3.15124
6210 1015.81 4343.1 560.396 -3.1516
6220 954.74 5980.8 560.181 -3.15211
6230 891.055 7362.15 560.107 -3.1526
6240 874.124 8386.09 560.201 -3.15296
6250 910.131 7644.86 560.481 -3.15321
6260 971.959 6035.76 560.93 -3.15343
6270 1033.58 3440.41 561.511 -3.15376
6280 1049.27 1722.63 562.167 -3.15431
6290 977.264 2533.34 562.865 -3.15508
6300 817.904 4308.85 563.617 -3.15579
6310 652.83 6326.31 564.461 -3.15615
6320 609.857 5116.42 565.435 -3.15605
6330 724.522 1315.21 566.51 -3.15543
6340 911.255 -3132.93 567.604 -3.15428
6350 1035.95 -5877.85 568.622 -3.15297
6360 1036.1 -6027.13 569.503 -3.15201
6370 959.727 -5289.12 570.242 -3.15146
6380 903.446 -4676.39 570.854 -3.15113
6390 902.21 -5404.45 571.353 -3.15082
6400 915.191 -6562.91 571.724 -3.15049
6410 929.896 -8287.9 571.943 -3.15019
6420 979.73 -10798.8 571.97 -3.14997
6430 1031.89 -10923.4 571.758 -3.14995
6440 1040.94 -10251.8 571.303 -3.15026
6450 996.306 -8973.54 570.626 -3.15085
6460 932.905 -5633.19 569.763 -3.15151
6470 879.429 -2155.61 568.789 -3.15205
6480 821.915 873.641 567.786 -3.15234
6490 745.647 4119.2 566.823 -3.1523
6500 754.654 5634.38 565.971 -3.1519
6510 874.867 3116.85 565.255 -3.15122
6520 996.944 933.816 564.625 -3.15047
6530 1030.93 1337.32 564.037 -3.14993
6540 971.508 2697.28 563.496 -3.1497
6550 911.199 2949.42 563.026 -3.14961
6560 921.375 1483.76 562.631 -3.14952
6570 1007.36 -915.506 562.277 -3.14948
6580 1090.57 -1484.24 561.918 -3.14967
6590 1081.67 -798.718 561.539 -3.15027
6600 997.436 1790.28 561.158 -3.15113
6610 957.663 2889.97 560.824 -3.15199
6620 1022.87 2139.73 560.561 -3.15287
6630 1098.81 815.79 560.354 -3.15398
6640 1058.15 1183.8 560.177 -3.15539
6650 926.253 3894.96 560.038 -3.15679
6660 827.36 7587.31 559.995 -3.15787
6670 807.098 10739.1 560.124 -3.15858
6680 816.639 11468.9 560.489 -3.15902
6690 822.445 10290.3 561.105 -3.15923
6700 845.243 6430.92 561.941 -3.15923
6710 892.201 1802.77 562.912 -3.15902
6720 925.85 -1212.03 563.92 -3.15868
6730 938.586 -3719.99 564.894 -3.15833
6740 977.191 -6665.56 565.776 -3.15802
6750 1060.02 -10390 566.498 -3.15784
6760 1117.52 -11706.3 566.986 -3.15805
6770 1086.87 -9568.01 567.213 -3.15879
6780 969.227 -5778.29 567.229 -3.1598
6790 817.977 -1478.55 567.12 -3.16067
6800 720.997 1319.43 566.981 -3.1611
6810 721.03 1191.25 566.871 -3.16111
6820 758.168 693.569 566.794 -3.16073
6830 800.235 -751.24 566.735 -3.16007
6840 852.82 -1709.55 566.666 -3.1592
6850 927.979 -3528.01 566.562 -3.15825
6860 1008.39 -5687.34 566.383 -3.15739
6870 1054.64 -6368.01 566.087 -3.15681
6880 1046.45 -5787.05 565.658 -3.15666
6890 994.235 -3226.36 565.115 -3.15683
6900 941.414 -1150.78 564.512 -3.15711
6910 924.944 -272.48 563.895 -3.15739
6920 941.899 15.9091 563.285 -3.15763
6930 951.616 1173.57 562.691 -3.15788
6940 917.657 3276.84 562.14 -3.15812
6950 859.062 5331.85 561.675 -3.15828
6960 794.423 7367.85 561.34 -3.15826
6970 731.385 9227.9 561.178 -3.158
6980 692.735 10096.2 561.226 -3.15748
6990 715.708 8994.25 561.497 -3.15668
7000 837.278 5804.58 561.966 -3.15555
7010 1032.3 1199.29 562.559 -3.15418
7020 1203.99 -4573.41 563.175 -3.153
7030 1266.79 -7752.42 563.691 -3.15267
7040 1182.68 -6450.61 564.041 -3.15338
7050 1001.81 -1672.71 564.254 -3.15461
7060 852.054 3484.96 564.433 -3.1557
7070 871.062 3949.24 564.684 -3.15648
7080 934.597 2143.66 565.02 -3.15708
7090 918.299 1577.59 565.407 -3.15761
7100 828.619 2457.74 565.833 -3.15801
7110 743.235 3843.27 566.314 -3.15815
7120 690.94 4000.58 566.878 -3.15797
7130 671.68 3552.48 567.527 -3.15743
7140 714.958 2340.35 568.251 -3.15653
7150 855.912 -1725 569.018 -3.15523
7160 1022.42 -6570.28 569.738 -3.15367
7170 1120.78 -10571.4 570.305 -3.15235
7180 1098.49 -10718.8 570.635 -3.1517
7190 971.235 -8717.96 570.723 -3.15163
7200 835.197 -7034.34 570.616 -3.1517
7210 839.629 -8468.43 570.345 -3.15163
7220 988.514 -12157.3 569.884 -3.15147
7230 1132.96 -14193.1 569.16 -3.15158
7240 1144.09 -12923.9 568.136 -3.15233
7250 1027.31 -9958.25 566.842 -3.15356
7260 886.761 -4757.68 565.356 -3.15473
7270 807.01 -142.528 563.789 -3.15546
7280 788.732 4075.34 562.251 -3.15571
7290 819.673 5661.24 560.829 -3.15556
7300 922.929 5491.93 559.558 -3.15521
7310 1087.18 4353.59 558.432 -3.15492
7320 1216.81 3718 557.427 -3.15513
7330 1194.74 4880.2 556.529 -3.15616
7340 1024.15 9406.36 555.766 -3.15763
7350 837.057 13506.2 555.224 -3.15886
7360 759.826 16476.4 554.987 -3.15963
7370 801.982 16647.1 555.11 -3.16009
7380 873.219 14878.4 555.595 -3.16038
7390 892.677 13480.3 556.404 -3.16059
7400 861.593 13460.9 557.505 -3.1608
7410 830.261 12306.9 558.889 -3.16094
7420 823.38 10693.2 560.534 -3.16096
7430 833.386 7180.53 562.396 -3.16077
7440 847.438 3450.54 564.403 -3.16033
7450 885.91 -577.257 566.468 -3.15965
7460 943.134 -5435.3 568.499 -3.15878
7470 980.311 -10794.1 570.386 -3.15784
7480 985.905 -14039.9 572.011 -3.157
7490 990.85 -16582.5 573.297 -3.15639
7500 963.713 -16841.3 574.19 -3.15605
7510 905.18 -14482 574.688 -3.15593
7520 865.691 -12355.7 574.846 -3.15588
7530 861.676 -11228.5 574.716 -3.15578
7540 883.537 -12199.6 574.327 -3.15562
7550 896.47 -12424.6 573.666 -3.15547
7560 869.967 -10097.7 572.738 -3.15533
7570 812.033 -6798.92 571.599 -3.15511
7580 771.997 -4933.84 570.325 -3.15469
7590 821.172 -6083.45 568.958 -3.15406
7600 965.021 -8474.23 567.478 -3.15332
7610 1140.5 -10493.4 565.839 -3.15279
7620 1228.53 -9292.06 564.005 -3.15295
7630 1154.01 -4102.65 562.012 -3.15387
7640 990.334 3056.55 559.976 -3.155
7650 855.279 9986.83 558.051 -3.15572
7660 823.658 13637.2 556.38 -3.15596
7670 872.101 14741.8 555.037 -3.15594
7680 933.793 15325.5 554.042 -3.15587
7690 939.652 17210.1 553.404 -3.15588
7700 861.702 19720.1 553.155 -3.15597
7710 762.596 20095.6 553.336 -3.15605
7720 748.454 18576.3 553.95 -3.156
7730 866.502 14210.8 554.956 -3.15573
7740 1018.04 8423.1 556.26 -3.1553
7750 1095.62 3660.22 557.737 -3.155
7760 1094.11 762.128 559.285 -3.15509
7770 1055.7 -635.556 560.837 -3.15555
7780 1027.79 -1579 562.361 -3.15626
7790 1016 -3313.06 563.833 -3.15709
7800 1002.45 -5608.53 565.215 -3.15797
7810 984.278 -6956.21 566.459 -3.15885
7820 957.426 -6258.9 567.536 -3.15973
7830 909.156 -4563.29 568.463 -3.16055
7840 818.295 -2765.8 569.278 -3.16119
7850 718.174 -2718.35 570.018 -3.16147
7860 683.448 -3454.48 570.687 -3.16133
7870 733.092 -5522.79 571.268 -3.16078
7880 805.231 -7519.95 571.717 -3.15988
7890 842.555 -8273.18 571.992 -3.1588
7900 846.523 -7649.24 572.079 -3.15769
7910 851.38 -6800.57 571.993 -3.1566
7920 853.092 -4581.32 571.759 -3.1555
7930 873.102 -4431.24 571.423 -3.15441
7940 930.675 -6210.78 570.992 -3.15334
7950 1007.19 -8726.26 570.429 -3.15242
7960 1069.11 -9556.03 569.683 -3.15184
7970 1097.76 -8563.79 568.741 -3.15174
7980 1080.07 -5705.99 567.629 -3.15213
7990 1001.84 -679.466 566.418 -3.15279
8000 894.534 3145.14 565.215 -3.15338
8010 812.049 6712.19 564.109 -3.1537
8020 786.138 9861.74 563.177 -3.15367
8030 802.696 11018.6 562.482 -3.15337
8040 816.212 10552.7 562.045 -3.15289
8050 820.163 10755 561.858 -3.15228
8060 854.815 9097.8 561.913 -3.15158
8070 922.741 6613.68 562.172 -3.15082
8080 982.633 5258.22 562.583 -3.15012
8090 1020.09 3916.86 563.11 -3.14963
8100 1029.82 2383.55 563.723 -3.14943
8110 1035.73 -2281.24 564.379 -3.1495
8120 1065.93 -6438.8 564.982 -3.1498
8130 1096.34 -8160.6 565.44 -3.15044
8140 1082.24 -6755.53 565.72 -3.15147
8150 1016.29 -3812.76 565.85 -3.15275
8160 923.561 975.013 565.903 -3.15399
8170 829.837 2875.33 565.976 -3.15496
8180 735.799 4558.5 566.117 -3.15553
8190 701.782 4258.79 566.359 -3.15565
8200 777.814 861.683 566.691 -3.15537
8210 906.977 -440.179 567.047 -3.15478
8220 1015.42 -2028.63 567.392 -3.15415
8230 1032.13 -2617.84 567.693 -3.15376
8240 986.47 -2847.91 567.936 -3.15368
8250 953.582 -3274.48 568.115 -3.15377
8260 964.019 -4248.64 568.222 -3.15394
8270 977.851 -5220.98 568.234 -3.15418
8280 949.461 -3964.47 568.138 -3.15452
8290 888.772 -1893.08 567.959 -3.15484
8300 850.915 -534.788 567.743 -3.15503
8310 859.81 410.601 567.522 -3.15504
8320 874.159 305.162 567.316 -3.15491
8330 856.385 568.039 567.126 -3.15467
8340 830.221 2135.56 566.959 -3.15431
8350 857.704 2318.2 566.844 -3.15383
8360 883.248 2432.83 566.789 -3.15324
8370 875.249 3142.97 566.795 -3.15263
8380 854.969 2651.83 566.875 -3.152
8390 865.391 1290.98 567.017 -3.15132
8400 921.468 -957.152 567.189 -3.15059
8410 989.951 -4343.12 567.339 -3.14989
8420 1051.6 -6831.46 567.396 -3.14942
8430 1104.68 -7885.15 567.304 -3.14935
8440 1125.58 -6818.14 567.045 -3.14981
8450 1084.59 -4140 566.644 -3.15075
8460 998.267 -1160.35 566.162 -3.15191
8470 915.264 1939.91 565.667 -3.15298
8480 848.117 4677.99 565.227 -3.15379
8490 776.921 7377.36 564.904 -3.15426
8500 705.871 9571.35 564.755 -3.15436
8510 676.722 10646.2 564.827 -3.1541
8520 743.456 7695.52 565.133 -3.15349
8530 887.4 2141.45 565.607 -3.15252
8540 1020.88 -2444.11 566.13 -3.15141
8550 1082.07 -4825.4 566.599 -3.15055
8560 1038.19 -4460.62 566.964 -3.15019
8570 927.398 -3393.98 567.23 -3.15016
8580 863.02 -3393.49 567.417 -3.15016
8590 910.395 -4487.16 567.527 -3.15005
8600 1038.83 -6207.87 567.537 -3.14995
8610 1136.23 -7150.78 567.413 -3.15018
8620 1127.19 -6534.61 567.137 -3.15097
8630 1016.2 -4067.59 566.726 -3.15214
8640 877.499 -1075.43 566.235 -3.15323
8650 798.938 2768.31 565.736 -3.15394
8660 818.387 3443.43 565.303 -3.15429
8670 863.096 4280.91 564.96 -3.15438
8680 866.869 3483.55 564.719 -3.15431
8690 846.139 2129.22 564.565 -3.15413
8700 849.727 2891.84 564.469 -3.15382
8710 905.835 3947.45 564.445 -3.15339
8720 1002.63 1216.33 564.507 -3.15297
8730 1031.45 -768.324 564.603 -3.15275
8740 995.38 -899.617 564.689 -3.15281
8750 958.639 -609.956 564.76 -3.15303
8760 965.935 -1564.91 564.818 -3.15331
8770 994.8 -2063.57 564.847 -3.15367
8780 995.738 67.338 564.839 -3.15416
8790 931.723 2875.21 564.839 -3.15473
8800 815.412 5447.23 564.908 -3.15518
8810 713.877 7593.78 565.104 -3.15533
8820 686.491 7565.18 565.467 -3.15513
8830 729.615 5283.51 565.996 -3.15456
8840 798.296 2310.15 566.64 -3.15364
8850 860.798 -158.548 567.334 -3.15249
8860 898.095 -1759.28 568.021 -3.15126
8870 933.239 -3417.71 568.663 -3.15008
8880 987.412 -5711.48 569.223 -3.14903
8890 1031.37 -7729.51 569.65 -3.14822
8900 1023.7 -8449.17 569.903 -3.14777
8910 975.273 -7661.98 569.966 -3.14766
8920 944.888 -6000.03 569.86 -3.14771
8930 964.294 -5624.78 569.619 -3.14783
8940 1002.8 -6016.53 569.258 -3.14806
8950 1013.35 -6941.8 568.768 -3.14848
8960 963.93 -6058.89 568.136 -3.14906
8970 873.38 -3651.88 567.384 -3.14962
8980 817.362 -30.1151 566.568 -3.14992
8990 841.268 2026.27 565.765 -3.14993
9000 888.953 4303.95 565.025 -3.14974
9010 916.467 6489.26 564.399 -3.14945
9020 952.151 5408.29 563.926 -3.14919
9030 943.587 4720.47 563.588 -3.14902
9040 892.337 6296.36 563.37 -3.14891
9050 872.518 6684.76 563.3 -3.14876
9060 949.254 3683.53 563.377 -3.14856
9070 1062.13 1427.64 563.543 -3.14845
9080 1099.33 381.889 563.747 -3.14869
9090 1016.08 29.7184 563.963 -3.14931
9100 921.132 942.269 564.185 -3.15001
9110 920.67 467.398 564.427 -3.15062
9120 972.36 -330.165 564.681 -3.15116
9130 1010.36 -1494.15 564.929 -3.15176
9140 1019.11 -3038.43 565.144 -3.15249
9150 1008.35 -4508.62 565.293 -3.15336
9160 967.013 -3831.51 565.347 -3.1543
9170 904.882 -1765.53 565.323 -3.15516
9180 869.876 -447.769 565.262 -3.15582
9190 877.928 685.857 565.196 -3.15628
9200 870.492 2024.28 565.151 -3.15657
9210 790.081 3781.65 565.158 -3.15668
9220 675.729 6383.66 565.258 -3.15651
9230 654.966 5801.14 565.496 -3.15601
9240 739.115 3681.66 565.864 -3.15511
9250 891.155 -419.568 566.31 -3.15382
9260 1069.81 -6657.93 566.741 -3.15237
9270 1212.54 -11487 567.024 -3.15131
9280 1245.63 -12316.6 567.055 -3.15122
9290 1151.69 -9703.18 566.82 -3.1521
9300 993.906 -5489.62 566.377 -3.1534
9310 858.403 -621.08 565.824 -3.15451
9320 777.695 2769.46 565.266 -3.15519
9330 752.969 3107.25 564.777 -3.15544
9340 787.701 1924.55 564.367 -3.15535
9350 854.917 966.384 564.011 -3.15499
9360 902.617 386.502 563.687 -3.15452
9370 901.605 1200.52 563.384 -3.15402
9380 901.702 2156.53 563.117 -3.15354
9390 955.841 1386.26 562.904 -3.15308
9400 1041.16 581.442 562.73 -3.15274
9410 1092.34 -830.526 562.575 -3.15274
9420 1064.25 -613.669 562.414 -3.15317
9430 1004.47 58.6647 562.247 -3.15386
9440 981.572 1308.85 562.091 -3.15465
9450 1010.75 2487.47 561.971 -3.15549
9460 1020.7 3487.59 561.913 -3.15646
9470 935.356 5007.65 561.94 -3.15747
9480 784.317 8105.97 562.087 -3.15827
9490 692.548 9689.23 562.414 -3.15864
9500 733.658 8075.15 562.951 -3.15861
9510 835.973 6439.65 563.666 -3.15823
9520 905.146 5173.8 564.522 -3.15766
9530 929.935 2431.02 565.486 -3.15708
9540 955.405 -1422.06 566.495 -3.15652
9550 983.661 -4837.49 567.466 -3.15603
9560 977.677 -6601.58 568.323 -3.15569
9570 927.523 -5853.39 569.028 -3.15552
9580 870.433 -4821.17 569.596 -3.15539
9590 851.46 -4043.18 570.05 -3.15518
9600 875.076 -4743.13 570.407 -3.15486
9610 902.589 -6130.69 570.653 -3.15446
9620 908.547 -6516.2 570.761 -3.15406
9630 898.749 -5558.78 570.726 -3.15369
9640 893.849 -4463.51 570.568 -3.15332
9650 886.189 -3028.73 570.316 -3.15295
9660 850.223 -1957.57 570.001 -3.15253
9670 782.063 -792.375 569.652 -3.15203
9680 730.961 -579.377 569.291 -3.15136
9690 747.808 -1304.22 568.925 -3.15045
9700 829.711 -2605.65 568.537 -3.14928
9710 927.646 -3428.61 568.101 -3.14797
9720 1004.22 -4600.56 567.597 -3.14674
9730 1056.65 -5750.39 567.002 -3.14584
9740 1101.85 -6395.77 566.291 -3.14541
9750 1148.27 -6560.51 565.454 -3.14556
9760 1160.51 -5102.31 564.491 -3.14636
9770 1092.52 -1625.58 563.438 -3.14764
9780 938.63 3418.7 562.375 -3.14897
9790 768.69 7698.72 561.408 -3.14985
9800 713.824 10159.6 560.629 -3.15017
9810 838.733 7823.7 560.081 -3.15011
9820 1035.61 4483.77 559.719 -3.14994
9830 1157.11 2441 559.468 -3.15009
9840 1134.67 2354.83 559.284 -3.15086
9850 985.243 5103.37 559.167 -3.15198
9860 802.64 8765.48 559.171 -3.15294
9870 707.78 11842.8 559.373 -3.15346
9880 737.904 11072 559.829 -3.15358
9890 812.234 9948.98 560.528 -3.15339
9900 875.017 8476.14 561.443 -3.153
9910 926.627 6183.67 562.539 -3.15253
9920 985.86 2855.3 563.763 -3.15208
9930 1054.81 -2120.03 565.038 -3.15174
9940 1108.96 -6518.11 566.256 -3.15166
9950 1098.47 -8381.83 567.322 -3.15202
9960 993.425 -7798.01 568.194 -3.15274
9970 834.553 -5653.29 568.886 -3.15343
9980 729.566 -3637.48 569.443 -3.15379
9990 743.275 -2925.58 569.911 -3.15375
10000 826.896 -4003.1 570.306 -3.15338
