# Time-averaged data for fix 2
# TimeStep c_mytemp c_mypress v_vmyvol v_avgEtotal
10 1517.12 -12282.5 679.568 -2.80219
20 1524.69 -12712.8 679.378 -2.80138
30 1516.18 -10488.5 679.01 -2.79993
40 1502.15 -5803.82 678.499 -2.79791
50 1542.28 -4169.88 677.912 -2.79534
60 1585.56 -4864.98 677.275 -2.79232
70 1555.77 -4007.83 676.587 -2.78902
80 1541.77 -3138.5 675.857 -2.78554
90 1615.79 -5975.25 675.094 -2.78179
100 1697.69 -8001.74 674.265 -2.77784
110 1717.73 -9342.8 673.339 -2.77389
120 1707.29 -10357.6 672.299 -2.77012
130 1673.89 -11701.6 671.133 -2.76653
140 1795.5 -13007.5 669.825 -2.76302
150 1954.21 -15074.2 668.357 -2.75952
160 2013.61 -13148.6 666.711 -2.75641
170 1928.5 -5397.09 664.925 -2.75376
180 1791.37 2712.5 663.104 -2.75132
190 1598.91 9604 661.365 -2.74877
200 1493.03 15287.7 659.803 -2.74592
210 1589.23 15236.7 658.488 -2.74259
220 1792.03 12800.9 657.417 -2.73881
230 1841.49 12207.6 656.555 -2.73495
240 1857.27 12781.2 655.889 -2.73133
250 2094.89 7505.59 655.413 -2.72792
260 2192.18 5232.89 655.061 -2.72497
270 2098.32 7111.64 654.799 -2.72291
280 1949.75 9744.91 654.649 -2.72148
290 2003.62 10443.4 654.641 -2.72027
300 2152.96 5776.22 654.778 -2.71924
310 2193.99 2173.28 655.001 -2.71868
320 2049.82 2764.49 655.261 -2.71861
330 1975.45 2788.18 655.561 -2.71869
340 2077.93 -2652.04 655.893 -2.71877
350 2110.5 -5122.6 656.193 -2.71896
360 2024.14 -2431.49 656.426 -2.71937
370 1835.64 5837.82 656.635 -2.71972
380 1960.84 9879.44 656.922 -2.71979
390 2258.49 8906.15 657.342 -2.71987
400 2274.45 11911.2 657.894 -2.72055
410 2097.89 15889.2 658.612 -2.72189
420 1853.25 19795.6 659.55 -2.72331
430 1745.68 18767.6 660.752 -2.72436
440 1830.31 13683.2 662.204 -2.72486
450 1915.65 7346.08 663.834 -2.72482
460 1998.6 1864.51 665.551 -2.72447
470 2026.79 1403.48 667.282 -2.72405
480 2061.78 353.807 669.012 -2.72377
490 1977.91 333.83 670.729 -2.72361
500 1843.36 2094.54 672.435 -2.7234
510 2128.12 -7571.95 674.134 -2.72295
520 2343.19 -16824.5 675.702 -2.72248
530 2201.04 -16957.9 677.014 -2.72274
540 1909.43 -10231.9 678.068 -2.72343
550 1836.56 -6111.24 678.952 -2.72393
560 1936.67 -6922.94 679.729 -2.72408
570 1949.56 -5753.39 680.398 -2.72404
580 1855.17 -1145.52 680.98 -2.72391
590 1734.05 146.004 681.535 -2.72353
600 1595.38 2166.06 682.09 -2.7227
610 1642.33 888.59 682.669 -2.72131
620 1851.84 -4252.43 683.252 -2.71928
630 2037.85 -8333.16 683.767 -2.71693
640 2064.68 -7324.05 684.161 -2.71483
650 1997.15 -7024.84 684.44 -2.71318
660 2005.12 -8136.12 684.612 -2.71181
670 2117.78 -13534.2 684.656 -2.71065
680 2219.69 -18155.3 684.501 -2.70994
690 2325.72 -21727.2 684.078 -2.71
700 2389.82 -26656.2 683.336 -2.71116
710 2283.83 -23697.9 682.219 -2.71341
720 2074.79 -16695.9 680.776 -2.71597
730 1995.38 -14026.1 679.107 -2.71831
740 1906.28 -10707.6 677.267 -2.72028
750 1795.22 -6591.8 675.31 -2.7216
760 1811.05 -6352.03 673.293 -2.72232
770 1875.71 -7253.36 671.227 -2.72258
780 1993.15 -9876.21 669.098 -2.72268
790 2122.72 -11120.4 666.877 -2.72289
800 2192.84 -11145.4 664.546 -2.72348
810 2107.8 -6838.84 662.115 -2.72444
820 1910.87 2109.03 659.65 -2.72514
830 1926.43 6699.73 657.265 -2.72528
840 2091.94 7950.22 655.025 -2.72519
850 2047.16 12944.5 652.954 -2.72511
860 1927.39 17106 651.11 -2.72491
870 1954.38 16801.9 649.538 -2.72457
880 1987.33 16450.1 648.235 -2.72422
890 1958.93 19224.7 647.191 -2.72385
900 2099.14 18439 646.432 -2.72352
910 2245.64 12797.2 645.936 -2.72361
920 2168.05 13888.6 645.637 -2.72428
930 2027.53 14920.9 645.539 -2.72527
940 1928.62 13512.9 645.65 -2.72621
950 1957.86 8621.94 645.943 -2.7269
960 2061.38 2896.76 646.352 -2.72744
970 2158.71 -236.74 646.804 -2.72806
980 2187.77 740.8 647.256 -2.729
990 2070.26 5596.39 647.722 -2.73024
1000 1908.8 8529.79 648.26 -2.73145
1010 1755.03 9799.79 648.91 -2.73228
1020 1705.48 11329.3 649.69 -2.73255
1030 1804.45 12627.6 650.619 -2.73228
1040 2059.88 7866.02 651.705 -2.73168
1050 2156.09 5022.01 652.894 -2.7311
1060 2125.46 6316.69 654.144 -2.73099
1070 1985.61 8185.44 655.472 -2.73124
1080 1888.34 7087.84 656.896 -2.7315
1090 1824.53 4337.27 658.403 -2.73144
1100 1805.93 445.11 659.954 -2.73099
1110 1821.95 -292.712 661.499 -2.7301
1120 1853.37 586.75 663.023 -2.72898
1130 1876.91 2829.29 664.541 -2.72771
1140 1878.93 4621.35 666.083 -2.72641
1150 1896.17 5656.12 667.674 -2.72507
1160 1914.53 7918.14 669.332 -2.72376
1170 1976 7150.95 671.082 -2.72251
1180 1882.31 8020.35 672.923 -2.72136
1190 1769.39 7418.56 674.859 -2.72025
1200 1822.45 3791.73 676.88 -2.71887
1210 1984.2 -883.273 678.933 -2.71709
1220 1957.68 -2480.94 680.955 -2.71526
1230 1838.81 -5597.99 682.913 -2.71353
1240 1818.36 -6623.18 684.767 -2.71171
1250 1800.42 -5768.82 686.499 -2.70973
1260 1746.11 -3394.48 688.127 -2.70768
1270 1710.25 -2344.13 689.681 -2.70549
1280 1791.15 -2858.14 691.177 -2.70303
1290 1936.61 -5680.34 692.61 -2.7003
1300 2077.21 -9346.89 693.937 -2.69753
1310 2066.45 -9599.99 695.105 -2.69517
1320 1807.67 -4798.99 696.118 -2.69337
1330 1635.98 -1665.31 697.044 -2.69173
1340 1826.41 -8595.56 697.919 -2.68966
1350 2062.85 -15767.6 698.648 -2.68713
1360 2155.19 -15838.8 699.132 -2.6849
1370 2093.07 -14334.7 699.363 -2.68338
1380 1760.22 -5458.17 699.379 -2.68235
1390 1570.42 1449.87 699.311 -2.68118
1400 1850.65 -1230.34 699.257 -2.67943
1410 2025.81 -3289.67 699.192 -2.6773
1420 1947.49 -2103.79 699.085 -2.67542
1430 1831.52 155.618 698.955 -2.67375
1440 2013.17 -2415.49 698.828 -2.67204
1450 2316.01 -9168.78 698.665 -2.67044
1460 2446.3 -13883.9 698.368 -2.6698
1470 2337.06 -13773.4 697.87 -2.67049
1480 2093.76 -10013.3 697.173 -2.6719
1490 1885.7 -4957.21 696.339 -2.67324
1500 1729.82 -2342.28 695.442 -2.67398
1510 1920.7 -5280.6 694.523 -2.67414
1520 2279.22 -13566.3 693.534 -2.67432
1530 2355.77 -14080.3 692.367 -2.67534
1540 1995.57 -5464.59 691.021 -2.67684
1550 1961.97 -1890.29 689.612 -2.67801
1560 2143.9 -3732.23 688.198 -2.67904
1570 2294.37 -3778.58 686.762 -2.68038
1580 2378.35 -3669.76 685.3 -2.68245
1590 2243.04 1111.87 683.822 -2.68508
1600 2131.05 4560.86 682.393 -2.68772
1610 2112.28 6443.39 681.063 -2.69021
1620 2174.8 8299.47 679.862 -2.69259
1630 2320.1 6339.48 678.808 -2.6953
1640 2306.02 6189.54 677.878 -2.69852
1650 2145.08 7575.28 677.065 -2.70192
1660 1904.8 10530.3 676.387 -2.70482
1670 1793.07 12653.9 675.882 -2.70692
1680 1741.43 16747.2 675.583 -2.70821
1690 1842.76 15666.1 675.537 -2.7089
1700 1940.15 11073.2 675.726 -2.70924
1710 1962.39 8864.09 676.085 -2.70941
1720 1991.78 5565.24 676.576 -2.7095
1730 2047.96 1764.13 677.147 -2.70954
1740 2096.89 -254.964 677.745 -2.70967
1750 2084.55 -1362.75 678.339 -2.71
1760 1960.23 -1141.05 678.909 -2.71042
1770 1784.62 1684.29 679.464 -2.71068
1780 1713.48 1061.48 680.036 -2.71049
1790 1852.28 -4043.8 680.616 -2.70974
1800 2101.46 -12961.1 681.126 -2.70867
1810 2181.23 -18043.4 681.444 -2.70783
1820 2014.75 -16667 681.497 -2.70754
1830 1816.68 -13793.7 681.305 -2.70742
1840 1717.29 -10592.8 680.913 -2.70701
1850 1792.62 -9003.91 680.369 -2.70614
1860 1979.19 -9315.93 679.701 -2.70494
1870 2091.6 -9327.21 678.91 -2.70376
1880 2089.8 -6074.28 678.003 -2.70292
1890 2050.31 -3236.78 677.025 -2.70237
1900 2002.2 1329.12 676.024 -2.70196
1910 2026.69 3205.4 675.061 -2.70158
1920 2110.56 3835.64 674.168 -2.70129
1930 2230.86 358.151 673.347 -2.70136
1940 2275.63 -1625.27 672.553 -2.70203
1950 2262.45 -1840.3 671.758 -2.70334
1960 2237.72 -4028.31 670.951 -2.7052
1970 2089.7 -1525.1 670.111 -2.70731
1980 1911.91 5624.54 669.276 -2.70912
1990 1794.52 10773.9 668.538 -2.7103
2000 1753.7 13707.9 667.973 -2.71081
2010 1838.13 11756.3 667.615 -2.71081
2020 2015.82 7187.56 667.436 -2.71052
2030 2142.3 2510.89 667.371 -2.7103
2040 2227.38 -3322.31 667.348 -2.71048
2050 2277.02 -9243.96 667.283 -2.71121
2060 2384.07 -15172.9 667.09 -2.71271
2070 2401.11 -15790.3 666.693 -2.71515
2080 2324.16 -12497.1 666.086 -2.71836
2090 2212.39 -6352.11 665.317 -2.72188
2100 2125.78 1162.8 664.478 -2.72521
2110 2073.01 3781.35 663.669 -2.72825
2120 1903.97 6113.45 662.933 -2.73083
2130 1725.42 8533.28 662.303 -2.73255
2140 1849.8 5520.46 661.801 -2.73353
2150 2082.28 3852.53 661.394 -2.73418
2160 2181.21 6663.55 661.061 -2.735
2170 2100.68 8697.91 660.832 -2.73608
2180 1903 10265.2 660.736 -2.73717
2190 1805.56 11493.7 660.795 -2.73784
2200 1991.16 5505.45 661.012 -2.73814
2210 2009.34 3791.69 661.315 -2.73832
2220 1863.78 7199.54 661.681 -2.73846
2230 1866.11 7169.21 662.146 -2.73839
2240 1910.02 3587.59 662.707 -2.73804
2250 1812.63 3431.73 663.322 -2.73748
2260 1730.02 3530.92 663.984 -2.73665
2270 1877.95 -3023.23 664.684 -2.7354
2280 2067.93 -9466.97 665.336 -2.73384
2290 2087.42 -9888.99 665.856 -2.73251
2300 2034.39 -10762.5 666.23 -2.73156
2310 2014.8 -10158.5 666.452 -2.73088
2320 1973.76 -7126.07 666.531 -2.73036
2330 1839.97 -1669.92 666.515 -2.72983
2340 1814.1 375.966 666.475 -2.7291
2350 1848.52 695.406 666.445 -2.72807
2360 1910.43 781.434 666.43 -2.72685
2370 1872.52 1493.56 666.433 -2.72555
2380 1721.49 3905.56 666.467 -2.72417
2390 1749.99 -280.074 666.552 -2.72252
2400 2011.17 -8958.47 666.632 -2.72048
2410 2299.65 -14133.1 666.591 -2.71852
2420 2392.69 -15647.4 666.357 -2.7175
2430 2221.91 -12047.5 665.911 -2.71765
2440 1974.09 -6229.64 665.308 -2.71826
2450 2007.5 -2993.43 664.627 -2.71879
2460 2145.53 -2407.68 663.915 -2.7193
2470 2130.18 1222.32 663.19 -2.72004
2480 1989.24 3056.25 662.497 -2.72089
2490 1867.27 5613.08 661.867 -2.72151
2500 1981.56 2183.36 661.324 -2.72181
2510 2165.57 -3127.31 660.821 -2.72218
2520 2023.17 1924.97 660.305 -2.72276
2530 1813.57 5244.87 659.824 -2.72322
2540 1709.38 6671.88 659.429 -2.72322
2550 1732.33 7118.72 659.139 -2.72266
2560 1878.96 3914.96 658.955 -2.72162
2570 2114.14 -2478.45 658.829 -2.72042
2580 2217.24 -3262.66 658.684 -2.71953
2590 2167.53 -2326.62 658.503 -2.71928
2600 2023.45 -1144.98 658.298 -2.71941
2610 2092.56 -2282.11 658.082 -2.71969
2620 2189.15 -1697.91 657.846 -2.72017
2630 2119.48 -393.496 657.595 -2.72102
2640 1880.8 4286.8 657.354 -2.72189
2650 1871.61 4671.9 657.177 -2.72239
2660 2067.12 -269.41 657.067 -2.72263
2670 2193.38 -3511.64 656.964 -2.72299
2680 2259.75 -3938.68 656.82 -2.72386
2690 2040.74 7537.24 656.645 -2.72512
2700 1770.65 16422.9 656.582 -2.7261
2710 1896.06 15078.7 656.743 -2.72665
2720 2037.6 12428.6 657.119 -2.72695
2730 2014.36 11799.3 657.674 -2.72729
2740 2030.47 12226.9 658.395 -2.72774
2750 2053.41 13899.6 659.288 -2.72822
2760 2233.69 11375.9 660.368 -2.72898
2770 2267.73 10825.7 661.605 -2.73022
2780 2114.59 15139.5 662.995 -2.73205
2790 1833.66 20420.6 664.592 -2.73398
2800 1645.33 22674.2 666.468 -2.73553
2810 1570.35 22815.9 668.656 -2.73646
2820 1681.07 16828.4 671.148 -2.73661
2830 1938.79 11009.5 673.869 -2.73594
2840 2174.25 3498.72 676.726 -2.73482
2850 2090.25 3086.99 679.622 -2.73391
2860 1919.97 5912.79 682.543 -2.73351
2870 2004.25 1191.52 685.516 -2.73311
2880 1979.77 -588.576 688.485 -2.73248
2890 1801.5 789.953 691.421 -2.73189
2900 1674.79 3542.96 694.344 -2.73118
2910 1624.6 5095.15 697.289 -2.73014
2920 1599.61 5075.73 700.284 -2.72867
2930 1615.45 1920.8 703.327 -2.72661
2940 1874.95 -6530.25 706.359 -2.72367
2950 2080.33 -14883.2 709.252 -2.71995
2960 2059.75 -19138.1 711.877 -2.71641
2970 1962.94 -20156.8 714.16 -2.71345
2980 1901.14 -20200.2 716.083 -2.71092
2990 1837.12 -18945.6 717.647 -2.70862
3000 1708.01 -13922.6 718.88 -2.70648
3010 1539.8 -4906.2 719.872 -2.70436
3020 1570.67 -1756.99 720.761 -2.70198
3030 1673.4 -1445.46 721.607 -2.69902
3040 1741.89 -1588.86 722.421 -2.69572
3050 1805.07 -4743.9 723.195 -2.69224
3060 1839.19 -6530.51 723.885 -2.68874
3070 1948.3 -11133.3 724.453 -2.68532
3080 2038.85 -13083.4 724.832 -2.68211
3090 2031.67 -13806.3 724.988 -2.67943
3100 1891.08 -13271 724.913 -2.67731
3110 1779.16 -13343.6 724.617 -2.67548
3120 1793.79 -16151.2 724.099 -2.6736
3130 1963.5 -20570.4 723.316 -2.67167
3140 2126.66 -20394.3 722.21 -2.66997
3150 2142.96 -16702.7 720.788 -2.66881
3160 2060.98 -12142.9 719.118 -2.66819
3170 2061.11 -9109.25 717.278 -2.66781
3180 2157.03 -8421.46 715.324 -2.66767
3190 2189.14 -5570.57 713.277 -2.66791
3200 2122.75 -1919.88 711.185 -2.66844
3210 2044.45 -1027.69 709.104 -2.66912
3220 1975.85 -202.4 707.052 -2.66977
3230 1906.61 2456.46 705.046 -2.67019
3240 1890.91 4453.15 703.123 -2.67023
3250 2025.31 2585.04 701.31 -2.67007
3260 2146.01 506.503 699.578 -2.67005
3270 2098.23 1512.24 697.898 -2.67037
3280 1887.54 5687.69 696.284 -2.67073
3290 1695.35 14686.2 694.805 -2.67056
3300 1718.13 17176.1 693.579 -2.66971
3310 1863.07 15301.6 692.644 -2.66845
3320 1864.77 16013.6 691.975 -2.66703
3330 1761.43 17364.1 691.575 -2.66557
3340 1719.38 17300.1 691.455 -2.66394
3350 1922.9 12763.1 691.607 -2.66206
3360 2148.89 5166.91 691.956 -2.66005
3370 2212.02 2813.09 692.395 -2.65851
3380 2123.92 3695.35 692.882 -2.65767
3390 2052.74 3013.31 693.423 -2.65733
3400 1965.3 2280.36 694.01 -2.65712
3410 1984.2 1227.54 694.628 -2.65691
3420 2072.2 -1057.66 695.259 -2.65667
3430 2136 -191.686 695.878 -2.65661
3440 2239.3 -190.559 696.488 -2.65694
3450 2333.83 -2289.28 697.088 -2.65787
3460 2290.06 74.5916 697.657 -2.65953
3470 2197.7 2560.56 698.227 -2.66169
3480 2121.72 1490.67 698.828 -2.66403
3490 1955.81 4895.24 699.459 -2.66619
3500 1878.03 5704.53 700.159 -2.66791
3510 1956.6 2815.92 700.943 -2.66916
3520 2059.95 -519.196 701.764 -2.67017
3530 2075.95 -469.087 702.577 -2.67115
3540 2111.82 -1936.43 703.374 -2.6722
3550 2155.57 -5239.44 704.131 -2.67337
3560 2116.41 -5103.52 704.805 -2.67472
3570 2003.28 -3941.26 705.392 -2.67612
3580 1897.85 -3552.43 705.913 -2.67726
3590 1917.95 -6565.94 706.37 -2.67803
3600 1957.97 -9774.84 706.717 -2.67851
3610 1933.96 -8627.3 706.913 -2.67882
3620 1893.17 -7101.43 706.971 -2.67894
3630 1931.21 -6782.4 706.916 -2.67886
3640 2021.94 -6895.34 706.756 -2.67866
3650 2056.3 -6971.99 706.493 -2.67852
3660 2023.04 -6926.98 706.128 -2.67855
3670 1998.37 -5856.67 705.663 -2.67863
3680 2041.38 -7289.56 705.112 -2.67874
3690 2116.85 -8292.74 704.459 -2.67899
3700 2105.03 -7641.83 703.691 -2.67951
3710 2012.35 -4384.93 702.823 -2.68014
3720 2123.17 -5429.77 701.899 -2.6808
3730 2250.55 -8548.69 700.906 -2.68178
3740 2167.89 -9613.23 699.802 -2.68332
3750 1909.81 -8029.36 698.575 -2.68491
3760 1883.19 -8277.8 697.244 -2.68609
3770 2014.51 -11065.7 695.805 -2.68701
3780 2061.48 -9438.65 694.23 -2.68794
3790 2002.96 -4805.58 692.545 -2.68878
3800 2058.64 -4448.99 690.814 -2.68952
3810 2091.53 -4307.56 689.052 -2.69033
3820 2013.23 -1841.57 687.263 -2.69119
3830 1875.87 3298.04 685.489 -2.69179
3840 1824.43 7010.77 683.8 -2.69186
3850 1982.25 5092.39 682.246 -2.69155
3860 2249.11 8.02301 680.799 -2.69139
3870 2297.67 -1291.03 679.39 -2.69192
3880 2035.61 5961.08 678.004 -2.69296
3890 1715.07 12546 676.737 -2.69354
3900 1816.92 11023.6 675.674 -2.69351
3910 2104.34 4690.27 674.792 -2.69319
3920 2373.77 337.45 674.004 -2.69328
3930 2454.42 423.275 673.246 -2.69438
3940 2354.88 1100.44 672.514 -2.69654
3950 2232.27 2934.77 671.821 -2.6992
3960 2249.22 1010.42 671.181 -2.70214
3970 2156.24 2786.1 670.581 -2.70521
3980 2083.19 2392.17 670.033 -2.70813
3990 2036.48 630.651 669.534 -2.71079
4000 2035.05 -1257.33 669.059 -2.71315
4010 2069.87 -2454.87 668.578 -2.71532
4020 2045.04 365.705 668.082 -2.71733
4030 1969.5 3432.28 667.604 -2.71909
4040 1896.9 6402.18 667.189 -2.72043
4050 1917.73 8711.71 666.881 -2.72135
4060 2041.09 5959.9 666.701 -2.72204
4070 2095.23 4186.49 666.619 -2.72276
4080 2053.25 2212.15 666.603 -2.7236
4090 1937.27 1402.81 666.628 -2.72438
4100 1942.15 -1455.66 666.677 -2.72493
4110 2055.25 -5419.96 666.706 -2.72533
4120 2097.68 -6909.29 666.667 -2.72581
4130 2009.34 -9271.35 666.531 -2.72643
4140 1878.16 -5954.02 666.278 -2.72696
4150 1848.18 -3833.65 665.946 -2.72715
4160 1874.74 -4363.67 665.564 -2.72703
4170 1839.64 -2340 665.136 -2.7266
4180 1915.47 -1831.04 664.683 -2.72593
4190 1936.94 -652.083 664.218 -2.72509
4200 2010.73 147.017 663.755 -2.72423
4210 2151.45 -256.49 663.305 -2.72349
4220 2246.59 2344.07 662.869 -2.72319
4230 2240.58 5108.57 662.48 -2.7235
4240 2228.85 4921.66 662.173 -2.72438
4250 2226.56 4430.66 661.947 -2.72577
4260 2146.39 3290.61 661.794 -2.72749
4270 2057.7 2326.45 661.696 -2.72931
4280 1934.14 4230.39 661.644 -2.73089
4290 1951.27 1832.07 661.651 -2.73213
4300 2019.57 -2534.08 661.688 -2.73311
4310 2098.47 -4765.77 661.698 -2.73405
4320 2169.22 -6965.93 661.644 -2.73515
4330 2154.57 -8796.99 661.499 -2.73653
4340 2049.38 -7918.6 661.239 -2.73806
4350 1984.21 -5138.88 660.878 -2.73946
4360 1983.73 -917.612 660.458 -2.74063
4370 1952.93 4285.1 660.038 -2.74156
4380 1858.51 8441.85 659.689 -2.74218
4390 1741.84 12599.8 659.472 -2.74236
4400 1778.32 9724.09 659.432 -2.74206
4410 1898.8 4269.32 659.533 -2.74136
4420 1940.86 2227.92 659.704 -2.74044
4430 2107.22 -909.127 659.907 -2.73954
4440 2225.6 -991.919 660.105 -2.73893
4450 2245.91 -502.87 660.292 -2.73899
4460 2059.93 4821.22 660.482 -2.73955
4470 1914.24 11242.9 660.746 -2.74022
4480 1797.39 15211.9 661.168 -2.74064
4490 1726.01 18725.5 661.807 -2.74072
4500 1742.31 20542.6 662.71 -2.74042
4510 1797.11 18626.4 663.895 -2.73978
4520 1775.8 17777.2 665.341 -2.73888
4530 1848.95 11950.9 667.026 -2.73773
4540 2009.14 3368.89 668.866 -2.73614
4550 2109.87 2826.89 670.751 -2.73453
4560 2184.19 935.37 672.659 -2.73336
4570 2156.94 1026.29 674.567 -2.73273
4580 1958.59 5676.23 676.48 -2.73262
4590 1812.57 6554.83 678.454 -2.73264
4600 1756.16 5160.1 680.508 -2.73231
4610 1836.38 -824.461 682.614 -2.73145
4620 1940.59 -8272.58 684.685 -2.73
4630 2016.08 -13314.8 686.613 -2.72835
4640 1988.41 -18244.4 688.318 -2.72672
4650 1994.8 -22383.9 689.725 -2.72519
4660 2160.59 -27268.3 690.769 -2.72389
4670 2185.73 -27405.8 691.387 -2.72316
4680 1995.11 -19946.7 691.584 -2.72312
4690 1787.97 -11183.7 691.475 -2.72316
4700 1819.23 -8028.69 691.19 -2.72286
4710 1906.94 -7103.15 690.788 -2.7222
4720 1917.05 -4009.67 690.291 -2.72139
4730 1983.26 -3403.4 689.741 -2.72049
4740 2111.46 -7153.67 689.147 -2.71971
4750 1986.92 -6556.46 688.464 -2.71926
4760 1709.98 -3272.66 687.7 -2.7188
4770 1708.05 -4302.76 686.897 -2.71796
4780 1871.84 -7117.43 686.044 -2.71664
4790 2024.81 -8924.87 685.101 -2.71519
4800 1966.16 -4216.68 684.054 -2.71387
4810 1816.3 3996.54 682.969 -2.71261
4820 1742.16 9963.32 681.963 -2.71109
4830 1677.71 14776.7 681.132 -2.70919
4840 1900.64 13652.4 680.534 -2.70695
4850 2245.88 6910.34 680.15 -2.70458
4860 2249.68 5619.74 679.89 -2.70289
4870 2094.78 10958.7 679.734 -2.70211
4880 1981.5 13928.6 679.75 -2.70171
4890 2041.5 12132.1 679.975 -2.70149
4900 2073.72 6499.19 680.381 -2.70133
4910 2231.83 -786.764 680.883 -2.70143
4920 2278.17 -4355.34 681.378 -2.70204
4930 2097.45 -3317.5 681.811 -2.70318
4940 1778.4 5054.55 682.206 -2.70428
4950 1507.93 12329.2 682.674 -2.70475
4960 1476.51 15654.3 683.324 -2.70443
4970 1641.39 13127.5 684.199 -2.70331
4980 1749.45 12144.9 685.271 -2.70154
4990 1792.72 13615.8 686.526 -2.6995
5000 1920.45 9459.14 687.971 -2.69732
5010 1977.97 5203.42 689.55 -2.69504
5020 1877.48 5252.87 691.202 -2.69299
5030 1705.1 7053.55 692.923 -2.69114
5040 1859.43 2901.05 694.73 -2.68913
5050 2098.41 -3011.57 696.563 -2.68665
5060 2063.5 -1538.96 698.345 -2.68446
5070 1903.75 128.441 700.084 -2.68288
5080 1810.68 -708.476 701.806 -2.68144
5090 1771.12 -3019.36 703.497 -2.67979
5100 1837 -3944.83 705.127 -2.67785
5110 2067.88 -8697.7 706.67 -2.67567
5120 2279.87 -13157.9 708.058 -2.67361
5130 2257.13 -13900.9 709.223 -2.67237
5140 2076.83 -12561.6 710.155 -2.67195
5150 1967.18 -12738.3 710.87 -2.67185
5160 1952.3 -12432.8 711.37 -2.67174
5170 1958.24 -7825.55 711.672 -2.67155
5180 2165.55 -9950.64 711.834 -2.67142
5190 2275.72 -11035.8 711.839 -2.67171
5200 2109.99 -4668.17 711.679 -2.67259
5210 1887.59 1370.96 711.45 -2.67348
5220 1892.25 107.927 711.242 -2.67404
5230 2018.28 -209.788 711.048 -2.67432
5240 2136.29 -1069.56 710.858 -2.67463
5250 2150.79 -3507.47 710.656 -2.67523
5260 2011.07 -543.773 710.416 -2.67605
5270 1917.01 -19.9961 710.173 -2.67673
5280 2024.52 -6640.12 709.928 -2.67725
5290 2126.01 -10404.9 709.59 -2.67778
5300 2234.63 -13770.4 709.091 -2.67869
5310 2235.51 -12503 708.388 -2.68014
5320 2136.45 -5847.66 707.507 -2.68193
5330 2112.3 -2886.8 706.544 -2.6837
5340 2187.73 -1485.54 705.554 -2.68562
5350 2085.65 4675.38 704.572 -2.68757
5360 1984.6 4741.37 703.677 -2.6893
5370 1980.27 1336.59 702.874 -2.69078
5380 2082.77 -1141.21 702.115 -2.69209
5390 2326.25 -5378.91 701.352 -2.69367
5400 2407.18 -5785.74 700.525 -2.69605
5410 2219.52 1993.94 699.64 -2.69901
5420 1980.09 9497.47 698.807 -2.7017
5430 1795.13 13985.5 698.139 -2.70371
5440 1678.67 19276.4 697.714 -2.70484
5450 1747.03 17495 697.595 -2.70529
5460 1906.57 11494.3 697.757 -2.70526
5470 2042.02 4470.45 698.103 -2.70505
5480 2025.28 652.741 698.525 -2.7049
5490 1849.16 1533.79 698.965 -2.70477
5500 1681.35 2824.86 699.429 -2.70439
5510 1658.81 5437.24 699.94 -2.70352
5520 1764.17 3144.75 700.526 -2.70212
5530 1823.76 3084.35 701.165 -2.70032
5540 1813.34 6306.7 701.856 -2.69838
5550 1933.51 5445.54 702.637 -2.69635
5560 1999.52 4100.86 703.501 -2.69432
5570 1896.51 5055.71 704.43 -2.69254
5580 1793.45 5959.35 705.435 -2.69092
5590 1957.12 -1146.67 706.516 -2.68914
5600 2026.65 -7412.7 707.573 -2.68716
5610 2017.46 -11387 708.504 -2.68541
5620 2037.86 -14709.4 709.242 -2.68392
5630 2080.74 -17432.8 709.736 -2.68271
5640 2111.56 -19329.6 709.942 -2.68191
5650 2072.82 -17069.6 709.84 -2.68156
5660 2049.24 -17013.5 709.461 -2.68154
5670 2055.41 -17912.8 708.814 -2.68176
5680 2053.32 -20177.5 707.887 -2.68222
5690 2071.66 -22394.9 706.652 -2.683
5700 2071.91 -24177 705.079 -2.68404
5710 2197.4 -26195.6 703.146 -2.68559
5720 2090.78 -20494.7 700.846 -2.6875
5730 2077.35 -18097.8 698.258 -2.68942
5740 2106.09 -17202.3 695.437 -2.69149
5750 1946.81 -9918.09 692.414 -2.69339
5760 1843.56 -3257.71 689.3 -2.6945
5770 1922.34 -2390.34 686.193 -2.69504
5780 1958.86 1655.31 683.123 -2.69521
5790 1913.87 8388.62 680.15 -2.69492
5800 1937.71 14714.1 677.368 -2.69408
5810 2202.41 16872.2 674.86 -2.6931
5820 2247.77 22383.3 672.665 -2.69251
5830 2016.83 30666 670.851 -2.69233
5840 1789.2 36059.3 669.524 -2.69202
5850 1956.95 28724.1 668.736 -2.69169
5860 1995.72 25023.1 668.392 -2.69154
5870 1795.56 28378.6 668.435 -2.69144
5880 1996.68 21032.3 668.88 -2.69129
5890 2233.4 11088 669.63 -2.69113
5900 2351.08 6053.78 670.543 -2.6915
5910 2443.96 3681.59 671.542 -2.6928
5920 2404.63 2062.54 672.588 -2.69514
5930 2137.17 5079.57 673.663 -2.69806
5940 1888.26 5514.74 674.8 -2.70063
5950 1948.54 1119.13 676.002 -2.7026
5960 2022.57 -3924.83 677.21 -2.70411
5970 2048.72 -8599.63 678.346 -2.7054
5980 2035.2 -11207.6 679.346 -2.70653
5990 2081.07 -14236.8 680.168 -2.70762
6000 1990.6 -13150.1 680.772 -2.7087
6010 1742.01 -4475.69 681.187 -2.70954
6020 1614.67 -690.734 681.524 -2.70975
6030 1741.37 -2513.48 681.842 -2.70926
6040 1876.7 -3601.87 682.125 -2.70823
6050 1908.27 -534.39 682.36 -2.70702
6060 1895.26 2858.41 682.589 -2.70576
6070 1961.45 3519.4 682.86 -2.7045
6080 1843.99 8372.22 683.192 -2.70325
6090 1778.55 12358.4 683.652 -2.70202
6100 1818.63 11864.1 684.293 -2.70059
6110 1928.64 7632.56 685.105 -2.69893
6120 2103.52 1743.76 686.027 -2.69719
6130 2304.47 -5923.43 686.966 -2.69571
6140 2495.29 -10392.5 687.812 -2.69509
6150 2501.42 -10463.9 688.498 -2.69589
6160 2234.32 -2255.41 689.03 -2.69788
6170 1966.13 7067.05 689.529 -2.70001
6180 1995.86 7132.6 690.122 -2.70185
6190 2069.73 3669.41 690.819 -2.70347
6200 1998.94 4808.41 691.577 -2.70495
6210 2088.72 3241.44 692.4 -2.70632
6220 2248.89 896.556 693.268 -2.70782
6230 2209.95 3009.18 694.151 -2.70973
6240 2058.71 4645.69 695.075 -2.71184
6250 1913.38 5958.06 696.064 -2.71371
6260 1839.31 6158.63 697.14 -2.7151
6270 1877.45 2562.63 698.298 -2.71598
6280 1916.27 378.857 699.49 -2.71641
6290 1968.62 -3276.34 700.674 -2.71657
6300 1951.54 -5396.63 701.798 -2.71653
6310 1855 -5940.29 702.827 -2.71636
6320 1748.92 -5959.8 703.753 -2.71587
6330 1835.9 -9740.85 704.568 -2.71497
6340 2010.59 -13350.7 705.219 -2.71375
6350 2123.51 -15404.1 705.654 -2.71264
6360 2109.82 -15821.3 705.84 -2.71197
6370 1970.87 -12934.6 705.776 -2.71171
6380 1795.63 -8983.92 705.512 -2.71144
6390 1840.91 -12057.7 705.101 -2.71089
6400 2028.54 -17550.9 704.503 -2.71017
6410 2056.75 -18506.5 703.643 -2.70967
6420 1879.07 -15302.9 702.51 -2.70945
6430 1605.26 -8983.54 701.16 -2.70904
6440 1562.71 -6309.71 699.689 -2.70801
6450 1745.32 -8981.18 698.139 -2.70631
6460 1898.32 -12130.5 696.48 -2.70425
6470 1942.85 -14062.7 694.664 -2.7023
6480 1923.66 -13013.6 692.67 -2.70056
6490 2025.35 -13827.9 690.512 -2.69903
6500 2062.39 -14108.6 688.187 -2.6978
6510 2034.73 -11855.5 685.697 -2.69698
6520 1982.52 -5735.14 683.085 -2.69624
6530 2057.67 -2819.33 680.437 -2.69543
6540 2164.57 -962.139 677.804 -2.69475
6550 2282.16 271.749 675.214 -2.69449
6560 2353.67 1677.55 672.686 -2.69495
6570 2296.44 5112.54 670.243 -2.69615
6580 2149.04 9572.83 667.931 -2.69765
6590 2095.85 13154.5 665.808 -2.69909
6600 2146.61 14509.4 663.921 -2.70048
6610 2226.1 13660.4 662.28 -2.70215
6620 2139.67 14660 660.876 -2.70409
6630 1996.59 15306.4 659.712 -2.70596
6640 1910.99 15006.4 658.789 -2.7075
6650 1926.28 14813 658.102 -2.70865
6660 2029.54 12840.7 657.639 -2.70958
6670 2162.28 12198.9 657.373 -2.71057
6680 2311.39 11187.5 657.289 -2.71195
6690 2413.9 8759.47 657.368 -2.71414
6700 2250.59 11702 657.583 -2.71706
6710 1994.32 15132 657.967 -2.71995
6720 2019.91 13010.2 658.559 -2.72249
6730 1998.15 12535 659.333 -2.72475
6740 1877.46 17537.1 660.286 -2.72671
6750 1867.7 20180.1 661.479 -2.72834
6760 1882.19 18752.5 662.943 -2.72963
6770 1866.19 18109.4 664.664 -2.7306
6780 1899.51 15739.7 666.626 -2.7313
6790 1995.12 9235.28 668.791 -2.73167
6800 2107.06 2430.05 671.068 -2.73176
6810 2110.07 455.185 673.363 -2.73192
6820 1979.84 353.856 675.643 -2.73223
6830 1943.27 -391.391 677.905 -2.73248
6840 1954.52 -640.497 680.136 -2.73254
6850 1914.66 740.403 682.335 -2.73251
6860 1796.82 4304.68 684.525 -2.73237
6870 1689.47 9266.15 686.758 -2.73207
6880 1663.63 12048.7 689.106 -2.73151
6890 1615.46 14689.7 691.615 -2.73058
6900 1658.24 15071.2 694.323 -2.72935
6910 1834.07 8492.75 697.228 -2.72749
6920 1869.67 4726.01 700.241 -2.7251
6930 1895.16 -288.72 703.293 -2.72258
6940 1984.11 -6020 706.303 -2.71983
6950 2030.14 -8222.81 709.186 -2.71708
6960 1963.6 -7434.85 711.906 -2.71471
6970 1883.52 -9551.9 714.465 -2.71262
6980 1850.58 -12570.3 716.833 -2.71045
6990 1954.59 -17272.2 718.956 -2.70812
7000 2005.94 -20196.2 720.765 -2.70576
7010 1980.51 -20128.2 722.214 -2.70373
7020 1942.3 -20125.7 723.302 -2.70202
7030 1846.15 -17959.2 724.039 -2.70053
7040 1757.16 -16865.2 724.46 -2.69907
7050 1714.89 -17752.5 724.587 -2.69745
7060 1712.47 -18476.2 724.415 -2.69561
7070 1768.04 -18019.7 723.937 -2.69355
7080 1883.77 -18071 723.163 -2.69133
7090 1994.15 -18624 722.102 -2.68917
7100 1999.21 -17405.9 720.753 -2.68735
7110 1917.03 -12031.4 719.149 -2.68585
7120 1920.83 -9532.36 717.374 -2.6844
7130 2029.2 -7539.88 715.482 -2.68298
7140 1967.87 -3590.07 713.511 -2.68168
7150 1784.25 219.053 711.526 -2.68039
7160 1730.64 648.681 709.585 -2.6789
7170 1788.77 -2281.11 707.695 -2.6771
7180 1938.45 -7367.88 705.807 -2.67522
7190 1967.22 -6808.92 703.852 -2.67344
7200 1931.58 -3405.05 701.838 -2.67177
7210 1989.8 -5270.3 699.808 -2.6702
7220 2104.55 -7428.81 697.742 -2.6689
7230 2074.51 -7203.16 695.609 -2.66806
7240 1938.7 -2470.48 693.42 -2.6674
7250 2090.98 -3355.42 691.236 -2.66674
7260 2277.46 -5996.49 689.049 -2.66649
7270 2232.6 -3530.15 686.829 -2.66685
7280 2336.11 -800.669 684.608 -2.66786
7290 2201.01 5026.43 682.432 -2.66933
7300 1970.56 12199.3 680.386 -2.67065
7310 1867.73 15258.5 678.569 -2.67144
7320 2016.74 12533.7 677.014 -2.67188
7330 2334.98 8416.82 675.682 -2.6726
7340 2483.76 6146.36 674.51 -2.67428
7350 2430.34 6160.46 673.462 -2.6771
7360 2230.86 9247.49 672.537 -2.68047
7370 2089.17 9781.18 671.769 -2.68371
7380 2018.48 11392.9 671.167 -2.68658
7390 2032.03 9651.1 670.745 -2.68908
7400 2144.93 1968.9 670.47 -2.69145
7410 2227.65 -3649.75 670.238 -2.69399
7420 2221.46 -3300.3 669.97 -2.69679
7430 2191.29 -1572.35 669.667 -2.69972
7440 2093.3 540.36 669.353 -2.70264
7450 1872.14 6449.66 669.065 -2.70507
7460 1854.52 6136.14 668.872 -2.70678
7470 1991.19 -44.745 668.77 -2.70804
7480 2105.31 -4591.23 668.678 -2.70918
7490 2088.5 -4160.11 668.533 -2.71041
7500 2057.1 -3174.91 668.336 -2.71166
7510 2017.27 -2151.21 668.102 -2.7129
7520 1769.57 7245.6 667.858 -2.71379
7530 1789.64 8669.2 667.718 -2.71412
7540 1934.46 3659.79 667.704 -2.714
7550 2055.33 1593.53 667.753 -2.71374
7560 2092.71 694.424 667.831 -2.71362
7570 2079.59 2113.93 667.928 -2.71373
7580 2070.34 3996.48 668.06 -2.71403
7590 2040.3 6863.99 668.256 -2.71447
7600 1993.69 8719.46 668.554 -2.71496
7610 1922.68 8433.42 668.976 -2.71538
7620 1900.6 6218 669.519 -2.71558
7630 2075.04 -1501.32 670.143 -2.71556
7640 2242.96 -8903.06 670.742 -2.71563
7650 2274.94 -12185.6 671.212 -2.71628
7660 2213.77 -10371.5 671.509 -2.7175
7670 2209.27 -6184.08 671.657 -2.7192
7680 2058.88 2302.95 671.724 -2.72109
7690 1865.97 13246.2 671.834 -2.72273
7700 1818.04 18154.7 672.135 -2.72389
7710 1904.22 15246.6 672.694 -2.72464
7720 1969.67 10659.3 673.474 -2.72514
7730 1988.24 5998.68 674.407 -2.72545
7740 2067.57 58.3451 675.419 -2.72567
7750 2121.68 -3616.27 676.427 -2.72595
7760 2049.94 -5751.76 677.373 -2.72639
7770 1876.98 -5574.39 678.228 -2.72681
7780 1755.54 -6368.18 678.993 -2.72687
7790 1839.28 -12642.2 679.647 -2.72644
7800 1889.88 -14587.2 680.11 -2.72564
7810 1884.79 -11745.7 680.36 -2.72474
7820 1931.49 -11510.3 680.429 -2.72377
7830 1900.62 -7412.49 680.334 -2.72275
7840 1857.48 -5329.05 680.132 -2.7217
7850 1841.2 -7482.4 679.854 -2.72051
7860 1890.7 -9914.49 679.472 -2.71918
7870 1979.33 -11753 678.953 -2.71779
7880 2133.85 -16764.5 678.267 -2.71659
7890 2201.63 -18598.8 677.352 -2.71594
7900 2129.67 -13477 676.188 -2.71596
7910 1952.43 -4181.58 674.856 -2.71614
7920 1874.53 288.35 673.484 -2.71608
7930 1931.22 2118.15 672.142 -2.71572
7940 1987.07 5176.64 670.863 -2.71515
7950 2156.24 4174.1 669.683 -2.71462
7960 2293.27 1457.34 668.587 -2.71459
7970 2223.6 2475.02 667.543 -2.71527
7980 2077 6742.55 666.564 -2.71629
7990 2050.57 8965.78 665.701 -2.71732
8000 2049.65 12590 664.991 -2.71829
8010 2046.85 12366.9 664.476 -2.71923
8020 2138.07 9989.15 664.151 -2.72028
8030 2162.55 7858.23 663.98 -2.72155
8040 2185.43 4996.37 663.932 -2.72309
8050 2216.48 -1084.22 663.957 -2.72494
8060 2115.69 -1444.16 663.981 -2.72703
8070 2043 1809.8 663.994 -2.72899
8080 2142.36 482.074 664.032 -2.73093
8090 2110.39 2013.32 664.086 -2.73291
8100 2033.57 7694.69 664.181 -2.73483
8110 2082.31 9786.48 664.387 -2.73658
8120 2307.96 4401.57 664.726 -2.73853
8130 2428.78 -519.878 665.133 -2.74113
8140 2344.53 -2986.03 665.535 -2.74451
8150 2083.56 -1384.6 665.9 -2.748
8160 1925.94 -2657.48 666.243 -2.75093
8170 1941.08 -6688.58 666.543 -2.7532
8180 2031.99 -11229.6 666.747 -2.7551
8190 2106.51 -13203 666.796 -2.75688
8200 2140.01 -14933.4 666.657 -2.75875
8210 2081.27 -15878.3 666.311 -2.76076
8220 1890.16 -13388.4 665.75 -2.7626
8230 1721.75 -9658.44 665.012 -2.76383
8240 1726.71 -7453.12 664.149 -2.76434
8250 1803.58 -6767.67 663.196 -2.76425
8260 1791.48 -5774.47 662.167 -2.76375
8270 1674 -3893.76 661.078 -2.76289
8280 1547.74 95.6737 659.96 -2.76153
8290 1712.76 -1995.02 658.859 -2.75955
8300 1987.45 -6520.34 657.749 -2.7571
8310 2081.5 -4196.94 656.579 -2.75472
8320 1988.66 3473.48 655.382 -2.75272
8330 1791.24 12449.8 654.262 -2.75087
8340 1746.11 15541.6 653.331 -2.74891
8350 1792.02 16811.7 652.635 -2.7467
8360 1840.72 14352.6 652.184 -2.74435
8370 1949.92 8957.23 651.941 -2.74201
8380 2007.04 7012.13 651.836 -2.73979
8390 2102.03 4621.29 651.835 -2.73788
8400 2203.86 -242.533 651.9 -2.73642
8410 2198.4 -2060 651.971 -2.7356
8420 2175.4 -1284.19 652.023 -2.73542
8430 2112.97 3256.02 652.067 -2.73567
8440 2093.15 4406.19 652.157 -2.73617
8450 2186.66 2586.28 652.309 -2.73691
8460 2240.22 3656.89 652.506 -2.73804
8470 2197 4664.85 652.755 -2.73962
8480 2033.15 6081.25 653.074 -2.7414
8490 1809.68 6643.69 653.476 -2.74287
8500 1732.34 6582.58 653.972 -2.74368
8510 2049.99 -1541.12 654.547 -2.74395
8520 2306.55 -5894.33 655.103 -2.74423
8530 2266.08 -4917.71 655.581 -2.74522
8540 2024.46 -587.711 655.995 -2.74662
8550 1887.46 737.064 656.397 -2.74784
8560 1847.75 946.219 656.808 -2.74863
8570 1907.12 -1166.01 657.229 -2.749
8580 1994.5 -1617.26 657.634 -2.74913
8590 2003.43 661.716 658.021 -2.7492
8600 1975.52 -28.737 658.413 -2.7493
8610 1851.3 2692.18 658.81 -2.74928
8620 1773.29 5125.3 659.245 -2.74901
8630 1735.41 7135.79 659.75 -2.74835
8640 1701.96 8823.64 660.356 -2.74731
8650 1684.67 8536.94 661.081 -2.74588
8660 1584.13 8663.67 661.924 -2.7441
8670 1523.41 9106.24 662.886 -2.74195
8680 1643.32 6296.37 663.966 -2.73929
8690 1857.26 -1138.81 665.121 -2.73593
8700 1948.91 -4399.05 666.257 -2.73231
8710 1877.44 -1671.25 667.328 -2.72904
8720 1980.92 -7078.22 668.354 -2.72606
8730 2072.47 -11910.1 669.271 -2.72316
8740 2024.01 -12109.6 670.013 -2.72078
8750 2008.68 -14550.9 670.57 -2.71887
8760 2075.72 -16251.5 670.913 -2.71727
8770 2202.27 -17304.8 671.018 -2.71611
8780 2335.94 -15835.3 670.877 -2.71565
8790 2454.78 -15980.9 670.51 -2.71626
8800 2394.28 -10413.5 669.929 -2.71808
8810 2092.83 -245.563 669.216 -2.72041
8820 1828.51 7352.09 668.514 -2.72224
8830 1816.13 10642 667.929 -2.72338
8840 1824.31 13601 667.515 -2.7239
8850 1959.22 9888.88 667.301 -2.72409
8860 2096.56 3659.9 667.236 -2.72423
8870 2039.39 1432.2 667.237 -2.72454
8880 1944.96 501.273 667.266 -2.72486
8890 2014.84 -1738.82 667.306 -2.72507
8900 2102.39 -3702.48 667.327 -2.72529
8910 2113.54 -3006.25 667.302 -2.72574
8920 2051.53 -908.884 667.242 -2.72633
8930 2166.73 -1934.87 667.172 -2.72709
8940 2156.72 -3228.86 667.079 -2.72815
8950 1928 655.162 666.956 -2.72926
8960 1955.93 -735.108 666.842 -2.73014
8970 2004.1 -1388.44 666.725 -2.73078
8980 2054.16 -433.733 666.598 -2.73137
8990 2124.56 -2716.02 666.469 -2.73205
9000 2106.31 -5033.69 666.307 -2.73294
9010 2070.36 -5859.28 666.085 -2.73391
9020 2292.92 -14213.4 665.776 -2.73516
9030 2362.11 -18324.3 665.277 -2.73717
9040 2145.83 -10983.5 664.543 -2.73978
9050 1805.36 1529.31 663.674 -2.74196
9060 1646.49 11795.6 662.843 -2.74306
9070 1757.12 15480 662.191 -2.7433
9080 1860.23 16840.5 661.772 -2.74304
9090 1807.09 20415 661.608 -2.74253
9100 1734.86 20465.2 661.74 -2.7418
9110 1814.51 14710.3 662.161 -2.74076
9120 1997.19 8212.81 662.792 -2.73942
9130 2161.75 -117.259 663.534 -2.73809
9140 2082.69 808.768 664.285 -2.73716
9150 1956.87 2640.47 665.044 -2.73662
9160 1971.09 -974.526 665.829 -2.73611
9170 2067.76 -3600.58 666.599 -2.73557
9180 2120.92 -4619.12 667.313 -2.73519
9190 2047.3 -3181.9 667.959 -2.73514
9200 1861.89 1792.3 668.562 -2.7352
9210 1711.92 5726.64 669.186 -2.73502
9220 1726.05 4486.41 669.884 -2.73439
9230 1720.18 6120.6 670.649 -2.73327
9240 1663.63 8626.89 671.499 -2.73183
9250 1658.08 7581.04 672.466 -2.73001
9260 1823.08 4388.47 673.535 -2.72772
9270 1955.13 3007.98 674.663 -2.72509
9280 2034.28 4344.44 675.831 -2.72263
9290 2061.26 7281.39 677.057 -2.72059
9300 2111.41 7218.75 678.38 -2.71906
9310 2146.21 5279.03 679.799 -2.71797
9320 2157.88 1925.25 681.284 -2.71736
9330 2050.9 876.832 682.791 -2.71712
9340 1913.26 1893.8 684.301 -2.71705
9350 1792.97 1863.18 685.824 -2.71688
9360 1522.06 5878.91 687.37 -2.71631
9370 1504.55 6325.53 688.988 -2.71528
9380 1711.03 -501.382 690.677 -2.71328
9390 1947.52 -6558.39 692.345 -2.71053
9400 2077.9 -9874.31 693.899 -2.70762
9410 2033.24 -8212.15 695.292 -2.70517
9420 1874.22 -5533.82 696.544 -2.70327
9430 1772.91 -6685.98 697.692 -2.7015
9440 1799.13 -7533.15 698.724 -2.69955
9450 1786.76 -6564.58 699.631 -2.6974
9460 1814.39 -8049.27 700.422 -2.69513
9470 1859.19 -10254.7 701.077 -2.69271
9480 1804.1 -8216.04 701.571 -2.69032
9490 1584.24 -2018.94 701.937 -2.68801
9500 1423.56 592.834 702.264 -2.68562
9510 1417.41 982.47 702.598 -2.68275
9520 1634.3 -1864.37 702.944 -2.67918
9530 1958.84 -9752.43 703.251 -2.67481
9540 2069.89 -10617 703.414 -2.67046
9550 2100.13 -10981.3 703.408 -2.66689
9560 2153.98 -11545.1 703.232 -2.6641
9570 2295.23 -12620.4 702.877 -2.66213
9580 2388.08 -12134.1 702.334 -2.66118
9590 2360.58 -12601.1 701.61 -2.66144
9600 2315.6 -11787.9 700.702 -2.6627
9610 2273.42 -5906.52 699.636 -2.6646
9620 2266.66 -130 698.498 -2.66683
9630 2258.69 4899.18 697.382 -2.66939
9640 2050.06 11966.2 696.372 -2.67191
9650 1831.92 22237.4 695.581 -2.67384
9660 1799.26 25044.2 695.146 -2.67504
9670 1982.36 20422.3 695.108 -2.67591
9680 2144.44 14929.9 695.4 -2.67684
9690 2021.08 10710.1 695.931 -2.67796
9700 1750.87 7069.88 696.631 -2.67885
9710 1778.07 306.733 697.436 -2.67908
9720 2123.03 -11158 698.232 -2.67877
9730 2337.18 -16383.7 698.855 -2.67864
9740 2359.73 -15315.8 699.223 -2.67943
9750 2310.29 -11835.6 699.352 -2.68113
9760 2233.94 -6044.12 699.301 -2.68341
9770 2093.17 887.319 699.162 -2.68586
9780 1900.66 7190.83 699.043 -2.688
9790 1719.33 11138 699.045 -2.68945
9800 1791.38 10123 699.223 -2.69019
9810 2040.1 3886.33 699.559 -2.69046
9820 2306.08 -8109.26 699.949 -2.69081
9830 2396.73 -13542.6 700.221 -2.69189
9840 2291.68 -12759.4 700.289 -2.69386
9850 2091.14 -12171.5 700.156 -2.69624
9860 1795.24 -5983.94 699.845 -2.69825
9870 1655.23 -1009.38 699.447 -2.69939
9880 1797.09 -2801.42 699.035 -2.69972
9890 2054.87 -8659.59 698.584 -2.69968
9900 2110.19 -8101.62 698.016 -2.69976
9910 2062.79 -5473.91 697.339 -2.70002
9920 2254.62 -11863.8 696.578 -2.7006
9930 2424.12 -14310.9 695.654 -2.70197
9940 2349.33 -11216.7 694.532 -2.70435
9950 2009.81 -4000.13 693.265 -2.70697
9960 1759.1 2169.23 691.96 -2.70884
9970 1650.99 7079.85 690.713 -2.70975
9980 1576.4 13241.8 689.605 -2.70969
9990 1626.53 13389.1 688.715 -2.70884
10000 1776.86 9179.05 688.046 -2.70741
