# Time-averaged data for fix 4
# TimeStep c_mytemp c_mypress v_vmyvol v_avgEtotal
10 1288.15 -3783.36 573.625 -3.08058
20 1185.8 -2706.67 573.738 -3.08218
30 1182.65 -1878.72 573.802 -3.08366
40 1287.46 -3498.16 573.832 -3.0852
50 1332.34 -4902.14 573.8 -3.08704
60 1246.08 -4231.99 573.683 -3.08912
70 1089.75 -1485.39 573.496 -3.091
80 960.458 2974.73 573.292 -3.09233
90 916.351 5585.99 573.149 -3.09306
100 922.944 6924.26 573.116 -3.0933
110 933.091 8027.47 573.22 -3.09314
120 939.307 7397.09 573.477 -3.09265
130 962.248 6101.37 573.875 -3.09188
140 1002.18 4585.22 574.388 -3.09089
150 1037.96 2950.71 574.987 -3.08973
160 1085.63 904.368 575.638 -3.08849
170 1155.19 -1628.68 576.302 -3.08727
180 1225.73 -2806.61 576.934 -3.0862
190 1249.17 -1938.63 577.512 -3.08548
200 1186.37 953.593 578.054 -3.08518
210 1100.62 2080.78 578.609 -3.0851
220 997.401 4157.78 579.204 -3.085
230 889.156 4572.38 579.874 -3.08471
240 828.536 3256.92 580.626 -3.08407
250 876.366 1643.44 581.436 -3.08303
260 1025.79 -2274.5 582.267 -3.08152
270 1160.14 -4944.98 583.05 -3.07973
280 1195.81 -6537.4 583.732 -3.07811
290 1153.69 -8097.57 584.281 -3.07686
300 1107.16 -8628.43 584.669 -3.0759
310 1121.98 -8613.98 584.886 -3.07508
320 1198.47 -9592.3 584.932 -3.07438
330 1273.36 -10910.9 584.792 -3.07397
340 1275.91 -10848.4 584.445 -3.07402
350 1201.49 -10921 583.894 -3.07446
360 1123.81 -10706.4 583.141 -3.07507
370 1104.53 -10571.1 582.194 -3.07565
380 1162.94 -11232.5 581.057 -3.0762
390 1246.12 -10085 579.727 -3.07687
400 1269.14 -7851.92 578.23 -3.07778
410 1208.3 -3424.44 576.616 -3.07885
420 1129.33 1636.64 574.969 -3.0798
430 1091.06 6724.69 573.388 -3.08045
440 1101.74 9737.62 571.964 -3.08081
450 1124.4 9667.81 570.748 -3.08105
460 1125.67 9091.49 569.74 -3.08127
470 1134.14 7949.51 568.923 -3.08149
480 1170.41 8907.76 568.277 -3.08174
490 1245.29 11332.6 567.816 -3.08209
500 1300.92 10312.6 567.572 -3.08277
510 1228.56 10710.9 567.535 -3.0838
520 1091.95 11870.9 567.705 -3.08489
530 1009.64 11221.2 568.096 -3.08574
540 1037.63 9311.22 568.695 -3.08629
550 1092.56 7875.67 569.467 -3.08662
560 1125.7 5265.88 570.379 -3.08684
570 1126.88 4579.91 571.388 -3.08701
580 1182.04 1376 572.472 -3.08718
590 1304.46 -3935.7 573.569 -3.08741
600 1426.84 -8055.28 574.585 -3.08806
610 1437.85 -9910.12 575.442 -3.08948
620 1311.64 -8212.4 576.11 -3.09149
630 1133.22 -4182.95 576.62 -3.09351
640 977.618 -775.742 577.046 -3.09507
650 888.475 1252.85 577.454 -3.09599
660 883.442 981.513 577.88 -3.09633
670 937.453 -1005.46 578.32 -3.09618
680 991.281 -2797.82 578.74 -3.09566
690 1020.85 -4859.57 579.103 -3.09489
700 1030.74 -5226.65 579.374 -3.09399
710 1050.86 -6256.42 579.543 -3.09301
720 1086.18 -6956.35 579.592 -3.09199
730 1127.3 -7541.06 579.51 -3.09101
740 1173.7 -8886.36 579.286 -3.09017
750 1216 -8775.07 578.9 -3.08957
760 1197.85 -7856.13 578.355 -3.08929
770 1099.58 -6113.35 577.674 -3.08922
780 995.518 -3758.56 576.891 -3.08911
790 979.199 -1508.57 576.052 -3.08876
800 1065.69 -42.6272 575.2 -3.08814
810 1175.82 1103.53 574.366 -3.08739
820 1228.74 1067.09 573.569 -3.0868
830 1211.57 821.657 572.81 -3.08653
840 1180.24 1165.3 572.086 -3.0865
850 1184.88 726.761 571.399 -3.08663
860 1175.96 2276.14 570.744 -3.08688
870 1089.27 5843.52 570.153 -3.08714
880 1016.67 6761.88 569.681 -3.08726
890 1040.6 6690.2 569.345 -3.08716
900 1134.52 7515.65 569.148 -3.08691
910 1235.04 6404.2 569.097 -3.08671
920 1287.44 4093.78 569.17 -3.08683
930 1256.39 3517.36 569.328 -3.08734
940 1175.99 3953.05 569.556 -3.08808
950 1103.91 5058.03 569.863 -3.08882
960 1080.06 4178.61 570.262 -3.08941
970 1103.96 3846.77 570.741 -3.08984
980 1155.01 4376.43 571.292 -3.09019
990 1194.33 3538.38 571.921 -3.09059
1000 1169.59 3075.94 572.616 -3.0911
1010 1152.43 47.3988 573.36 -3.09161
1020 1202.75 -2805.17 574.102 -3.09211
1030 1290.06 -5981.88 574.784 -3.09276
1040 1288.55 -6588.54 575.353 -3.09374
1050 1139.94 -4834.52 575.797 -3.09492
1060 934.492 -1547.04 576.149 -3.09581
1070 808.985 1161.63 576.47 -3.09615
1080 811.361 1861.27 576.809 -3.09592
1090 900.29 1226.23 577.18 -3.09518
1100 1010.02 -275.219 577.574 -3.09401
1110 1102.81 -2599.28 577.959 -3.09263
1120 1169.18 -5477.81 578.293 -3.09128
1130 1232.75 -7556.82 578.523 -3.09016
1140 1288.36 -8611.22 578.609 -3.08945
1150 1298 -8441.65 578.534 -3.08926
1160 1226 -6853.32 578.305 -3.08955
1170 1099.92 -6009.08 577.95 -3.09002
1180 1007.28 -5045.95 577.489 -3.09035
1190 1017.55 -3651.71 576.943 -3.09041
1200 1108.88 -3084.67 576.338 -3.09025
1210 1166.28 -2095.1 575.688 -3.09005
1220 1143.3 -977.541 575.014 -3.08993
1230 1103.35 150.449 574.336 -3.08987
1240 1060.57 1689.87 573.677 -3.08975
1250 1015.45 3579.26 573.066 -3.08948
1260 996.092 5216.18 572.536 -3.08902
1270 1030.58 5603.47 572.117 -3.08835
1280 1123.6 3744.79 571.811 -3.08756
1290 1262.41 -158.264 571.582 -3.08683
1300 1382.32 -4405.09 571.359 -3.08653
1310 1406.05 -3694.05 571.069 -3.08698
1320 1333.95 536.888 570.726 -3.08811
1330 1239.16 3490.75 570.402 -3.08955
1340 1183.55 3916.75 570.15 -3.09101
1350 1144.96 3816.08 569.98 -3.09238
1360 1083.76 5317.42 569.892 -3.09354
1370 1035.4 6019.01 569.91 -3.09442
1380 1007.33 5401.06 570.043 -3.09497
1390 981.477 5341.47 570.281 -3.09521
1400 968.581 5984.1 570.623 -3.09514
1410 982.864 6319.06 571.078 -3.0948
1420 1039.66 3063.46 571.644 -3.09421
1430 1103.12 -731.628 572.265 -3.09344
1440 1158.88 -3722.9 572.87 -3.09266
1450 1203.2 -6421.63 573.402 -3.092
1460 1262.23 -7595.82 573.811 -3.09161
1470 1333.02 -7349.49 574.078 -3.09164
1480 1339.4 -5124.56 574.209 -3.09224
1490 1234.11 -2516.03 574.246 -3.09329
1500 1098.28 1225.63 574.244 -3.09435
1510 1074.19 1620.61 574.263 -3.09517
1520 1115.12 2531.49 574.319 -3.09581
1530 1078.94 4806.82 574.43 -3.09632
1540 964.676 6196.96 574.635 -3.09663
1550 914.847 5693.81 574.958 -3.0966
1560 1004.95 2019.43 575.385 -3.09618
1570 1155.03 -3184.04 575.846 -3.0955
1580 1162.79 -5671 576.25 -3.09485
1590 1062.81 -4793.92 576.55 -3.09437
1600 1016.06 -3888.27 576.757 -3.09387
1610 1078.48 -4299.43 576.888 -3.09324
1620 1141.86 -3217.15 576.943 -3.09255
1630 1177.82 -3767.51 576.937 -3.09197
1640 1173.05 -5184.25 576.86 -3.09158
1650 1134.86 -2661.29 576.698 -3.09136
1660 1108.01 -855.101 576.49 -3.09121
1670 1072.28 1004.64 576.274 -3.09102
1680 1052.97 1772.31 576.083 -3.09075
1690 1090.97 1473.41 575.932 -3.09036
1700 1153.24 956.21 575.817 -3.08995
1710 1173.8 235.333 575.726 -3.08964
1720 1106.72 1517.09 575.649 -3.08946
1730 1004.18 4360.79 575.61 -3.08926
1740 985.463 4350.9 575.655 -3.08889
1750 1059.45 2692.41 575.786 -3.08828
1760 1164.87 -698.061 575.969 -3.08757
1770 1160.53 -3012.56 576.141 -3.08698
1780 1023.68 -747.189 576.268 -3.08653
1790 931.714 658.618 576.38 -3.08601
1800 958.776 1938.46 576.508 -3.08522
1810 1071.81 1561.1 576.673 -3.08416
1820 1189.5 -367.249 576.868 -3.08302
1830 1260.41 -2995.45 577.057 -3.08209
1840 1257.12 -3787.48 577.196 -3.08159
1850 1198.33 -3291.71 577.266 -3.08149
1860 1122.94 -2312.36 577.277 -3.08158
1870 1101.55 78.3239 577.251 -3.08167
1880 1159.93 -178.548 577.228 -3.08171
1890 1231.05 -2780.6 577.203 -3.08184
1900 1269.56 -5070.58 577.13 -3.08223
1910 1265.66 -5990.55 576.968 -3.08296
1920 1189.47 -4411.34 576.702 -3.08392
1930 1049.52 104.167 576.366 -3.0848
1940 966.116 2965.67 576.038 -3.0853
1950 1011.24 1777.35 575.769 -3.08543
1960 1137.5 -184.096 575.543 -3.08533
1970 1261.6 -2242.7 575.32 -3.08529
1980 1284.65 -3138.62 575.065 -3.08559
1990 1175.28 -726.071 574.765 -3.08621
2000 1026.65 2325.65 574.462 -3.08677
2010 971.142 3000.86 574.208 -3.08702
2020 1020.26 2177.86 574.017 -3.08695
2030 1093.36 2618.45 573.877 -3.08666
2040 1148.38 2567.43 573.794 -3.08631
2050 1167.62 2390.27 573.765 -3.08606
2060 1163.83 2691.14 573.789 -3.08593
2070 1151.83 4556.69 573.871 -3.08593
2080 1135.36 6571.87 574.045 -3.086
2090 1103.52 6554.37 574.344 -3.08611
2100 1036.64 7442.38 574.771 -3.08616
2110 1007.23 6563.2 575.338 -3.08606
2120 1071.86 2187.23 576.022 -3.08573
2130 1187.84 -2134.63 576.744 -3.08525
2140 1287.7 -5530.26 577.423 -3.08491
2150 1313.47 -6067.01 577.997 -3.085
2160 1236.35 -3267.51 578.456 -3.08555
2170 1084.47 377.528 578.853 -3.08626
2180 928.871 4251.95 579.258 -3.08674
2190 882.464 5036.52 579.739 -3.08679
2200 976.313 1826.45 580.309 -3.0864
2210 1057.82 -879.453 580.914 -3.08567
2220 1052.25 -517.082 581.503 -3.08484
2230 957.217 3464.63 582.085 -3.08401
2240 868.926 6104.46 582.73 -3.0831
2250 871.014 5510.83 583.485 -3.08195
2260 928.084 3159.67 584.342 -3.08046
2270 1033.57 -3028 585.248 -3.07861
2280 1155.85 -9447 586.086 -3.07654
2290 1260.88 -13434.1 586.735 -3.07461
2300 1339.23 -16651.3 587.113 -3.07322
2310 1401.67 -19674.5 587.159 -3.07266
2320 1439.61 -20860.6 586.819 -3.07311
2330 1411.67 -17832.5 586.082 -3.07456
2340 1277.16 -13682 585.008 -3.0766
2350 1076.8 -7466.96 583.69 -3.07848
2360 970.319 -3382.85 582.248 -3.07974
2370 972.881 -2398.5 580.761 -3.08045
2380 1035.19 -1597.29 579.257 -3.08076
2390 1117.73 -853.195 577.752 -3.08083
2400 1157.9 -51.8058 576.26 -3.08086
2410 1113.99 3188.22 574.803 -3.08089
2420 1018.46 7124.9 573.436 -3.08077
2430 960.867 10607.9 572.233 -3.08036
2440 995.654 12608.5 571.253 -3.07966
2450 1096.51 11492.2 570.527 -3.07877
2460 1212.42 7438.43 570.03 -3.07794
2470 1313.4 3299.51 569.685 -3.07744
2480 1356.33 2331.71 569.419 -3.07751
2490 1307.35 4648.91 569.212 -3.07817
2500 1230.48 6556.88 569.101 -3.07917
2510 1216.5 6094.58 569.116 -3.0803
2520 1274.78 4826.46 569.249 -3.08157
2530 1343.8 4906.99 569.48 -3.08316
2540 1311.5 6367.76 569.808 -3.08515
2550 1139.04 8322.68 570.258 -3.08719
2560 925.195 10457.3 570.864 -3.08875
2570 817.62 10391.5 571.662 -3.08962
2580 869.303 7593.48 572.645 -3.08987
2590 1000.89 3965.97 573.764 -3.08959
2600 1137.2 -1938.66 574.945 -3.08896
2610 1187.67 -3493.63 576.086 -3.08828
2620 1142.37 -2364.43 577.155 -3.08781
2630 1084.36 -66.1468 578.171 -3.08749
2640 1124.46 440.041 579.175 -3.08718
2650 1227.1 -2844.71 580.172 -3.0869
2660 1225.71 -3385.92 581.112 -3.08682
2670 1115.89 -2686.51 581.981 -3.08697
2680 1004.75 -1869.12 582.791 -3.08706
2690 1037.03 -3729.52 583.553 -3.08692
2700 1149.22 -7545.7 584.231 -3.08658
2710 1145.69 -9659.81 584.76 -3.08626
2720 1059.3 -10271.1 585.097 -3.08602
2730 1037.38 -11451 585.228 -3.08573
2740 1140.71 -13790.2 585.132 -3.08536
2750 1236.16 -13855.6 584.773 -3.08512
2760 1214.56 -10931 584.156 -3.08521
2770 1110.29 -6493.18 583.339 -3.08548
2780 1049.62 -3945.31 582.409 -3.08566
2790 1096.79 -4170.35 581.416 -3.08567
2800 1159.7 -4896.29 580.363 -3.08565
2810 1185.5 -4907.93 579.238 -3.08572
2820 1158.51 -4347.69 578.042 -3.08593
2830 1103.7 -2677.39 576.788 -3.08618
2840 1061.28 1667.25 575.514 -3.08627
2850 1071.94 4000.74 574.295 -3.08614
2860 1083.15 5559.01 573.176 -3.08587
2870 1070.51 6247.49 572.185 -3.08551
2880 1084.82 6156.25 571.333 -3.08507
2890 1163.99 4755.92 570.613 -3.08462
2900 1218.92 5828.6 570.005 -3.08431
2910 1197.71 7345.84 569.521 -3.08424
2920 1132.39 10192 569.192 -3.08434
2930 1121.3 11694.1 569.062 -3.08447
2940 1184.18 11834.4 569.156 -3.08466
2950 1230.35 11988.9 569.477 -3.08503
2960 1179.22 11605.5 570.024 -3.08564
2970 1044.33 12464.6 570.791 -3.08632
2980 948.404 11466.4 571.785 -3.08678
2990 993.411 6577.36 572.981 -3.08685
3000 1136.94 2114.35 574.293 -3.08657
3010 1260.35 -3913.14 575.631 -3.08621
3020 1289.26 -8299.32 576.886 -3.08606
3030 1235.38 -9599.53 577.974 -3.08628
3040 1161.33 -8671.48 578.871 -3.08672
3050 1125.69 -7681.63 579.592 -3.0872
3060 1118.64 -6791.53 580.158 -3.08763
3070 1090.81 -3670.53 580.593 -3.088
3080 1046.95 -957.628 580.954 -3.08825
3090 1032.5 -775.98 581.291 -3.08832
3100 1040.03 -844.954 581.612 -3.08818
3110 1061.88 -1559.56 581.916 -3.08787
3120 1074.07 -2568.41 582.189 -3.08745
3130 1055.3 -3298.69 582.414 -3.08697
3140 1015.65 -3731.13 582.575 -3.08641
3150 956.885 -3700.43 582.665 -3.08572
3160 919.152 -4505.86 582.684 -3.08484
3170 937.541 -5399.73 582.619 -3.0837
3180 1062.53 -9107.04 582.447 -3.08232
3190 1267.64 -14110.7 582.101 -3.08085
3200 1448 -16917.5 581.492 -3.07989
3210 1498.59 -16103.5 580.573 -3.08006
3220 1370.8 -9594.27 579.372 -3.08127
3230 1258.52 -3868.62 578.008 -3.08282
3240 1161.49 -642.198 576.593 -3.08435
3250 1014.32 4165.31 575.199 -3.08548
3260 940.981 8003.7 573.912 -3.08601
3270 1052.73 7526.63 572.797 -3.0861
3280 1222.75 4194.65 571.843 -3.08613
3290 1276.22 2297.7 570.992 -3.08642
3300 1221.56 4477.79 570.212 -3.08702
3310 1136.53 7740.35 569.535 -3.0877
3320 1049.37 12556.9 569.023 -3.08824
3330 1004.89 15541.1 568.756 -3.08852
3340 1069.36 12390.9 568.779 -3.08862
3350 1107.1 10760.3 569.043 -3.08862
3360 1092.02 10041.8 569.512 -3.08861
3370 1118.44 6790.73 570.164 -3.08856
3380 1217.93 3500.43 570.94 -3.08851
3390 1308.18 -33.553 571.778 -3.08867
3400 1306.6 -2810.12 572.609 -3.08923
3410 1292.92 -3445.14 573.387 -3.09014
3420 1347.02 -5499.55 574.089 -3.09145
3430 1281.09 -3790.47 574.691 -3.09314
3440 1074.78 -1742.56 575.217 -3.09479
3450 869.484 1955.82 575.71 -3.09587
3460 855.237 984.297 576.229 -3.0963
3470 1000.03 -995.837 576.764 -3.09619
3480 1155.03 -2816.31 577.276 -3.0958
3490 1169.1 -2929.49 577.734 -3.09546
3500 1037.29 57.3511 578.14 -3.09525
3510 858.019 3702.96 578.547 -3.09495
3520 766.871 4861.3 579.019 -3.09433
3530 827.152 4180.72 579.581 -3.09326
3540 1009.37 1406.49 580.217 -3.09164
3550 1180.27 -3151.91 580.873 -3.08967
3560 1233.29 -6968.25 581.465 -3.08785
3570 1210.09 -9234.21 581.92 -3.0865
3580 1196.32 -9935.17 582.195 -3.0856
3590 1209.44 -10322.6 582.276 -3.08504
3600 1207.19 -9706.1 582.16 -3.0848
3610 1170.99 -7739.1 581.863 -3.08481
3620 1108.64 -5322.88 581.424 -3.08493
3630 1047.33 -2159.68 580.894 -3.08499
3640 1012.7 67.7892 580.332 -3.08486
3650 1005.41 924.741 579.784 -3.0845
3660 1022.31 1637.94 579.266 -3.08394
3670 1057.51 1052.62 578.79 -3.08323
3680 1070.85 708.506 578.347 -3.08244
3690 1018.19 2744.03 577.934 -3.08163
3700 987.385 2791.43 577.582 -3.08073
3710 1077.24 -581.606 577.287 -3.07969
3720 1275.01 -4233.72 576.99 -3.0786
3730 1470.72 -8004.77 576.621 -3.07798
3740 1545.58 -9614.16 576.113 -3.07847
3750 1458.02 -8656.7 575.438 -3.08018
3760 1264.38 -3875.97 574.621 -3.08241
3770 1097.92 2258.29 573.751 -3.08434
3780 1087.53 4410.18 572.936 -3.08579
3790 1116.68 4646.21 572.219 -3.08696
3800 1109.38 5858.19 571.609 -3.08793
3810 1101.33 5850.31 571.121 -3.08873
3820 1031.72 8108.18 570.761 -3.08934
3830 918.748 12205.1 570.568 -3.08959
3840 946.251 11714.2 570.604 -3.08949
3850 1080.16 8545.8 570.861 -3.08907
3860 1184.02 6264.26 571.283 -3.08858
3870 1190.5 4399.23 571.824 -3.08826
3880 1122.26 3645.64 572.449 -3.08812
3890 1067.05 2839.53 573.138 -3.08801
3900 1072.68 2473.38 573.88 -3.08781
3910 1147.42 -1009.46 574.658 -3.08751
3920 1229.79 -3004.8 575.415 -3.08725
3930 1269.52 -4067.85 576.11 -3.08725
3940 1260.14 -3841.15 576.725 -3.08761
3950 1228.21 -3508.26 577.264 -3.08826
3960 1195.87 -4714.15 577.73 -3.08906
3970 1135.36 -5249.86 578.104 -3.08989
3980 1060.43 -3713.34 578.382 -3.09058
3990 1049.92 -4486 578.583 -3.09104
4000 1126.01 -5885.09 578.698 -3.09129
4010 1218.11 -7734.84 578.701 -3.09157
4020 1175.64 -6550.63 578.564 -3.09202
4030 1032.18 -2718.56 578.312 -3.09247
4040 919.957 422.98 578.014 -3.09263
4050 904.698 2626.92 577.732 -3.09237
4060 977.782 1081.08 577.502 -3.09173
4070 1102 -2004.42 577.299 -3.09082
4080 1257.74 -6675.26 577.062 -3.08991
4090 1356.99 -10019.1 576.707 -3.08943
4100 1322.04 -11556.9 576.172 -3.08965
4110 1191.27 -8996.58 575.437 -3.09037
4120 1066.01 -4492.51 574.548 -3.09108
4130 1042.07 -1596.54 573.59 -3.09149
4140 1166.56 -2030.33 572.615 -3.09172
4150 1315.15 -3915.26 571.621 -3.09208
4160 1397.63 -4923.27 570.575 -3.09298
4170 1351.17 -1945.11 569.466 -3.0945
4180 1223.01 3962.68 568.349 -3.09622
4190 1095.41 9508.69 567.329 -3.09767
4200 1010.84 14025 566.507 -3.09866
4210 990.627 15477.1 565.958 -3.09924
4220 1021.27 16050.6 565.709 -3.09954
4230 1083.64 14590.1 565.762 -3.09968
4240 1108.74 11878.9 566.089 -3.09978
4250 1044.48 11770.5 566.642 -3.09986
4260 944.085 13209.9 567.415 -3.09984
4270 881.85 13889.8 568.427 -3.09962
4280 882.133 12996.3 569.689 -3.09911
4290 924.371 9750.12 571.181 -3.09825
4300 944.889 7100.48 572.847 -3.09706
4310 937.4 5022.53 574.633 -3.09565
4320 936.3 2201.15 576.497 -3.09405
4330 963.413 -1421.55 578.386 -3.09221
4340 1008.04 -5199.95 580.229 -3.09012
4350 1054.76 -8691.8 581.953 -3.08788
4360 1091.6 -12492 583.488 -3.08564
4370 1119.77 -15036.6 584.764 -3.08354
4380 1181.19 -17492.5 585.729 -3.08169
4390 1285.32 -21489.2 586.335 -3.08021
4400 1347.41 -22772 586.514 -3.07941
4410 1312.5 -20799.2 586.246 -3.07948
4420 1216.99 -16395.7 585.579 -3.08013
4430 1223.43 -13892.6 584.599 -3.08103
4440 1227.68 -12273.7 583.364 -3.08211
4450 1185.14 -10417.5 581.914 -3.08333
4460 1153.37 -7808.24 580.292 -3.0845
4470 1144.06 -4839.28 578.552 -3.08555
4480 1076.93 927.042 576.761 -3.08635
4490 968.193 5380.29 575.023 -3.08668
4500 974.562 5963.61 573.417 -3.08658
4510 1065.23 3901.25 571.954 -3.08621
4520 1105.35 5388.46 570.602 -3.08574
4530 1093.74 7947.13 569.383 -3.08521
4540 1082.17 11020.1 568.34 -3.08464
4550 1100.29 12397.4 567.523 -3.08403
4560 1146.63 11977 566.954 -3.08347
4570 1187.11 11203.2 566.622 -3.08307
4580 1191.8 11849.8 566.511 -3.0829
4590 1175.45 13375.6 566.63 -3.08296
4600 1190.77 11842.6 566.997 -3.08321
4610 1236.13 9876.85 567.584 -3.08365
4620 1274.7 7056.52 568.351 -3.08436
4630 1242.07 5515.46 569.248 -3.08534
4640 1146.92 6904.71 570.246 -3.08645
4650 1081.6 9400.22 571.369 -3.08747
4660 1115.04 5908.49 572.65 -3.08834
4670 1118.94 2648.62 574.032 -3.089
4680 1048.31 1534.97 575.455 -3.08949
4690 973.546 165.595 576.893 -3.0897
4700 953.433 -2222.44 578.319 -3.08954
4710 963.202 -4970.45 579.685 -3.08899
4720 968.361 -6693.58 580.943 -3.08813
4730 971.303 -7032.8 582.059 -3.08704
4740 999.813 -7352.09 583.026 -3.08577
4750 1094.25 -8909.69 583.836 -3.08436
4760 1234.69 -11811.7 584.461 -3.08295
4770 1352.52 -14061 584.849 -3.08191
4780 1370 -15311.5 584.959 -3.08162
4790 1279.37 -14107.7 584.775 -3.08209
4800 1163.99 -12372.3 584.319 -3.08291
4810 1112.14 -10535.1 583.633 -3.08373
4820 1163.21 -11684.5 582.749 -3.0845
4830 1231.65 -11392.2 581.658 -3.08539
4840 1218.41 -8510.51 580.372 -3.08645
4850 1098.83 -3689.87 578.952 -3.08747
4860 951.782 1897.64 577.491 -3.08808
4870 874.939 6589.95 576.097 -3.0881
4880 945.609 6804.25 574.851 -3.0876
4890 1091.23 4392.53 573.757 -3.08681
4900 1142.99 4316.84 572.774 -3.08599
4910 1032.1 7397.47 571.901 -3.08527
4920 864.41 12307.2 571.19 -3.08447
4930 838.34 16247.1 570.727 -3.08341
4940 1080.56 11539 570.567 -3.08196
4950 1373.94 4474.45 570.63 -3.08031
4960 1480.17 -242.285 570.786 -3.07932
4970 1400.61 -1724.39 570.947 -3.07944
4980 1297.79 -1169.37 571.081 -3.08029
4990 1256.51 295.457 571.199 -3.08147
5000 1220.61 2969.44 571.329 -3.08281
5010 1144.05 4258.19 571.515 -3.08413
5020 1066.93 4100.05 571.783 -3.08525
5030 1050.3 2821.15 572.127 -3.08606
5040 1095.93 1830.12 572.525 -3.08661
5050 1158.15 2073.99 572.96 -3.08706
5060 1185.56 1368.28 573.431 -3.08753
5070 1160.53 548.37 573.926 -3.08808
5080 1068.32 2409.02 574.435 -3.08859
5090 961.989 3259.96 574.985 -3.0889
5100 892.669 4495.17 575.595 -3.08885
5110 935.667 3688.38 576.284 -3.08841
5120 1080.38 -462.341 577.034 -3.0876
5130 1238.9 -6083.85 577.766 -3.08662
5140 1321.73 -9048.29 578.38 -3.08592
5150 1322.93 -10391.6 578.817 -3.0858
5160 1285.55 -10903 579.053 -3.08626
5170 1203.13 -8274.1 579.085 -3.08705
5180 1122.46 -5574.46 578.962 -3.0879
5190 1090.48 -3836.9 578.734 -3.08861
5200 1117.25 -3441.67 578.439 -3.08916
5210 1150.35 -3893.85 578.084 -3.08966
5220 1116.2 -3229.31 577.667 -3.09013
5230 1016.29 -1403.42 577.201 -3.09047
5240 937.855 1079.93 576.72 -3.0905
5250 948.024 2545.13 576.271 -3.09017
5260 1035.76 2472.13 575.879 -3.08952
5270 1153.11 -186.088 575.542 -3.08871
5280 1265.98 -3831.51 575.209 -3.08804
5290 1316.17 -4718.87 574.818 -3.08781
5300 1235.94 -2155.02 574.355 -3.08806
5310 1089.76 657.252 573.863 -3.08849
5320 1051.79 1774.03 573.394 -3.08875
5330 1171.88 -1507.08 572.962 -3.08889
5340 1288.7 -3647.36 572.516 -3.08917
5350 1289.89 -2335.52 572.019 -3.08983
5360 1201.71 718.801 571.494 -3.09075
5370 1124.01 2320.33 570.994 -3.09166
5380 1115.25 1341.46 570.545 -3.09243
5390 1156.48 918.32 570.136 -3.0931
5400 1178.82 1637.54 569.757 -3.09378
5410 1146.24 2541.3 569.419 -3.09447
5420 1078.91 4282.63 569.142 -3.09506
5430 1035.43 5960.13 568.953 -3.09546
5440 1059.34 6805.22 568.883 -3.09562
5450 1137.24 4906.69 568.942 -3.09565
5460 1210.53 2470.24 569.097 -3.09572
5470 1232.19 2074.05 569.304 -3.09598
5480 1185.06 4409.65 569.557 -3.09647
5490 1083.41 8223.83 569.897 -3.09701
5500 1003.05 9405.77 570.389 -3.09742
5510 964.378 9355.79 571.055 -3.09756
5520 997.504 5543.89 571.887 -3.0974
5530 1076.26 -167.942 572.815 -3.09692
5540 1155.47 -3536.12 573.736 -3.09628
5550 1206.11 -4665.55 574.587 -3.09572
5560 1202.53 -4879.99 575.343 -3.09541
5570 1166.19 -3817.27 576.004 -3.09533
5580 1147.79 -3901.47 576.585 -3.09537
5590 1158.18 -5100 577.085 -3.09546
5600 1160.01 -4851.65 577.489 -3.09562
5610 1138.27 -4206.53 577.798 -3.09584
5620 1075.36 -2594.58 578.029 -3.09604
5630 1050.89 -3350.37 578.206 -3.09611
5640 1091.82 -4882.58 578.319 -3.09603
5650 1101.71 -2602.04 578.347 -3.09588
5660 1041.03 776.277 578.331 -3.09569
5670 935.241 3882.67 578.335 -3.09535
5680 888.17 2922.54 578.411 -3.09474
5690 930.543 894.715 578.546 -3.09379
5700 1043.71 -2932.25 578.697 -3.09251
5710 1161.94 -5998.66 578.795 -3.09108
5720 1239.93 -7601.01 578.782 -3.08983
5730 1275.49 -7877.44 578.63 -3.08902
5740 1270.36 -7486.64 578.333 -3.08872
5750 1194.22 -6518.38 577.902 -3.08883
5760 1065.04 -3446.09 577.359 -3.08908
5770 973.342 992.62 576.766 -3.08912
5780 984.869 2875.79 576.201 -3.08883
5790 1073.61 3373.36 575.703 -3.08829
5800 1151.19 2168.67 575.278 -3.08765
5810 1179.29 543.332 574.906 -3.08714
5820 1173.73 1003.91 574.559 -3.08683
5830 1165.99 1275.04 574.241 -3.08667
5840 1161.33 1260.24 573.957 -3.08663
5850 1168.51 701.371 573.706 -3.08669
5860 1220.65 -1669.83 573.473 -3.08687
5870 1258.79 -1871.69 573.221 -3.08729
5880 1224.57 784.242 572.948 -3.08797
5890 1136.08 2805.91 572.697 -3.08875
5900 1006.65 6403.71 572.513 -3.08935
5910 986.83 7124.82 572.452 -3.08962
5920 1120.08 2886.95 572.523 -3.08961
5930 1298.74 -1096.2 572.655 -3.08963
5940 1384.35 -4577.7 572.77 -3.09009
5950 1315.65 -6159.67 572.805 -3.09117
5960 1175.87 -4166.02 572.734 -3.0925
5970 1080.44 -1698.31 572.591 -3.09367
5980 1066.44 298.168 572.421 -3.09455
5990 1080.22 2908.65 572.265 -3.09519
6000 1060.24 6703.42 572.174 -3.09561
6010 1042.19 7183.74 572.211 -3.09586
6020 1010.8 5553.62 572.386 -3.09589
6030 994.372 4468.97 572.669 -3.0957
6040 1044.05 3335.31 573.037 -3.09528
6050 1151.91 1822.31 573.469 -3.09472
6060 1233.26 -1385.16 573.931 -3.09424
6070 1201.84 -2855.09 574.369 -3.09402
6080 1088.19 -1049.09 574.758 -3.09401
6090 989.064 97.0242 575.125 -3.09394
6100 960.709 786.481 575.493 -3.09362
6110 994.58 1648.18 575.876 -3.09304
6120 1068.95 -430.859 576.284 -3.09223
6130 1165.58 -3401.08 576.682 -3.09133
6140 1274.2 -7113.99 577.013 -3.09058
6150 1344.26 -8898.23 577.211 -3.09028
6160 1291.07 -6868.86 577.246 -3.0906
6170 1089.08 -1617.26 577.159 -3.09122
6180 865.186 4662.41 577.049 -3.09157
6190 816.951 6524.38 577.026 -3.09142
6200 949.956 5335.93 577.129 -3.09076
6210 1100.31 2115.92 577.335 -3.08974
6220 1144.29 121.156 577.586 -3.08867
6230 1096.83 141.016 577.844 -3.08777
6240 1031.05 939.426 578.108 -3.08697
6250 1015.87 286.376 578.389 -3.08613
6260 1050.92 -1771.47 578.673 -3.08517
6270 1133.39 -4166.77 578.924 -3.08412
6280 1234.78 -8448.25 579.092 -3.08317
6290 1272.75 -9774.01 579.104 -3.08258
6300 1239.98 -8467.62 578.935 -3.08246
6310 1181.64 -7408.7 578.608 -3.08266
6320 1146.99 -6301.5 578.148 -3.08299
6330 1167.53 -6349.57 577.575 -3.08335
6340 1216.19 -6336.96 576.894 -3.08382
6350 1252.35 -5444.67 576.107 -3.08448
6360 1241.14 -2824.86 575.236 -3.08537
6370 1163.4 1216.7 574.332 -3.08633
6380 1051.77 6017.27 573.473 -3.0871
6390 977.296 7752.6 572.74 -3.08751
6400 966.235 7252.51 572.168 -3.08756
6410 1009.25 5282.6 571.743 -3.08732
6420 1087.58 2636.28 571.429 -3.08687
6430 1188.09 1196.28 571.176 -3.0864
6440 1264.88 1611.1 570.957 -3.08612
6450 1250.57 3998.54 570.781 -3.0862
6460 1129.79 7561.78 570.691 -3.08654
6470 1027.23 8610.94 570.746 -3.08683
6480 1039.87 6282.14 570.962 -3.08692
6490 1121.66 4445.24 571.3 -3.08684
6500 1187.02 3283.72 571.724 -3.08675
6510 1202.89 1402.79 572.207 -3.0868
6520 1217.22 590.528 572.72 -3.08703
6530 1269.31 -913.651 573.24 -3.08748
6540 1304.72 -1540.75 573.744 -3.08827
6550 1237.86 -1487.25 574.218 -3.08937
6560 1087.23 -764.717 574.663 -3.09049
6570 968.837 871.978 575.096 -3.09127
6580 1006.31 -589.688 575.537 -3.09165
6590 1107.3 -1973.46 575.967 -3.09174
6600 1123.09 -2254.71 576.36 -3.09176
6610 1027.1 -1224.33 576.711 -3.09173
6620 966.375 -1246.79 577.036 -3.09152
6630 1029.31 -1972.97 577.337 -3.09104
6640 1187.54 -5531.49 577.594 -3.09038
6650 1330.05 -9556.34 577.746 -3.08989
6660 1379.42 -10358.5 577.721 -3.09001
6670 1321.78 -8119.03 577.507 -3.09082
6680 1183.67 -4298.4 577.147 -3.09196
6690 1042.86 -460.182 576.715 -3.09295
6700 990.535 1136.97 576.282 -3.09356
6710 1026.72 1422.29 575.879 -3.09382
6720 1070.8 1582.5 575.513 -3.09384
6730 1045.23 3415.54 575.192 -3.09372
6740 953.164 5448.4 574.945 -3.09343
6750 859.951 8170.84 574.812 -3.09289
6760 854.443 8118.93 574.836 -3.09201
6770 975.424 4844.04 575.016 -3.09073
6780 1127.91 505.959 575.288 -3.08914
6790 1224.61 -2459.89 575.574 -3.08757
6800 1263.4 -4503.54 575.815 -3.08638
6810 1298.59 -5240.78 575.974 -3.0857
6820 1340.72 -4857.14 576.038 -3.08558
6830 1339.89 -5173.03 576.011 -3.08606
6840 1270.88 -3837.22 575.895 -3.08703
6850 1227.83 -2767.68 575.711 -3.0882
6860 1228.88 -2150.35 575.481 -3.08949
6870 1201.16 338.987 575.222 -3.09084
6880 1097.44 2527.78 574.978 -3.09208
6890 979.145 3150 574.787 -3.09298
6900 897.352 6085.27 574.669 -3.0934
6910 910.399 6020.13 574.668 -3.09336
6920 919.615 7086.69 574.789 -3.09291
6930 912.66 6855.99 575.047 -3.09217
6940 904.911 4661.58 575.433 -3.09114
6950 926.754 4080.18 575.91 -3.08985
6960 976.369 3641.3 576.465 -3.08833
6970 1008.73 3080.04 577.087 -3.08664
6980 1075.78 390.275 577.762 -3.0849
6990 1207.35 -4922.76 578.434 -3.08311
7000 1310.4 -8020.5 579.013 -3.08159
7010 1342.73 -9676.03 579.436 -3.08069
7020 1301.06 -8646.12 579.674 -3.08051
7030 1236.8 -5192.62 579.751 -3.08083
7040 1229.77 -4683.26 579.726 -3.08142
7050 1222.94 -4558.71 579.615 -3.08219
7060 1201.95 -4595.6 579.421 -3.0831
7070 1188.44 -3812.11 579.148 -3.08407
7080 1163.46 -1817.87 578.811 -3.08504
7090 1089.25 955.18 578.451 -3.08592
7100 981.092 4257.17 578.12 -3.0865
7110 938.297 5102.88 577.877 -3.08668
7120 997.578 4422.2 577.738 -3.0865
7130 1084.01 3974.97 577.692 -3.08607
7140 1073.94 3949.41 577.729 -3.08558
7150 963.014 4233.61 577.847 -3.08505
7160 864.474 4962.54 578.051 -3.08436
7170 833.505 5618.14 578.353 -3.08338
7180 899.342 4635.95 578.761 -3.08203
7190 961.742 1809.63 579.254 -3.08032
7200 984.878 790.952 579.784 -3.07844
7210 979.21 94.0346 580.327 -3.07653
7220 984.857 -1090.46 580.869 -3.0746
7230 1052.4 -2450.29 581.386 -3.07262
7240 1180.07 -4410.58 581.852 -3.07061
7250 1295.8 -5997.59 582.231 -3.06885
7260 1317.33 -7118.21 582.494 -3.0677
7270 1251.71 -8310.72 582.618 -3.06721
7280 1184.19 -8368.85 582.584 -3.06716
7290 1185.27 -7632.09 582.393 -3.0673
7300 1232.98 -7435.31 582.058 -3.06762
7310 1247.85 -6480.88 581.589 -3.06819
7320 1195.57 -4250.09 581.007 -3.06897
7330 1105.69 -163.881 580.359 -3.06973
7340 1012.47 5676.1 579.727 -3.07024
7350 990.979 6993.56 579.21 -3.07039
7360 1070.33 4115.58 578.835 -3.07028
7370 1187.5 740.119 578.55 -3.07009
7380 1264.17 -3287.58 578.288 -3.07008
7390 1276.51 -5822.63 577.974 -3.07044
7400 1259.1 -5766.25 577.561 -3.07116
7410 1242.72 -4307.51 577.05 -3.07214
7420 1220.47 -963.916 576.472 -3.07327
7430 1120.33 3672.62 575.893 -3.07435
7440 1010.32 6143.58 575.393 -3.07515
7450 1009.37 6823.8 575.022 -3.07557
7460 1160.84 4144.43 574.785 -3.07576
7470 1350.71 -806.406 574.634 -3.0761
7480 1465.82 -5768.63 574.474 -3.07709
7490 1437.7 -5750.64 574.221 -3.07897
7500 1288.78 -1697.36 573.874 -3.08133
7510 1102.16 3574.02 573.508 -3.08347
7520 969.696 8244.02 573.219 -3.08499
7530 954.708 10430.9 573.092 -3.08591
7540 1058.82 9332.84 573.165 -3.08645
7550 1203.77 6380.71 573.417 -3.08686
7560 1275.09 4151.99 573.794 -3.08744
7570 1236.61 3369.04 574.253 -3.0883
7580 1141.9 2658.9 574.777 -3.08927
7590 1059.21 3266.41 575.352 -3.09009
7600 996.422 4325.55 575.988 -3.09064
7610 923.737 5118.8 576.703 -3.09085
7620 845.829 4556.47 577.51 -3.09068
7630 807.55 4511.38 578.4 -3.09009
7640 850.897 4250.17 579.37 -3.08906
7650 973.96 934.065 580.41 -3.08757
7660 1061.65 -2918.62 581.458 -3.08572
7670 1073.8 -4645.68 582.445 -3.08386
7680 1071.48 -7082.69 583.331 -3.08211
7690 1106.48 -8980.01 584.072 -3.08045
7700 1188.27 -10384.4 584.631 -3.07893
7710 1270.87 -12575.1 584.98 -3.07772
7720 1319.68 -13790.2 585.081 -3.07705
7730 1328.58 -14482.8 584.914 -3.07705
7740 1323.5 -15332.7 584.468 -3.07769
7750 1299.9 -15292.9 583.731 -3.07887
7760 1253.72 -13731.2 582.712 -3.08042
7770 1175.4 -10376.1 581.448 -3.08206
7780 1071.54 -6095.32 580.008 -3.08347
7790 981.419 -3404.26 578.475 -3.08441
7800 954.737 -112.854 576.908 -3.08485
7810 1020.92 3236.64 575.369 -3.0848
7820 1149.07 2959.75 573.917 -3.08451
7830 1204.62 4152.76 572.555 -3.08426
7840 1150.66 5608.45 571.299 -3.08417
7850 1049.08 10319.9 570.182 -3.08407
7860 1039.48 13042.5 569.278 -3.08378
7870 1139.93 12877.2 568.634 -3.08338
7880 1208.81 12511.5 568.248 -3.08309
7890 1178.72 11999.1 568.106 -3.08307
7900 1098.2 12583 568.199 -3.0832
7910 1110.65 9786.29 568.525 -3.08334
7920 1206.54 5549.87 569.033 -3.08347
7930 1274.38 2959.5 569.647 -3.08377
7940 1270.22 1632.27 570.315 -3.0844
7950 1228.55 2079.53 571.015 -3.08529
7960 1215.6 -674.111 571.744 -3.08632
7970 1174.29 -412.764 572.462 -3.08737
7980 1162.03 -1083.37 573.166 -3.0884
7990 1171.08 -2931.26 573.842 -3.08936
8000 1139.12 -1677.95 574.464 -3.09028
8010 1064.73 -711.981 575.049 -3.09106
8020 976.926 1762.41 575.621 -3.09158
8030 923.809 3792.02 576.223 -3.09174
8040 951.572 2484.89 576.888 -3.09151
8050 1050.64 145.883 577.594 -3.09094
8060 1168.42 -4676.7 578.295 -3.09019
8070 1262.05 -10407.4 578.899 -3.08952
8080 1304.63 -13688.4 579.302 -3.08925
8090 1279.85 -14066.6 579.443 -3.08951
8100 1206.78 -12454.3 579.317 -3.09018
8110 1141.43 -10560.7 578.955 -3.09097
8120 1139.25 -8960.45 578.399 -3.09172
8130 1191.66 -9000.87 577.679 -3.09247
8140 1223.69 -9289.41 576.802 -3.09336
8150 1178.86 -6939.6 575.769 -3.09437
8160 1088.56 -3519.66 574.627 -3.09529
8170 1022.81 -426.538 573.44 -3.0959
8180 1015.82 3181.62 572.271 -3.09614
8190 1040.85 5580.99 571.184 -3.09606
8200 1077.28 6141.86 570.222 -3.09578
8210 1099.74 6293.78 569.396 -3.09542
8220 1073.83 7376.98 568.708 -3.09503
8230 1003.86 10016.4 568.176 -3.09458
8240 948.696 12972 567.845 -3.09397
8250 962.193 14096 567.764 -3.09316
8260 1049.83 12724.2 567.948 -3.09218
8270 1166.39 9655.65 568.37 -3.09112
8280 1229.1 5297.31 568.969 -3.09023
8290 1167.63 4528.73 569.672 -3.08965
8300 1047.99 6133.03 570.459 -3.08931
8310 983.597 8676.35 571.359 -3.08897
8320 1035.48 7608.4 572.41 -3.08847
8330 1093.23 5061.85 573.595 -3.08781
8340 1080.51 3641.34 574.869 -3.0871
8350 1098.51 446.156 576.199 -3.08637
8360 1202.83 -4278.95 577.522 -3.08557
8370 1328.25 -7868.29 578.754 -3.08492
8380 1406.2 -11189.8 579.822 -3.08482
8390 1371.39 -12134.4 580.668 -3.08549
8400 1229.27 -9761.65 581.277 -3.08667
8410 1056.7 -5998.63 581.694 -3.08784
8420 944.034 -3272.18 581.99 -3.08861
8430 930.344 -2972.53 582.217 -3.08892
8440 977.521 -3733.56 582.385 -3.08881
8450 1038.76 -5283.69 582.48 -3.08842
8460 1074.77 -4594.87 582.479 -3.08787
8470 1112.1 -3901.48 582.391 -3.08728
8480 1102.16 -2734.12 582.233 -3.08672
8490 1017.85 78.7598 582.033 -3.08619
8500 916.967 2639.23 581.841 -3.08554
8510 886.112 2730.82 581.703 -3.08465
8520 943.847 1065.68 581.623 -3.08344
8530 1021.31 -520.605 581.569 -3.08195
8540 1041.57 -519.775 581.513 -3.08036
8550 1012.01 -1446.05 581.451 -3.07882
8560 1018.26 -3109.94 581.364 -3.0773
8570 1142.54 -5478.59 581.222 -3.07572
8580 1373.47 -11877.4 580.971 -3.07427
8590 1534.56 -15576.4 580.503 -3.07364
8600 1511.18 -14299.9 579.753 -3.07439
8610 1334.38 -9662.02 578.748 -3.07612
8620 1151.37 -3533.85 577.58 -3.0779
8630 1080.99 1273.57 576.366 -3.07927
8640 1106.9 4150.14 575.199 -3.08027
8650 1137.09 6160.33 574.134 -3.08106
8660 1125.02 7434.04 573.208 -3.08174
8670 1078.44 8249.83 572.443 -3.08227
8680 1049.75 7967.98 571.85 -3.08263
8690 1042.67 7302.59 571.422 -3.08278
8700 1088.23 6894.15 571.144 -3.08276
8710 1164.32 5734.54 571.004 -3.08269
8720 1228.45 5907.64 570.983 -3.08274
8730 1255.93 5681.42 571.078 -3.08306
8740 1203.59 6376.87 571.286 -3.08366
8750 1100.81 7707.05 571.619 -3.08434
8760 1044.24 8460.06 572.098 -3.08488
8770 1075.81 7287.31 572.732 -3.08522
8780 1124.37 6396.26 573.502 -3.08545
8790 1127.08 4270.44 574.387 -3.08563
8800 1093.99 2218.61 575.348 -3.08576
8810 1086.81 -976.291 576.342 -3.08577
8820 1111.84 -3925.11 577.31 -3.08565
8830 1129.54 -4187.27 578.198 -3.08548
8840 1129.82 -4467.39 578.998 -3.08533
8850 1094.88 -2899.7 579.71 -3.08521
8860 1058.51 -1138.33 580.36 -3.08506
8870 1012.25 -706.556 580.981 -3.0848
8880 938.019 -222.625 581.585 -3.08436
8890 881.985 -1426.49 582.177 -3.08365
8900 911.223 -4184.22 582.735 -3.08259
8910 1057.09 -8912.74 583.204 -3.08116
8920 1274.41 -13626.7 583.494 -3.07955
8930 1451.78 -17079.8 583.519 -3.0784
8940 1487.52 -18507.9 583.216 -3.07838
8950 1396.33 -16678.2 582.564 -3.07953
8960 1268.09 -12003 581.605 -3.08125
8970 1201.78 -7474.1 580.432 -3.08301
8980 1180.91 -5028.18 579.134 -3.08465
8990 1119.77 -2325.58 577.766 -3.08611
9000 999.53 1228.85 576.382 -3.08719
9010 881.415 4743.27 575.051 -3.08765
9020 888.574 4880.83 573.831 -3.08755
9030 990.747 4423.97 572.728 -3.08704
9040 1088.59 4967.59 571.733 -3.08626
9050 1133.09 7193.94 570.857 -3.08543
9060 1125.02 9589.01 570.136 -3.08468
9070 1079.56 11695.2 569.612 -3.08404
9080 1030.21 12105.2 569.318 -3.08342
9090 1030.94 11047 569.259 -3.08275
9100 1208.94 5647.52 569.407 -3.08201
9110 1409.2 -453.02 569.663 -3.08148
9120 1472.36 -3725.95 569.917 -3.08175
9130 1412.34 -4362.44 570.107 -3.08297
9140 1315.83 -1048.77 570.225 -3.08477
9150 1217.47 5204.44 570.333 -3.08673
9160 1102.08 10200.2 570.54 -3.08852
9170 1011.06 12827.8 570.939 -3.08992
9180 1029.94 11825.1 571.574 -3.09096
9190 1072.17 10345 572.43 -3.09173
9200 1044.32 9072.44 573.476 -3.09231
9210 936.714 7793.81 574.686 -3.09263
9220 819.879 8028.51 576.038 -3.09259
9230 785.663 5883.31 577.528 -3.09212
9240 830.55 3048.29 579.117 -3.09111
9250 894.273 1117.11 580.751 -3.0896
9260 931.595 -1726.02 582.389 -3.08772
9270 945.554 -4326.91 583.978 -3.0856
9280 978.665 -7778.81 585.464 -3.08333
9290 1083.82 -11786.1 586.78 -3.08089
9300 1243.27 -16233.3 587.847 -3.07843
9310 1372.84 -19975 588.58 -3.07641
9320 1396.2 -22639.6 588.908 -3.07535
9330 1343.37 -22274.1 588.788 -3.07536
9340 1310.75 -21617.7 588.228 -3.07617
9350 1306.12 -20112.2 587.251 -3.07755
9360 1286.41 -17355.2 585.897 -3.07936
9370 1192.05 -13186.1 584.229 -3.08132
9380 1079.13 -8500.28 582.336 -3.08301
9390 1046.81 -4696.19 580.315 -3.08421
9400 1065.43 -2260.4 578.242 -3.08501
9410 1024.38 2294.96 576.175 -3.08543
9420 987.639 6060.96 574.193 -3.08539
9430 996.259 8665.17 572.366 -3.08499
9440 933.952 13735.6 570.748 -3.08423
9450 877.837 18290.6 569.422 -3.08313
9460 901.636 20117.9 568.462 -3.08175
9470 995.1 18299 567.895 -3.08018
9480 1082.88 15902.2 567.682 -3.07855
9490 1148.59 13658.5 567.776 -3.07703
9500 1203.52 11855.9 568.129 -3.07579
9510 1241.63 12045.9 568.708 -3.07493
9520 1255.29 11921 569.51 -3.07454
9530 1233.59 10553.8 570.528 -3.0746
9540 1167.4 7652.06 571.735 -3.07493
9550 1105.52 5008.07 573.077 -3.07527
9560 1151.33 2377.84 574.502 -3.07553
9570 1282.86 -1992.58 575.955 -3.07578
9580 1340.98 -3915.23 577.36 -3.07633
9590 1261.64 -4362.29 578.679 -3.07731
9600 1104.77 -2800.73 579.904 -3.07837
9610 1022.98 -3014.49 581.06 -3.07918
9620 1018.14 -4847.59 582.142 -3.07962
9630 1045.93 -6978.74 583.118 -3.07975
9640 1101.02 -9328.61 583.946 -3.07966
9650 1174.09 -9504.29 584.587 -3.07953
9660 1225.83 -11120.8 585.03 -3.07957
9670 1174.47 -9195.35 585.26 -3.07983
9680 1083.82 -7447.03 585.307 -3.08019
9690 973.155 -4361.74 585.212 -3.08039
9700 899.139 -1059.7 585.038 -3.08026
9710 937.96 -1914.94 584.842 -3.07975
9720 999.857 -2340.22 584.617 -3.07891
9730 1022.61 -1948.68 584.354 -3.07788
9740 1016.84 -953.324 584.063 -3.07675
9750 1045.56 -333.324 583.762 -3.07556
9760 1144.4 -1771.01 583.46 -3.0743
9770 1306.16 -7166.74 583.126 -3.0732
9780 1394.48 -10362.7 582.667 -3.07268
9790 1370.76 -9903.41 582.022 -3.073
9800 1289.04 -6519.32 581.205 -3.07395
9810 1235.19 -3834.97 580.28 -3.07513
9820 1254.66 -5423.96 579.293 -3.07645
9830 1303.71 -6767.09 578.222 -3.07804
9840 1263.28 -3670.1 577.052 -3.07989
9850 1090.53 4745.42 575.847 -3.08154
9860 902.83 12210.7 574.757 -3.08247
9870 835.632 14411.9 573.915 -3.0827
9880 931.161 13128.2 573.361 -3.08245
9890 1143.01 7166 573.062 -3.08191
9900 1318.76 1257.77 572.91 -3.08146
9910 1326.47 1116.16 572.799 -3.08153
9920 1169.17 3897.81 572.722 -3.08205
9930 989.591 7343.81 572.726 -3.08253
9940 980.697 7182.12 572.869 -3.08269
9950 1176.38 2501.85 573.143 -3.08259
9960 1353.51 -1430.93 573.468 -3.0826
9970 1371.19 -2980.99 573.771 -3.08318
9980 1283.06 -2331.16 574.021 -3.08431
9990 1179.36 -208.822 574.232 -3.08562
10000 1081.49 2174.14 574.441 -3.0868
