# Time-averaged data for fix 2
# TimeStep c_mytemp c_mypress v_vmyvol v_avgEtotal
10 1358.1 -11924.9 624.937 -2.94162
20 1290.06 -11390.5 624.689 -2.94193
30 1199.49 -11202.6 624.22 -2.94231
40 1120.58 -9686.46 623.54 -2.94255
50 1093.32 -8045.48 622.684 -2.94252
60 1165.31 -7857.87 621.685 -2.94223
70 1308.81 -7093.35 620.556 -2.9418
80 1418.99 -7861.64 619.31 -2.94159
90 1366.54 -6053.09 617.945 -2.94181
100 1207.95 -4690.18 616.493 -2.94221
110 1150.24 -2985.82 614.987 -2.94247
120 1204.58 -1766.07 613.457 -2.94246
130 1294.4 -994.729 611.931 -2.94234
140 1355.91 -737.485 610.424 -2.94232
150 1359.98 -2573.97 608.935 -2.94258
160 1322.02 -158.285 607.443 -2.94306
170 1328.92 2602.84 605.985 -2.9436
180 1319.13 8210.84 604.619 -2.94415
190 1236.5 15801.7 603.447 -2.94459
200 1146.32 21697.9 602.601 -2.94483
210 1110.35 26909 602.188 -2.94488
220 1115.01 28509.6 602.291 -2.94487
230 1110.84 27042.2 602.93 -2.94487
240 1092.79 24953.6 604.077 -2.94486
250 1203.84 17831.5 605.676 -2.94471
260 1403.52 9456.41 607.593 -2.94432
270 1489.81 4244.02 609.675 -2.94413
280 1388.6 1997.96 611.818 -2.94442
290 1196.14 2351.2 613.977 -2.94495
300 1102.84 1714.9 616.153 -2.94531
310 1117.36 -1696.34 618.329 -2.94524
320 1270.75 -7167.81 620.437 -2.94476
330 1377.49 -10536.9 622.38 -2.94414
340 1447.31 -14492.8 624.08 -2.94382
350 1423.21 -16201.2 625.468 -2.94398
360 1311.17 -14840 626.514 -2.94454
370 1210.92 -12821.1 627.244 -2.94518
380 1212.17 -13126.9 627.7 -2.94571
390 1272.25 -15431.1 627.878 -2.94616
400 1279.9 -15302.5 627.746 -2.94669
410 1217 -12414.7 627.313 -2.94725
420 1165.69 -10718.5 626.636 -2.94772
430 1059.37 -7958.64 625.76 -2.94795
440 943.718 -2137.44 624.751 -2.94773
450 950.845 -159.79 623.714 -2.94698
460 1050.21 -770.923 622.695 -2.94574
470 1126.92 -2273.52 621.683 -2.94419
480 1125.35 -1378.01 620.656 -2.94253
490 1111.34 -179.909 619.626 -2.94084
500 1142.49 -512.707 618.615 -2.9391
510 1209.62 -1756.92 617.617 -2.93734
520 1289.83 -1928.77 616.612 -2.93565
530 1400.37 -3299.74 615.591 -2.93423
540 1486.69 -4701.92 614.53 -2.93337
550 1478.96 -2421.07 613.411 -2.93322
560 1465.81 -1044.18 612.272 -2.93368
570 1486.76 -1429.09 611.138 -2.93468
580 1490.14 -1800.56 610.005 -2.9362
590 1507.78 -2027.88 608.865 -2.93821
600 1550.54 -3595.76 607.713 -2.94073
610 1538.25 -3084.84 606.524 -2.94382
620 1473.49 -871.658 605.309 -2.94712
630 1405.11 1488.27 604.108 -2.95038
640 1304.19 4199.32 602.966 -2.95327
650 1222.45 4972.06 601.926 -2.95567
660 1149.98 8948.51 601.013 -2.95744
670 1131.09 11481 600.287 -2.95865
680 1126.51 14175.5 599.796 -2.95941
690 1177.54 14937.4 599.582 -2.95986
700 1282.48 12775.2 599.651 -2.9602
710 1318.93 12214.2 599.968 -2.96065
720 1262.31 11273.9 600.513 -2.96122
730 1202.22 10575.5 601.268 -2.96177
740 1236.99 6650.12 602.21 -2.96219
750 1211.73 7011.28 603.274 -2.9625
760 1104.66 10454.7 604.467 -2.96274
770 1118.16 8767.56 605.838 -2.96279
780 1130.63 4900.98 607.356 -2.9625
790 1072.91 3139.7 608.956 -2.96195
800 1096.06 -2396.47 610.592 -2.96108
810 1155.34 -7366.15 612.162 -2.95979
820 1193.98 -8430.17 613.576 -2.95834
830 1177.46 -7857.02 614.81 -2.95694
840 1102.45 -5699.24 615.879 -2.95562
850 1108.99 -4716.6 616.82 -2.95428
860 1210.2 -5735 617.653 -2.95278
870 1247.73 -4562.81 618.368 -2.9513
880 1203.7 -1679.22 618.99 -2.95001
890 1312.43 -3709.61 619.564 -2.94888
900 1313.51 -5550.01 620.061 -2.9479
910 1178.26 -4901.81 620.447 -2.94722
920 1081.63 -3416.2 620.736 -2.94655
930 1179.55 -4022.64 620.953 -2.9457
940 1326.31 -7051.05 621.085 -2.94472
950 1357.96 -7894.56 621.083 -2.94397
960 1276.36 -5453.01 620.934 -2.94359
970 1205.68 -4419.32 620.68 -2.94335
980 1220.57 -5553.74 620.343 -2.94309
990 1203.08 -4524.97 619.91 -2.9428
1000 1163.36 -1875.36 619.403 -2.94242
1010 1285.45 -4727.54 618.861 -2.94195
1020 1464.48 -8947.58 618.237 -2.94167
1030 1500.73 -9421.55 617.459 -2.94201
1040 1432.4 -7871.14 616.517 -2.94298
1050 1399.59 -5835.65 615.443 -2.94428
1060 1395 -4169.52 614.278 -2.94579
1070 1382.97 -1621.79 613.061 -2.94744
1080 1312.84 340.655 611.838 -2.94909
1090 1193.57 1138.16 610.648 -2.95051
1100 1101.73 3876.6 609.511 -2.95147
1110 1136.29 5566.75 608.472 -2.95194
1120 1255.88 5845.2 607.561 -2.95214
1130 1311.92 8765.29 606.79 -2.95231
1140 1306.71 10564.8 606.204 -2.95258
1150 1267.57 10139.9 605.831 -2.95296
1160 1200.36 11003.1 605.668 -2.95333
1170 1191.95 9137.98 605.718 -2.95359
1180 1149.59 9443.27 605.952 -2.95369
1190 1206.33 7826.81 606.365 -2.95364
1200 1242.39 4642.28 606.923 -2.95348
1210 1168.15 6201.74 607.576 -2.9533
1220 1102.68 7875.04 608.345 -2.95305
1230 1106.48 7362.25 609.255 -2.95261
1240 1155.53 6981.93 610.301 -2.95194
1250 1239.36 4079.51 611.468 -2.95112
1260 1351.53 -479.273 612.701 -2.95027
1270 1416.21 -4718.33 613.914 -2.94963
1280 1406.61 -6792.26 615.025 -2.9494
1290 1372.81 -7890.77 615.995 -2.94958
1300 1328.21 -9886.7 616.798 -2.95002
1310 1274.97 -10205.3 617.403 -2.95055
1320 1284.52 -12549.7 617.795 -2.9511
1330 1353.6 -14436.4 617.938 -2.95174
1340 1360.68 -12422.4 617.804 -2.95262
1350 1255.02 -9213.08 617.431 -2.95365
1360 1049.14 -3106.35 616.893 -2.95443
1370 873.726 1029.95 616.302 -2.95459
1380 864.926 3505.31 615.743 -2.95411
1390 967.907 6085.05 615.267 -2.953
1400 1154.26 3205.65 614.913 -2.95138
1410 1280.97 333.49 614.633 -2.94955
1420 1305.02 268.427 614.375 -2.94794
1430 1223.19 1245.45 614.134 -2.94669
1440 1070.17 2175.5 613.925 -2.94564
1450 939.981 4148.76 613.769 -2.94451
1460 963.864 4004.71 613.698 -2.9431
1470 1079.34 3807.35 613.711 -2.94127
1480 1218.51 2609.27 613.801 -2.93915
1490 1309.1 1796.33 613.948 -2.93707
1500 1308.47 2152.61 614.134 -2.93535
1510 1259.9 3496.17 614.369 -2.93404
1520 1280.31 2200.24 614.669 -2.933
1530 1366.38 -785.787 615.011 -2.93216
1540 1465.27 -3522.3 615.339 -2.93167
1550 1523.58 -3976.97 615.603 -2.93182
1560 1478.97 -3812.75 615.791 -2.93267
1570 1381.34 -2814.23 615.909 -2.93395
1580 1366.11 -3053.82 615.973 -2.93536
1590 1444.83 -5522.63 615.977 -2.93697
1600 1438.13 -4794.27 615.884 -2.9389
1610 1277.31 -820.003 615.709 -2.94089
1620 1051.44 2889.5 615.524 -2.94241
1630 823.365 7654.71 615.407 -2.94308
1640 896.606 5255.55 615.435 -2.943
1650 1150.52 -1498.37 615.561 -2.94227
1660 1295.74 -3605.37 615.671 -2.94125
1670 1321.48 -6032.75 615.711 -2.94041
1680 1291.1 -5796.7 615.642 -2.93984
1690 1318.76 -5402.09 615.465 -2.9395
1700 1404.67 -5637.87 615.188 -2.93939
1710 1465.34 -4476.94 614.812 -2.93972
1720 1434.6 -3748.95 614.36 -2.94055
1730 1331.84 -1883.24 613.848 -2.9417
1740 1218.08 455.724 613.314 -2.94277
1750 1160.56 2032.52 612.801 -2.94358
1760 1110.38 4841.88 612.343 -2.944
1770 1182 3126.78 611.984 -2.94412
1780 1305.57 524.402 611.695 -2.9441
1790 1394.31 -559.379 611.429 -2.94423
1800 1415.85 -1774.98 611.162 -2.94472
1810 1353.81 -75.9775 610.875 -2.94553
1820 1284.46 245.012 610.594 -2.94646
1830 1178.16 1126.42 610.329 -2.94725
1840 1189.64 -607.768 610.09 -2.94779
1850 1257.93 -2487.02 609.848 -2.94816
1860 1285.84 -1034.95 609.572 -2.9485
1870 1315.49 509.096 609.286 -2.94889
1880 1329.08 1172.4 609.018 -2.94937
1890 1371.56 -137.194 608.78 -2.95001
1900 1416.02 -1791.78 608.547 -2.95092
1910 1404.68 -1064.1 608.293 -2.95213
1920 1363.64 1153.57 608.031 -2.95355
1930 1257.64 4679.22 607.802 -2.95498
1940 1082.23 9384.55 607.675 -2.95603
1950 1064.88 10699.1 607.731 -2.95661
1960 1110.77 8146.32 607.989 -2.95677
1970 1190.69 4812.42 608.405 -2.95664
1980 1281.07 2537.86 608.916 -2.95639
1990 1332.83 986.297 609.476 -2.95622
2000 1309.95 380.363 610.054 -2.95624
2010 1256.97 764.379 610.64 -2.95638
2020 1277.49 -1096.41 611.234 -2.95654
2030 1350.17 -4109.59 611.801 -2.95675
2040 1378.95 -5381.36 612.29 -2.95715
2050 1324.06 -5217.35 612.675 -2.9578
2060 1223.81 -3390.81 612.96 -2.9585
2070 1137.19 -901.483 613.182 -2.95901
2080 1098.76 347.163 613.385 -2.95922
2090 1104.27 1259.23 613.597 -2.9591
2100 1125.02 2298.75 613.835 -2.9587
2110 1117.33 1292.08 614.117 -2.95809
2120 1069.95 -853.682 614.423 -2.95728
2130 1028.44 -859.224 614.717 -2.95625
2140 1112.72 -2229.74 614.991 -2.95495
2150 1275.87 -4698.42 615.221 -2.95339
2160 1359.14 -5788.7 615.361 -2.95195
2170 1319.71 -3508.71 615.397 -2.95092
2180 1287.72 -2019.62 615.368 -2.95024
2190 1268.29 -715.857 615.302 -2.94977
2200 1214.51 3238.97 615.236 -2.94939
2210 1226.79 2879.22 615.232 -2.94901
2220 1301.31 416.915 615.286 -2.94864
2230 1365.13 -764.484 615.356 -2.94842
2240 1347.13 -2989.55 615.414 -2.9485
2250 1262.37 -2862.2 615.421 -2.94877
2260 1225.24 -1027.37 615.38 -2.94903
2270 1343.75 -3871.91 615.317 -2.94927
2280 1425 -5912.62 615.184 -2.94974
2290 1331.96 -3436.66 614.95 -2.95055
2300 1139.69 2180.91 614.664 -2.9513
2310 1090.78 4719.33 614.425 -2.95169
2320 1154.88 5053.48 614.282 -2.95172
2330 1201.86 6192.83 614.248 -2.95154
2340 1218.33 5112.86 614.338 -2.95128
2350 1211.88 5323 614.535 -2.95099
2360 1269.97 3118.56 614.836 -2.95066
2370 1449.53 -3909.05 615.19 -2.95044
2380 1533.73 -6653.65 615.478 -2.95072
2390 1449.86 -6525.99 615.64 -2.9517
2400 1300.88 -5675.64 615.678 -2.95297
2410 1202.8 -4780.07 615.609 -2.95412
2420 1136.11 -3091.01 615.453 -2.95496
2430 1106.08 -410.879 615.244 -2.95542
2440 1126.17 2460.29 615.035 -2.95551
2450 1203.64 2442.58 614.878 -2.95534
2460 1250.24 2869.18 614.778 -2.95508
2470 1216.59 2620.5 614.739 -2.95483
2480 1131.36 1790.96 614.757 -2.95455
2490 1065.68 29.5162 614.814 -2.95408
2500 1102.91 -2957.1 614.874 -2.95332
2510 1237.66 -7197.92 614.876 -2.95233
2520 1345.96 -9198.13 614.745 -2.95137
2530 1354.18 -8853.54 614.445 -2.95074
2540 1275.97 -7821.04 613.979 -2.95047
2550 1199.65 -4926.43 613.376 -2.95031
2560 1295.22 -5985.03 612.683 -2.95013
2570 1417.48 -4570.89 611.894 -2.95009
2580 1458.8 -968.056 611.037 -2.95045
2590 1405.38 3828.21 610.182 -2.95121
2600 1369.43 6716.27 609.418 -2.95218
2610 1417.05 6807.53 608.797 -2.95337
2620 1441.03 7026.14 608.324 -2.95487
2630 1429.67 7060.4 607.999 -2.95668
2640 1394.39 5724.83 607.819 -2.95869
2650 1325.87 3306.76 607.755 -2.96074
2660 1218.68 2090.57 607.765 -2.96256
2670 1110.28 973.171 607.821 -2.96391
2680 1037.37 1236.06 607.9 -2.96472
2690 1046.66 2226.9 608.009 -2.96497
2700 1210.99 -1322.92 608.155 -2.96485
2710 1300.21 -2664.02 608.284 -2.96461
2720 1231.3 8.60518 608.37 -2.96447
2730 1066.41 2643.49 608.461 -2.96431
2740 913.472 4448.29 608.605 -2.96388
2750 844.447 7407.02 608.84 -2.96303
2760 918.756 5915.45 609.211 -2.96169
2770 1082.85 -35.7696 609.688 -2.95975
2780 1231.49 -4101.68 610.167 -2.95741
2790 1312.71 -4493.71 610.57 -2.95513
2800 1299.72 -1098.62 610.892 -2.95328
2810 1212.03 3575.14 611.196 -2.95187
2820 1149.21 6847.07 611.569 -2.95072
2830 1133.82 7909.1 612.072 -2.9496
2840 1137.3 6993.27 612.725 -2.94844
2850 1145.11 4252.73 613.509 -2.94721
2860 1132.59 3279.76 614.376 -2.94591
2870 1110.58 1946.28 615.3 -2.94457
2880 1089.4 -356.004 616.253 -2.94314
2890 1022.31 682.693 617.199 -2.94161
2900 1099.71 -1942.08 618.144 -2.93991
2910 1179.38 -4241.68 619.044 -2.93795
2920 1243.58 -5256.14 619.855 -2.93599
2930 1298.79 -4201 620.559 -2.93423
2940 1306.57 -2495.62 621.175 -2.93281
2950 1261.14 720.527 621.741 -2.93175
2960 1272.47 752.092 622.314 -2.93094
2970 1239.53 2838.12 622.905 -2.93027
2980 1268.58 2055.84 623.546 -2.92973
2990 1376.16 -3590.54 624.216 -2.92927
3000 1427.18 -5037.21 624.819 -2.92911
3010 1390.34 -2053.93 625.325 -2.92941
3020 1312 1091.02 625.788 -2.93004
3030 1232.31 3629.9 626.272 -2.93071
3040 1199.79 3129.31 626.825 -2.93126
3050 1201.09 -287.699 627.434 -2.93161
3060 1216.08 -4070.11 628.034 -2.93177
3070 1269.06 -8593.71 628.547 -2.9318
3080 1328.81 -11892.4 628.883 -2.93187
3090 1361.2 -13381.7 628.976 -2.93217
3100 1253.91 -8613.46 628.81 -2.9327
3110 1089.78 -2855.08 628.474 -2.93311
3120 1035.55 -1582.5 628.082 -2.93313
3130 1080.45 -1512.37 627.665 -2.93274
3140 1210.43 -1496.92 627.228 -2.93202
3150 1452.46 -7179.55 626.761 -2.93129
3160 1586.63 -9597.24 626.167 -2.93117
3170 1537.76 -9048.21 625.397 -2.93202
3180 1365.67 -7086.62 624.462 -2.93347
3190 1228.48 -3758.55 623.407 -2.93486
3200 1232.34 -3612.35 622.292 -2.93598
3210 1279.94 -4084.93 621.126 -2.93697
3220 1234.28 -1322.8 619.907 -2.93788
3230 1097.36 4020.74 618.693 -2.93844
3240 1077.27 2626.86 617.57 -2.93854
3250 1179.38 -589.693 616.518 -2.93838
3260 1226.05 1808.34 615.488 -2.93804
3270 1267.73 800.931 614.508 -2.93767
3280 1279.56 861.215 613.568 -2.93739
3290 1237.35 4487.15 612.671 -2.93718
3300 1221.1 7558.51 611.88 -2.93691
3310 1262.06 8674.74 611.251 -2.93662
3320 1285.79 10260.1 610.808 -2.93638
3330 1306.88 8815.77 610.571 -2.93628
3340 1343.64 6872.01 610.514 -2.93638
3350 1418.85 5025.36 610.598 -2.93673
3360 1509.45 2383.76 610.783 -2.93756
3370 1420.64 5476.14 611.029 -2.93892
3380 1269.16 9392.33 611.386 -2.94043
3390 1226.5 8142.57 611.917 -2.94177
3400 1263.64 6869.98 612.606 -2.94291
3410 1273.15 6441.22 613.428 -2.94398
3420 1221.4 5977.19 614.372 -2.94493
3430 1206.31 5672.69 615.428 -2.9457
3440 1275.53 1396.93 616.579 -2.94629
3450 1270.83 1487.53 617.759 -2.94681
3460 1165.28 2025.56 618.959 -2.94727
3470 1018.75 3934.63 620.193 -2.94749
3480 931.131 5530.35 621.494 -2.94733
3490 980.458 1740.45 622.886 -2.94666
3500 1069.62 -972.621 624.302 -2.94542
3510 1128.14 -2355.21 625.688 -2.94385
3520 1145.73 -4234.23 627.012 -2.94215
3530 1154.95 -6079.12 628.237 -2.94039
3540 1200.75 -7834.49 629.327 -2.93861
3550 1329.73 -11972 630.241 -2.93686
3560 1399.19 -13752.1 630.904 -2.93539
3570 1344.57 -12573.9 631.282 -2.93451
3580 1222.46 -9882.06 631.402 -2.93406
3590 1129.24 -6115.81 631.323 -2.93369
3600 1133.37 -7499.9 631.112 -2.93317
3610 1236.7 -12206.4 630.748 -2.93251
3620 1321.99 -14495.3 630.146 -2.93195
3630 1383.91 -15717.7 629.26 -2.93174
3640 1380.88 -15276 628.072 -2.93201
3650 1290.2 -10666.7 626.603 -2.93259
3660 1174.57 -4436.59 624.949 -2.93309
3670 1057.68 3161.72 623.239 -2.93317
3680 963.314 10420.5 621.629 -2.93261
3690 989.616 11698.6 620.25 -2.93155
3700 1045.96 13810.2 619.137 -2.93009
3710 1103.01 13962.6 618.319 -2.92837
3720 1220.34 9676.72 617.789 -2.92656
3730 1328.45 6835.52 617.469 -2.92485
3740 1348.19 6021.43 617.298 -2.92349
3750 1311.5 6446.28 617.259 -2.92258
3760 1295.41 5015.68 617.35 -2.92198
3770 1249.91 4402.26 617.547 -2.92159
3780 1170.55 2162.57 617.831 -2.92126
3790 1133.48 -272.907 618.161 -2.92081
3800 1248.57 -5132.24 618.48 -2.92018
3810 1451.92 -10983.8 618.695 -2.91957
3820 1598.88 -13373.8 618.699 -2.91957
3830 1625.64 -11312.5 618.451 -2.92064
3840 1551.31 -8970.13 617.987 -2.92265
3850 1440.9 -5483.03 617.361 -2.92513
3860 1326.81 -947.711 616.643 -2.92757
3870 1198.68 3098.46 615.923 -2.92959
3880 1130.93 3937.93 615.274 -2.93107
3890 1149.47 6435.32 614.724 -2.93203
3900 1319.63 4626.26 614.304 -2.93276
3910 1452.84 2689.64 613.989 -2.93367
3920 1394.67 931.471 613.737 -2.93498
3930 1217.5 2887.65 613.52 -2.93629
3940 1201.13 685.89 613.361 -2.9373
3950 1276.87 -2094.65 613.223 -2.93813
3960 1277.92 -1112.44 613.056 -2.93892
3970 1183.33 2308.69 612.88 -2.9396
3980 1068.67 5793.72 612.757 -2.93998
3990 1054.6 7724.39 612.752 -2.93996
4000 1142.55 7120.82 612.898 -2.93959
4010 1229.43 6661.85 613.188 -2.93903
4020 1251.11 6652.54 613.61 -2.93848
4030 1194.79 7733.42 614.166 -2.93802
4040 1151.19 7573.43 614.869 -2.93757
4050 1198.62 5928.52 615.715 -2.93701
4060 1317.58 1736.09 616.668 -2.93636
4070 1406.23 -2891.29 617.649 -2.93584
4080 1407 -6058.33 618.568 -2.93568
4090 1358.88 -8627.1 619.36 -2.93589
4100 1288.62 -7600.92 619.981 -2.93633
4110 1239.4 -7923.63 620.443 -2.93679
4120 1224.03 -9351.38 620.743 -2.93719
4130 1188.96 -8851.36 620.859 -2.93746
4140 1215.63 -9647.81 620.798 -2.9376
4150 1305.32 -9627.06 620.551 -2.93771
4160 1426.5 -10721.1 620.117 -2.93801
4170 1458.46 -9805.03 619.484 -2.93878
4180 1380.3 -7206.64 618.674 -2.93998
4190 1249.86 -3385.82 617.74 -2.94123
4200 1179.31 -488.922 616.758 -2.94219
4210 1231.65 -1555.35 615.779 -2.94287
4220 1338.05 -1949.2 614.793 -2.9435
4230 1407.43 -2468.51 613.789 -2.94431
4240 1386.79 -2783.82 612.759 -2.94542
4250 1309.53 -422.993 611.703 -2.94666
4260 1291.35 59.9391 610.656 -2.94781
4270 1330.29 -306.091 609.632 -2.94895
4280 1345.65 1937.08 608.629 -2.95013
4290 1307.43 5782.21 607.688 -2.9513
4300 1248.57 9062.3 606.878 -2.95234
4310 1205.51 11402.3 606.258 -2.95318
4320 1150 15133.9 605.876 -2.95378
4330 1079.09 15593 605.788 -2.95412
4340 1011.77 14732.9 606.004 -2.95414
4350 1027.86 13531.3 606.503 -2.9538
4360 1163.08 8722.91 607.254 -2.95311
4370 1309.18 3614.26 608.168 -2.95219
4380 1369.05 354.502 609.149 -2.95139
4390 1310.17 -1086.26 610.132 -2.95091
4400 1198.84 -69.8465 611.091 -2.95065
4410 1167.79 242.236 612.04 -2.95036
4420 1259.45 -1771.45 612.983 -2.94995
4430 1299 -3639.56 613.884 -2.94954
4440 1175.72 -2758.3 614.712 -2.94924
4450 1037.1 657.567 615.484 -2.94888
4460 1059.95 -982.965 616.253 -2.94824
4470 1110.59 -2469.8 616.999 -2.94723
4480 1121.61 -3189.85 617.691 -2.94603
4490 1131.35 -4970.82 618.313 -2.94469
4500 1195.96 -6250.67 618.832 -2.94326
4510 1287.02 -6358.89 619.227 -2.94182
4520 1310.73 -5949.16 619.495 -2.9406
4530 1262.18 -2470.33 619.651 -2.9397
4540 1230.11 -401.335 619.758 -2.939
4550 1288.94 -2069.73 619.854 -2.93836
4560 1373.7 -4008.39 619.913 -2.93788
4570 1402.94 -4757.65 619.898 -2.93776
4580 1364.81 -4460.56 619.796 -2.93803
4590 1302.38 -2869.08 619.614 -2.93854
4600 1294.82 -2088.14 619.381 -2.93911
4610 1343.22 -2722.72 619.113 -2.93974
4620 1365.65 -3607.46 618.8 -2.94054
4630 1344.62 -6065.59 618.423 -2.94151
4640 1332.46 -10251.8 617.933 -2.94265
4650 1292.38 -10738.3 617.258 -2.94387
4660 1266.2 -7415.88 616.392 -2.94504
4670 1283.59 -4551.13 615.397 -2.94607
4680 1284.76 -3888.17 614.33 -2.94705
4690 1189.86 -2071.92 613.21 -2.9479
4700 1089.15 259.824 612.075 -2.9484
4710 1157.62 710.235 610.964 -2.94851
4720 1276.94 1465.37 609.89 -2.94841
4730 1256.74 4650.91 608.873 -2.94831
4740 1106.85 8556.3 607.967 -2.94815
4750 978.668 14832.3 607.252 -2.94766
4760 1059.19 14685.9 606.825 -2.94682
4770 1146.55 12759.8 606.69 -2.94569
4780 1143.2 11133.6 606.807 -2.9445
4790 1119.68 9707.05 607.143 -2.9433
4800 1243.51 5863.11 607.662 -2.94201
4810 1444.42 603.162 608.288 -2.94073
4820 1472.4 830.686 608.935 -2.93994
4830 1348.24 1080.87 609.592 -2.93985
4840 1148.3 5818.86 610.279 -2.93998
4850 1216.83 3331.87 611.061 -2.94003
4860 1319.97 -1194.82 611.898 -2.93993
4870 1173.26 2291.99 612.722 -2.9399
4880 1053.31 4570.72 613.583 -2.9398
4890 1211.24 -320.358 614.514 -2.93937
4900 1437.08 -5404 615.433 -2.93876
4910 1511.59 -8829.75 616.24 -2.93857
4920 1400.57 -8540.03 616.875 -2.93904
4930 1242.69 -7260.18 617.338 -2.93979
4940 1119.07 -3623.97 617.66 -2.94037
4950 1094.27 -536.938 617.91 -2.94062
4960 1117.99 895.968 618.146 -2.94053
4970 1133.82 3356.02 618.405 -2.94018
4980 1169.41 3801.83 618.728 -2.93964
4990 1223.37 4029.16 619.127 -2.93899
5000 1263.72 3945.24 619.606 -2.93836
5010 1278.56 4585.27 620.166 -2.93783
5020 1292.74 2830.14 620.811 -2.93746
5030 1247.22 943.501 621.509 -2.93721
5040 1120.06 2888.31 622.23 -2.93698
5050 1019.82 4745 623.004 -2.93659
5060 1111.02 3442.44 623.864 -2.93587
5070 1272.5 -559.867 624.782 -2.93484
5080 1322.24 -973.544 625.69 -2.93383
5090 1336.29 -1363.49 626.571 -2.93312
5100 1340.89 -2837.08 627.415 -2.93269
5110 1333.85 -3212.66 628.2 -2.93252
5120 1339.6 -5803.38 628.908 -2.93258
5130 1319.18 -7657.37 629.494 -2.93282
5140 1254.28 -8770.92 629.921 -2.93316
5150 1175.42 -8651.23 630.168 -2.93346
5160 1159.7 -10847.5 630.233 -2.93358
5170 1216.68 -15713.9 630.072 -2.93357
5180 1229.81 -17872.1 629.598 -2.93358
5190 1186.85 -16922.2 628.771 -2.93368
5200 1127.58 -12844.9 627.62 -2.93372
5210 1152.92 -10435.6 626.225 -2.93353
5220 1293.89 -10659.9 624.639 -2.93321
5230 1400.73 -7914.8 622.876 -2.93301
5240 1396.32 -2632.45 620.993 -2.93311
5250 1257.87 2878.34 619.096 -2.93334
5260 1056.6 10258.2 617.3 -2.93329
5270 944.507 14815.3 615.739 -2.9327
5280 953.917 15527 614.496 -2.93164
5290 1037.53 13458.7 613.578 -2.93021
5300 1217.67 11047 612.945 -2.9285
5310 1422.23 7820.82 612.542 -2.92679
5320 1537.49 3776.05 612.302 -2.92563
5330 1484.31 2556.43 612.152 -2.92538
5340 1300.66 6639.18 612.069 -2.92575
5350 1103.44 12582.2 612.126 -2.92614
5360 1056.09 15344.7 612.429 -2.92626
5370 1218.12 11409.6 613.02 -2.92611
5380 1345.87 7362.92 613.833 -2.92585
5390 1266.42 8451.16 614.796 -2.92581
5400 1172.09 8576.87 615.917 -2.92589
5410 1209.45 5220.86 617.19 -2.92583
5420 1280.45 2359.86 618.559 -2.92565
5430 1324.66 -566.373 619.964 -2.92548
5440 1323.62 -2959.37 621.345 -2.92543
5450 1258.3 -2607.81 622.661 -2.92552
5460 1142.46 -1427.41 623.912 -2.9256
5470 1065.08 -414.55 625.123 -2.92548
5480 1070.18 374.008 626.315 -2.92505
5490 1106.05 1071.24 627.503 -2.92432
5500 1152.58 2224.81 628.703 -2.92339
5510 1202.93 2920.45 629.938 -2.92237
5520 1270.1 1119.62 631.218 -2.92135
5530 1312.94 -2147.71 632.507 -2.9204
5540 1292.2 -5820.2 633.74 -2.91963
5550 1199.52 -6182.37 634.846 -2.919
5560 1145.33 -6172.6 635.813 -2.91838
5570 1221.48 -8284.1 636.635 -2.91766
5580 1212.08 -6324.61 637.286 -2.9169
5590 1177.33 -5264.91 637.796 -2.9162
5600 1112.99 -3323.09 638.195 -2.91548
5610 1097.95 -4443.91 638.515 -2.9146
5620 1201.78 -8835.64 638.735 -2.91353
5630 1272.52 -10675.4 638.774 -2.91241
5640 1331.38 -9969.35 638.595 -2.91149
5650 1392.57 -8976.45 638.212 -2.91091
5660 1387.03 -6879.22 637.653 -2.91078
5670 1292.37 -4571.9 636.962 -2.91097
5680 1208.92 -1669.29 636.194 -2.91121
5690 1247.21 -2571.15 635.4 -2.91134
5700 1364.1 -5521.35 634.567 -2.91153
5710 1406.47 -7320.57 633.64 -2.91203
5720 1334.36 -6593.48 632.585 -2.91286
5730 1241.54 -4664.28 631.418 -2.91374
5740 1174.15 -3443.66 630.177 -2.91443
5750 1159.68 -665.593 628.894 -2.91483
5760 1225.11 1132.23 627.623 -2.91494
5770 1290 559.12 626.397 -2.91498
5780 1248.44 2074.59 625.213 -2.91507
5790 1118.07 5906.52 624.101 -2.91507
5800 1031.5 8718.54 623.13 -2.91471
5810 1180.77 5165.89 622.346 -2.91403
5820 1336.62 1751.56 621.683 -2.91327
5830 1307.86 6059.22 621.087 -2.91273
5840 1155.25 10204 620.626 -2.91234
5850 1078.25 13804.2 620.384 -2.91188
5860 1137.87 12872.9 620.42 -2.9112
5870 1289.28 7355.93 620.71 -2.91039
5880 1366.25 4912.32 621.157 -2.9097
5890 1316.01 4164.66 621.704 -2.90934
5900 1211.69 4972.59 622.336 -2.90922
5910 1127.67 7659.23 623.071 -2.90907
5920 1236.49 4356.88 623.942 -2.90877
5930 1420.59 -1252.55 624.893 -2.9084
5940 1432.31 -4495.16 625.816 -2.90836
5950 1291.23 -3052.69 626.65 -2.90871
5960 1231.71 -3604.1 627.41 -2.90912
5970 1335.72 -6563.52 628.088 -2.90946
5980 1474.35 -9849.58 628.626 -2.91001
5990 1510.25 -11091.3 628.963 -2.91111
6000 1423.28 -7639.98 629.08 -2.91275
6010 1302.2 -3006.03 629.046 -2.91453
6020 1206.69 3620.52 628.96 -2.91605
6030 1178.27 7943.55 628.951 -2.91722
6040 1142.96 11225.7 629.11 -2.91809
6050 1109.25 13423.3 629.503 -2.91863
6060 1217.73 8481.49 630.16 -2.91893
6070 1347.03 2686.61 630.989 -2.91908
6080 1390.4 -2401.51 631.869 -2.91939
6090 1312.73 -3845.52 632.701 -2.9199
6100 1236.59 -4659.95 633.447 -2.92045
6110 1213.58 -6652.3 634.088 -2.92088
6120 1143.25 -5129.5 634.593 -2.92114
6130 1034.57 -1908.14 634.991 -2.92114
6140 999.824 134.163 635.346 -2.92076
6150 1112.87 -2347.93 635.694 -2.91997
6160 1268.42 -4968.87 635.993 -2.91889
6170 1375.81 -6873.75 636.19 -2.91788
6180 1425.2 -8209.77 636.245 -2.91727
6190 1444.01 -6522.67 636.138 -2.91723
6200 1404.61 -3387.64 635.903 -2.91769
6210 1343.98 -300 635.607 -2.91846
6220 1286.62 1050.79 635.311 -2.91929
6230 1359.61 122.191 635.043 -2.92016
6240 1449.72 -1335.22 634.787 -2.92125
6250 1455.82 -420.756 634.518 -2.92276
6260 1382.32 2204.92 634.253 -2.92454
6270 1278.23 4640.37 634.045 -2.92627
6280 1248.74 3607.29 633.936 -2.92778
6290 1272.1 457.559 633.906 -2.92909
6300 1295.75 -2969.28 633.891 -2.9303
6310 1289.43 -6542.3 633.82 -2.93146
6320 1227.96 -7311.75 633.623 -2.93253
6330 1133.28 -6855.92 633.283 -2.93337
6340 1014.57 -4886.04 632.813 -2.9338
6350 969.824 -4915.23 632.248 -2.93373
6360 1013.28 -6033.26 631.592 -2.93319
6370 1100.65 -6856.92 630.825 -2.93227
6380 1159.25 -8030.29 629.932 -2.93114
6390 1179.1 -6676.18 628.896 -2.92996
6400 1227.63 -5408.26 627.744 -2.92876
6410 1317.11 -6685.49 626.499 -2.92767
6420 1281.91 -3018.3 625.153 -2.92683
6430 1182.37 1442.07 623.775 -2.92608
6440 1202.83 2171.95 622.447 -2.92532
6450 1215.33 5275.14 621.195 -2.92447
6460 1190.9 6748.03 620.072 -2.92359
6470 1217.77 5303.05 619.104 -2.92272
6480 1324.5 1498.17 618.258 -2.92191
6490 1455.34 -4177.26 617.458 -2.92144
6500 1534.09 -7332.02 616.598 -2.92164
6510 1529.71 -7183.29 615.618 -2.92266
6520 1469.68 -3767.75 614.525 -2.92425
6530 1467.34 -2423.96 613.378 -2.92618
6540 1513.98 -4108.15 612.203 -2.92852
6550 1493.73 -4694.48 610.975 -2.93133
6560 1340.13 -1623.14 609.689 -2.93419
6570 1172.31 2559 608.401 -2.93646
6580 1116 4670.91 607.185 -2.93802
6590 1146.42 8767.74 606.088 -2.93898
6600 1236.86 9692.06 605.177 -2.93962
6610 1239.36 10144 604.47 -2.94015
6620 1179.06 13407.3 603.978 -2.94054
6630 1236.78 12353.2 603.747 -2.94079
6640 1343.92 8308.32 603.755 -2.94107
6650 1348.21 7557.63 603.932 -2.94155
6660 1291.08 7718.11 604.259 -2.9422
6670 1288.26 5907.66 604.729 -2.94289
6680 1297.9 6366.88 605.316 -2.94359
6690 1334.53 5315.42 606.019 -2.94437
6700 1332.69 4149.34 606.82 -2.94525
6710 1254.95 5339.73 607.701 -2.94618
6720 1182.46 6189.16 608.677 -2.94701
6730 1110.7 7928.36 609.768 -2.94758
6740 1116.58 6841.84 610.999 -2.94786
6750 1201.53 2197.64 612.346 -2.94781
6760 1166.99 1133.32 613.731 -2.94754
6770 987.446 3098.87 615.131 -2.94716
6780 976.56 37.5501 616.571 -2.94645
6790 1135.5 -3684.92 617.996 -2.94517
6800 1209.48 -4384.3 619.339 -2.9436
6810 1213.58 -5145.91 620.583 -2.94207
6820 1199.89 -4960.6 621.713 -2.94067
6830 1194.13 -4247.25 622.734 -2.93937
6840 1178.47 -4383.68 623.659 -2.93815
6850 1101.86 -2678.76 624.491 -2.93695
6860 1083.89 -4138.17 625.256 -2.9357
6870 1156.95 -8250.09 625.925 -2.93423
6880 1259.82 -9928.1 626.426 -2.93265
6890 1350.24 -11514.7 626.721 -2.93122
6900 1401.6 -12276.1 626.783 -2.93021
6910 1398.94 -10291.9 626.603 -2.92976
6920 1356.51 -7638.26 626.223 -2.92978
6930 1283.24 -5404.57 625.696 -2.93005
6940 1191.38 -1913.33 625.076 -2.93034
6950 1108.59 1625.3 624.431 -2.93041
6960 1059.92 4650.1 623.834 -2.93015
6970 1084.35 5593.08 623.341 -2.92954
6980 1182.1 5117.9 622.973 -2.92866
6990 1304.48 1629.33 622.714 -2.9277
7000 1382.51 -1965.29 622.496 -2.92695
7010 1397.74 -3902.17 622.252 -2.92661
7020 1389.62 -5714.89 621.938 -2.92671
7030 1363.65 -5515.83 621.524 -2.92717
7040 1350.72 -4709.73 621.01 -2.92786
7050 1340.59 -1439.04 620.422 -2.9287
7060 1420.27 -1710.02 619.812 -2.92967
7070 1585 -7241.45 619.175 -2.93118
7080 1573.77 -8828.67 618.417 -2.93354
7090 1415.83 -7746.88 617.505 -2.93635
7100 1276.09 -6018.63 616.461 -2.93895
7110 1200.42 -2772.59 615.323 -2.94108
7120 1173.13 2880.92 614.158 -2.94262
7130 1214.62 5589.98 613.069 -2.94372
7140 1199.9 7451.26 612.112 -2.94455
7150 1106.84 7490.54 611.318 -2.94507
7160 1060.06 5402.2 610.684 -2.94521
7170 1161.17 2666.87 610.168 -2.94502
7180 1330.12 403.172 609.718 -2.94469
7190 1390.55 -126.62 609.292 -2.94456
7200 1279.28 2625.71 608.88 -2.94475
7210 1109.43 7269 608.535 -2.94489
7220 1117.27 7500.69 608.333 -2.94478
7230 1210.76 7568.89 608.283 -2.94442
7240 1292.12 8329.68 608.387 -2.94402
7250 1307.23 7144.61 608.654 -2.94377
7260 1244.21 5174.6 609.057 -2.94369
7270 1140.49 6562.84 609.568 -2.94361
7280 1153.07 2915.43 610.196 -2.94337
7290 1186.86 -1419.03 610.875 -2.94288
7300 1204.85 -3595 611.526 -2.94228
7310 1219.29 -5100.01 612.105 -2.94162
7320 1286.09 -5805.41 612.582 -2.94097
7330 1379.06 -6838.7 612.944 -2.94049
7340 1392.13 -6263.67 613.175 -2.94036
7350 1335.78 -2738.23 613.289 -2.94061
7360 1259.67 1631.74 613.356 -2.94101
7370 1240.36 2542.86 613.454 -2.9414
7380 1272.47 1433.52 613.602 -2.94172
7390 1340.15 69.6124 613.782 -2.94208
7400 1369.77 -2588.51 613.963 -2.94262
7410 1312.32 -1746.57 614.103 -2.94335
7420 1269.04 -1522.41 614.212 -2.9441
7430 1322.48 -4772 614.288 -2.94484
7440 1385.77 -7291.7 614.276 -2.94569
7450 1414.83 -9652.25 614.126 -2.94683
7460 1395.47 -10135.3 613.797 -2.94829
7470 1269.4 -6780.09 613.287 -2.94984
7480 1083.01 -1083.22 612.661 -2.95103
7490 1005.79 2698.39 612.024 -2.95157
7500 1115.15 3863.92 611.449 -2.95159
7510 1231.04 4828.51 610.963 -2.95131
7520 1237.08 6642.02 610.586 -2.95097
7530 1217.1 7476.43 610.348 -2.95066
7540 1241.17 5552.82 610.258 -2.95034
7550 1281.5 4375.27 610.285 -2.95005
7560 1319.72 4276.2 610.404 -2.94989
7570 1316.05 5192.44 610.612 -2.94991
7580 1272.65 5597.9 610.923 -2.95009
7590 1210.77 5576.76 611.344 -2.95032
7600 1159.12 5845.92 611.873 -2.95043
7610 1200.31 4685.6 612.514 -2.95037
7620 1304.03 136.927 613.237 -2.9502
7630 1364.36 -4860.92 613.957 -2.95009
7640 1322.39 -4062.81 614.588 -2.95023
7650 1266.24 -3406.24 615.136 -2.95052
7660 1260.8 -1624.41 615.616 -2.95082
7670 1294.86 -486.67 616.062 -2.95115
7680 1301.23 -216.72 616.497 -2.95154
7690 1254.35 -317.682 616.925 -2.95198
7700 1166.49 101.167 617.35 -2.95234
7710 1147.91 -3175.64 617.768 -2.95247
7720 1135.79 -4568.29 618.125 -2.95234
7730 1080.32 -2213.24 618.398 -2.95199
7740 1031.89 -1485 618.624 -2.95138
7750 1041.89 -1155.3 618.823 -2.95045
7760 1165.92 -5340.73 618.991 -2.94921
7770 1224.74 -8557.99 619.057 -2.94781
7780 1199.57 -7735.72 618.963 -2.94654
7790 1193.65 -7799.83 618.718 -2.94538
7800 1228.44 -8941.05 618.324 -2.94429
7810 1194.51 -5528.14 617.771 -2.9433
7820 1082.01 -1392.61 617.123 -2.94232
7830 1056.15 -1036.51 616.455 -2.94122
7840 1083.73 8.52551 615.782 -2.93988
7850 1130.81 1657.5 615.125 -2.93833
7860 1200.26 1078.36 614.512 -2.93667
7870 1295.32 576.826 613.935 -2.93505
7880 1386.69 592.06 613.384 -2.93367
7890 1455.47 697.154 612.859 -2.93277
7900 1502.1 437.33 612.362 -2.93252
7910 1530.76 -1340.01 611.884 -2.93301
7920 1548.03 -3610.48 611.393 -2.93426
7930 1545.22 -4602.13 610.847 -2.93623
7940 1470.69 -3290.23 610.23 -2.9387
7950 1311.28 824.846 609.57 -2.94117
7960 1152.04 5951.86 608.943 -2.94313
7970 1051.67 9759.48 608.443 -2.94439
7980 1056.1 10145.7 608.139 -2.94506
7990 1108.08 7972.18 608.035 -2.94529
8000 1143.35 7793.6 608.095 -2.94524
8010 1144.69 6845.07 608.309 -2.94498
8020 1133.39 5162.71 608.655 -2.94455
8030 1125.18 4802.63 609.105 -2.94394
8040 1161.63 3923.54 609.645 -2.94318
8050 1193.63 2464.1 610.258 -2.9423
8060 1150.96 4221.44 610.921 -2.9414
8070 1146.88 5505.46 611.664 -2.94048
8080 1316.24 2265.18 612.501 -2.93947
8090 1401.87 -51.2576 613.379 -2.93857
8100 1333.71 -470.988 614.254 -2.93812
8110 1208.12 1681.06 615.119 -2.93795
8120 1116.67 4073.21 616.012 -2.93778
8130 1120.55 1759.9 616.97 -2.93742
8140 1092.56 394.23 617.959 -2.93677
8150 1072.15 971.686 618.952 -2.93591
8160 1213.13 -1408.15 619.95 -2.9348
8170 1412.38 -3636.6 620.911 -2.93357
8180 1439.43 -1766.15 621.802 -2.93278
8190 1329.88 -148.578 622.651 -2.93258
8200 1248.64 1809.65 623.493 -2.93266
8210 1278.59 1193.41 624.361 -2.93278
8220 1313.57 -1608.41 625.244 -2.93293
8230 1223.05 -4376.06 626.088 -2.93311
8240 1066.38 -4427.57 626.843 -2.93316
8250 975.977 -3192.48 627.503 -2.93286
8260 995.997 -3318.61 628.089 -2.93215
8270 1017.97 -3654.42 628.605 -2.93102
8280 1017.28 -3591.4 629.042 -2.92959
8290 1032.73 -2985.3 629.405 -2.92792
8300 1144.66 -5056.66 629.701 -2.92599
8310 1251.95 -6690.18 629.893 -2.92391
8320 1275.42 -6881.29 629.952 -2.92203
8330 1245.36 -4995.47 629.877 -2.92048
8340 1207.3 -581.598 629.709 -2.91919
8350 1184.28 2528.11 629.535 -2.91801
8360 1204.56 2937.81 629.416 -2.91686
8370 1289.82 1907.14 629.362 -2.91575
8380 1391.6 924.784 629.355 -2.91483
8390 1438.43 -1772.97 629.369 -2.91436
8400 1396.52 -1666.48 629.359 -2.91441
8410 1348.18 -288.457 629.323 -2.91482
8420 1349.57 -881.027 629.282 -2.91544
8430 1339.02 -1483.14 629.231 -2.91621
8440 1315.76 -788.141 629.158 -2.9171
8450 1271.81 736.164 629.077 -2.91798
8460 1233.06 -586.644 629.011 -2.91879
8470 1157.2 566.668 628.946 -2.91939
8480 1114.94 -327.903 628.894 -2.9197
8490 1135.74 -3529.72 628.837 -2.91969
8500 1228.22 -6846.26 628.713 -2.91947
8510 1388.42 -10989.3 628.453 -2.91925
8520 1533.46 -15738 627.974 -2.91952
8530 1564.94 -16071.7 627.194 -2.92066
8540 1565.23 -15748.8 626.103 -2.92269
8550 1533.63 -13624.1 624.718 -2.92543
8560 1490.03 -10222.4 623.087 -2.92857
8570 1418.75 -6335.21 621.283 -2.93179
8580 1315.61 -2029.41 619.389 -2.93471
8590 1190.54 2976.05 617.496 -2.93699
8600 1131.37 4926.28 615.693 -2.93854
8610 1055.79 7656.83 614.027 -2.93948
8620 1019.92 9406.64 612.543 -2.93974
8630 1178.95 4155.12 611.26 -2.93962
8640 1324.26 1906.44 610.091 -2.93946
8650 1342.19 4693.21 608.991 -2.93946
8660 1246.09 8062.32 608.007 -2.93957
8670 1140.54 11629 607.2 -2.9396
8680 1147.87 12665.1 606.631 -2.93938
8690 1343.92 8297.84 606.31 -2.93908
8700 1543.85 4709 606.16 -2.93909
8710 1617.18 847.522 606.109 -2.93995
8720 1507.68 211.907 606.087 -2.94169
8730 1324.8 2841.52 606.081 -2.94368
8740 1251.38 4846.57 606.135 -2.94545
8750 1273.84 4217.66 606.28 -2.947
8760 1291.95 5725.12 606.515 -2.94841
8770 1277.29 6598.59 606.861 -2.94975
8780 1230.16 6402.06 607.332 -2.95095
8790 1176.92 7597.59 607.929 -2.95193
8800 1145.57 7209.84 608.665 -2.95263
8810 1165.08 4953.23 609.535 -2.95303
8820 1194.07 1565.54 610.491 -2.95318
8830 1166.56 1152.05 611.476 -2.95313
8840 1081.69 4744.57 612.483 -2.95294
8850 1088.07 5735.01 613.57 -2.95254
8860 1204.69 3578.84 614.755 -2.95186
8870 1359.96 -247.019 615.998 -2.95105
8880 1432.7 -2390.23 617.23 -2.95046
8890 1413.51 -4594.38 618.404 -2.95036
8900 1355.11 -5740.38 619.478 -2.95064
8910 1296.99 -4854.63 620.433 -2.95112
8920 1258.13 -2848.39 621.284 -2.95166
8930 1226.2 -144.929 622.073 -2.95216
8940 1214.94 968.351 622.852 -2.95257
8950 1164.73 2183.16 623.644 -2.95285
8960 1046.73 5935.24 624.481 -2.95292
8970 949.172 8834.4 625.43 -2.9527
8980 960.33 8123.11 626.546 -2.95208
8990 1055.53 5294.51 627.815 -2.95099
9000 1168.96 1123.22 629.179 -2.94946
9010 1266.6 -3809.87 630.552 -2.94772
9020 1355.2 -9526.67 631.833 -2.94603
9030 1410.72 -13335.2 632.907 -2.94466
9040 1408.67 -12940 633.702 -2.94386
9050 1400.22 -12163.3 634.22 -2.94365
9060 1342.87 -8892.64 634.486 -2.94388
9070 1246.37 -4047.17 634.57 -2.94431
9080 1146.98 -952.177 634.57 -2.94466
9090 1062.08 -264.972 634.55 -2.94474
9100 1010.56 1240.35 634.533 -2.94442
9110 1110.94 -2644.61 634.535 -2.94372
9120 1268.87 -6355.16 634.488 -2.94275
9130 1320.76 -6377.53 634.319 -2.94187
9140 1222.51 -4066.6 634.03 -2.94125
9150 1067.47 -1360.5 633.664 -2.9407
9160 1027.97 -1625.55 633.277 -2.93993
9170 1184.29 -6535.12 632.857 -2.93885
9180 1329.04 -10599.4 632.313 -2.93768
9190 1307.76 -10405.9 631.57 -2.93683
9200 1173.06 -8540.08 630.63 -2.93629
9210 1081.75 -8044.54 629.531 -2.93576
9220 1123.82 -8076.08 628.289 -2.93505
9230 1280.47 -11426.1 626.899 -2.9342
9240 1402.17 -15230.8 625.304 -2.93362
9250 1386.17 -15207.2 623.438 -2.93363
9260 1307.37 -11946.8 621.31 -2.93404
9270 1296.72 -10514.4 618.982 -2.93458
9280 1323.73 -6916.4 616.499 -2.93517
9290 1368.71 -2616.25 613.932 -2.93573
9300 1332.62 2363.12 611.37 -2.93632
9310 1175.11 9529.44 608.915 -2.93665
9320 1050.03 14080.5 606.692 -2.93642
9330 1118.23 14404.4 604.78 -2.93579
9340 1274.53 12816.9 603.18 -2.935
9350 1360.78 10001 601.855 -2.93441
9360 1291.35 10918.8 600.757 -2.93415
9370 1241.23 10150 599.885 -2.93403
9380 1356.24 5818.66 599.218 -2.93403
9390 1401.71 7702.76 598.689 -2.9343
9400 1383.91 12474.5 598.321 -2.93491
9410 1367.76 15930.9 598.197 -2.93579
9420 1387.46 14885.5 598.371 -2.93696
9430 1364.97 12853.5 598.825 -2.93839
9440 1273.17 14513.6 599.525 -2.93992
9450 1257.51 14765.7 600.491 -2.94137
9460 1367.76 12678 601.723 -2.94282
9470 1447.62 11585 603.186 -2.94452
9480 1400.89 10731.7 604.856 -2.94656
9490 1255.37 10066.2 606.717 -2.94863
9500 1110.81 9476.2 608.753 -2.95031
9510 1073.58 7509.82 610.951 -2.95146
9520 1165.29 244.711 613.262 -2.95198
9530 1258.7 -4944.68 615.559 -2.95201
9540 1293.86 -8595.57 617.736 -2.95185
9550 1322.42 -11219.9 619.72 -2.95169
9560 1317.9 -10340.4 621.465 -2.95167
9570 1344.35 -9564.86 622.981 -2.95188
9580 1352.96 -9098.66 624.287 -2.9523
9590 1336.58 -9633.29 625.393 -2.95294
9600 1239.38 -8001.67 626.295 -2.95364
9610 1144.11 -6929.73 627.024 -2.95421
9620 1118.39 -9336.51 627.598 -2.95447
9630 1148.97 -11580.5 627.977 -2.95442
9640 1231.15 -15895 628.113 -2.9542
9650 1294.58 -19372.5 627.925 -2.95406
9660 1276.44 -19750.6 627.353 -2.95418
9670 1178.65 -16712.3 626.397 -2.95447
9680 1068.6 -11343.5 625.125 -2.95463
9690 999.352 -5257.99 623.651 -2.95436
9700 996.297 -2375.09 622.098 -2.95361
9710 1002.17 -1634.61 620.525 -2.95244
9720 983.408 1025.27 618.958 -2.95092
9730 1031.16 526.343 617.438 -2.94909
9740 1132.83 -632.016 615.961 -2.94701
9750 1209.11 -1018.11 614.506 -2.94482
9760 1229.84 -3355.98 613.058 -2.94282
9770 1151.53 -375.526 611.588 -2.94108
9780 1101.51 3643.37 610.143 -2.9394
9790 1114.97 7189.17 608.8 -2.93759
9800 1157.77 9929.27 607.624 -2.93567
9810 1135.83 12735.9 606.666 -2.93374
9820 1064 15679.3 605.975 -2.93192
9830 1017.58 15800.4 605.595 -2.93012
9840 1107.86 12537.3 605.523 -2.92825
9850 1293.64 6509.87 605.693 -2.9262
9860 1331.89 4664.31 605.998 -2.92433
9870 1242.12 5811.96 606.397 -2.92296
9880 1138.73 8758.16 606.911 -2.92191
9890 1150.64 8853.43 607.586 -2.92092
9900 1252.71 6092.82 608.42 -2.91983
9910 1349.93 6216.42 609.372 -2.91882
9920 1434.54 4609.53 610.432 -2.91817
9930 1446.92 2492.46 611.573 -2.91805
9940 1355.38 2858.83 612.757 -2.91841
9950 1276.37 2971.14 613.986 -2.91899
9960 1297.05 -1135.89 615.253 -2.91954
9970 1351.37 -5179.44 616.486 -2.92005
9980 1349.21 -6526.81 617.61 -2.92068
9990 1335.3 -8142.71 618.592 -2.92143
10000 1357.07 -8753.21 619.405 -2.92229
