# Time-averaged data for fix 4
# TimeStep c_mytemp c_mypress v_vmyvol v_avgEtotal
10 1706.64 13580.4 631.831 -2.80119
20 1855.42 5435.65 633.157 -2.80167
30 1878.23 238.747 634.559 -2.8024
40 1777.02 -1366.61 635.955 -2.80341
50 1652.04 -739.981 637.319 -2.80446
60 1638.36 -3186.87 638.652 -2.80528
70 1748.39 -5629.88 639.921 -2.8059
80 1821.03 -5705.05 641.091 -2.8066
90 1823.38 -3721 642.161 -2.80758
100 1872.97 -2528.89 643.16 -2.80888
110 1886.53 -1970.18 644.108 -2.81057
120 1636.09 4469.81 645.026 -2.81242
130 1365.2 10110.5 646.008 -2.81381
140 1299.11 7763.78 647.132 -2.81446
150 1317.37 2154.77 648.366 -2.81427
160 1325.05 1565.98 649.632 -2.81337
170 1455.24 -2755.33 650.902 -2.81189
180 1660.57 -8439.1 652.11 -2.80986
190 1746.77 -7693.8 653.178 -2.80784
200 1727.01 -6241.8 654.108 -2.80623
210 1641.79 -2253.65 654.929 -2.80502
220 1589.47 4058.35 655.711 -2.80404
230 1643.91 5633.98 656.546 -2.80309
240 1795.83 4428.75 657.465 -2.80222
250 1779.75 5242.3 658.456 -2.80166
260 1645.54 5235.02 659.525 -2.80146
270 1519.77 5192.92 660.673 -2.80127
280 1564.04 271.861 661.891 -2.80081
290 1689.97 -5163.96 663.101 -2.80001
300 1768.95 -7067.12 664.217 -2.79923
310 1805.31 -11544.5 665.195 -2.79871
320 1743.97 -14031.6 665.971 -2.79849
330 1649.79 -15420.9 666.499 -2.79849
340 1579.16 -15443.2 666.759 -2.79847
350 1593.92 -14753.3 666.755 -2.79833
360 1691.32 -16570.3 666.496 -2.79812
370 1743.26 -15430.6 665.966 -2.79806
380 1723.26 -12204.5 665.187 -2.79818
390 1789.8 -12000.7 664.212 -2.79851
400 1770.69 -11111.3 663.055 -2.7991
410 1715.96 -9645.65 661.735 -2.79986
420 1672.19 -7785.1 660.28 -2.80064
430 1684.11 -3606.6 658.729 -2.80125
440 1783.1 -2091.49 657.147 -2.80179
450 1853.29 1326.24 655.569 -2.80249
460 1851.39 3543.27 654.044 -2.80345
470 1783.61 7141.68 652.615 -2.80461
480 1707.85 8104.59 651.332 -2.80576
490 1631.91 7590.15 650.21 -2.80676
500 1694.43 5409.37 649.236 -2.80757
510 1841.08 -2389.8 648.363 -2.80852
520 1856.4 -2329.6 647.486 -2.80982
530 1808.18 -699.755 646.593 -2.81137
540 1709.05 1181.74 645.711 -2.81293
550 1563.63 5680.05 644.872 -2.81423
560 1513.45 10014.9 644.146 -2.81494
570 1648.06 8565.68 643.589 -2.81532
580 1627.88 10007.3 643.191 -2.81552
590 1605.24 8246.47 642.961 -2.81564
600 1606.65 1681.51 642.865 -2.81561
610 1593.97 -943.84 642.81 -2.81544
620 1630.19 -4934.35 642.743 -2.81514
630 1614.18 -4150.54 642.611 -2.81476
640 1642.17 -1926.22 642.42 -2.8143
650 1777.18 -952.839 642.205 -2.81386
660 1729.19 5105.46 641.993 -2.81363
670 1662.26 9741.17 641.869 -2.81354
680 1666.44 11142.6 641.904 -2.81351
690 1586.54 14759.6 642.127 -2.81347
700 1496.5 16245.3 642.586 -2.81334
710 1545.02 9402.76 643.292 -2.81296
720 1614.16 5885.24 644.152 -2.81227
730 1758.71 307.666 645.098 -2.81148
740 1949.97 -7242.01 646.037 -2.81085
750 1931.28 -4256.94 646.867 -2.8109
760 1723.94 2109.14 647.627 -2.8116
770 1485.97 8336.34 648.416 -2.81236
780 1276.88 15792.3 649.339 -2.81271
790 1345 13965.8 650.5 -2.81252
800 1501.72 8269.78 651.875 -2.81163
810 1503.04 6652.33 653.381 -2.81038
820 1451.61 3317.53 654.98 -2.80892
830 1485.52 170.543 656.621 -2.80718
840 1590.13 -2288.47 658.248 -2.80512
850 1608.53 -2419.11 659.825 -2.80302
860 1584.87 -1393.83 661.347 -2.80107
870 1587.06 726.431 662.832 -2.79926
880 1636.39 -209.607 664.311 -2.79753
890 1652.86 -614.176 665.773 -2.79587
900 1626.44 1874.62 667.215 -2.79442
910 1607.85 2997.07 668.674 -2.79315
920 1595.48 2813.53 670.169 -2.79196
930 1506.11 4034.14 671.702 -2.79079
940 1390.35 3832.15 673.288 -2.78955
950 1426.29 1488.81 674.923 -2.78801
960 1575.28 -4668.6 676.561 -2.78594
970 1769.42 -10428.2 678.101 -2.78359
980 1942.43 -15198.1 679.441 -2.78145
990 1999.3 -18211.4 680.496 -2.78017
1000 1897.19 -18478.6 681.219 -2.77992
1010 1702.61 -14558.1 681.611 -2.78032
1020 1633.28 -12900.6 681.736 -2.7808
1030 1717.95 -13742.8 681.627 -2.78122
1040 1824 -13949.1 681.277 -2.7818
1050 1819.77 -10584.8 680.693 -2.78271
1060 1688.82 -4934.42 679.938 -2.78377
1070 1574.95 -753.015 679.111 -2.78461
1080 1565.73 477.226 678.285 -2.78508
1090 1610.27 470.234 677.484 -2.78524
1100 1712.66 -1718.43 676.707 -2.78526
1110 1884.56 -7733.2 675.913 -2.7855
1120 1964.94 -11244.5 675.005 -2.78634
1130 1931.05 -11379.8 673.924 -2.78793
1140 1833.46 -9504.51 672.67 -2.78995
1150 1705.33 -7942.01 671.276 -2.79201
1160 1556.18 -4329.06 669.775 -2.79371
1170 1446.14 1370.35 668.235 -2.79469
1180 1533.79 1110.2 666.742 -2.79502
1190 1640.39 1281.92 665.3 -2.79507
1200 1671.82 4982.19 663.917 -2.7949
1210 1775.46 1766.63 662.639 -2.79479
1220 1858.65 395.88 661.421 -2.79499
1230 1868.97 1052.96 660.242 -2.79563
1240 1793.16 987.636 659.106 -2.79663
1250 1710.84 514.184 658.012 -2.79772
1260 1745.83 -4208.54 656.945 -2.79883
1270 1780.3 -8295.73 655.831 -2.80012
1280 1720.53 -5712.84 654.614 -2.80148
1290 1656.79 -4049.69 653.327 -2.8027
1300 1620.27 -1813.57 652.001 -2.80366
1310 1685.21 -1423.13 650.672 -2.80435
1320 1864.78 -5676.31 649.341 -2.80514
1330 1947.27 -7319.44 647.951 -2.80645
1340 1856.83 -5118.42 646.477 -2.80828
1350 1642.93 2223.18 644.96 -2.81001
1360 1566.27 5694.43 643.507 -2.81118
1370 1581.79 4940.35 642.169 -2.81195
1380 1532.16 6090.19 640.943 -2.81235
1390 1470.87 7563.89 639.842 -2.81236
1400 1467.69 6123.56 638.88 -2.81195
1410 1572.66 4094.1 638.036 -2.8112
1420 1738.92 898.034 637.276 -2.81031
1430 1910.59 -3591.18 636.547 -2.80972
1440 1950.3 -5445.32 635.781 -2.80982
1450 1801.71 -895.173 634.959 -2.81055
1460 1710.05 1100.97 634.14 -2.81138
1470 1827.05 -2210.46 633.348 -2.8123
1480 1816.21 319.511 632.55 -2.81348
1490 1698.4 6169.83 631.781 -2.81467
1500 1725.85 5309.1 631.117 -2.81577
1510 1727.95 5715.39 630.553 -2.81684
1520 1715.15 8227.31 630.096 -2.81786
1530 1771.7 8104.25 629.776 -2.8189
1540 1792.01 9133.28 629.593 -2.82006
1550 1743.11 12054.9 629.563 -2.82135
1560 1664.1 13741.8 629.724 -2.82262
1570 1575.28 13186.4 630.097 -2.8237
1580 1510.48 12807.7 630.675 -2.82446
1590 1478.82 11689.3 631.447 -2.8248
1600 1534.59 11290.8 632.396 -2.82478
1610 1643.03 8675.84 633.51 -2.82449
1620 1687.7 6476.06 634.752 -2.82411
1630 1691.67 4830.98 636.085 -2.82379
1640 1625.58 4635.57 637.484 -2.82356
1650 1441.23 7837.93 638.949 -2.8233
1660 1316.66 8804.19 640.521 -2.8228
1670 1345.37 5434.3 642.213 -2.82179
1680 1437.49 -507.477 643.971 -2.8201
1690 1491.95 -2030.04 645.711 -2.81794
1700 1602.73 -6603.65 647.395 -2.81553
1710 1708.77 -10353 648.955 -2.81299
1720 1726.86 -10410.6 650.336 -2.81073
1730 1644.4 -6292.7 651.538 -2.80896
1740 1517.84 -20.4348 652.627 -2.80756
1750 1383.36 6015.52 653.706 -2.80626
1760 1353.36 8309.55 654.871 -2.80481
1770 1414.35 5832.55 656.154 -2.80297
1780 1380.48 6213.91 657.528 -2.80083
1790 1249.95 9944.41 658.999 -2.79867
1800 1320.44 7624.97 660.615 -2.79631
1810 1503.39 1126.43 662.337 -2.79326
1820 1650.08 -4430.41 664.062 -2.78979
1830 1722.49 -7498.23 665.697 -2.78643
1840 1794.53 -8934.54 667.189 -2.78354
1850 1796.48 -9185.94 668.513 -2.78129
1860 1617.84 -6687.99 669.67 -2.7797
1870 1526.23 -8673.16 670.693 -2.77833
1880 1938.98 -18169.6 671.541 -2.77686
1890 2214.96 -22451.8 672.072 -2.77601
1900 2093.81 -18135.1 672.221 -2.77684
1910 1784.15 -8155.86 672.065 -2.77862
1920 1567.11 -2100.66 671.766 -2.78017
1930 1643.7 -1890.04 671.434 -2.78131
1940 1822.16 -5564.88 671.073 -2.78233
1950 1967.94 -8868.46 670.627 -2.78373
1960 1973.84 -8770.79 670.045 -2.78578
1970 1837.73 -5603.5 669.33 -2.78826
1980 1605.94 256.898 668.539 -2.79051
1990 1423.08 4681.12 667.769 -2.79197
2000 1447.35 3753.79 667.091 -2.79271
2010 1527.15 -18.7498 666.489 -2.79291
2020 1648.28 -1195.38 665.907 -2.79282
2030 1766.58 -3762.06 665.316 -2.7927
2040 1799.86 -5142.84 664.677 -2.79285
2050 1682.74 -780.822 663.977 -2.7932
2060 1595.96 -696.42 663.273 -2.79349
2070 1542.01 -338.743 662.574 -2.7936
2080 1398.98 4431.49 661.894 -2.79333
2090 1386.37 3126.2 661.296 -2.79258
2100 1501.54 -283.971 660.762 -2.79139
2110 1568.85 -328.082 660.244 -2.78992
2120 1640.38 -1664.96 659.729 -2.78838
2130 1642.01 -1473.94 659.204 -2.78691
2140 1604.78 -820.131 658.668 -2.78557
2150 1656.6 -1948.09 658.13 -2.78428
2160 1862.79 -10132.9 657.561 -2.78315
2170 1956.93 -15091.2 656.843 -2.78267
2180 1910.37 -14145.6 655.898 -2.78306
2190 1852.77 -9416.36 654.743 -2.78405
2200 1741.94 -3541.5 653.459 -2.78524
2210 1601.74 2604.02 652.144 -2.78621
2220 1539.83 6013.68 650.896 -2.78672
2230 1641.24 4331.89 649.766 -2.7869
2240 1743.5 305.302 648.729 -2.78705
2250 1726.84 -3183.98 647.72 -2.78741
2260 1634.6 -2390.09 646.689 -2.78778
2270 1781.52 -5246.24 645.636 -2.78815
2280 1931.94 -9392.75 644.519 -2.78888
2290 1919.23 -6876.98 643.285 -2.79021
2300 1804.23 -2687.89 641.97 -2.7919
2310 1648.62 1916.58 640.64 -2.79343
2320 1657.96 4296.1 639.368 -2.79458
2330 1788.75 2972.62 638.184 -2.79562
2340 1882.61 4662.35 637.079 -2.79688
2350 1740.72 9468.94 636.077 -2.79834
2360 1632.06 12311.5 635.244 -2.79953
2370 1838.82 7729.42 634.613 -2.80066
2380 1957.71 4205.77 634.121 -2.8022
2390 1922.56 4711.38 633.715 -2.80429
2400 1803.64 8919.1 633.4 -2.80662
2410 1728.64 11441.8 633.233 -2.80883
2420 1750.18 12247.5 633.251 -2.81093
2430 1651.84 17404.8 633.473 -2.81291
2440 1420.06 23155.6 633.969 -2.81453
2450 1191.55 27486.9 634.826 -2.81552
2460 1346.46 22539.6 636.094 -2.81584
2470 1729.46 12460.6 637.699 -2.81542
2480 1882.13 6179.02 639.494 -2.81482
2490 1825.05 3547.58 641.376 -2.81466
2500 1737.62 694.56 643.298 -2.81484
2510 1769.6 -5150.18 645.208 -2.81504
2520 1809.72 -8451.97 647.021 -2.81527
2530 1810.16 -9815.93 648.68 -2.81573
2540 1793.19 -10868.4 650.163 -2.8164
2550 1756.56 -10625.4 651.455 -2.81726
2560 1665.64 -8574.53 652.564 -2.81816
2570 1624.95 -8370.74 653.517 -2.8189
2580 1713.56 -10906.6 654.318 -2.81948
2590 1747.69 -12374.8 654.933 -2.82007
2600 1652.41 -11396.3 655.342 -2.82074
2610 1422.05 -6564.45 655.566 -2.82121
2620 1328.4 -5417.73 655.675 -2.82113
2630 1475.11 -9868.5 655.688 -2.82046
2640 1674.02 -15112.7 655.54 -2.8194
2650 1829.43 -17998.3 655.149 -2.81847
2660 1821.81 -17808.6 654.474 -2.81811
2670 1674.33 -14641.9 653.524 -2.81821
2680 1543.37 -11672.4 652.351 -2.81835
2690 1558.42 -12167 651.006 -2.81828
2700 1701.11 -14203.4 649.485 -2.8181
2710 1791.55 -13504.5 647.769 -2.81809
2720 1780.11 -10252.9 645.872 -2.81835
2730 1769.01 -8278.58 643.848 -2.81882
2740 1752.39 -4781.81 641.736 -2.81941
2750 1777.82 -2576.72 639.591 -2.82003
2760 1782.35 167.421 637.451 -2.82077
2770 1750.71 4322.41 635.364 -2.82147
2780 1793.61 3456.33 633.381 -2.82224
2790 1747.01 3878.21 631.499 -2.82316
2800 1674.07 5061.34 629.719 -2.82406
2810 1662.36 6035.32 628.055 -2.82475
2820 1796.8 5360.68 626.519 -2.8254
2830 1901.78 5798.44 625.098 -2.82634
2840 1774.21 11994.8 623.806 -2.82758
2850 1457.33 20433.3 622.728 -2.82849
2860 1328.19 23144.1 621.975 -2.82869
2870 1553.03 16436.2 621.575 -2.82841
2880 1724.45 12298.9 621.437 -2.82797
2890 1645.18 16882.2 621.505 -2.82766
2900 1619.31 18171.4 621.826 -2.82745
2910 1831.09 11035.4 622.409 -2.8273
2920 1882.25 10146.3 623.168 -2.82748
2930 1799.85 9929.44 624.073 -2.82818
2940 1730.24 11976.7 625.126 -2.82913
2950 1756.86 13817.5 626.353 -2.83027
2960 1693.73 12922.1 627.775 -2.83152
2970 1468.1 16290 629.391 -2.83266
2980 1396.49 15217.8 631.234 -2.83342
2990 1485.17 9172.32 633.289 -2.83354
3000 1500.87 4331.99 635.468 -2.83305
3010 1508.72 2230.16 637.696 -2.83216
3020 1614.59 -337.589 639.935 -2.83098
3030 1605.47 -78.0054 642.15 -2.82967
3040 1447.79 4938.13 644.347 -2.82853
3050 1382.93 5047.9 646.593 -2.82739
3060 1402.91 3154.35 648.893 -2.82583
3070 1433.02 1809.42 651.223 -2.8239
3080 1548.93 -3588.02 653.549 -2.82152
3090 1669.2 -7382.97 655.793 -2.81883
3100 1772.34 -10734.4 657.889 -2.8162
3110 1852.57 -13943.3 659.78 -2.81396
3120 1805 -14717.9 661.417 -2.81235
3130 1571.32 -11800.9 662.79 -2.81135
3140 1315.45 -8726.36 663.948 -2.81039
3150 1566.91 -12389.2 664.931 -2.80906
3160 1821.9 -14399 665.694 -2.80736
3170 1910.32 -13617.2 666.206 -2.80616
3180 1813.56 -10729.6 666.484 -2.80573
3190 1591.6 -4839.3 666.583 -2.80572
3200 1421.29 -1948.95 666.598 -2.80556
3210 1405.21 -4460.64 666.576 -2.80497
3220 1491.8 -10381 666.476 -2.80395
3230 1610.31 -16932 666.203 -2.80265
3240 1763.39 -24686.1 665.645 -2.80148
3250 1840.32 -28017.2 664.684 -2.80088
3260 1782.45 -24653.6 663.275 -2.80102
3270 1654.7 -18859.5 661.479 -2.80152
3280 1558.79 -12394.6 659.405 -2.8019
3290 1548.74 -8275.68 657.163 -2.8019
3300 1597.15 -4432.03 654.831 -2.80156
3310 1621.6 1377.51 652.482 -2.80085
3320 1683.54 3058.42 650.201 -2.79996
3330 1732.31 4331.07 648.023 -2.79912
3340 1741.86 5343.15 645.965 -2.79844
3350 1744.77 4090.58 644.037 -2.798
3360 1753.78 3340.42 642.22 -2.79782
3370 1781.71 1604.06 640.497 -2.79788
3380 1816.33 2360.33 638.843 -2.79824
3390 1764.37 4855.05 637.267 -2.7988
3400 1652.71 8245.76 635.804 -2.79939
3410 1529.23 14432.6 634.51 -2.79965
3420 1502.04 17442.4 633.467 -2.7995
3430 1535.72 18633.2 632.718 -2.79901
3440 1723.78 14290.2 632.271 -2.79841
3450 1918.78 7562.99 632.056 -2.79804
3460 2019.45 4198.96 631.974 -2.79838
3470 1989.38 3309.34 631.968 -2.79962
3480 1837.9 4085 632.021 -2.80146
3490 1565.13 10774.6 632.154 -2.80322
3500 1498.7 10962.2 632.446 -2.80443
3510 1671.93 7335.06 632.905 -2.80523
3520 1780.35 8892.77 633.485 -2.80597
3530 1799.57 9211.97 634.198 -2.80694
3540 1681.27 10283.3 635.053 -2.80806
3550 1596.93 7755.14 636.056 -2.80904
3560 1636.97 2482.35 637.168 -2.80971
3570 1705.68 -3329.57 638.309 -2.81011
3580 1684.93 -4308.01 639.391 -2.81043
3590 1621.66 -2241.95 640.399 -2.8107
3600 1789.21 -6408.18 641.352 -2.81089
3610 2012.81 -11363.7 642.193 -2.81133
3620 2034.83 -11790.1 642.851 -2.81261
3630 1855.42 -7558.71 643.323 -2.8146
3640 1664.14 -438.796 643.676 -2.81663
3650 1610.37 2324.56 644.015 -2.81829
3660 1688.76 911.461 644.387 -2.81964
3670 1756.23 -883.074 644.773 -2.82088
3680 1748.21 -3079.75 645.143 -2.82213
3690 1665.23 -2065.02 645.469 -2.82334
3700 1594.16 -689.649 645.762 -2.82431
3710 1603.37 -22.9301 646.043 -2.82497
3720 1669.06 -2779.07 646.321 -2.82542
3730 1657.64 -4566.9 646.556 -2.82576
3740 1574.77 -565.129 646.727 -2.82599
3750 1599.43 2699.23 646.889 -2.82601
3760 1716.46 4152.36 647.096 -2.82589
3770 1778.88 4539.9 647.371 -2.8259
3780 1655.46 6794.93 647.727 -2.82607
3790 1602.08 4823.19 648.187 -2.82625
3800 1618.95 2407.44 648.724 -2.82624
3810 1622.44 -969.907 649.296 -2.82608
3820 1607.78 -3067.16 649.852 -2.82578
3830 1629.85 -4315.72 650.356 -2.82537
3840 1674.86 -8032.78 650.781 -2.8249
3850 1610.13 -6393.23 651.083 -2.82445
3860 1550.06 -5543.37 651.278 -2.82395
3870 1549.43 -8004.02 651.378 -2.82327
3880 1544.83 -8278.61 651.353 -2.82244
3890 1481.91 -5456.32 651.201 -2.82145
3900 1409.68 -840.9 650.97 -2.82023
3910 1522.79 -953.549 650.726 -2.81868
3920 1775.05 -4773 650.47 -2.81686
3930 1931.36 -7057.89 650.148 -2.81535
3940 1913.28 -6912.65 649.724 -2.81466
3950 1736.97 -1814.77 649.206 -2.81464
3960 1494.92 4733.81 648.676 -2.81469
3970 1335.64 8516.08 648.232 -2.81437
3980 1310.6 9570.01 647.936 -2.81349
3990 1434.62 6620.23 647.799 -2.81206
4000 1625.74 1521.9 647.775 -2.81022
4010 1719.39 -612.178 647.787 -2.80833
4020 1715.51 -2642.69 647.793 -2.80674
4030 1723.09 -5491.92 647.76 -2.8055
4040 1616.55 -3495.19 647.651 -2.80453
4050 1618.46 -1268.19 647.493 -2.80361
4060 1937.55 -7652.29 647.309 -2.80274
4070 2102.76 -10835.5 647.014 -2.8026
4080 1992.21 -8346.46 646.562 -2.80362
4090 1763.97 -4265.76 645.989 -2.80523
4100 1504.19 2267.37 645.366 -2.80659
4110 1324.83 6944.46 644.792 -2.80722
4120 1319.99 6856.95 644.337 -2.80709
4130 1526.3 1880.03 643.997 -2.80636
4140 1720.45 -303.832 643.703 -2.80532
4150 1750.72 1470.03 643.42 -2.80441
4160 1746.92 1626.48 643.168 -2.8038
4170 1777.67 1663.35 642.95 -2.80347
4180 1729.27 3760.67 642.774 -2.80339
4190 1682.58 3889.23 642.662 -2.80347
4200 1642.82 5690.11 642.623 -2.80354
4210 1677.4 4232.32 642.677 -2.80358
4220 1680.97 2481.48 642.803 -2.8036
4230 1572.83 5703.92 642.981 -2.80359
4240 1617.52 4456.98 643.246 -2.80344
4250 1757.11 1142.18 643.583 -2.80319
4260 1798.03 -330.361 643.942 -2.8031
4270 1757.05 2265.08 644.303 -2.80333
4280 1766.01 2487.32 644.698 -2.80371
4290 1986.07 -4206.84 645.123 -2.80443
4300 1939.94 -4936.6 645.49 -2.80577
4310 1833 -2692.42 645.782 -2.80754
4320 1826.14 -256.334 646.031 -2.80952
4330 1687.48 8091.4 646.289 -2.81151
4340 1502.47 16751.3 646.68 -2.81316
4350 1572.45 17550.3 647.334 -2.81434
4360 1816.61 11072.6 648.261 -2.81538
4370 1794.53 6992.53 649.368 -2.81653
4380 1658.27 5572.32 650.585 -2.81771
4390 1688.47 -857.451 651.878 -2.81867
4400 1780.64 -6752.71 653.147 -2.81942
4410 1806.59 -9607.74 654.297 -2.82025
4420 1734.81 -9679.57 655.282 -2.8212
4430 1738.41 -11927.1 656.094 -2.82216
4440 1845.51 -16578.9 656.697 -2.82322
4450 1848.46 -17181.6 657.026 -2.82461
4460 1701.3 -13795.6 657.073 -2.82621
4470 1553.62 -12158.3 656.889 -2.82757
4480 1564.88 -12818.6 656.506 -2.82855
4490 1624.4 -12207.4 655.921 -2.82923
4500 1662.66 -12014.4 655.144 -2.82979
4510 1547.37 -6311.12 654.194 -2.83019
4520 1570.03 -3153.23 653.154 -2.83021
4530 1775.33 -3555.36 652.078 -2.83009
4540 1736.8 1932.22 650.977 -2.83006
4550 1531 5978.55 649.927 -2.83004
4560 1356.21 10339.7 648.999 -2.82965
4570 1472.56 8809.12 648.252 -2.82875
4580 1716.17 3434.36 647.66 -2.82754
4590 1793.73 990.74 647.143 -2.82646
4600 1708.03 1734.3 646.661 -2.82577
4610 1694.09 2279.24 646.22 -2.8253
4620 1745.72 1243.31 645.826 -2.82495
4630 1744.75 -270.204 645.464 -2.82481
4640 1680.19 -599.233 645.11 -2.82485
4650 1615.64 1007.47 644.761 -2.82486
4660 1706.85 -2868.11 644.43 -2.82482
4670 1701.07 -5278.71 644.064 -2.82484
4680 1577.9 971.341 643.638 -2.82486
4690 1533.45 2955.82 643.233 -2.82468
4700 1521.75 3684.91 642.885 -2.82422
4710 1513.51 2998.95 642.603 -2.8235
4720 1507.88 3563.71 642.383 -2.82253
4730 1590.05 2960.25 642.225 -2.82135
4740 1657.73 2861.61 642.124 -2.82009
4750 1582.98 5654.54 642.08 -2.81891
4760 1494.23 8710.63 642.133 -2.81777
4770 1536.67 11132.1 642.331 -2.81648
4780 1737.59 6789.73 642.698 -2.81504
4790 1763.59 8645.73 643.186 -2.81379
4800 1690.19 13463.8 643.817 -2.81299
4810 1743.58 13697.3 644.656 -2.81254
4820 1703.94 13963.8 645.712 -2.81233
4830 1533.56 17411.2 646.994 -2.81235
4840 1541.82 15213.2 648.542 -2.81233
4850 1688.44 8176.65 650.32 -2.81199
4860 1724.3 4022.09 652.223 -2.8115
4870 1757.54 412.101 654.176 -2.81109
4880 1881.24 -4015.48 656.119 -2.81083
4890 1989.12 -5394.68 657.981 -2.81102
4900 1973.89 -3572.91 659.74 -2.81203
4910 1825.86 1493.61 661.431 -2.81369
4920 1704.78 3282.83 663.126 -2.81553
4930 1622.65 2401.94 664.859 -2.81713
4940 1515.63 4708.04 666.623 -2.81836
4950 1422.86 5879.69 668.45 -2.81913
4960 1412.2 4145.1 670.359 -2.81932
4970 1457.51 2565.72 672.322 -2.81894
4980 1510.73 13.2238 674.309 -2.8181
4990 1468.51 -1787.26 676.279 -2.81692
5000 1313.08 -1639.11 678.2 -2.8155
5010 1201.93 -1318.83 680.072 -2.81379
5020 1262.42 -2135.14 681.9 -2.81157
5030 1440.79 -5489.57 683.666 -2.80866
5040 1546.71 -7976.72 685.315 -2.80526
5050 1488.2 -7709.69 686.806 -2.80197
5060 1399.03 -8858.61 688.137 -2.79893
5070 1387.08 -12175.8 689.287 -2.79588
5080 1402.56 -14305.1 690.203 -2.7927
5090 1416.85 -14898.5 690.848 -2.78947
5100 1441.32 -16494.6 691.209 -2.78627
5110 1472.65 -19836.1 691.259 -2.78312
5120 1479.39 -22106 690.947 -2.78017
5130 1529.81 -25053.1 690.233 -2.77748
5140 1635.99 -28416.4 689.07 -2.77513
5150 1726.24 -28088.6 687.414 -2.7733
5160 1697.53 -26136.1 685.278 -2.77217
5170 1388.06 -17128.9 682.725 -2.77146
5180 1282.77 -11137.5 679.91 -2.77046
5190 1614.12 -13206.3 676.942 -2.76887
5200 1764.17 -11482.4 673.814 -2.76712
5210 1709.66 -5102.99 670.558 -2.76567
5220 1508.76 5544.67 667.296 -2.76406
5230 1564.38 6486.79 664.189 -2.76213
5240 1739.52 5538.61 661.262 -2.76018
5250 1779.34 6410.57 658.5 -2.75841
5260 1943.52 3351.52 655.904 -2.75726
5270 1927.31 4575.81 653.432 -2.75687
5280 1769.14 9918.54 651.1 -2.75702
5290 1656.97 13515 648.982 -2.7571
5300 1723.88 14267.4 647.131 -2.75716
5310 1617.23 17957.5 645.559 -2.75716
5320 1502.96 22032.8 644.315 -2.75695
5330 1485.9 20969.9 643.448 -2.75648
5340 1548.82 16481.1 642.935 -2.75581
5350 1629.25 13814.1 642.706 -2.75505
5360 1654.21 14992.2 642.715 -2.75429
5370 1778.53 13867 642.966 -2.75368
5380 2001.53 9718 643.437 -2.75344
5390 2192.51 5403.59 644.065 -2.75418
5400 2201.36 514.736 644.775 -2.75631
5410 2035.16 1106.45 645.498 -2.75955
5420 1881.05 3433.05 646.237 -2.76309
5430 1869.23 3276.3 647.023 -2.76665
5440 1776.92 4071.17 647.856 -2.77011
5450 1579.05 9992.84 648.759 -2.77308
5460 1561.64 9673.23 649.807 -2.77541
5470 1606.21 6204.71 650.999 -2.7772
5480 1594.17 5060 652.286 -2.77855
5490 1614.32 1492.01 653.639 -2.77951
5500 1743.25 -1063.54 655.005 -2.78018
5510 1944.34 -5118.96 656.335 -2.78096
5520 1976.79 -4880.42 657.572 -2.78228
5530 1886.76 -3721.77 658.717 -2.78419
5540 1735.1 -2271.91 659.789 -2.78627
5550 1541.83 2605.87 660.817 -2.78805
5560 1430.59 3335.99 661.872 -2.78922
5570 1609.59 -3873.86 662.963 -2.78979
5580 1769.56 -8944.34 663.979 -2.79001
5590 1733.53 -7857.66 664.841 -2.79038
5600 1629.25 -7291.25 665.56 -2.79082
5610 1493.05 -4192.87 666.152 -2.79108
5620 1436.88 -4479.03 666.661 -2.79094
5630 1584.02 -8874.69 667.083 -2.79037
5640 1705.98 -11423.6 667.355 -2.7896
5650 1730.21 -11867.6 667.431 -2.78899
5660 1656.56 -8072.12 667.314 -2.7886
5670 1596.76 -6978.83 667.059 -2.78827
5680 1509.09 -4435.42 666.696 -2.78782
5690 1523.31 -3214.26 666.265 -2.78711
5700 1616.4 -5378.02 665.786 -2.78619
5710 1568.73 -4617.69 665.232 -2.78521
5720 1403.63 -1639.14 664.616 -2.78417
5730 1306.62 612.086 663.987 -2.78283
5740 1405.65 56.1354 663.379 -2.78103
5750 1638.86 -515.324 662.788 -2.77874
5760 1954.72 -7540.52 662.192 -2.77641
5770 2075.55 -10437.9 661.493 -2.77495
5780 1973.19 -8746.03 660.64 -2.77479
5790 1763.8 -3646.89 659.664 -2.77538
5800 1657.07 1631.67 658.651 -2.776
5810 1725.55 3053.67 657.682 -2.77647
5820 1885.5 1396.68 656.783 -2.77708
5830 2022.96 -1652.05 655.927 -2.77824
5840 2081.32 -2187.66 655.069 -2.78032
5850 2016.58 -716.746 654.198 -2.78321
5860 1845.47 3649.9 653.341 -2.78643
5870 1664.91 8978.46 652.568 -2.78918
5880 1786.43 5923.26 651.95 -2.79159
5890 1892.96 4203.95 651.447 -2.79417
5900 1726.41 10604.8 651.042 -2.79674
5910 1639.83 12278.1 650.817 -2.79893
5920 1569.51 10326 650.797 -2.80068
5930 1518.75 8227.91 650.956 -2.80192
5940 1581.82 1743.12 651.245 -2.80268
5950 1710.55 -4816.87 651.564 -2.80314
5960 1871.42 -9055.53 651.81 -2.80368
5970 1958.19 -11798.1 651.908 -2.80467
5980 1964.39 -11077.4 651.821 -2.80634
5990 1875.48 -7963.25 651.563 -2.8085
6000 1801 -6480.8 651.18 -2.81081
6010 1783.9 -4591.12 650.703 -2.81309
6020 1773.55 -2087.86 650.165 -2.81531
6030 1675.86 2043.21 649.61 -2.81735
6040 1517.68 4299.33 649.1 -2.8189
6050 1430.58 3634.11 648.67 -2.81983
6060 1409.03 3788.44 648.313 -2.82012
6070 1496.79 1758.9 648.024 -2.81988
6080 1599.74 -2428.38 647.771 -2.81931
6090 1641.69 -3514.05 647.493 -2.8186
6100 1737.88 -5544.12 647.164 -2.81794
6110 1786.54 -6493.1 646.758 -2.8175
6120 1695.03 -2258.93 646.264 -2.81738
6130 1392.87 7483.46 645.756 -2.8172
6140 1244.07 12723.7 645.376 -2.81654
6150 1382.32 9460.56 645.2 -2.81528
6160 1502.87 6617.35 645.187 -2.81347
6170 1673.66 4735.08 645.288 -2.81142
6180 1975.62 -3072.72 645.46 -2.80948
6190 2078.12 -7751.53 645.591 -2.80835
6200 1927.62 -8381.47 645.607 -2.80841
6210 1761.94 -8267.53 645.495 -2.80912
6220 1752.56 -8716.15 645.254 -2.80999
6230 1816.51 -6498.48 644.886 -2.811
6240 1819.73 -2810.42 644.426 -2.81221
6250 1724.77 483.303 643.932 -2.81355
6260 1549.69 4379.58 643.462 -2.81465
6270 1489.01 3759.62 643.067 -2.81529
6280 1510.73 1928.82 642.742 -2.81547
6290 1602.42 1201.26 642.462 -2.8153
6300 1724.39 1082.35 642.21 -2.81501
6310 1756.41 4401.96 641.99 -2.81481
6320 1774.25 5677.87 641.847 -2.81487
6330 1674.71 8273.13 641.806 -2.81508
6340 1633.04 8830.07 641.9 -2.81534
6350 1507.83 14449.9 642.148 -2.81547
6360 1388.27 18766 642.629 -2.81535
6370 1478.65 13762.8 643.395 -2.81484
6380 1598.81 8756.74 644.382 -2.81393
6390 1663.17 1075.32 645.497 -2.81282
6400 1656.77 -5142.13 646.623 -2.81165
6410 1605.83 -6010.59 647.665 -2.81053
6420 1618.57 -7120.36 648.599 -2.80943
6430 1685.18 -7536.54 649.41 -2.80831
6440 1764.8 -6897.01 650.093 -2.80736
6450 1775.59 -5468.65 650.661 -2.80671
6460 1738.58 -3490.25 651.136 -2.8064
6470 1748.38 -2478.12 651.553 -2.80633
6480 1730.92 -1784.04 651.928 -2.80643
6490 1622.84 -1561.85 652.273 -2.80663
6500 1474.32 -2471.64 652.592 -2.80666
6510 1411.71 -4886.37 652.867 -2.8063
6520 1431.66 -4068.66 653.067 -2.80548
6530 1502.99 -5411.34 653.198 -2.80427
6540 1571.36 -8997.14 653.239 -2.80281
6550 1563.39 -9832.24 653.139 -2.80129
6560 1524.24 -7609.22 652.886 -2.79978
6570 1564.1 -6042.03 652.515 -2.7982
6580 1597.47 -6641.76 652.051 -2.79656
6590 1574.48 -5333.35 651.492 -2.79497
6600 1528.2 -3313.11 650.861 -2.79339
6610 1625.65 -4253.36 650.185 -2.79175
6620 1869.09 -6958.54 649.453 -2.79016
6630 1954.45 -6282.03 648.629 -2.78913
6640 1840.36 -3901.63 647.723 -2.78895
6650 1637.24 577.043 646.777 -2.78909
6660 1600.55 1811.27 645.856 -2.78918
6670 1505.92 6083.25 644.989 -2.78897
6680 1483.56 8549.3 644.237 -2.78843
6690 1543.33 10220 643.638 -2.78756
6700 1613.71 12063.2 643.22 -2.78647
6710 1813.29 10357.8 643.003 -2.78543
6720 1828.92 10570.7 642.964 -2.7848
6730 1581.74 15212.9 643.109 -2.78458
6740 1513.64 14650.8 643.495 -2.78438
6750 1603.11 7677.54 644.109 -2.7839
6760 1691.93 1876.87 644.847 -2.78325
6770 1697.14 1202.03 645.617 -2.78265
6780 1643.85 2238.8 646.405 -2.78219
6790 1607.42 2171.04 647.224 -2.78173
6800 1724.72 -1824.3 648.066 -2.78121
6810 1826.69 -3968.93 648.877 -2.78078
6820 1828.72 -4150.22 649.62 -2.78074
6830 1731.84 133.12 650.298 -2.78108
6840 1622.37 4800.88 650.975 -2.78155
6850 1522.3 8864.7 651.727 -2.78189
6860 1563.05 10205.7 652.62 -2.78197
6870 1757.95 4138.85 653.662 -2.78184
6880 1780.74 2963.43 654.777 -2.78177
6890 1716.29 3564.41 655.934 -2.78196
6900 1750.13 1327.55 657.137 -2.78228
6910 1747.1 2121.96 658.36 -2.7827
6920 1653.89 4114.45 659.61 -2.78326
6930 1569.13 3699.34 660.916 -2.7837
6940 1584.61 3971.61 662.276 -2.78387
6950 1706.96 2965.62 663.689 -2.7839
6960 1738.13 3912.68 665.147 -2.78393
6970 1786.23 2591.05 666.655 -2.78418
6980 1780.07 1805.86 668.196 -2.78461
6990 1737.16 1936.4 669.759 -2.78525
7000 1631.49 1246.54 671.338 -2.78591
7010 1468.15 5272.76 672.935 -2.78637
7020 1486.52 4929.68 674.604 -2.78649
7030 1570.34 862.184 676.337 -2.78614
7040 1601.59 1039.15 678.08 -2.78551
7050 1731.49 -3774.52 679.815 -2.78477
7060 1725.25 -6726.31 681.469 -2.78402
7070 1571.74 -5898.1 682.993 -2.78344
7080 1461 -5949.39 684.394 -2.78277
7090 1445.74 -4963.66 685.675 -2.7818
7100 1502.01 -3302.88 686.854 -2.78052
7110 1591.86 -4252.55 687.957 -2.77902
7120 1627.99 -5376 688.974 -2.77741
7130 1669.18 -8690.99 689.877 -2.77588
7140 1602.37 -7434.91 690.622 -2.77447
7150 1501.63 -5900.89 691.223 -2.77319
7160 1489.03 -6552.83 691.706 -2.77181
7170 1491.19 -3717.06 692.072 -2.77023
7180 1499.25 -2079.44 692.367 -2.76851
7190 1479.46 -1862.49 692.621 -2.76666
7200 1461.24 -1942.76 692.842 -2.76469
7210 1647.72 -8785.78 693.018 -2.76252
7220 1752.56 -15182 693.033 -2.76035
7230 1701 -16285.8 692.777 -2.7587
7240 1582.57 -13048.5 692.235 -2.75747
7250 1570.5 -11362.3 691.461 -2.75638
7260 1507.1 -8430 690.494 -2.75522
7270 1563.72 -6307.53 689.392 -2.75387
7280 1913.47 -13428 688.18 -2.75254
7290 2045.57 -16674.7 686.756 -2.75196
7300 1924.89 -13176.4 685.067 -2.75252
7310 1713.38 -5966.78 683.179 -2.75353
7320 1577.15 -398.612 681.221 -2.75424
7330 1575.09 670.3 679.289 -2.75456
7340 1575.28 1666.78 677.409 -2.75457
7350 1664.85 -1199.69 675.592 -2.75437
7360 1867.23 -8618.12 673.785 -2.75444
7370 1973.67 -13648.5 671.868 -2.75521
7380 2000.9 -16242.8 669.757 -2.75697
7390 1939.18 -13420 667.418 -2.75947
7400 1884.24 -11424.6 664.895 -2.7623
7410 1824.95 -8808.83 662.232 -2.76525
7420 1729.57 -1580.97 659.485 -2.76786
7430 1698.74 4313.65 656.769 -2.76986
7440 1711.88 10317.2 654.187 -2.77135
7450 1729.75 13561.1 651.83 -2.77248
7460 1658.55 15833.6 649.747 -2.77346
7470 1562.08 22923.1 647.979 -2.77396
7480 1714.26 20182.6 646.609 -2.77425
7490 1850.44 15910.3 645.595 -2.77483
7500 1790.88 17534 644.873 -2.77578
7510 1718.17 19235.3 644.454 -2.77689
7520 1772.36 15284.7 644.351 -2.77806
7530 1934.46 10235.9 644.501 -2.77953
7540 2009.26 8635.86 644.827 -2.78157
7550 2092.97 3439.68 645.288 -2.78437
7560 2142.37 -674.247 645.807 -2.78806
7570 2018.35 -2190.57 646.317 -2.79245
7580 1785.91 -243.326 646.795 -2.79671
7590 1668.04 -904.864 647.264 -2.8003
7600 1617.68 -2921.33 647.715 -2.80319
7610 1599.64 -2345.92 648.121 -2.80546
7620 1625.35 -2273.98 648.486 -2.80723
7630 1655.88 -3203.6 648.812 -2.80866
7640 1655.23 -3656.41 649.087 -2.80984
7650 1593.72 -3086.86 649.304 -2.81079
7660 1426.83 1256.26 649.48 -2.81132
7670 1392.22 1124.41 649.67 -2.81132
7680 1455.8 -1346.06 649.877 -2.81077
7690 1478.56 -1312.75 650.068 -2.80981
7700 1522.43 -1974.64 650.238 -2.80858
7710 1563.67 -259.359 650.383 -2.80716
7720 1563.85 3163.15 650.528 -2.80568
7730 1576.57 5069.75 650.726 -2.80417
7740 1684.25 3814.33 651.006 -2.80266
7750 1629.89 2907.88 651.352 -2.80127
7760 1488.33 3284.11 651.747 -2.80004
7770 1471.3 3595.84 652.196 -2.79871
7780 1605.74 -2430.83 652.693 -2.7971
7790 1697.2 -5314.78 653.153 -2.79539
7800 1652.25 -5112.71 653.529 -2.79389
7810 1705.65 -5834.29 653.817 -2.7926
7820 1824 -5234.25 654.012 -2.79153
7830 1761.96 -4801.95 654.122 -2.7909
7840 1590.75 942.89 654.165 -2.79057
7850 1544.78 3443.33 654.223 -2.79015
7860 1741.48 -1505.56 654.332 -2.78956
7870 1884.03 -6193.52 654.42 -2.78913
7880 1808.35 -4755.42 654.419 -2.78923
7890 1635.26 -2531.74 654.346 -2.7896
7900 1521.19 -1268.72 654.236 -2.78982
7910 1519.38 -37.5608 654.112 -2.7897
7920 1587.22 -547.743 653.992 -2.78928
7930 1625.58 -1102.12 653.87 -2.7887
7940 1632.62 -1438.07 653.737 -2.78808
7950 1745.05 -2389.2 653.586 -2.78746
7960 1885.79 -1158.4 653.408 -2.78704
7970 1911.51 2277.75 653.221 -2.78722
7980 1739.73 10814.6 653.091 -2.78786
7990 1612.97 14503.6 653.14 -2.78856
8000 1642.65 13524.2 653.429 -2.78913
8010 1729.73 11631.5 653.945 -2.78962
8020 1890.06 2836.28 654.642 -2.79024
8030 1989.3 -4944.96 655.386 -2.79127
8040 1967.5 -8837.1 656.048 -2.79294
8050 1854.49 -9696.74 656.564 -2.79505
8060 1745.25 -8591.34 656.918 -2.79723
8070 1705.71 -8811.42 657.127 -2.79923
8080 1659.08 -7167.03 657.193 -2.80102
8090 1572.96 -3670.12 657.146 -2.80244
8100 1554.26 -4301.44 657.036 -2.80344
8110 1525.5 -5170.27 656.861 -2.80403
8120 1507.84 -5499.42 656.608 -2.80423
8130 1533.68 -5583.45 656.272 -2.80408
8140 1557.84 -5645.03 655.852 -2.80366
8150 1545.5 -4160.57 655.351 -2.80303
8160 1530.51 -3122.58 654.793 -2.80221
8170 1655.26 -7530.96 654.189 -2.80123
8180 1836.53 -11702.6 653.475 -2.80035
8190 1908.81 -10513.3 652.591 -2.79999
8200 1819.43 -6223.63 651.557 -2.80025
8210 1634.68 563.674 650.448 -2.80066
8220 1607.99 3673.37 649.364 -2.80089
8230 1632.86 8019.44 648.368 -2.80084
8240 1699.12 10663.6 647.52 -2.8007
8250 1703.54 12254 646.865 -2.80052
8260 1891.51 8736.25 646.419 -2.80063
8270 1901.54 6292.14 646.13 -2.80124
8280 1722.8 7844.11 645.959 -2.80227
8290 1589.41 12228 645.928 -2.80322
8300 1648.4 12630.3 646.097 -2.80394
8310 1685.87 8998.93 646.467 -2.80457
8320 1550.06 9514.03 646.994 -2.80507
8330 1514.54 6287.24 647.668 -2.80528
8340 1721.88 -1152.45 648.434 -2.80512
8350 1958.96 -7870.61 649.178 -2.80501
8360 1989.65 -8865.08 649.796 -2.80558
8370 1813.58 -2330.09 650.279 -2.80683
8380 1630.1 4217.19 650.722 -2.80821
8390 1491.77 7953.39 651.23 -2.80926
8400 1450.12 7963.33 651.863 -2.80982
8410 1451.4 7080.63 652.623 -2.80986
8420 1578.41 2095.05 653.49 -2.80944
8430 1828.89 -6518.57 654.381 -2.80876
8440 1905.71 -10952.8 655.163 -2.80832
8450 1832.07 -9558.35 655.766 -2.8085
8460 1733.19 -6849.26 656.208 -2.80906
8470 1657.02 -5160.26 656.533 -2.8097
8480 1554.58 -2094.56 656.776 -2.81017
8490 1522.71 -603.824 656.982 -2.81033
8500 1617.64 -2564.64 657.175 -2.81019
8510 1701.74 -5155.48 657.327 -2.8099
8520 1716.27 -7831.56 657.396 -2.80969
8530 1670.3 -9494.58 657.339 -2.80962
8540 1533.02 -7965.87 657.132 -2.80957
8550 1308.1 -3693.94 656.806 -2.80918
8560 1473.36 -8590.01 656.411 -2.80831
8570 1738.17 -13955.2 655.882 -2.80704
8580 1829.54 -12702.4 655.144 -2.80602
8590 1739.4 -9183.67 654.214 -2.80549
8600 1541.65 -3802.33 653.154 -2.80516
8610 1444.85 -118.124 652.051 -2.80458
8620 1571.09 -3134.66 650.957 -2.80365
8630 1760.12 -3482.31 649.841 -2.80258
8640 1863.33 -5206.49 648.688 -2.80178
8650 1863.65 -6498.24 647.475 -2.80158
8660 1864.34 -4013.64 646.188 -2.8019
8670 1926.32 -680.921 644.864 -2.80268
8680 1887.52 2159.73 643.556 -2.80391
8690 1653.85 6467.86 642.313 -2.80529
8700 1396.69 12546.3 641.203 -2.8061
8710 1373.03 12123.6 640.307 -2.80619
8720 1535.21 7599.39 639.619 -2.80577
8730 1735.69 2039.01 639.066 -2.80515
8740 1848.35 -926.209 638.562 -2.80473
8750 1906.4 -1483.13 638.062 -2.8048
8760 1953.67 -737.689 637.553 -2.8055
8770 1926.79 3223.8 637.051 -2.80682
8780 1824.16 8838.43 636.616 -2.80851
8790 1632.46 16903.2 636.338 -2.81018
8800 1489.42 20775.8 636.33 -2.81141
8810 1583.88 17833.6 636.646 -2.81226
8820 1732.92 13210.4 637.243 -2.81292
8830 1762.6 10053.1 638.049 -2.81368
8840 1542.19 12395.8 639.018 -2.81447
8850 1372.55 13561.4 640.176 -2.81498
8860 1332.01 11079.7 641.535 -2.81493
8870 1422.34 6518.02 643.057 -2.81424
8880 1510.97 4026.71 644.675 -2.81298
8890 1549.77 61.178 646.34 -2.81144
8900 1525.34 -1696.26 647.994 -2.80969
8910 1531.3 -1710.41 649.609 -2.8079
8920 1677.88 -5047.07 651.175 -2.80594
8930 1856.69 -8683.26 652.643 -2.804
8940 1915.91 -10819.2 653.957 -2.80257
8950 1870.65 -11529.5 655.081 -2.80191
8960 1782.08 -10322.8 656.006 -2.80184
8970 1688.01 -9392.19 656.752 -2.80207
8980 1587.93 -8328.01 657.334 -2.80231
8990 1416.68 -2457.94 657.78 -2.80231
9000 1409.49 -776.065 658.178 -2.80189
9010 1522.44 -4065.41 658.554 -2.80099
9020 1418.61 -1744.79 658.87 -2.79979
9030 1407.32 -1443.08 659.155 -2.79837
9040 1603.47 -5892.48 659.407 -2.79655
9050 1765.33 -8088.85 659.565 -2.79459
9060 1737.99 -5495.56 659.599 -2.793
9070 1654.43 -4666.29 659.54 -2.79182
9080 1684.45 -6982.72 659.404 -2.79084
9090 1760.55 -8670.83 659.159 -2.79001
9100 1824 -8807.48 658.778 -2.7895
9110 1841.95 -8883.9 658.26 -2.78944
9120 1821.38 -10590.5 657.605 -2.78986
9130 1750.7 -11460.3 656.789 -2.79063
9140 1690.05 -10460.3 655.801 -2.79152
9150 1695.52 -8216.51 654.662 -2.79232
9160 1824.25 -8820.11 653.407 -2.79319
9170 1844.69 -8466.01 652.032 -2.79438
9180 1704.54 -4987.94 650.551 -2.7957
9190 1615.58 -2835.32 649.017 -2.79684
9200 1534.59 260.536 647.469 -2.79757
9210 1545.22 2799.37 645.958 -2.79782
9220 1667.25 2830.27 644.519 -2.79776
9230 1715.93 5235.51 643.16 -2.79765
9240 1665.39 9051.96 641.916 -2.79749
9250 1762.28 6687.23 640.835 -2.7974
9260 1818.42 2640.24 639.882 -2.79755
9270 1879.55 -1008.82 638.993 -2.79815
9280 1917.82 -3377.12 638.111 -2.79927
9290 1867.55 -121.525 637.203 -2.80087
9300 1761.85 5692.17 636.318 -2.80254
9310 1722.58 5343.82 635.534 -2.80414
9320 1640.2 7284.25 634.856 -2.80553
9330 1690.01 8886.32 634.309 -2.80668
9340 1726.86 9192.13 633.913 -2.80773
9350 1680.61 11193.1 633.674 -2.80877
9360 1579.86 13762 633.622 -2.80962
9370 1563.63 14099.3 633.788 -2.81023
9380 1606.37 12227.3 634.175 -2.81056
9390 1687.16 8643.6 634.751 -2.81076
9400 1709.06 7465.92 635.464 -2.81096
9410 1651.66 7263.46 636.292 -2.81121
9420 1613.36 6576.78 637.228 -2.8114
9430 1573.75 7243.82 638.263 -2.81147
9440 1513.88 9401.12 639.408 -2.81137
9450 1453.12 9121.59 640.689 -2.81105
9460 1423.35 7183.42 642.101 -2.81035
9470 1600.34 2636.04 643.615 -2.80923
9480 1788.81 -5739.56 645.15 -2.80772
9490 1822.7 -8352.84 646.588 -2.80641
9500 1845.38 -9235.35 647.878 -2.80564
9510 1701.85 -4788.17 649.014 -2.80536
9520 1488.81 1665.82 650.065 -2.80528
9530 1462.1 2142.6 651.126 -2.80496
9540 1605.41 398.201 652.21 -2.80424
9550 1768.23 -1081.96 653.292 -2.80337
9560 1755.74 -1697.38 654.348 -2.80274
9570 1518 4161.16 655.379 -2.80237
9580 1527.88 2995.02 656.459 -2.80191
9590 1795.32 -4192.65 657.571 -2.8011
9600 1901.09 -6275.31 658.612 -2.80048
9610 1772.86 -4830.22 659.544 -2.80045
9620 1493.23 3112.2 660.397 -2.80066
9630 1336.27 8960.63 661.294 -2.80062
9640 1509.26 5414.07 662.322 -2.80006
9650 1786.12 -2453.52 663.428 -2.79902
9660 1814.97 -4440.78 664.492 -2.7981
9670 1665.93 -2931.86 665.476 -2.79762
9680 1614.77 -4659.61 666.396 -2.79727
9690 1586.67 -4845.07 667.231 -2.79678
9700 1658.28 -6906.66 667.973 -2.79619
9710 1743.83 -7663.34 668.592 -2.79558
9720 1735.44 -5869.59 669.079 -2.79522
9730 1592.58 -3428.25 669.462 -2.79503
9740 1405.71 2736.2 669.793 -2.7947
9750 1502.59 2096.45 670.161 -2.79401
9760 1688.96 122.508 670.564 -2.79296
9770 1776.75 -48.7305 670.972 -2.79196
9780 1791.01 530.363 671.38 -2.79132
9790 1752.08 3787.5 671.802 -2.79107
9800 1633.35 5430.28 672.288 -2.79107
9810 1468.63 7696.75 672.871 -2.79097
9820 1584.3 5388.44 673.579 -2.79058
9830 1715.23 2521.95 674.377 -2.78995
9840 1735.53 2215.42 675.22 -2.78944
9850 1703.17 3015.59 676.098 -2.78914
9860 1655.55 1995.74 677.021 -2.78898
9870 1512.22 3317.8 677.978 -2.78877
9880 1397.48 2938.23 678.983 -2.78831
9890 1454.12 -1138.16 680.028 -2.78738
9900 1624.14 -7289.79 681.039 -2.78598
9910 1734.89 -11321.8 681.915 -2.78441
9920 1738.12 -12958.3 682.582 -2.78313
9930 1638.36 -12062.9 683.015 -2.78218
9940 1560.01 -11795.7 683.227 -2.78138
9950 1539.17 -12853.6 683.225 -2.78051
9960 1541.64 -12310.8 682.996 -2.77956
9970 1398.01 -5711.49 682.563 -2.77844
9980 1372.92 -2736.18 682.031 -2.77705
9990 1444.93 -2701.4 681.458 -2.77523
10000 1497.63 -1492.21 680.852 -2.77312
