# Time-averaged data for fix 2
# TimeStep c_mytemp c_mypress v_vmyvol v_avgEtotal
10 957.635 191336 464.14 -3.01641
20 1126.27 191295 464.031 -3.01569
30 1160.8 195531 463.825 -3.01459
40 1053.57 199041 463.571 -3.01337
50 1001.99 198401 463.309 -3.01205
60 1095.28 196761 463.034 -3.01051
70 1205.08 197699 462.733 -3.00883
80 1193.03 199732 462.414 -3.00729
90 1073.18 202801 462.103 -3.00596
100 1002.49 204949 461.836 -3.0047
110 1121.88 201729 461.632 -3.00352
120 1230.37 200952 461.462 -3.00249
130 1147.83 200902 461.311 -3.00178
140 964.779 203386 461.182 -3.00118
150 992.799 199644 461.092 -3.0005
160 1162.01 199775 461.008 -2.99961
170 1200.03 201169 460.928 -2.99882
180 1044.96 204641 460.871 -2.9983
190 944.552 205966 460.874 -2.99794
200 1039.1 202564 460.948 -2.99761
210 1212.54 199095 461.055 -2.99724
220 1241.98 198126 461.158 -2.99706
230 1114.79 198136 461.24 -2.99712
240 1066.83 199786 461.304 -2.99717
250 1179.68 200727 461.366 -2.99717
260 1210.33 201931 461.442 -2.99734
270 1045.24 204615 461.546 -2.99779
280 881.599 205990 461.707 -2.99829
290 1009.53 202846 461.938 -2.99871
300 1265.28 199329 462.204 -2.99898
310 1346.11 197321 462.463 -2.99955
320 1173.91 198342 462.692 -3.00053
330 1061.41 200521 462.902 -3.00157
340 1171.56 200928 463.117 -3.00253
350 1274.6 199830 463.341 -3.00364
360 1176.01 199741 463.567 -3.00502
370 1076.26 193864 463.783 -3.00638
380 1083.72 189305 463.925 -3.00725
390 1122.2 190774 463.94 -3.00755
400 1061.86 196350 463.849 -3.00736
410 957.183 199214 463.714 -3.00682
420 959.162 199362 463.573 -3.00595
430 1087.18 197330 463.427 -3.00478
440 1154.37 196888 463.257 -3.00343
450 1128.58 196542 463.054 -3.00208
460 1146.28 198764 462.819 -3.00071
470 1237.49 201744 462.578 -2.99942
480 1318.22 202355 462.364 -2.99857
490 1279.51 202347 462.188 -2.99834
500 1102.5 201834 462.047 -2.99849
510 905.786 200982 461.935 -2.99851
520 901.246 199704 461.84 -2.99813
530 1051.05 199790 461.747 -2.99734
540 1170.25 201067 461.659 -2.9964
550 1166.78 201809 461.588 -2.99565
560 1094.83 203135 461.547 -2.99516
570 1094.26 205610 461.549 -2.99487
580 1190.15 205343 461.623 -2.99484
590 1257.97 201654 461.761 -2.99525
600 1198.23 201746 461.927 -2.99607
610 1111.8 202218 462.116 -2.99712
620 1086.85 203112 462.333 -2.99823
630 1086.06 202384 462.589 -2.99937
640 1101.42 199052 462.87 -3.0005
650 1123.3 199717 463.145 -3.00153
660 1162.38 197053 463.412 -3.00255
670 1162.01 195268 463.643 -3.00349
680 1119.87 196491 463.819 -3.00428
690 1069.89 196019 463.95 -3.00488
700 1028.49 198319 464.037 -3.00516
710 1100.35 198679 464.103 -3.00519
720 1220.75 199934 464.156 -3.00515
730 1243.12 200444 464.212 -3.00536
740 1149.22 198310 464.273 -3.00584
750 1047.78 197479 464.318 -3.00625
760 1068.48 198011 464.336 -3.00638
770 1199.96 198553 464.332 -3.00634
780 1213.77 199034 464.315 -3.0064
790 1036.33 200054 464.29 -3.00655
800 931.839 198046 464.267 -3.00646
810 1119.57 196359 464.224 -3.00599
820 1346.64 198922 464.145 -3.00539
830 1307.77 199749 464.057 -3.00526
840 1089.41 200690 463.971 -3.00549
850 953.961 204368 463.903 -3.00558
860 1067.92 203701 463.889 -3.00554
870 1245.12 199309 463.921 -3.00556
880 1313.77 196551 463.95 -3.00587
890 1204.79 194011 463.941 -3.00644
900 986.501 195233 463.866 -3.00675
910 944.28 198187 463.737 -3.00647
920 1135.12 198535 463.588 -3.00578
930 1236.24 198034 463.427 -3.00505
940 1097.15 196979 463.248 -3.00444
950 947.473 195884 463.037 -3.00364
960 1004.82 192848 462.779 -3.00237
970 1140.73 194051 462.446 -3.00059
980 1182.58 196326 462.048 -2.99858
990 1122.8 202481 461.621 -2.9966
1000 1155.03 206038 461.232 -2.99481
1010 1218.58 201663 460.919 -2.99343
1020 1092.55 196784 460.636 -2.99237
1030 996.045 198966 460.33 -2.99116
1040 1166.23 202941 460.019 -2.98971
1050 1376.2 206058 459.754 -2.98856
1060 1341.26 207656 459.57 -2.98834
1070 1140.11 210059 459.489 -2.98891
1080 1030.62 207289 459.529 -2.98983
1090 981.429 205730 459.666 -2.99078
1100 1073.6 198636 459.867 -2.99169
1110 1102.4 195432 460.056 -2.99237
1120 1023.87 199429 460.198 -2.99279
1130 1034.31 205475 460.339 -2.99305
1140 1226.01 204630 460.538 -2.99344
1150 1322.13 205520 460.801 -2.99431
1160 1225.52 203040 461.128 -2.99592
1170 1094.28 201378 461.493 -2.9978
1180 1157.89 200206 461.874 -2.99968
1190 1281.71 202836 462.263 -3.00166
1200 1307.3 201924 462.68 -3.00413
1210 1210.81 196807 463.116 -3.00695
1220 1075.66 188346 463.506 -3.0095
1230 922.457 187247 463.758 -3.01113
1240 817.554 188918 463.853 -3.01166
1250 878.304 192439 463.813 -3.01113
1260 1127.67 197005 463.684 -3.00982
1270 1302.39 198079 463.519 -3.0083
1280 1246.66 196013 463.334 -3.00717
1290 1061.91 196535 463.111 -3.00624
1300 971.4 193876 462.846 -3.00508
1310 996.398 195104 462.519 -3.00343
1320 1097.91 199718 462.142 -3.00133
1330 1208.3 202752 461.769 -2.99919
1340 1280.98 205942 461.441 -2.99746
1350 1252.46 205554 461.193 -2.99646
1360 1149.75 198711 461.014 -2.99605
1370 1070.15 195819 460.831 -2.99564
1380 1078.25 195486 460.604 -2.99493
1390 1063.48 199135 460.335 -2.99392
1400 1013.74 201321 460.06 -2.99271
1410 1025.74 201983 459.808 -2.9914
1420 1114.55 201742 459.587 -2.99003
1430 1178.78 202009 459.396 -2.98879
1440 1177.07 200489 459.233 -2.98782
1450 1133.87 201802 459.087 -2.98708
1460 1117.63 202796 458.968 -2.98651
1470 1069.95 205018 458.89 -2.98609
1480 998.827 210939 458.882 -2.98582
1490 1096.75 211777 459.008 -2.98592
1500 1279.57 205209 459.27 -2.98654
1510 1314.18 203157 459.603 -2.98781
1520 1180.92 201863 459.976 -2.98967
1530 1027.19 199528 460.369 -2.99162
1540 980.967 200958 460.759 -2.99329
1550 1105.68 200760 461.158 -2.99472
1560 1191.53 201802 461.565 -2.99615
1570 1076.57 202041 461.994 -2.99778
1580 933.316 196490 462.438 -2.99936
1590 918.733 198099 462.846 -3.00046
1600 1125.03 198844 463.225 -3.00112
1610 1359.03 200960 463.591 -3.00171
1620 1391.09 200783 463.966 -3.00298
1630 1185.24 200489 464.351 -3.00495
1640 997.607 200053 464.741 -3.00692
1650 1133.61 197156 465.128 -3.00863
1660 1303.08 193498 465.476 -3.01022
1670 1218.06 191151 465.744 -3.01183
1680 990.359 195772 465.91 -3.01306
1690 981.57 197358 466.019 -3.01373
1700 1157.54 195878 466.094 -3.01401
1710 1192.5 195157 466.121 -3.01413
1720 1054.81 196063 466.093 -3.01412
1730 1059.97 195072 466.017 -3.01381
1740 1195.1 194094 465.883 -3.01318
1750 1222.49 193347 465.681 -3.01245
1760 1111.65 194486 465.406 -3.01161
1770 1031.28 195980 465.07 -3.01047
1780 1059.46 197130 464.692 -3.00899
1790 1059.15 198444 464.286 -3.00723
1800 980.964 198288 463.87 -3.00528
1810 1030.37 198002 463.442 -3.00308
1820 1229.43 199427 463.001 -3.00067
1830 1387.78 205189 462.57 -2.99855
1840 1380.56 205738 462.208 -2.99739
1850 1242.24 205402 461.927 -2.99716
1860 1098.24 204692 461.721 -2.99731
1870 1031.27 201296 461.578 -2.99746
1880 1023.52 197211 461.455 -2.99742
1890 996.974 197480 461.308 -2.99697
1900 1054.12 197816 461.135 -2.99619
1910 1113.42 200560 460.945 -2.99517
1920 1138.17 202877 460.768 -2.99418
1930 1138.98 204126 460.631 -2.99341
1940 1160.8 205317 460.552 -2.99294
1950 1182.51 206524 460.543 -2.99286
1960 1198.8 208436 460.62 -2.99327
1970 1220.62 208160 460.801 -2.99428
1980 1224.62 208382 461.087 -2.99592
1990 1168.13 206714 461.473 -2.99813
2000 1067.99 205180 461.944 -3.00063
2010 1034.66 201596 462.471 -3.00309
2020 1122.28 199429 463.019 -3.00541
2030 1193.42 198310 463.557 -3.00765
2040 1145.14 201674 464.077 -3.00993
2050 1104.34 200544 464.609 -3.01228
2060 1154.58 198382 465.145 -3.01457
2070 1238.71 196969 465.658 -3.01684
2080 1251.64 194065 466.129 -3.01915
2090 1220.19 191665 466.525 -3.02141
2100 1126.89 187718 466.811 -3.02333
2110 949.699 187319 466.947 -3.02445
2120 827.572 189238 466.926 -3.02452
2130 955.383 187290 466.768 -3.02358
2140 1187.57 185347 466.453 -3.02172
2150 1249.5 187688 465.969 -3.01934
2160 1116.56 190437 465.341 -3.01674
2170 1020.63 194584 464.609 -3.01377
2180 1108.63 197079 463.822 -3.0104
2190 1224.78 197981 463.013 -3.0069
2200 1218.86 199856 462.198 -3.00361
2210 1146.13 203103 461.4 -3.00056
2220 1119.22 201376 460.65 -2.99776
2230 1043.81 204845 459.942 -2.99505
2240 991.883 204288 459.301 -2.99239
2250 1018.1 203984 458.727 -2.98978
2260 1025.83 205595 458.218 -2.98721
2270 1030.48 204502 457.783 -2.9848
2280 1046.32 203969 457.416 -2.98255
2290 1122.08 203822 457.105 -2.98044
2300 1213.83 211041 456.858 -2.97864
2310 1238.26 216562 456.75 -2.97767
2320 1139.13 212505 456.839 -2.97783
2330 1009.01 208027 457.082 -2.97868
2340 979.358 206425 457.425 -2.97975
2350 1076.25 208455 457.85 -2.9809
2360 1283.95 206574 458.371 -2.98237
2370 1384.6 207769 458.974 -2.9846
2380 1260.11 208540 459.67 -2.98787
2390 1072.56 203162 460.458 -2.99168
2400 967.373 200382 461.283 -2.99532
2410 980.885 199595 462.108 -2.99858
2420 1090.46 198157 462.92 -3.00148
2430 1233.42 196594 463.702 -3.00418
2440 1284.7 196669 464.438 -3.00697
2450 1207.58 195021 465.126 -3.00995
2460 1090.44 192127 465.745 -3.01274
2470 1083.69 190187 466.261 -3.01498
2480 1199.77 188402 466.651 -3.01667
2490 1222.16 188138 466.895 -3.01795
2500 1080.11 186755 466.988 -3.01877
2510 958.911 187247 466.918 -3.0188
2520 992.643 189333 466.694 -3.01791
2530 1111.88 189745 466.339 -3.01628
2540 1180.37 189101 465.863 -3.01416
2550 1156.92 191163 465.264 -3.01175
2560 1068.22 198462 464.574 -3.009
2570 1081.98 202020 463.875 -3.00607
2580 1209.35 203742 463.214 -3.00321
2590 1303.96 204601 462.614 -3.00081
2600 1246.75 204282 462.085 -2.9991
2610 1112.62 200842 461.616 -2.99784
2620 1022.29 201556 461.174 -2.99656
2630 1051.45 201580 460.761 -2.99511
2640 1141.28 201480 460.377 -2.99363
2650 1183.5 206413 460.027 -2.99229
2660 1155.87 205807 459.759 -2.99138
2670 1050.09 203177 459.569 -2.99079
2680 995.014 203275 459.427 -2.99023
2690 1070.9 208787 459.337 -2.98962
2700 1207.31 209242 459.353 -2.98935
2710 1225.67 207235 459.485 -2.98974
2720 1175.8 206107 459.709 -2.99075
2730 1124.74 205824 460.01 -2.99217
2740 1077.8 206161 460.383 -2.99385
2750 1068.81 207144 460.832 -2.9957
2760 1191.73 204103 461.362 -2.99779
2770 1227.18 204560 461.944 -3.00022
2780 1110.8 205367 462.58 -3.00304
2790 1061.32 202062 463.273 -3.00602
2800 1027.94 200639 463.99 -3.00887
2810 1073.48 199433 464.709 -3.01152
2820 1230.54 195244 465.413 -3.01401
2830 1293.85 192290 466.054 -3.01647
2840 1197.05 191610 466.596 -3.01891
2850 1053.54 190078 467.028 -3.02099
2860 998.281 187559 467.331 -3.02235
2870 1074.96 185365 467.476 -3.02285
2880 1169.31 182443 467.436 -3.02259
2890 1101.24 183435 467.182 -3.02162
2900 928.132 189967 466.733 -3.01985
2910 915.848 192886 466.162 -3.01728
2920 1092.91 193785 465.513 -3.01403
2930 1268.27 194505 464.798 -3.01043
2940 1302.42 196281 464.033 -3.007
2950 1209.3 198575 463.237 -3.00395
2960 1070 203440 462.445 -3.00099
2970 1105.07 202763 461.706 -2.99815
2980 1182.96 201454 461.016 -2.99546
2990 1168.05 206222 460.366 -2.99302
3000 1156.59 211068 459.807 -2.99096
3010 1202.62 209532 459.389 -2.98954
3020 1188.15 207267 459.099 -2.98878
3030 1167.64 206648 458.908 -2.98854
3040 1121.61 208366 458.807 -2.98865
3050 1112.13 206632 458.811 -2.98913
3060 1052.54 203904 458.899 -2.98982
3070 988.878 200449 459.035 -2.99047
3080 999.281 199137 459.181 -2.99088
3090 1073.41 203002 459.324 -2.99105
3100 1143.82 205917 459.503 -2.99128
3110 1172.73 207840 459.756 -2.99189
3120 1216.15 207384 460.104 -2.99307
3130 1211.4 202551 460.537 -2.99481
3140 1084.24 201219 461.005 -2.99681
3150 1004.39 201599 461.487 -2.99876
3160 1070.14 201829 461.986 -3.00056
3170 1206.75 199282 462.502 -3.00232
3180 1214.7 197424 463.007 -3.0042
3190 1075.04 197420 463.479 -3.00612
3200 959.861 199498 463.919 -3.00781
3210 985.957 197869 464.346 -3.00914
3220 1179.04 194799 464.743 -3.01011
3230 1289.95 195136 465.078 -3.01093
3240 1232.32 196169 465.352 -3.01196
3250 1127.3 197175 465.578 -3.01305
3260 1133.3 195212 465.767 -3.01401
3270 1177.79 192287 465.895 -3.01473
3280 1152.45 194761 465.936 -3.01519
3290 1128.76 194360 465.909 -3.01543
3300 1087.07 195194 465.819 -3.01536
3310 1065.92 194132 465.67 -3.01496
3320 1065.61 193435 465.455 -3.01414
3330 1129.41 192778 465.163 -3.01293
3340 1210.84 194077 464.792 -3.01145
3350 1209.06 194949 464.355 -3.00992
3360 1072.38 195860 463.866 -3.00831
3370 905.549 199063 463.339 -3.00636
3380 869.726 200893 462.811 -3.00397
3390 1031.84 201149 462.303 -3.00123
3400 1199.34 204015 461.824 -2.99835
3410 1332.05 202950 461.402 -2.99592
3420 1280.84 203325 461.028 -2.99425
3430 1075.34 205418 460.708 -2.99315
3440 981.221 208537 460.465 -2.99223
3450 1136.6 211150 460.333 -2.9915
3460 1365.96 209578 460.341 -2.99142
3470 1291.16 206273 460.469 -2.99237
3480 1024.4 205195 460.679 -2.99388
3490 902.28 203153 460.953 -2.99528
3500 1014.16 200228 461.264 -2.99639
3510 1138.58 202390 461.584 -2.99729
3520 1133.03 203941 461.932 -2.99833
3530 1067.67 203651 462.326 -2.99961
3540 1100.51 202443 462.764 -3.00102
3550 1202.03 201977 463.23 -3.0025
3560 1343.46 202640 463.721 -3.00434
3570 1407.92 200698 464.24 -3.0069
3580 1259.66 199327 464.767 -3.01009
3590 1029.29 194848 465.28 -3.0132
3600 888.826 191720 465.726 -3.01553
3610 889.815 193922 466.072 -3.01694
3620 1033.98 192164 466.334 -3.01759
3630 1237.23 191072 466.498 -3.01768
3640 1302.51 192442 466.556 -3.01764
3650 1163.72 193279 466.52 -3.01767
3660 1024.9 193818 466.403 -3.01744
3670 1075.26 196798 466.217 -3.01674
3680 1266.28 197100 465.994 -3.01583
3690 1328.15 193888 465.738 -3.01514
3700 1184.9 193506 465.417 -3.01462
3710 1012.16 195833 465.027 -3.01379
3720 961.38 197034 464.592 -3.01243
3730 1023.3 195581 464.127 -3.0106
3740 1074.17 194064 463.617 -3.0084
3750 1073.07 199160 463.053 -3.00587
3760 1129.8 203104 462.489 -3.00324
3770 1163.08 204896 461.974 -3.0008
3780 1195.29 206188 461.53 -2.99878
3790 1251.23 208408 461.176 -2.99733
3800 1253.73 210329 460.935 -2.99663
3810 1207.82 208595 460.826 -2.99673
3820 1186.98 206180 460.828 -2.99742
3830 1139.53 205198 460.912 -2.99849
3840 998.131 204450 461.063 -2.99967
3850 914.618 202000 461.269 -3.00068
3860 1026.63 198151 461.499 -3.00139
3870 1163.23 196856 461.709 -3.0018
3880 1129.9 197879 461.884 -3.00214
3890 1009.24 200537 462.035 -3.00245
3900 952.125 204476 462.196 -3.00265
3910 1075.38 202318 462.407 -3.00279
3920 1246.69 202351 462.652 -3.00295
3930 1361.72 200947 462.924 -3.00356
3940 1301.55 201469 463.212 -3.00488
3950 1119.8 200544 463.517 -3.00662
3960 1010.82 197727 463.826 -3.00824
3970 1044.51 196986 464.11 -3.00947
3980 1155.81 191970 464.351 -3.01037
3990 1146.58 191434 464.498 -3.01093
4000 1021.59 192376 464.539 -3.01111
4010 918.056 191628 464.487 -3.01074
4020 910.578 196646 464.341 -3.00967
4030 1092.29 201459 464.158 -3.00807
4040 1366.64 198436 463.99 -3.00644
4050 1411.84 199669 463.816 -3.00541
4060 1249.79 201890 463.646 -3.00515
4070 1112.91 199896 463.502 -3.00523
4080 1017.91 199847 463.365 -3.00518
4090 1002.64 200378 463.231 -3.00485
4100 1066.04 197009 463.104 -3.00428
4110 1130.74 199318 462.953 -3.00349
4120 1180.42 200622 462.796 -3.00271
4130 1165.12 200154 462.653 -3.0021
4140 1148.16 199227 462.516 -3.00163
4150 1208.77 199322 462.378 -3.00123
4160 1241.08 200681 462.238 -3.00104
4170 1095.94 205604 462.119 -3.00105
4180 991.508 206447 462.069 -3.00117
4190 1095.08 204339 462.101 -3.00136
4200 1203.69 200372 462.189 -3.00169
4210 1172.6 197878 462.285 -3.0022
4220 1036.9 198614 462.361 -3.00268
4230 963.762 195382 462.418 -3.0029
4240 935.282 198586 462.427 -3.00261
4250 982.419 205800 462.427 -3.00195
4260 1201.82 207341 462.496 -3.00134
4270 1423.95 203186 462.653 -3.00126
4280 1362.58 203155 462.858 -3.00217
4290 1130.01 200660 463.101 -3.00375
4300 1003.01 199897 463.356 -3.00524
4310 1092.68 195157 463.604 -3.00643
4320 1152.18 193308 463.797 -3.00729
4330 1062.2 194674 463.91 -3.00783
4340 942.163 195378 463.959 -3.00798
4350 899.143 194660 463.951 -3.00759
4360 981.402 194927 463.88 -3.00659
4370 1126.93 194439 463.75 -3.00509
4380 1199.76 193538 463.556 -3.00338
4390 1135.45 194403 463.29 -3.00166
4400 1060.57 195634 462.962 -2.99986
4410 1059.87 198138 462.591 -2.99786
4420 1063.12 202052 462.207 -2.99571
4430 1057.36 199613 461.851 -2.9936
4440 1086.14 197623 461.5 -2.99149
4450 1170.75 201668 461.135 -2.98932
4460 1242.06 206791 460.801 -2.98741
4470 1250.68 209279 460.557 -2.98618
4480 1207.5 211559 460.436 -2.98576
4490 1301.55 208782 460.458 -2.9862
4500 1374.05 206247 460.592 -2.98757
4510 1209.12 206253 460.81 -2.98972
4520 951.423 202752 461.101 -2.99195
4530 873.507 198452 461.425 -2.9937
4540 967.58 201779 461.738 -2.9949
4550 1125.09 204129 462.071 -2.9959
4560 1122.14 204532 462.453 -2.99705
4570 1044.82 204632 462.89 -2.99847
4580 1103.1 202951 463.38 -3.00001
4590 1307.61 203325 463.907 -3.00169
4600 1535.8 201598 464.472 -3.0041
4610 1483.39 199951 465.055 -3.00771
4620 1149.35 200520 465.639 -3.01185
4630 930.631 197364 466.221 -3.01545
4640 984.617 190733 466.761 -3.01824
4650 1063.83 189159 467.187 -3.02022
4660 1060.56 188802 467.475 -3.02147
4670 1058.16 189745 467.622 -3.02205
4680 1114.38 188785 467.639 -3.022
4690 1203.1 189356 467.519 -3.02144
4700 1284.66 189155 467.268 -3.02062
4710 1295.81 188696 466.888 -3.01972
4720 1196.17 191151 466.378 -3.01864
4730 1103.78 190624 465.765 -3.01717
4740 1059.74 191051 465.049 -3.01514
4750 1063.91 194930 464.241 -3.01249
4760 1099.61 196472 463.382 -3.00944
4770 1065.17 198630 462.497 -3.00616
4780 985.22 204491 461.618 -3.00264
4790 1050.68 201565 460.801 -2.99912
4800 1124.21 200557 460.024 -2.99564
4810 1104.45 205171 459.275 -2.99225
4820 1103.73 206553 458.602 -2.98914
4830 1169.06 206761 458.021 -2.98642
4840 1225.28 209944 457.541 -2.98423
4850 1185.54 210239 457.188 -2.9828
4860 1078.09 211152 456.971 -2.98203
4870 1032.33 208311 456.892 -2.98173
4880 1014.34 203315 456.915 -2.98166
4890 891.042 202366 456.987 -2.98156
4900 750.56 206577 457.095 -2.98132
4910 807.313 210016 457.284 -2.98098
4920 1090.42 205140 457.585 -2.98046
4930 1251.4 205677 457.955 -2.97993
4940 1270.04 208309 458.396 -2.98015
4950 1255.82 212150 458.938 -2.98143
4960 1273.21 212729 459.623 -2.98381
4970 1287.69 212953 460.46 -2.98727
4980 1307.46 208520 461.446 -2.99177
4990 1258.03 202552 462.529 -2.99694
5000 1114.84 200516 463.639 -3.00225
5010 1063.9 196051 464.743 -3.00728
5020 1088.38 190317 465.786 -3.01175
5030 996.788 191501 466.707 -3.01552
5040 870.749 194194 467.514 -3.01853
5050 1067.73 188622 468.229 -3.0208
5060 1274.33 185896 468.799 -3.02229
5070 1329.58 183386 469.184 -3.02347
5080 1279.88 181636 469.358 -3.02443
5090 1215.24 180317 469.299 -3.0249
5100 1158.11 180880 468.997 -3.02462
5110 1068.02 182925 468.46 -3.02342
5120 958.281 186228 467.72 -3.02117
5130 905.278 187692 466.818 -3.0179
5140 924.384 188998 465.78 -3.0137
5150 1011.03 190212 464.623 -3.00869
5160 1096.73 193095 463.369 -3.00305
5170 1152.43 196491 462.054 -2.99713
5180 1157.54 203712 460.729 -2.99116
5190 1184.77 207302 459.472 -2.98552
5200 1191.69 211176 458.332 -2.98048
5210 1149.87 213290 457.349 -2.97622
5220 1109.83 210530 456.543 -2.97278
5230 1099.57 205774 455.88 -2.96998
5240 1113.15 203272 455.304 -2.96754
5250 1093.31 208561 454.788 -2.96532
5260 1078.06 212748 454.386 -2.96345
5270 1119.19 213080 454.142 -2.96217
5280 1111.35 212494 454.063 -2.96157
5290 1062.44 210139 454.136 -2.9616
5300 1070.24 207940 454.333 -2.96206
5310 1125.34 206374 454.627 -2.96283
5320 1095.78 210885 455.004 -2.96396
5330 1087.89 213289 455.508 -2.96565
5340 1148.11 213235 456.167 -2.96798
5350 1223.78 212147 456.98 -2.97104
5360 1230.95 209568 457.934 -2.97492
5370 1176.25 204720 458.993 -2.9794
5380 1055.09 202307 460.103 -2.98408
5390 947.46 200989 461.234 -2.98858
5400 1023.35 196197 462.361 -2.99269
5410 1165.61 192934 463.432 -2.99629
5420 1199 190666 464.407 -2.99957
5430 1121.9 190289 465.258 -3.00256
5440 1034.78 191560 465.982 -3.00512
5450 1039.99 187649 466.586 -3.00707
5460 1103.75 187582 467.034 -3.00827
5470 1218.88 190936 467.327 -3.0089
5480 1355.67 189965 467.5 -3.0094
5490 1368.95 185369 467.544 -3.01003
5500 1221.75 182365 467.408 -3.01052
5510 1063.97 183146 467.059 -3.01024
5520 1010.59 186807 466.51 -3.00892
5530 1012.28 189294 465.805 -3.00666
5540 948.5 193284 464.982 -3.00363
5550 820.168 197254 464.094 -2.99991
5560 820.968 193735 463.18 -2.99568
5570 1004.3 192119 462.208 -2.99079
5580 1180.98 195880 461.166 -2.98528
5590 1218.13 200277 460.095 -2.97974
5600 1174.05 207010 459.054 -2.97462
5610 1247.36 213471 458.119 -2.9701
5620 1417.8 218252 457.368 -2.96667
5630 1492.54 216682 456.849 -2.96505
5640 1403.03 211844 456.541 -2.96531
5650 1213.79 209613 456.39 -2.9666
5660 1064.67 209258 456.364 -2.96814
5670 980.46 207042 456.451 -2.96967
5680 885.641 207888 456.63 -2.97102
5690 846.262 210049 456.906 -2.97223
5700 949.202 209960 457.3 -2.97343
5710 1149.99 208746 457.811 -2.97476
5720 1279.73 208888 458.428 -2.97656
5730 1245.13 210270 459.152 -2.97922
5740 1144.65 208716 459.992 -2.98271
5750 1092.56 210182 460.937 -2.98665
5760 1191.05 204763 461.99 -2.99099
5770 1274.23 202434 463.098 -2.9956
5780 1255.18 200260 464.227 -3.0006
5790 1131.24 195717 465.346 -3.00566
5800 1017.09 191974 466.402 -3.01024
5810 1025.35 188130 467.345 -3.01402
5820 1122.11 186876 468.133 -3.01697
5830 1237.1 182731 468.743 -3.01924
5840 1242.68 182027 469.133 -3.02093
5850 1170.85 182692 469.293 -3.02203
5860 1086.23 184894 469.235 -3.02235
5870 1092.83 185704 468.988 -3.02184
5880 1145.99 186568 468.565 -3.02059
5890 1134.38 190281 467.987 -3.01873
5900 1142.79 190899 467.294 -3.0164
5910 1244.14 190787 466.502 -3.01378
5920 1266.59 193304 465.614 -3.01105
5930 1101.23 197952 464.663 -3.00816
5940 947.485 201471 463.706 -3.00495
5950 946.091 203685 462.786 -3.00139
5960 1123.23 202925 461.928 -2.99775
5970 1266.77 204869 461.127 -2.99432
5980 1261.17 208595 460.406 -2.9915
5990 1182.11 207540 459.802 -2.98944
6000 1155.92 205387 459.304 -2.98791
6010 1188.98 202399 458.883 -2.98677
6020 1110.31 202510 458.506 -2.98584
6030 974.985 205440 458.172 -2.98489
6040 987.636 208995 457.914 -2.98389
6050 1116.07 211866 457.772 -2.98309
6060 1165.93 213389 457.78 -2.98288
6070 1106.53 210816 457.949 -2.98342
6080 1082.44 205950 458.25 -2.98449
6090 1066.01 203944 458.627 -2.98576
6100 1128.71 202849 459.049 -2.98713
6110 1199.51 204623 459.509 -2.98869
6120 1207.8 203844 460.02 -2.99065
6130 1145.82 202156 460.575 -2.99296
6140 1073.09 200092 461.153 -2.99537
6150 1052.77 196115 461.725 -2.9976
6160 1020.89 192975 462.246 -2.99944
6170 915.118 193826 462.681 -3.00073
6180 909.73 195050 463.037 -3.00143
6190 1090.9 192907 463.324 -3.0015
6200 1278.25 193843 463.527 -3.00114
6210 1285.1 196775 463.658 -3.00094
6220 1107.62 196941 463.746 -3.00105
6230 963.848 198239 463.802 -3.00105
6240 1084.36 196117 463.833 -3.00076
6250 1239.52 197300 463.825 -3.0002
6260 1281.49 196114 463.784 -2.99981
6270 1204.48 194966 463.699 -2.99965
6280 1129.09 195080 463.559 -2.99945
6290 1105.73 194242 463.363 -2.99901
6300 1077.88 194396 463.102 -2.99823
6310 1053.37 195772 462.782 -2.99706
6320 1117.89 197732 462.417 -2.99559
6330 1200.48 201191 462.036 -2.99402
6340 1257.44 200964 461.676 -2.99273
6350 1188.29 198329 461.335 -2.9918
6360 993.79 199343 460.988 -2.99087
6370 893.749 202678 460.643 -2.98958
6380 1094.31 206882 460.341 -2.98804
6390 1389.38 210164 460.131 -2.9868
6400 1430.84 209375 460.05 -2.98676
6410 1264.09 208480 460.09 -2.98792
6420 1173.49 206085 460.237 -2.98969
6430 1125.17 201265 460.458 -2.99166
6440 980.713 198190 460.698 -2.99344
6450 815.186 195252 460.916 -2.99461
6460 815.02 193046 461.075 -2.995
6470 916.064 197373 461.157 -2.99456
6480 1070.02 202445 461.208 -2.99361
6490 1158.65 203187 461.289 -2.99267
6500 1205.21 200764 461.408 -2.99206
6510 1266.54 202238 461.544 -2.99184
6520 1328.73 204088 461.711 -2.9922
6530 1336.19 203237 461.928 -2.99335
6540 1236.19 200705 462.184 -2.99512
6550 1130.01 200426 462.454 -2.99703
6560 1145.4 196655 462.725 -2.99885
6570 1152.99 190836 462.951 -3.00045
6580 969.372 189210 463.07 -3.00147
6590 778.917 191201 463.06 -3.00157
6600 824.508 194643 462.946 -3.00071
6610 1077.5 197444 462.767 -2.99906
6620 1297.54 202023 462.566 -2.99709
6630 1365.78 201708 462.392 -2.99569
6640 1291.68 200448 462.246 -2.99512
6650 1131.74 202000 462.115 -2.99501
6660 992.029 203769 462.016 -2.99492
6670 1054.83 201515 461.963 -2.99473
6680 1281.76 199729 461.935 -2.99455
6690 1341.21 199765 461.91 -2.99475
6700 1159.97 202359 461.889 -2.99537
6710 1042.11 206142 461.906 -2.99607
6720 1162.18 204114 461.994 -2.99686
6730 1277.52 200124 462.134 -2.99793
6740 1166.54 201260 462.284 -2.99929
6750 995.37 201542 462.451 -3.0006
6760 970.305 201081 462.638 -3.00161
6770 1105.65 200708 462.839 -3.00237
6780 1246.9 199053 463.049 -3.00313
6790 1198.19 196382 463.247 -3.0041
6800 967.212 195413 463.403 -3.00495
6810 863.894 196445 463.506 -3.00526
6820 1062.38 196452 463.565 -3.00495
6830 1387.11 198637 463.586 -3.00437
6840 1513.22 199902 463.593 -3.00442
6850 1357.94 200904 463.604 -3.00553
6860 1105.23 198953 463.627 -3.00697
6870 921.807 195973 463.641 -3.00796
6880 874.316 196391 463.61 -3.0082
6890 977.316 196308 463.538 -3.0078
6900 1121.5 195304 463.423 -3.00693
6910 1183.02 196907 463.258 -3.00586
6920 1150.04 196848 463.06 -3.00482
6930 1096.64 196812 462.828 -3.00376
6940 1107.18 199270 462.568 -3.00256
6950 1171.79 200539 462.304 -3.00134
6960 1207.53 202445 462.057 -3.00029
6970 1186.38 202860 461.845 -2.99958
6980 1130.22 202668 461.676 -2.99916
6990 1065.93 201347 461.546 -2.99885
7000 995.092 199596 461.437 -2.99847
7010 914.871 200128 461.332 -2.99783
7020 973.569 197035 461.228 -2.99685
7030 1136.83 194292 461.091 -2.99547
7040 1187.95 200238 460.902 -2.99391
7050 1182.15 206244 460.721 -2.9926
7060 1196.5 209069 460.621 -2.99184
7070 1233.11 206395 460.633 -2.99176
7080 1219.19 201615 460.725 -2.99227
7090 1122.14 199532 460.844 -2.99306
7100 990.101 200333 460.961 -2.99376
7110 915.165 203543 461.089 -2.9942
7120 1019.89 203038 461.257 -2.99442
7130 1217.46 201926 461.463 -2.9946
7140 1246.69 203575 461.699 -2.99508
7150 1158.33 201097 461.974 -2.99606
7160 1114.16 200004 462.266 -2.99721
7170 1189.53 199089 462.558 -2.99835
7180 1296.53 200275 462.841 -2.99966
7190 1302.89 201472 463.129 -3.0014
7200 1184.66 203310 463.436 -3.00354
7210 1033.22 201679 463.781 -3.00574
7220 963.203 197672 464.145 -3.00765
7230 949.007 193296 464.477 -3.009
7240 1016.96 191735 464.727 -3.00967
7250 1153.56 191073 464.874 -3.00975
7260 1229.76 190576 464.912 -3.0095
7270 1155.82 193344 464.839 -3.0091
7280 1067.71 192606 464.684 -3.00848
7290 1050.3 190628 464.441 -3.00743
7300 1069.08 190809 464.09 -3.00586
7310 1062.04 192107 463.634 -3.00379
7320 1041.39 196457 463.093 -3.00127
7330 1132.04 199811 462.52 -2.99848
7340 1260.27 201147 461.955 -2.99577
7350 1258.9 200765 461.414 -2.99351
7360 1086.97 204101 460.9 -2.99161
7370 1013.81 205710 460.447 -2.98986
7380 1081.14 203045 460.069 -2.9882
7390 1126.22 203010 459.742 -2.98665
7400 1215.62 204057 459.461 -2.98532
7410 1313.61 205851 459.239 -2.98449
7420 1258.18 208824 459.097 -2.98442
7430 1096.04 210499 459.07 -2.98498
7440 1063.11 206037 459.168 -2.98589
7450 1113.46 203433 459.344 -2.98693
7460 1099.61 205160 459.569 -2.98807
7470 1042.8 205389 459.856 -2.98936
7480 1109.47 206294 460.211 -2.99075
7490 1256.42 203982 460.639 -2.99244
7500 1211.59 201132 461.114 -2.99456
7510 1030.69 200103 461.604 -2.99682
7520 1009.18 197261 462.09 -2.99882
7530 1131.41 198040 462.544 -3.00047
7540 1216.06 200887 462.973 -3.00204
7550 1231.95 203392 463.412 -3.00389
7560 1243.14 200861 463.887 -3.00617
7570 1144.68 197360 464.37 -3.00862
7580 1037.76 195421 464.819 -3.01083
7590 1035.56 191919 465.206 -3.01255
7600 1064.29 190898 465.494 -3.01365
7610 1118.69 189211 465.666 -3.01419
7620 1142.14 188683 465.705 -3.01422
7630 1085.59 188732 465.605 -3.01378
7640 984.957 190243 465.371 -3.01275
7650 957.565 194329 465.024 -3.01105
7660 1055.33 196777 464.612 -3.00881
7670 1193.48 197986 464.169 -3.00629
7680 1270.66 201168 463.714 -3.00392
7690 1230.52 200697 463.28 -3.00203
7700 1161.84 200236 462.866 -3.0005
7710 1169.89 201974 462.468 -2.99913
7720 1203.69 199067 462.099 -2.99797
7730 1169.8 195599 461.728 -2.99697
7740 1064.9 195056 461.315 -2.99583
7750 960.868 196957 460.854 -2.99427
7760 958.341 198308 460.365 -2.99225
7770 1032.36 202757 459.87 -2.98987
7780 1121.41 203470 459.415 -2.98744
7790 1148.51 202392 459.011 -2.98525
7800 1104.18 201477 458.648 -2.98334
7810 1071.16 197886 458.307 -2.98158
7820 1081.56 201826 457.96 -2.97974
7830 1208.9 203999 457.641 -2.97797
7840 1279.01 207357 457.381 -2.97666
7850 1201.22 209999 457.218 -2.97609
7860 1117.49 209116 457.179 -2.9762
7870 1073.92 206277 457.253 -2.9767
7880 1090.25 204529 457.408 -2.97742
7890 1090.41 203111 457.619 -2.97823
7900 1110.36 204788 457.873 -2.97916
7910 1154.33 207337 458.187 -2.98032
7920 1206.76 207249 458.586 -2.98193
7930 1200.3 207442 459.076 -2.98407
7940 1213.41 200055 459.645 -2.9867
7950 1158.82 193424 460.213 -2.98937
7960 1052.08 193411 460.704 -2.99167
7970 1056.6 196399 461.114 -2.99348
7980 1143.81 196263 461.474 -2.99495
7990 1178.57 196558 461.789 -2.99628
8000 1109.54 195033 462.058 -2.99751
8010 972.133 192202 462.265 -2.99839
8020 896.775 194332 462.382 -2.99863
8030 1005.84 193331 462.425 -2.99822
8040 1123 194919 462.392 -2.99726
8050 1152.18 198265 462.302 -2.99611
8060 1195.55 198959 462.192 -2.99504
8070 1274.32 201026 462.079 -2.99422
8080 1303.49 199767 461.98 -2.99388
8090 1203.79 201126 461.887 -2.99395
8100 1129.03 202308 461.814 -2.99422
8110 1126.54 200077 461.769 -2.99456
8120 1100.91 200644 461.734 -2.99483
8130 1099.79 200533 461.712 -2.99506
8140 1072.73 199154 461.698 -2.9952
8150 1041.68 198243 461.678 -2.99518
8160 1045.9 196379 461.64 -2.9949
8170 1060.89 193294 461.559 -2.99432
8180 1074.17 195145 461.406 -2.99334
8190 1167.76 201118 461.203 -2.99212
8200 1317.52 205319 461.019 -2.9911
8210 1366.57 205636 460.904 -2.99087
8220 1265.66 204218 460.864 -2.99151
8230 1127.95 204777 460.883 -2.99256
8240 1079.78 203495 460.962 -2.99366
8250 1110.63 201858 461.087 -2.99477
8260 1065.67 200403 461.237 -2.99583
8270 948.561 201114 461.397 -2.99669
8280 891.268 199289 461.569 -2.99723
8290 930.72 197566 461.733 -2.99732
8300 1030.58 198851 461.871 -2.99697
8310 1164.96 202988 462 -2.99642
8320 1310.47 203004 462.164 -2.99617
8330 1337.32 199902 462.365 -2.99658
8340 1249.35 199763 462.569 -2.99758
8350 1174.25 202319 462.776 -2.99887
8360 1182.71 200377 463.007 -3.00033
8370 1196.66 199352 463.246 -3.00189
8380 1209.97 196113 463.474 -3.00351
8390 1132.27 193127 463.656 -3.005
8400 953.704 193413 463.757 -3.00598
8410 855.706 194479 463.78 -3.0062
8420 937.517 191984 463.731 -3.00569
8430 1023.72 193028 463.591 -3.00446
8440 1043.28 196962 463.372 -3.00274
8450 1106.38 199024 463.121 -3.00082
8460 1283.55 198307 462.861 -2.9989
8470 1418.27 201099 462.593 -2.99741
8480 1369.75 205595 462.35 -2.99681
8490 1196.37 203857 462.177 -2.99701
8500 1036.82 201522 462.058 -2.99737
8510 1022.79 200795 461.967 -2.99753
8520 1083.34 199135 461.888 -2.99748
8530 1115.12 197796 461.804 -2.99729
8540 1057.5 194968 461.696 -2.99694
8550 931.745 193409 461.533 -2.99622
8560 873.329 193059 461.295 -2.99489
8570 957.643 192770 460.978 -2.99288
8580 1083.17 194795 460.582 -2.99025
8590 1124.3 202234 460.137 -2.98733
8600 1172.22 209104 459.73 -2.98464
8610 1314.02 210185 459.439 -2.98263
8620 1392.34 208814 459.279 -2.98171
8630 1296.84 207174 459.234 -2.98198
8640 1116.22 204997 459.282 -2.98292
8650 998.376 202744 459.394 -2.98393
8660 968.636 201479 459.543 -2.98474
8670 978.684 199721 459.71 -2.98527
8680 1030.67 198500 459.876 -2.98551
8690 1081.15 197492 460.025 -2.98552
8700 1069.33 197429 460.147 -2.98536
8710 1059.41 197064 460.239 -2.98506
8720 1096.21 201856 460.302 -2.9846
8730 1216.68 207512 460.392 -2.98427
8740 1340.34 208280 460.573 -2.98459
8750 1377.38 207407 460.857 -2.98594
8760 1344.79 204436 461.231 -2.98831
8770 1217.1 201273 461.659 -2.99127
8780 1006.96 201684 462.106 -2.99416
8790 909.814 200065 462.569 -2.99658
8800 1023.14 193331 463.024 -2.99851
8810 1077.6 190041 463.398 -2.99981
8820 1038.04 194473 463.656 -3.00057
8830 1071.43 197694 463.843 -3.00094
8840 1215.86 197732 463.999 -3.00113
8850 1374.75 198371 464.13 -3.0015
8860 1416.92 200269 464.246 -3.0025
8870 1311.61 200148 464.366 -3.00421
8880 1163.36 198747 464.489 -3.00611
8890 1070.12 196281 464.598 -3.00775
8900 1031.84 189794 464.657 -3.00886
8910 992.407 191288 464.602 -3.00918
8920 1008.22 192399 464.441 -3.00877
8930 1021.52 189880 464.185 -3.00775
8940 988.85 194810 463.82 -3.00608
8950 1090.8 199730 463.398 -3.00394
8960 1293.96 203776 462.983 -3.00174
8970 1390.17 204393 462.62 -3.00019
8980 1341.17 205285 462.324 -2.99961
8990 1211.76 204428 462.1 -2.99975
9000 1059.55 202662 461.938 -3.0001
9010 987.725 197662 461.812 -3.00025
9020 1014.32 195547 461.665 -2.99997
9030 1103.69 194001 461.469 -2.99926
9040 1133 195150 461.209 -2.99825
9050 1049.92 196652 460.897 -2.99702
9060 922.699 196786 460.549 -2.9955
9070 876.673 199863 460.175 -2.99354
9080 991.265 199584 459.803 -2.99119
9090 1145.33 201609 459.438 -2.98858
9100 1232.92 205421 459.104 -2.98615
9110 1253.92 208204 458.845 -2.98436
9120 1244.23 209070 458.692 -2.98342
9130 1247.98 208270 458.655 -2.98331
9140 1258.36 206397 458.723 -2.98396
9150 1192.65 202490 458.871 -2.98517
9160 1043.75 195277 459.046 -2.98648
9170 906.949 198312 459.177 -2.98727
9180 960.147 200429 459.288 -2.98759
9190 1025.61 203769 459.408 -2.9876
9200 1064.04 202942 459.571 -2.98761
9210 1109.87 198411 459.767 -2.98767
9220 1129.92 197340 459.95 -2.98771
9230 1127.34 201021 460.106 -2.98774
9240 1181.38 205316 460.278 -2.98793
9250 1293.79 205078 460.51 -2.98859
9260 1307.92 207335 460.812 -2.98996
9270 1271.57 204400 461.199 -2.99214
9280 1140.81 198304 461.636 -2.9947
9290 951.545 192202 462.05 -2.99693
9300 878.813 189307 462.368 -2.99829
9310 1016.92 191464 462.559 -2.99872
9320 1212.27 197232 462.648 -2.99855
9330 1268.58 202289 462.706 -2.99847
9340 1165.27 201054 462.788 -2.99884
9350 1055.29 199464 462.887 -2.99936
9360 1093.7 196260 462.979 -2.99971
9370 1200.31 194909 463.03 -2.99985
9380 1254.35 198569 463.027 -2.99996
9390 1243.85 201235 463.008 -3.00031
9400 1186.4 200526 463.007 -3.00096
9410 1102.27 198409 463.015 -3.00164
9420 1074.72 194381 463.005 -3.00211
9430 1066.98 192230 462.931 -3.00216
9440 1054.11 192741 462.767 -3.00169
9450 1061.75 195042 462.522 -3.00074
9460 1116.12 200441 462.226 -2.99945
9470 1183.55 203640 461.94 -2.99817
9480 1191.93 203732 461.706 -2.99723
9490 1141.64 197611 461.517 -2.99663
9500 1036.9 198859 461.316 -2.99598
9510 1078.03 197851 461.104 -2.9951
9520 1256.87 196831 460.871 -2.99411
9530 1305.15 200847 460.614 -2.99332
9540 1183.47 202675 460.372 -2.99294
9550 1048.97 198264 460.165 -2.99271
9560 972.413 195000 459.944 -2.99218
9570 969.694 195323 459.672 -2.99111
9580 1009.04 195057 459.349 -2.98955
9590 1020.51 198949 458.979 -2.98758
9600 1029.66 202337 458.604 -2.9854
9610 1070.2 206377 458.267 -2.98324
9620 1174.73 210616 458.018 -2.98136
9630 1319.27 211531 457.902 -2.9802
9640 1332.09 210155 457.93 -2.98018
9650 1203.45 205768 458.083 -2.98117
9660 1111.7 203615 458.312 -2.98257
9670 1136.6 204807 458.589 -2.98409
9680 1203.71 205922 458.925 -2.98588
9690 1158.76 204120 459.33 -2.98804
9700 966.874 200955 459.782 -2.99027
9710 799.997 202217 460.25 -2.99215
9720 906.742 198089 460.735 -2.99357
9730 1108.64 197427 461.198 -2.99441
9740 1157.81 199103 461.629 -2.99509
9750 1100.75 199489 462.046 -2.9959
9760 1129.65 198407 462.454 -2.99678
9770 1277.01 197742 462.841 -2.99767
9780 1327.29 200201 463.203 -2.9989
9790 1187.79 203174 463.569 -3.00063
9800 1107.53 200225 463.967 -3.00259
9810 1182.06 194974 464.364 -3.00448
9820 1199.91 193491 464.702 -3.00621
9830 1121.05 193889 464.959 -3.00769
9840 1140.76 194507 465.141 -3.00883
9850 1200.52 193851 465.253 -3.00973
9860 1148.44 192075 465.29 -3.01043
9870 1027.86 190411 465.231 -3.01068
9880 990.784 191999 465.059 -3.01023
9890 1082.83 195921 464.796 -3.00916
9900 1185.61 198175 464.487 -3.0078
9910 1195.36 199750 464.163 -3.00651
9920 1111.96 201540 463.847 -3.00539
9930 983.596 198415 463.551 -3.00429
9940 898.482 193639 463.242 -3.00288
9950 960.893 194356 462.868 -3.00087
9960 1198.09 197080 462.435 -2.9983
9970 1403.44 201796 461.978 -2.99577
9980 1385.22 205236 461.555 -2.99411
9990 1157.47 204039 461.201 -2.99332
10000 967.659 203142 460.908 -2.99267
