# Time-averaged data for fix 2
# TimeStep c_mytemp c_mypress v_vmyvol v_avgEtotal
10 1849.89 2892.64 668.178 -2.73481
20 2016.02 -4614.4 668.222 -2.73478
30 2125.71 -8651.82 668.205 -2.73513
40 2061.87 -7831.64 668.066 -2.73603
50 1845.04 -602.712 667.826 -2.73711
60 1797.52 2039.36 667.579 -2.73791
70 1958.75 -1302 667.364 -2.73853
80 1957.74 -737.368 667.148 -2.73922
90 1852.66 163.411 666.931 -2.73996
100 1705.3 902.243 666.725 -2.74048
110 1676.51 1308.27 666.543 -2.74056
120 1873.92 -2489.96 666.384 -2.74029
130 1983.2 -4085.51 666.197 -2.73999
140 1944.21 -1244.74 665.964 -2.73996
150 1880.94 -281.777 665.719 -2.74009
160 1846.5 -1190.46 665.477 -2.74022
170 1866.03 -422.297 665.23 -2.74028
180 1964.17 -1693.56 664.983 -2.74033
190 2085.77 -2188.66 664.723 -2.74064
200 2099.03 -581.383 664.442 -2.7414
210 2047.43 40.8259 664.163 -2.74263
220 1961.3 1092.76 663.898 -2.74404
230 2011.61 -740.194 663.655 -2.7455
240 2155.52 -4161.58 663.411 -2.74724
250 2212.16 -6968.95 663.114 -2.74962
260 2110.5 -6397.71 662.729 -2.75248
270 2028.19 -6083.83 662.257 -2.75547
280 2025.35 -6495.33 661.707 -2.7584
290 2037.23 -7728.26 661.073 -2.76137
300 1937.4 -3479.45 660.348 -2.76424
310 1744.87 4696.49 659.595 -2.76655
320 1634.66 11066.1 658.929 -2.768
330 1651.17 13588.1 658.442 -2.76872
340 1705.42 13964.5 658.173 -2.76892
350 1808.13 12852.4 658.122 -2.76882
360 1829.92 13868.3 658.274 -2.76862
370 1776.72 14607.4 658.637 -2.76837
380 1838.47 10590 659.214 -2.76805
390 1954.35 4351.34 659.945 -2.76766
400 1952.67 -1012.45 660.736 -2.76738
410 1990.77 -2376.67 661.512 -2.76731
420 2069.94 -4489.25 662.243 -2.76754
430 2019.68 -3156.55 662.905 -2.7682
440 1793.67 1819.4 663.519 -2.76904
450 1562.44 8444.83 664.16 -2.76959
460 1499.67 8093.1 664.915 -2.76954
470 1592.36 3621.45 665.783 -2.76879
480 1719.9 -1619.63 666.697 -2.76745
490 1849.67 -6825.82 667.576 -2.76576
500 2037 -11345.3 668.343 -2.76409
510 2149.62 -13700.6 668.93 -2.7629
520 2119.19 -14033.5 669.303 -2.76256
530 1963.58 -8882.4 669.466 -2.76291
540 1814.36 -2857.63 669.494 -2.7634
550 1906.47 -4333.88 669.473 -2.76377
560 1994.26 -7492.96 669.388 -2.76417
570 1994.4 -6719.69 669.2 -2.76481
580 1968 -8523.24 668.912 -2.76568
590 1911.76 -10984.7 668.502 -2.76668
600 1825.17 -10097.5 667.939 -2.76763
610 1759.64 -8767.52 667.234 -2.76836
620 1771.31 -9000.22 666.41 -2.76873
630 1986.56 -14098.4 665.461 -2.76903
640 2010.87 -15528 664.322 -2.76961
650 1929.78 -13363.8 662.976 -2.7705
660 1928.13 -10302.1 661.458 -2.77148
670 1939.68 -6427.44 659.819 -2.77238
680 1971.6 -6236.09 658.114 -2.77334
690 1860.31 -5918.56 656.354 -2.77436
700 1699.04 -3535.15 654.547 -2.77513
710 1604.06 -701.871 652.729 -2.77535
720 1520.14 4096.18 650.942 -2.77491
730 1437.94 7489.21 649.252 -2.7737
740 1502.76 9142.54 647.706 -2.77186
750 1568.05 11076 646.328 -2.7694
760 1651.47 9235.5 645.136 -2.76658
770 1702.53 6215.02 644.102 -2.76366
780 1578.38 8222.84 643.188 -2.76079
790 1486.72 9642.19 642.413 -2.75792
800 1723.13 4048.63 641.786 -2.75475
810 2131.67 -4126.88 641.229 -2.75126
820 2276.17 -6373.59 640.637 -2.7485
830 2166.03 -776.981 639.981 -2.74713
840 2062 3859.45 639.331 -2.74673
850 2107.38 4072.44 638.747 -2.7469
860 2159.22 5331.61 638.239 -2.74766
870 2149.65 5865.14 637.819 -2.74905
880 2079.66 6224.61 637.498 -2.75091
890 2056.76 4871.98 637.273 -2.75303
900 1979.83 3075.84 637.124 -2.75529
910 1788.98 5642.56 637.035 -2.75726
920 1806.21 5242.79 637.027 -2.75876
930 1891.45 6202.96 637.101 -2.75999
940 1895.35 8776.75 637.269 -2.76108
950 1943.79 11074.8 637.565 -2.76214
960 2013.88 9440.01 638.013 -2.7633
970 2025.74 9654.55 638.597 -2.76467
980 2064.21 9575.35 639.316 -2.7663
990 2165.56 6624.89 640.162 -2.76831
1000 2183.87 5857.52 641.1 -2.77085
1010 2076.63 7743.84 642.118 -2.77382
1020 1878.07 11251.7 643.242 -2.77675
1030 1755.47 12781.4 644.515 -2.77922
1040 1779.62 10753.1 645.955 -2.78116
1050 1811.96 10370.5 647.542 -2.78268
1060 1746.13 9802.53 649.263 -2.78388
1070 1585.75 12020.5 651.116 -2.78466
1080 1542.68 11810.4 653.123 -2.78495
1090 1605.72 6911.07 655.278 -2.78455
1100 1698.89 292.148 657.512 -2.78344
1110 1728 -4742.21 659.729 -2.7818
1120 1648.08 -5651.71 661.856 -2.77994
1130 1505.08 -1356.14 663.881 -2.77802
1140 1545.36 -3198.01 665.854 -2.77586
1150 1830.74 -10508.1 667.747 -2.77298
1160 1951.28 -12376.5 669.466 -2.76986
1170 1826.92 -11553.1 670.974 -2.76728
1180 1567.64 -7055.63 672.293 -2.76519
1190 1510.13 -8588.43 673.475 -2.7631
1200 1553.92 -10121.2 674.51 -2.76055
1210 1687.36 -13713.6 675.371 -2.75763
1220 1791.91 -16004.9 676.008 -2.75448
1230 1814.67 -14712.9 676.39 -2.75157
1240 1770.71 -13088.8 676.538 -2.74898
1250 1701.71 -11263 676.481 -2.74669
1260 1597.72 -7398.52 676.255 -2.74447
1270 1584.47 -6272.21 675.915 -2.74216
1280 1666.88 -7386.55 675.482 -2.73959
1290 1828.13 -8274.35 674.946 -2.73685
1300 1945.41 -8754.72 674.293 -2.73424
1310 1847.51 -3966.59 673.528 -2.73206
1320 1746.94 -1756.85 672.715 -2.73024
1330 1772.36 -4168.95 671.886 -2.72846
1340 1940.92 -9093.39 671.009 -2.72675
1350 2174.15 -13006.2 670.012 -2.72544
1360 2292.8 -10880.8 668.844 -2.72506
1370 2267.01 -4758.96 667.54 -2.72585
1380 2043.09 3061.81 666.195 -2.72731
1390 1906.67 7446.86 664.924 -2.72866
1400 2157.72 1960.46 663.782 -2.73016
1410 2206.08 -231.466 662.702 -2.73235
1420 1942.78 3494.25 661.651 -2.73485
1430 1693.6 10230.8 660.681 -2.73676
1440 1766.44 12443.8 659.884 -2.73791
1450 2054.94 7284.42 659.283 -2.73891
1460 2106.21 6066.14 658.815 -2.74033
1470 1815.43 12006.4 658.462 -2.74193
1480 1561.4 17315.9 658.301 -2.74296
1490 1664.81 15063.6 658.4 -2.74335
1500 1892.62 6414.74 658.721 -2.7433
1510 2136.53 -1334.68 659.141 -2.74328
1520 2304.04 -8141.56 659.542 -2.74392
1530 2377.94 -12639.1 659.823 -2.74571
1540 2316.48 -12106.2 659.921 -2.74872
1550 2083.58 -4050.12 659.853 -2.75233
1560 1877.1 2903.03 659.728 -2.75559
1570 1863.5 6303.21 659.65 -2.75828
1580 1940.32 6051.45 659.671 -2.76066
1590 1930.51 6014.2 659.789 -2.76287
1600 1860.43 6575.4 660.003 -2.76488
1610 1696.91 9626.14 660.323 -2.76647
1620 1517.29 12981.5 660.79 -2.7674
1630 1553.44 11739 661.446 -2.7676
1640 1715.89 8331.42 662.274 -2.76717
1650 1859.34 5225.52 663.224 -2.76639
1660 1948.83 1878.8 664.245 -2.76559
1670 1925.12 4680.24 665.296 -2.76503
1680 1804.58 11165.6 666.415 -2.76477
1690 1844.3 15948.2 667.696 -2.76466
1700 1991.29 15831.5 669.207 -2.76469
1710 1995.79 16300.3 670.952 -2.76505
1720 1914.56 16443.8 672.938 -2.76581
1730 1852.35 13144.5 675.16 -2.76666
1740 1792.97 9166.14 677.569 -2.76732
1750 1674.49 7848.25 680.105 -2.76764
1760 1525.61 8617.76 682.746 -2.76758
1770 1647.07 3496.58 685.492 -2.76693
1780 1846.54 -3197.34 688.265 -2.76546
1790 1989 -7379.89 690.96 -2.76371
1800 2006.27 -7675.25 693.511 -2.76225
1810 1975.26 -8479.68 695.906 -2.76129
1820 1876.18 -8256.02 698.134 -2.76062
1830 1879.2 -10099.8 700.195 -2.76008
1840 1827.38 -12769.4 702.058 -2.75946
1850 1666.95 -9869.39 703.692 -2.7588
1860 1705.73 -11728.9 705.131 -2.7579
1870 1881.14 -16392.1 706.345 -2.75665
1880 1936.05 -16738.4 707.269 -2.75549
1890 1724.15 -11998.2 707.902 -2.75466
1900 1437.6 -6957.3 708.322 -2.75378
1910 1358.44 -7088.57 708.61 -2.75245
1920 1385.7 -9927.4 708.77 -2.75043
1930 1456.96 -12907.2 708.759 -2.7478
1940 1579.37 -17039.1 708.525 -2.74468
1950 1719.38 -21991.8 708.001 -2.74133
1960 1727.21 -22778 707.115 -2.73816
1970 1661.35 -21117.9 705.857 -2.73542
1980 1643.23 -18597.8 704.262 -2.73291
1990 1658.51 -14889.6 702.385 -2.73039
2000 1722.93 -13565.3 700.289 -2.72785
2010 1713.41 -10192.9 698.011 -2.72531
2020 1751.33 -8626.88 695.608 -2.72282
2030 1831.75 -9255.25 693.11 -2.72044
2040 1831.64 -8191.26 690.517 -2.7183
2050 1832.3 -9380.09 687.843 -2.71646
2060 1898.39 -11600 685.076 -2.71498
2070 2048.85 -15050.8 682.179 -2.71398
2080 2169.7 -12289.2 679.118 -2.71367
2090 2132.23 -4762.96 675.939 -2.71394
2100 1891.26 8725.97 672.769 -2.71417
2110 1798.48 18040.1 669.805 -2.71368
2120 1920.92 19031.4 667.182 -2.7129
2130 1978.76 18459.6 664.912 -2.71233
2140 1951.57 21722.8 662.986 -2.71203
2150 1951.82 19665.9 661.429 -2.71194
2160 2045.29 14843.7 660.205 -2.71225
2170 2119.26 12215.2 659.239 -2.71308
2180 2178.07 9223.13 658.48 -2.71456
2190 2129.72 8462.67 657.886 -2.71665
2200 2084.26 6981.19 657.436 -2.71908
2210 2042.85 1699.11 657.099 -2.72174
2220 1866.42 2854.75 656.809 -2.72428
2230 1760.37 6801.39 656.576 -2.72623
2240 1979.89 3428.19 656.445 -2.72782
2250 2215.63 4197.71 656.379 -2.72967
2260 2232.67 9704.43 656.39 -2.73226
2270 2063.51 16635.5 656.555 -2.73532
2280 1963.73 19480.1 656.968 -2.73837
2290 1967.86 15587.5 657.664 -2.74132
2300 1865.51 15801.4 658.596 -2.74405
2310 1765.03 14191.4 659.755 -2.74635
2320 1746.87 12838 661.118 -2.7481
2330 1798.59 12212.4 662.662 -2.74945
2340 1853.19 10365.2 664.374 -2.75051
2350 1846.82 7820.09 666.226 -2.75138
2360 1801.77 6015.28 668.18 -2.75202
2370 1804.83 3943.54 670.205 -2.75241
2380 1799.34 399.693 672.266 -2.7525
2390 1710.08 -54.5246 674.315 -2.75231
2400 1716.5 -3462.62 676.334 -2.75178
2410 1699.99 -4269.07 678.278 -2.75084
2420 1668.76 -4416.8 680.133 -2.74968
2430 1706.79 -7626.31 681.889 -2.7482
2440 1781.95 -11054.1 683.501 -2.7464
2450 2005.34 -18133.9 684.909 -2.74445
2460 2103.49 -22326.9 686.009 -2.74278
2470 2056.12 -20636.5 686.74 -2.74197
2480 1996.45 -18933 687.127 -2.74184
2490 2009.9 -16810.5 687.204 -2.74215
2500 2034.05 -14465.7 687.011 -2.74285
2510 1990.48 -10917.3 686.591 -2.74388
2520 1945.38 -6502.51 686.008 -2.74503
2530 1973.74 -6196.36 685.328 -2.74622
2540 1944.04 -1725.65 684.572 -2.74749
2550 1837.08 5284.82 683.811 -2.74856
2560 1830.83 5626.68 683.145 -2.74939
2570 1783.81 6896.55 682.591 -2.74996
2580 1767.02 5825.11 682.16 -2.75026
2590 1817.05 4900.37 681.838 -2.7503
2600 1895.87 2937.87 681.604 -2.75024
2610 1954.39 305.016 681.427 -2.75024
2620 1920.76 -2172.22 681.263 -2.75039
2630 1861.42 -3671.78 681.075 -2.75065
2640 1801.38 -4650.66 680.837 -2.75085
2650 1743.27 -3470.77 680.537 -2.75086
2660 1725.96 -3999.33 680.189 -2.75061
2670 1745.29 -4429.45 679.788 -2.75007
2680 1824.37 -5124.76 679.328 -2.74935
2690 1808.63 -4220.33 678.799 -2.74858
2700 1624.5 2130.05 678.228 -2.74771
2710 1615.48 5222.53 677.7 -2.74652
2720 1775.07 3563.1 677.262 -2.74493
2730 1901.04 2631.61 676.896 -2.74319
2740 1923.31 705.789 676.582 -2.74169
2750 1813.79 2653.31 676.297 -2.74049
2760 1654.21 6891.63 676.067 -2.7394
2770 1539.43 8455.25 675.952 -2.73808
2780 1564.92 8092.65 675.975 -2.73641
2790 1618.44 5484.17 676.129 -2.73429
2800 1804.52 -684.333 676.368 -2.73187
2810 1900.8 -5346.93 676.6 -2.72934
2820 1946.33 -10252.3 676.748 -2.72716
2830 2005.89 -13744 676.74 -2.72543
2840 2081.11 -15673.3 676.519 -2.7243
2850 2079.8 -14485.4 676.064 -2.72389
2860 1992.63 -11515.1 675.395 -2.72407
2870 1887 -8817.58 674.559 -2.72456
2880 1786.96 -3798.86 673.608 -2.72492
2890 1863.44 -3306.5 672.612 -2.72507
2900 1940.08 -5066.68 671.584 -2.72517
2910 2006.99 -5307.65 670.502 -2.72547
2920 2105.04 -6964.43 669.359 -2.72612
2930 2154.36 -7397.23 668.135 -2.72738
2940 2120.12 -4786.55 666.829 -2.72915
2950 2109.18 -3658.18 665.475 -2.73131
2960 2095.11 -23.356 664.1 -2.73372
2970 2089.7 894.569 662.749 -2.73633
2980 2037.32 3702.45 661.447 -2.73902
2990 1946.77 3830.75 660.224 -2.74162
3000 1764.45 8496.1 659.095 -2.74379
3010 1673.31 7941.49 658.111 -2.74518
3020 1798.17 1579.67 657.26 -2.74611
3030 1920.42 -1442.37 656.459 -2.74685
3040 1994.9 -4629.12 655.654 -2.74767
3050 2018.41 -5617.96 654.801 -2.74879
3060 1855.1 1440.73 653.896 -2.7499
3070 1821.36 7062.95 653.032 -2.75073
3080 1797.01 6363.46 652.283 -2.75121
3090 1871.22 2924.2 651.644 -2.75155
3100 1945.42 -1691.84 651.062 -2.75191
3110 1823.37 681.048 650.48 -2.75234
3120 1672.86 4394.7 649.924 -2.75253
3130 1700.53 4905.19 649.443 -2.75227
3140 1958.71 -1808.03 649.039 -2.75174
3150 2227.96 -9572.44 648.618 -2.75151
3160 2210.01 -6905.84 648.084 -2.75223
3170 2007.37 -2875.49 647.465 -2.75358
3180 1928.83 -1257.39 646.817 -2.75506
3190 1835.4 5622.61 646.174 -2.75634
3200 1819.55 9526.93 645.624 -2.75723
3210 1964.51 9408.58 645.222 -2.75802
3220 1886.5 16508.6 644.979 -2.75885
3230 1697.08 23362.2 644.983 -2.75956
3240 1684.24 25345.3 645.326 -2.75997
3250 1814.76 24140.7 646.032 -2.76018
3260 1799.67 23125.1 647.086 -2.76034
3270 1809.84 18299.2 648.463 -2.76048
3280 1889.97 13199.3 650.097 -2.76047
3290 2026.5 6856.89 651.91 -2.76044
3300 2119.6 1974.6 653.808 -2.7606
3310 2033.46 3334.35 655.728 -2.76128
3320 1898.67 4159.84 657.679 -2.76229
3330 1795.59 3807.41 659.674 -2.76321
3340 1795.91 97.6148 661.703 -2.76379
3350 1873.8 -5153.35 663.711 -2.76397
3360 1898.26 -7420.46 665.625 -2.76396
3370 1808.33 -6345.25 667.41 -2.76394
3380 1685.65 -6034.57 669.077 -2.76376
3390 1690.39 -7225.74 670.631 -2.76325
3400 1597.61 -6429.87 672.059 -2.76235
3410 1433.53 -1472.33 673.377 -2.76115
3420 1407.11 -604.753 674.653 -2.75953
3430 1542.97 -5083.99 675.897 -2.75719
3440 1601.53 -3497.25 677.058 -2.75428
3450 1697.17 -4743.82 678.148 -2.75118
3460 1863.45 -9786.35 679.145 -2.74788
3470 1866.08 -10001.1 679.984 -2.74477
3480 1708.57 -6193.33 680.66 -2.74221
3490 1447.6 -4.08768 681.236 -2.73998
3500 1501.32 -3983.62 681.793 -2.73758
3510 1799.85 -12736.2 682.276 -2.73446
3520 2091.83 -18674 682.555 -2.73113
3530 2299.17 -22317.8 682.536 -2.72861
3540 2370.07 -21468.6 682.168 -2.72765
3550 2280.45 -15549.8 681.474 -2.72831
3560 2035.03 -7226.71 680.549 -2.72987
3570 1746.14 2705.61 679.534 -2.73127
3580 1686.23 8240.01 678.578 -2.73198
3590 1885.41 7764.94 677.766 -2.73224
3600 2100.57 6007.7 677.097 -2.73258
3610 2117.53 6897.13 676.545 -2.73346
3620 1883.99 13283.2 676.126 -2.73467
3630 1625.07 19086 675.931 -2.73559
3640 1553.66 19830.3 676.04 -2.73596
3650 1632.45 17774.7 676.464 -2.73578
3660 1816.66 15396.6 677.172 -2.73522
3670 1963.21 10758.4 678.116 -2.73455
3680 2040.81 8612.98 679.231 -2.73413
3690 2104.22 6740.48 680.477 -2.73421
3700 2115.67 2667.76 681.818 -2.73482
3710 2073.55 -918.633 683.191 -2.73586
3720 2008.64 -5087.38 684.536 -2.73715
3730 1948.86 -8137.37 685.789 -2.73844
3740 1927.85 -9877.52 686.899 -2.73968
3750 1961.92 -11484.7 687.838 -2.74087
3760 2001.36 -13050.3 688.58 -2.74213
3770 1987.29 -13311.9 689.105 -2.74354
3780 1939.37 -12585.7 689.408 -2.74506
3790 1806.64 -7578.78 689.511 -2.74646
3800 1715.62 -2942.64 689.493 -2.74748
3810 1690.34 -1026.15 689.427 -2.74804
3820 1556.07 1914.35 689.354 -2.74807
3830 1634.84 336.409 689.311 -2.74754
3840 1846.58 -6694.57 689.272 -2.74651
3850 2031.34 -12675 689.131 -2.7455
3860 2152.87 -16909.8 688.79 -2.74503
3870 2077.19 -18313.8 688.185 -2.74543
3880 1734.51 -11123.4 687.31 -2.7462
3890 1563.03 -7560.97 686.264 -2.74652
3900 1685.89 -8056.56 685.112 -2.74626
3910 1801.67 -6782.49 683.856 -2.74562
3920 1858.77 -3365.5 682.518 -2.74482
3930 1845.5 480.506 681.155 -2.744
3940 1697.19 4370.05 679.829 -2.74308
3950 1642.48 5583.19 678.596 -2.74196
3960 1643.12 5464.64 677.478 -2.7405
3970 1663.69 6227.25 676.472 -2.73873
3980 1891.29 323.092 675.577 -2.73677
3990 2082.45 -5217.17 674.708 -2.73502
4000 1949.92 -2877.98 673.789 -2.73388
4010 1818.88 -2806.37 672.842 -2.73315
4020 1808.74 -3705.98 671.87 -2.73249
4030 1859.45 -2061.96 670.867 -2.73174
4040 2091.1 -7512.76 669.843 -2.73113
4050 2238.57 -12903.6 668.725 -2.73126
4060 2116.79 -8389.09 667.446 -2.73233
4070 1913.36 -2735.95 666.065 -2.73367
4080 1822.45 -243.996 664.668 -2.7348
4090 1741.81 4326.43 663.299 -2.73557
4100 1560.07 14134 662.034 -2.73566
4110 1619.04 17131.5 661 -2.73502
4120 1975.85 12682.9 660.238 -2.73405
4130 2097.58 14297.9 659.696 -2.73332
4140 1957.49 19125.5 659.389 -2.73321
4150 1747.17 25117.3 659.384 -2.73337
4160 1666 29889.1 659.764 -2.73348
4170 1753.93 28515.2 660.589 -2.73347
4180 1828.23 25823.6 661.841 -2.73342
4190 1832.4 23635.7 663.478 -2.73344
4200 1886.55 17744.4 665.459 -2.73351
4210 1974.14 9844.16 667.692 -2.73348
4220 2019.74 5764.55 670.065 -2.7335
4230 2023.02 200.612 672.503 -2.73373
4240 1930.49 -4609.77 674.922 -2.73402
4250 1744.22 -4500.14 677.251 -2.73422
4260 1721.57 -6239.29 679.484 -2.73411
4270 1871.96 -11018.9 681.588 -2.73357
4280 1921.73 -12931.8 683.497 -2.73288
4290 1854.48 -8920.93 685.185 -2.73239
4300 1846.54 -9781.06 686.7 -2.73203
4310 1693.48 -6756.85 688.05 -2.73155
4320 1752.17 -9429.84 689.263 -2.73089
4330 1874.12 -12049.3 690.31 -2.72992
4340 1895.37 -13006.3 691.15 -2.72903
4350 1780.96 -12775.9 691.767 -2.72831
4360 1592.53 -8338.67 692.176 -2.72753
4370 1738.83 -10228 692.435 -2.72644
4380 2049.4 -17855.2 692.516 -2.72508
4390 2272 -21204.3 692.31 -2.72431
4400 2238.74 -16887.2 691.773 -2.72474
4410 2059.29 -10210.6 690.973 -2.72607
4420 1885.17 -3720.83 690.024 -2.7275
4430 1938.14 -4877.91 689.023 -2.72877
4440 2087.44 -9952.9 687.961 -2.7302
4450 2166.47 -14767.6 686.76 -2.73221
4460 2119.83 -17254.5 685.347 -2.73489
4470 2025.37 -17222 683.689 -2.7379
4480 2006.95 -18530.8 681.784 -2.74103
4490 1997.1 -18264.4 679.625 -2.74426
4500 1893.77 -17094.6 677.22 -2.74741
4510 1704.34 -11944.4 674.603 -2.74999
4520 1699.77 -9829.44 671.85 -2.7517
4530 1880.1 -13455.8 668.994 -2.75308
4540 1899.77 -14948.8 665.997 -2.75458
4550 1634.15 -7965.03 662.85 -2.75582
4560 1380.46 3505.58 659.661 -2.75585
4570 1448.43 4788.79 656.582 -2.75468
4580 1647.97 2278.21 653.64 -2.75286
4590 1802.02 4736.33 650.808 -2.7506
4600 1956.01 5989.94 648.11 -2.7482
4610 2044.45 6725.98 645.562 -2.74615
4620 2022.79 11087.1 643.177 -2.74461
4630 1907.62 18617 641.01 -2.74339
4640 1841.05 24651.5 639.159 -2.74217
4650 1907.74 24268.6 637.69 -2.74109
4660 1844.68 28672.3 636.609 -2.74023
4670 1731.5 29895.8 635.951 -2.7395
4680 1759.33 25845.2 635.726 -2.73883
4690 1780.74 23645 635.875 -2.73816
4700 1787.63 24397.4 636.364 -2.7375
4710 2009.44 19273 637.186 -2.73696
4720 2084.16 15255.3 638.275 -2.73675
4730 1903.28 16156.1 639.576 -2.7371
4740 1691.57 18782.4 641.096 -2.73764
4750 1730.28 15821.3 642.86 -2.73796
4760 1922.49 9895.97 644.828 -2.73789
4770 2066.46 6426.43 646.919 -2.73778
4780 2171.88 3805.06 649.082 -2.73812
4790 2199.3 1290.72 651.276 -2.73911
4800 2088.19 2994.72 653.47 -2.74077
4810 1948.95 2200.46 655.681 -2.74271
4820 1841.86 181.911 657.897 -2.74441
4830 1794.02 -1720.65 660.09 -2.74569
4840 1832.7 -5711.78 662.227 -2.7465
4850 1845.08 -5342.61 664.256 -2.74703
4860 1787.41 -2316.85 666.184 -2.74744
4870 1745.48 -1412.48 668.049 -2.74767
4880 1756.7 -678.836 669.869 -2.74759
4890 1978.05 -5531.69 671.647 -2.74728
4900 2131.29 -10837.4 673.318 -2.74702
4910 2022.95 -11899.8 674.802 -2.74729
4920 1762.57 -6282.29 676.092 -2.74781
4930 1755.58 -5877.73 677.258 -2.74813
4940 1944.63 -8824.08 678.312 -2.74817
4950 2023.64 -7803.91 679.221 -2.74834
4960 1980.6 -7696.01 679.992 -2.74883
4970 1857.29 -4497.5 680.638 -2.74948
4980 1766.27 -1829.47 681.207 -2.75003
4990 1688.86 -569.383 681.739 -2.75025
5000 1684.29 -1560.1 682.256 -2.75006
5010 1857.06 -7047.74 682.738 -2.7495
5020 2053.44 -10772.5 683.106 -2.7489
5030 2105.5 -10694.7 683.304 -2.74878
5040 2015.05 -10260.2 683.332 -2.74927
5050 1838.37 -6574.86 683.205 -2.74997
5060 1870.14 -7161.42 682.973 -2.75053
5070 2118.87 -11889.6 682.628 -2.75118
5080 2185.19 -12285.7 682.109 -2.75245
5090 1951.25 -3678.7 681.421 -2.7542
5100 1740.16 3877.91 680.69 -2.75561
5110 1710.21 5699.44 680.031 -2.75651
5120 1620.14 10366.8 679.487 -2.75683
5130 1566.94 12931.5 679.12 -2.75659
5140 1598.17 13429 678.969 -2.75584
5150 1719.42 11398.5 679.039 -2.75466
5160 1848.42 4588.09 679.288 -2.75324
5170 1876.7 -1129.13 679.615 -2.75184
5180 1860.52 -5225.31 679.926 -2.7506
5190 1846.11 -7077.99 680.157 -2.7495
5200 1836.23 -6615 680.279 -2.74849
5210 1821.29 -5349.11 680.3 -2.74755
5220 1802.71 -3448.7 680.24 -2.74663
5230 1792.13 -3958.22 680.129 -2.74569
5240 1755.13 -4968.31 679.961 -2.74469
5250 1784.28 -5621.22 679.722 -2.74359
5260 1893.14 -9181.25 679.396 -2.74247
5270 1888.9 -8467.77 678.942 -2.7415
5280 1798.99 -3512.6 678.371 -2.74069
5290 1784.83 -3118.27 677.752 -2.73984
5300 1826.18 -2993.98 677.1 -2.73894
5310 1735.42 489.589 676.422 -2.73798
5320 1690.57 1561.85 675.765 -2.73686
5330 1846.35 -1639.89 675.142 -2.73556
5340 1883.98 -798.651 674.516 -2.73426
5350 1798.4 2438.41 673.897 -2.73311
5360 1685.6 4590.79 673.332 -2.73198
5370 1635.18 4890.04 672.85 -2.73065
5380 1708.52 4526.39 672.458 -2.72904
5390 1874.04 2804.34 672.147 -2.72721
5400 2059.47 -2327.57 671.886 -2.72551
5410 2145.42 -6417.2 671.6 -2.72441
5420 2059.58 -6013.82 671.232 -2.72414
5430 1933.44 -5487.58 670.781 -2.72436
5440 1922.6 -5117.55 670.258 -2.72474
5450 2042.3 -8832.32 669.663 -2.72524
5460 2182.87 -11338.4 668.948 -2.72627
5470 2181.58 -8071.65 668.083 -2.72797
5480 2089.78 -4161.63 667.114 -2.73023
5490 1807.54 4749.38 666.113 -2.73232
5500 1662.21 6860.23 665.195 -2.73371
5510 1613.72 8087.35 664.404 -2.73443
5520 1561.67 11725.1 663.759 -2.73446
5530 1641.36 10032.8 663.301 -2.73391
5540 1788.35 8747.76 663.011 -2.73297
5550 1882.3 5237.03 662.861 -2.73191
5560 1874.51 6782.91 662.805 -2.73097
5570 1903.9 9559.41 662.863 -2.73019
5580 2015.81 5458.69 663.061 -2.72962
5590 2032.11 6038.16 663.355 -2.72942
5600 2051.64 4141.06 663.739 -2.72966
5610 2115.6 -698.735 664.182 -2.73035
5620 2073.07 353.123 664.624 -2.73152
5630 1881 5272.25 665.076 -2.73298
5640 1612.4 12190 665.611 -2.73411
5650 1606.62 10684 666.32 -2.73467
5660 1753.76 5448.47 667.185 -2.73462
5670 1873.86 3096.53 668.133 -2.73425
5680 1963.3 29.7503 669.12 -2.73386
5690 2038.55 -3128.92 670.1 -2.73369
5700 1972.61 -3870.58 671.027 -2.73387
5710 1830.71 -123.385 671.895 -2.73421
5720 1885.3 -2780.81 672.743 -2.73451
5730 1932.41 -6141.32 673.543 -2.73471
5740 1950.62 -8079.52 674.242 -2.73498
5750 2018.58 -12020.8 674.805 -2.73541
5760 2047.8 -11802.7 675.184 -2.73615
5770 2068.43 -15150.3 675.368 -2.73728
5780 1992.19 -16138.3 675.319 -2.73878
5790 1700.96 -8989.93 675.033 -2.74021
5800 1458.99 -3297.96 674.611 -2.74092
5810 1482.2 -1409.23 674.144 -2.74078
5820 1600.93 -3939.15 673.66 -2.7399
5830 1807.43 -6410.57 673.126 -2.73856
5840 1851.74 -5711.75 672.511 -2.7371
5850 1896.41 -6813.89 671.817 -2.7358
5860 2038.02 -7630.72 671.034 -2.73476
5870 2147.49 -6748.84 670.152 -2.73423
5880 2123.51 -3586.7 669.188 -2.73444
5890 1955.06 2163.27 668.195 -2.73511
5900 1763.62 8025.5 667.257 -2.73572
5910 1709.1 10379.4 666.461 -2.73592
5920 1808.27 6301.48 665.833 -2.73581
5930 1904.53 2123.72 665.318 -2.7356
5940 1945.13 -1471.81 664.852 -2.73549
5950 2015.95 -6910.9 664.372 -2.73563
5960 2090.75 -9085.59 663.804 -2.73619
5970 2105.29 -9092.65 663.115 -2.73725
5980 2042.28 -8901.26 662.304 -2.7388
5990 1903.49 -6191.31 661.381 -2.74042
6000 1858.5 -6739.35 660.378 -2.74194
6010 1723.68 -2708.47 659.301 -2.74305
6020 1736.72 453.583 658.207 -2.74365
6030 1855.04 -98.114 657.136 -2.74387
6040 1957.72 -464.013 656.087 -2.74405
6050 1955.89 746.202 655.057 -2.74437
6060 1893.28 3139.01 654.062 -2.7448
6070 1823.1 4252.47 653.134 -2.74513
6080 1869.37 3387.77 652.287 -2.74534
6090 1938.02 3747.41 651.512 -2.74553
6100 1991.58 3746.87 650.808 -2.74581
6110 2159.73 3443.16 650.177 -2.74647
6120 2155.85 4974.01 649.615 -2.74777
6130 1940.39 10338.3 649.146 -2.74943
6140 1798.99 14428.5 648.841 -2.75088
6150 1802.08 12462.8 648.749 -2.75202
6160 1741.16 14634.1 648.853 -2.75283
6170 1783.71 13102.2 649.17 -2.75331
6180 1993.07 6748.38 649.674 -2.75366
6190 2024.06 7725.82 650.287 -2.75418
6200 1920.86 10326.5 651.012 -2.75504
6210 1786.71 14873.1 651.89 -2.75593
6220 1734.9 17435 652.979 -2.75667
6230 1786.29 18047.9 654.317 -2.7572
6240 1867.55 14152.4 655.906 -2.75757
6250 1852.71 11039.4 657.697 -2.75784
6260 1811.5 6858.56 659.636 -2.75798
6270 1833.16 2324.06 661.662 -2.75787
6280 1895.38 -1653.96 663.706 -2.75754
6290 1938.06 -4440.35 665.707 -2.75717
6300 1910.1 -6056.57 667.622 -2.75688
6310 1819.04 -6050.37 669.428 -2.75665
6320 1729.92 -6596.59 671.121 -2.75632
6330 1628.56 -6293.26 672.696 -2.75571
6340 1482.73 -3585.66 674.16 -2.75475
6350 1402.23 -3230.05 675.549 -2.75332
6360 1498.55 -6072.19 676.868 -2.75124
6370 1646.59 -10326.6 678.075 -2.74846
6380 1730.27 -11861.2 679.109 -2.74534
6390 1722.43 -9715.72 679.949 -2.74229
6400 1710.15 -9519.71 680.622 -2.73942
6410 1713.63 -7351.19 681.14 -2.73664
6420 1680.55 -3609.45 681.541 -2.73396
6430 1672.5 -775.489 681.88 -2.73134
6440 1658.18 1141.66 682.207 -2.72869
6450 1806.74 -36.8584 682.547 -2.72598
6460 1951.44 808.004 682.892 -2.72326
6470 2083.54 -963.992 683.246 -2.72099
6480 2091.34 -2676.03 683.587 -2.71945
6490 1973.8 -1221.69 683.889 -2.71867
6500 1970.74 -1214.59 684.172 -2.71831
6510 2081.49 -2618.73 684.435 -2.71826
6520 2100.92 462.3 684.666 -2.71874
6530 1972.83 5148.89 684.909 -2.71967
6540 1806.95 9108.09 685.237 -2.72069
6550 1694.15 11687.6 685.715 -2.72139
6560 1846.1 7199.83 686.372 -2.72174
6570 2036.06 -95.3524 687.141 -2.72195
6580 2019.11 -4289.03 687.909 -2.72239
6590 1910.47 -5866 688.604 -2.72304
6600 1890.14 -9245.24 689.197 -2.72368
6610 1940.06 -12992 689.634 -2.72428
6620 1963.59 -13604.4 689.86 -2.72497
6630 1996.78 -15563.4 689.86 -2.72586
6640 1915.38 -15635.4 689.613 -2.72694
6650 1825.58 -11229.6 689.122 -2.72801
6660 1819.76 -4878.88 688.462 -2.72878
6670 1922.63 -2406.7 687.732 -2.72935
6680 1956.93 949.139 686.981 -2.72995
6690 1788.85 8581.33 686.271 -2.73048
6700 1708.36 10602.7 685.71 -2.73069
6710 1812.38 5609.22 685.326 -2.73059
6720 1915.54 3636.71 685.051 -2.73039
6730 1921.95 3563.77 684.848 -2.7303
6740 1843.08 2923.69 684.712 -2.73029
6750 1804.22 -490.263 684.626 -2.73025
6760 1732.66 -1728.57 684.544 -2.73002
6770 1783.51 -4526.31 684.438 -2.72957
6780 1901.7 -7899.76 684.263 -2.72899
6790 1922.39 -5420.99 683.978 -2.72851
6800 1939.77 -3687.1 683.612 -2.72821
6810 1922.05 -2000.38 683.198 -2.72811
6820 1771.7 427.802 682.767 -2.72802
6830 1854.63 -5592.86 682.341 -2.72783
6840 2055.32 -13768.5 681.834 -2.7277
6850 2196.18 -17878.5 681.124 -2.72818
6860 2314.44 -18249.7 680.149 -2.72966
6870 2355.79 -17689 678.903 -2.73239
6880 2186.51 -11232.1 677.41 -2.73607
6890 1798.64 575.653 675.777 -2.73934
6900 1599.17 6590.51 674.178 -2.74138
6910 1562.02 7022.01 672.708 -2.7424
6920 1652.02 6432.24 671.379 -2.74269
6930 1805.37 2107.97 670.17 -2.74257
6940 1855.36 565.297 669.025 -2.74234
6950 1806.9 -707.669 667.913 -2.74209
6960 1814.1 -2588.14 666.813 -2.74178
6970 1931.31 -4286.69 665.696 -2.74142
6980 2088.94 -5609.57 664.539 -2.74131
6990 2111.02 -3267.66 663.326 -2.74174
7000 2017.26 1083.89 662.092 -2.74256
7010 2029.74 540.992 660.894 -2.74363
7020 2061.74 -727.61 659.73 -2.74499
7030 2010.02 -659.14 658.582 -2.74662
7040 1895.84 511.916 657.451 -2.74826
7050 1814.44 3768.73 656.355 -2.74962
7060 1796.26 4787.13 655.335 -2.75061
7070 1726.33 5679.52 654.409 -2.75123
7080 1703.18 6557.23 653.588 -2.75141
7090 1754.91 8350.3 652.884 -2.75122
7100 1753.7 11949.6 652.324 -2.75075
7110 1708.77 16883.1 651.957 -2.75007
7120 1754.72 18352.3 651.846 -2.74919
7130 1966.27 11890.8 652.001 -2.74823
7140 2181.65 8549.1 652.343 -2.74758
7150 2266.44 5481.88 652.812 -2.7478
7160 2104.63 5434.35 653.368 -2.74896
7170 1800.88 8467.55 654.006 -2.7504
7180 1641.37 10324.9 654.766 -2.75147
7190 1659.22 8659.61 655.67 -2.75196
7200 1696.2 12452.3 656.706 -2.75201
7210 1671 16139.6 657.919 -2.75181
7220 1748.6 16681.9 659.361 -2.75144
7230 1743.34 17880.6 661.046 -2.75093
7240 1733.72 16545.6 662.984 -2.7504
7250 1781.39 11806.7 665.154 -2.74966
7260 1872.12 7060.97 667.487 -2.7487
7270 1934.17 4225.42 669.911 -2.74768
7280 1900.05 2586.06 672.38 -2.74686
7290 1792.68 829.176 674.867 -2.74616
7300 1718.94 -1363.37 677.343 -2.74535
7310 1744.58 -7120.45 679.767 -2.74415
7320 1881.85 -12120.7 682.054 -2.74257
7330 1941.5 -12844.1 684.127 -2.74097
7340 1755.48 -7145.74 685.978 -2.73978
7350 1523.19 -1640.28 687.694 -2.73877
7360 1553.73 -4461.72 689.352 -2.73738
7370 1733.41 -9349.67 690.916 -2.73533
7380 1835.84 -11527.1 692.312 -2.73297
7390 1749.65 -10260.2 693.506 -2.73078
7400 1535.4 -6300.55 694.522 -2.7288
7410 1462.7 -4117 695.419 -2.72673
7420 1583.61 -7971.23 696.229 -2.72416
7430 1806.44 -13782.5 696.896 -2.72106
7440 2007.04 -15035.9 697.331 -2.7179
7450 2131.53 -15696.4 697.512 -2.71536
7460 2102.75 -13102.4 697.436 -2.71383
7470 1919.56 -6439.77 697.152 -2.71311
7480 1844.52 -1987.23 696.767 -2.71266
7490 1941.95 -2773.22 696.354 -2.71225
7500 2064.8 -5547.88 695.902 -2.71208
7510 2072.45 -2334.4 695.382 -2.71235
7520 2105.04 -1571.23 694.833 -2.71312
7530 2112.5 -764.767 694.273 -2.7144
7540 1968.41 3728.51 693.721 -2.71599
7550 1772.32 9111.26 693.25 -2.71736
7560 1745.23 12785.7 692.941 -2.71832
7570 1690.78 13528.6 692.852 -2.71885
7580 1760.26 9039.73 692.99 -2.71899
7590 1958.64 -711.554 693.274 -2.71891
7600 2060.75 -7275.73 693.553 -2.71895
7610 2207.25 -13355.9 693.713 -2.71949
7620 2447.69 -19900.6 693.653 -2.7211
7630 2445.76 -18956.4 693.279 -2.72437
7640 2100.65 -8986.83 692.614 -2.72851
7650 1805.3 -982.326 691.815 -2.73199
7660 1798.55 -2920.01 691.001 -2.73471
7670 1731.01 -1387.14 690.166 -2.73681
7680 1713.23 -2825.56 689.323 -2.73823
7690 1788.49 -7603.29 688.446 -2.73924
7700 1761.4 -7803.73 687.472 -2.73998
7710 1734.46 -6434.22 686.393 -2.74033
7720 1957.22 -11820.5 685.222 -2.7405
7730 2220.25 -18351.2 683.883 -2.74112
7740 2253.84 -19413.4 682.282 -2.74281
7750 2009.72 -13578.3 680.412 -2.74525
7760 1624.74 -2210.7 678.373 -2.74708
7770 1714.06 -80.1459 676.326 -2.74793
7780 2012.72 -2612.83 674.315 -2.74849
7790 2116.13 -3903.88 672.308 -2.74941
7800 1968.82 -159.613 670.291 -2.7507
7810 1784.59 4205.28 668.315 -2.75177
7820 1747.15 6682.34 666.443 -2.75234
7830 1780.15 8244.87 664.714 -2.75251
7840 1691.07 12790.5 663.152 -2.75232
7850 1576.93 17746.2 661.819 -2.75162
7860 1624.89 16524.9 660.777 -2.75046
7870 1783.1 11592.5 660.004 -2.749
7880 1960.73 8242.14 659.427 -2.74751
7890 2056.17 5551.08 658.992 -2.74636
7900 1990.52 6120.31 658.657 -2.74578
7910 1863.69 10710.7 658.433 -2.74555
7920 1878.16 10142.4 658.372 -2.74539
7930 1962.52 6913.15 658.468 -2.74532
7940 1957.36 5574.4 658.675 -2.74545
7950 1898.77 4938.11 658.971 -2.74575
7960 1904.6 4688.28 659.344 -2.74608
7970 2036.52 2117.67 659.782 -2.74651
7980 2085.87 3713.14 660.26 -2.74726
7990 2072.54 3823.93 660.792 -2.74848
8000 2042.19 1350.68 661.376 -2.75001
8010 1995.74 -748.072 661.979 -2.7517
8020 1979.89 -3793.32 662.567 -2.75343
8030 1947.67 -2970.81 663.101 -2.75513
8040 1957.43 -2734.73 663.586 -2.75678
8050 2000.57 -5001.46 664.024 -2.75846
8060 1923.45 -4283.76 664.39 -2.76013
8070 1847.39 -4163.34 664.689 -2.76165
8080 1759.79 -3175.7 664.926 -2.76284
8090 1659.51 -1620.86 665.118 -2.76358
8100 1510.86 1754.72 665.289 -2.76374
8110 1437.33 3749.54 665.488 -2.76322
8120 1563.53 1657.9 665.74 -2.762
8130 1740.57 -1685.47 666.018 -2.76019
8140 1867.44 -4416.22 666.272 -2.75815
8150 1932.28 -7201.57 666.459 -2.75628
8160 1919.19 -7477.85 666.542 -2.75475
8170 1903.27 -6504.25 666.515 -2.75357
8180 1959.13 -6314.07 666.392 -2.75264
8190 2010.77 -3709.19 666.183 -2.75205
8200 1865.03 3794.41 665.933 -2.75176
8210 1761.43 8605.38 665.748 -2.75151
8220 1818.32 5959.79 665.692 -2.75111
8230 1881.02 2914.66 665.736 -2.7506
8240 1986.36 -1579.43 665.828 -2.75019
8250 2067.99 -4351.44 665.902 -2.75009
8260 2074.75 -2595.66 665.92 -2.75046
8270 2085.71 433.116 665.907 -2.75132
8280 2036.83 1971 665.904 -2.7526
8290 1899.12 4866.15 665.94 -2.75399
8300 1843.57 3085.77 666.051 -2.75525
8310 1781.27 1593.93 666.213 -2.75623
8320 1638.08 4168.24 666.409 -2.75679
8330 1649.95 4114.8 666.669 -2.75685
8340 1742.39 708.946 666.988 -2.75642
8350 1844.75 -2082.31 667.321 -2.75573
8360 1930.74 -6488.17 667.621 -2.75501
8370 1947.55 -8824.87 667.824 -2.75446
8380 1912.88 -8445.08 667.896 -2.75417
8390 1877.74 -6366.79 667.844 -2.75403
8400 1858.38 -2476.24 667.703 -2.75393
8410 1836.01 440.633 667.529 -2.75379
8420 1823.1 1012.16 667.367 -2.75359
8430 1778.01 4116.05 667.233 -2.75328
8440 1768.08 6267.74 667.168 -2.75281
8450 1842.71 7858.82 667.208 -2.75219
8460 1919.88 4711.36 667.367 -2.75158
8470 1872.08 6285.12 667.61 -2.75111
8480 1835.88 6470.29 667.951 -2.75075
8490 1786.01 5592.74 668.391 -2.75035
8500 1748.45 9057.37 668.926 -2.74987
8510 1736.99 9729.9 669.596 -2.74924
8520 1852.59 4593.29 670.405 -2.74843
8530 1947.89 3990.36 671.288 -2.74757
8540 1950.38 2174.17 672.228 -2.74696
8550 1970.48 -3589.83 673.189 -2.74657
8560 1903.13 -2464.61 674.098 -2.74637
8570 1822.31 2027.12 674.966 -2.74631
8580 1886.45 2848.83 675.855 -2.74626
8590 1921.14 3670.47 676.783 -2.74622
8600 1913.88 6278.39 677.768 -2.74634
8610 1973.32 5416.82 678.842 -2.74661
8620 2027.59 3740.57 679.994 -2.74709
8630 1994.53 3592.35 681.199 -2.74784
8640 1959.66 4592.58 682.457 -2.74881
8650 2013.47 710.827 683.771 -2.74989
8660 1993.8 -2386.85 685.089 -2.75106
8670 1900.55 -4215.41 686.359 -2.75225
8680 1817.97 -7099.86 687.548 -2.75323
8690 1714.59 -8846.32 688.611 -2.75386
8700 1576.75 -8326.33 689.524 -2.75399
8710 1510.53 -7916.11 690.29 -2.75357
8720 1525.45 -7093.74 690.921 -2.75253
8730 1567.57 -6534.32 691.429 -2.75098
8740 1515.62 -3288.21 691.831 -2.74903
8750 1467.36 -623.049 692.176 -2.74677
8760 1700.74 -5043.45 692.5 -2.74402
8770 1866.75 -7406.09 692.744 -2.74087
8780 1821.66 -5071.32 692.873 -2.73801
8790 1672.61 -1649.71 692.923 -2.73558
8800 1613.22 -1004.69 692.946 -2.73326
8810 1694.23 -3564.85 692.953 -2.73076
8820 1760.22 -5001.59 692.906 -2.72812
8830 1840.63 -4990.32 692.786 -2.72554
8840 1937.44 -8901.33 692.583 -2.72317
8850 2041.76 -13275 692.24 -2.72124
8860 2146.35 -18814.9 691.685 -2.72007
8870 2189.92 -18524.7 690.841 -2.71989
8880 2110.4 -12994.7 689.716 -2.7206
8890 1918.32 -9211.86 688.398 -2.72172
8900 1722.74 -3532.58 686.961 -2.72265
8910 1709.15 868.778 685.491 -2.72301
8920 1761.8 3321.53 684.062 -2.72293
8930 1572.94 12330.9 682.728 -2.72235
8940 1531.73 15594.3 681.611 -2.72124
8950 1700.92 12213.9 680.76 -2.71958
8960 2019.58 5045.09 680.119 -2.71774
8970 2134.49 2061.44 679.582 -2.71634
8980 2059.74 3982.21 679.099 -2.71572
8990 2066.87 4390.69 678.693 -2.7157
9000 2191.67 2871.23 678.367 -2.71625
9010 2277.86 3052.99 678.1 -2.71765
9020 2117.6 8751.19 677.903 -2.71981
9030 2043.58 7332.14 677.845 -2.7222
9040 2151.8 -1528.86 677.9 -2.72486
9050 2077.56 -3253.23 677.948 -2.72785
9060 1881.6 -1182.48 677.955 -2.7306
9070 2108.16 -8703.66 677.934 -2.7332
9080 2249.04 -14338.8 677.784 -2.7363
9090 2133.41 -12851 677.423 -2.73996
9100 1936.71 -7857.29 676.874 -2.7435
9110 1808.52 -3585.68 676.212 -2.74644
9120 1728.78 1680.32 675.512 -2.74863
9130 1719.86 3713.82 674.85 -2.75011
9140 1712.46 2137.67 674.257 -2.75105
9150 1611.96 3743.66 673.717 -2.75144
9160 1665.36 2620.01 673.246 -2.75128
9170 1874.88 -1012.2 672.824 -2.75075
9180 1982.21 -575.659 672.405 -2.75025
9190 1888.52 4934.63 671.995 -2.74998
9200 1765.48 10210.6 671.676 -2.74974
9210 1814.52 9936.2 671.518 -2.74937
9220 1921.07 9572.72 671.525 -2.74893
9230 1923.46 9152.13 671.689 -2.74864
9240 1890.98 7421.75 671.999 -2.74852
9250 1926.62 3915.32 672.425 -2.74848
9260 1977.97 -1437.19 672.91 -2.74855
9270 2008.86 -4589.16 673.375 -2.74883
9280 1995.95 -7071.13 673.768 -2.74937
9290 1927.69 -10560.8 674.048 -2.7501
9300 1852.79 -12391.9 674.166 -2.75085
9310 1807.97 -14177 674.092 -2.75146
9320 1850.96 -16156.7 673.799 -2.75195
9330 1934.04 -15552.4 673.266 -2.75239
9340 2100.15 -15553.4 672.498 -2.75311
9350 2100.72 -12545.3 671.509 -2.7543
9360 2031.09 -9046.9 670.346 -2.75592
9370 1844.79 -4874.28 669.068 -2.75754
9380 1710.62 -3869.03 667.735 -2.75872
9390 1765.37 -4046.03 666.369 -2.75942
9400 1947.1 -7969.25 664.962 -2.75993
9410 2066.43 -9916.67 663.465 -2.7607
9420 2019.45 -9105.97 661.849 -2.76189
9430 1843.06 -3759.43 660.135 -2.7631
9440 1842.86 -3536.07 658.392 -2.76402
9450 1914.89 -4236.88 656.63 -2.76483
9460 1905.38 -3612.27 654.842 -2.76562
9470 1865.04 -2308.15 653.039 -2.76632
9480 1861.13 -1599.05 651.237 -2.76693
9490 1801.56 3426.24 649.455 -2.76729
9500 1725.95 10126.9 647.762 -2.76723
9510 1731.11 13035.9 646.247 -2.76668
9520 1941.82 9132.48 644.943 -2.76597
9530 2064.61 6770.04 643.802 -2.76552
9540 2044.81 9080.8 642.789 -2.7656
9550 1846.8 14840.3 641.934 -2.76598
9560 1767.75 14558.6 641.304 -2.76615
9570 2007.43 7833.6 640.888 -2.76629
9580 2101.91 6077.31 640.605 -2.76671
9590 2099.7 6234.18 640.421 -2.7677
9600 2016.33 8612.05 640.336 -2.76906
9610 1958.16 9681.16 640.381 -2.77061
9620 1872.04 12233.5 640.572 -2.77211
9630 1796.24 13513.5 640.94 -2.77339
9640 1826.74 9941.49 641.494 -2.77441
9650 1788 10555 642.194 -2.77518
9660 1663.96 12949.8 643.045 -2.77572
9670 1564.72 12535.7 644.072 -2.7758
9680 1749.89 6373.62 645.264 -2.77534
9690 1916.35 1924.22 646.541 -2.77445
9700 1815.8 4745.04 647.843 -2.77369
9710 1565.2 12376.8 649.211 -2.77311
9720 1452.56 14759.1 650.741 -2.77238
9730 1604.12 10037.7 652.464 -2.77106
9740 1744.35 8106.9 654.326 -2.76913
9750 1908.98 2813.28 656.285 -2.76698
9760 1994.08 -1111.57 658.271 -2.76486
9770 1996.37 -3143.02 660.224 -2.76318
9780 1945.08 -4560.45 662.112 -2.76195
9790 1910.36 -5369.36 663.914 -2.76104
9800 1938.83 -6311.13 665.615 -2.76031
9810 2016.41 -8933.32 667.2 -2.75979
9820 2018.69 -9231.33 668.635 -2.7596
9830 1884.44 -5327.3 669.919 -2.75978
9840 1636.39 -359.337 671.109 -2.76
9850 1393.32 5367.02 672.284 -2.75982
9860 1397.56 4055.15 673.521 -2.75899
9870 1626.33 -2128.5 674.804 -2.75725
9880 1785.22 -6505.02 676.044 -2.75487
9890 1863.35 -10989.9 677.167 -2.75237
9900 1735.5 -9377.61 678.114 -2.75011
9910 1597.89 -5588.3 678.905 -2.7481
9920 1556.49 -3507.26 679.599 -2.74596
9930 1725.75 -5433.79 680.224 -2.7435
9940 1789.75 -4677.58 680.763 -2.7408
9950 1821.42 -4712.54 681.222 -2.73828
9960 1753.77 -4088.55 681.603 -2.73598
9970 1641.97 662.057 681.927 -2.73385
9980 1776.6 -2219.62 682.25 -2.73164
9990 1997.17 -7700.35 682.533 -2.7293
10000 1974.76 -5467.72 682.705 -2.72737
