# Time-averaged data for fix 2
# TimeStep c_mytemp c_mypress v_vmyvol v_avgEtotal
10 1669 20743.5 610.12 -2.86346
20 1602.16 22371.3 610.475 -2.86395
30 1600.05 22270.8 611.182 -2.86474
40 1693.31 19274.9 612.234 -2.8658
50 1800.4 13808.6 613.577 -2.86725
60 1815.32 11007.6 615.132 -2.86922
70 1787.51 6838.77 616.842 -2.87167
80 1739.5 1659.46 618.639 -2.87428
90 1676.26 51.3793 620.445 -2.87686
100 1632.7 865.985 622.232 -2.87937
110 1603.27 1290.21 624.007 -2.88177
120 1507.86 2832.49 625.783 -2.88393
130 1347.77 5147.62 627.582 -2.88565
140 1273.91 4155.81 629.439 -2.88672
150 1373.15 -2397.22 631.331 -2.88707
160 1457.29 -6304.77 633.161 -2.88685
170 1479.46 -8929.08 634.859 -2.88639
180 1464.76 -9041.49 636.383 -2.88583
190 1455.87 -8428.54 637.731 -2.88524
200 1475.35 -9580 638.91 -2.88457
210 1439.88 -10906.7 639.907 -2.88384
220 1352.95 -11355.2 640.702 -2.88302
230 1339.34 -9633.45 641.291 -2.88205
240 1315.68 -6267.54 641.708 -2.88085
250 1406.64 -7417.91 642.004 -2.87943
260 1513.39 -8720.07 642.169 -2.87785
270 1415.5 -5972.65 642.189 -2.87641
280 1253.59 -459.736 642.114 -2.87505
290 1218.54 1392.89 642.029 -2.87351
300 1337.32 1003.16 641.973 -2.87156
310 1479.5 -1928.67 641.935 -2.86931
320 1551.48 -2945.58 641.874 -2.8671
330 1515.76 -877.147 641.771 -2.86523
340 1406.65 2712.51 641.663 -2.86365
350 1355.74 5702.94 641.61 -2.86216
360 1430.77 2962.55 641.652 -2.86054
370 1516.32 859.879 641.754 -2.85886
380 1532.55 781.523 641.878 -2.85732
390 1506.46 2668.9 642.021 -2.85602
400 1510.78 2635.34 642.212 -2.8549
410 1487.03 3009.04 642.452 -2.85388
420 1454.19 3383.55 642.745 -2.85296
430 1412.28 3794.79 643.099 -2.85203
440 1433.83 1695.91 643.516 -2.85101
450 1498.31 1362.52 643.965 -2.84989
460 1617.34 1941.94 644.436 -2.84885
470 1680.75 3742.34 644.942 -2.84812
480 1617.87 3566.28 645.508 -2.84786
490 1427.65 8338.61 646.145 -2.84787
500 1306.99 12075.8 646.922 -2.84779
510 1403.11 8047.2 647.896 -2.8474
520 1558.12 3054.36 649.004 -2.84669
530 1585.21 1020.05 650.159 -2.84601
540 1498.84 2111.89 651.327 -2.84554
550 1462.61 1121.25 652.516 -2.84513
560 1551.56 -2310.18 653.709 -2.84462
570 1616.44 -2923.07 654.852 -2.84415
580 1620.21 -952.363 655.933 -2.84395
590 1624.11 -506.797 656.984 -2.84406
600 1573.1 -63.0279 658.015 -2.84438
610 1495.4 491.494 659.036 -2.84473
620 1609.89 -5906.33 660.043 -2.84501
630 1712.7 -12142 660.932 -2.84535
640 1703.19 -15126.7 661.59 -2.84608
650 1613.86 -15729.6 661.965 -2.84715
660 1521.02 -16218.9 662.044 -2.84831
670 1393.56 -13201.5 661.829 -2.84931
680 1288.12 -9042.66 661.378 -2.84987
690 1326.12 -7692.67 660.766 -2.84992
700 1439.65 -9026.81 660.022 -2.8496
710 1494.95 -11027.2 659.127 -2.84915
720 1462.51 -12976.2 658.05 -2.84878
730 1431.79 -13190 656.76 -2.84843
740 1518.64 -14205.2 655.256 -2.84807
750 1594.92 -14542.8 653.525 -2.84785
760 1509.17 -8236.9 651.581 -2.84777
770 1435.71 -2698.6 649.529 -2.84752
780 1472.65 -1965.16 647.466 -2.84708
790 1377.07 2114.88 645.421 -2.84644
800 1314.57 5913.19 643.459 -2.84546
810 1420.14 3812.11 641.636 -2.84418
820 1571.59 154.883 639.919 -2.84283
830 1639.7 -3510.77 638.244 -2.8418
840 1555.49 -1673.36 636.556 -2.84117
850 1561.35 -1745.98 634.874 -2.84071
860 1727.49 -3043.19 633.199 -2.8405
870 1802.9 -2522 631.514 -2.84082
880 1769.86 -539.797 629.827 -2.84178
890 1698.44 3230.8 628.174 -2.84313
900 1657.08 4470.4 626.61 -2.84464
910 1652.12 6077.09 625.158 -2.84621
920 1676.92 4982.16 623.838 -2.84789
930 1682.99 4001.03 622.632 -2.84978
940 1655.68 5127.29 621.524 -2.85177
950 1583.74 7489.87 620.53 -2.85372
960 1616.88 8437.82 619.681 -2.85541
970 1917.13 4936.78 618.985 -2.85754
980 1960.07 6015.05 618.397 -2.8606
990 1825.76 8716.11 617.927 -2.86432
1000 1742.25 10383.9 617.612 -2.86811
1010 1743.49 9789.68 617.473 -2.87192
1020 1671.79 10071.7 617.505 -2.87567
1030 1471.24 14342.6 617.712 -2.87893
1040 1343.74 18815.2 618.157 -2.88138
1050 1412.67 15675.5 618.895 -2.88323
1060 1417.43 14738.2 619.888 -2.88465
1070 1393.39 14794 621.115 -2.88572
1080 1457.86 10966.2 622.568 -2.88647
1090 1454.77 8000.54 624.188 -2.88692
1100 1316.16 11236.3 625.936 -2.88718
1110 1234.42 10464.5 627.846 -2.88718
1120 1289.09 4315.44 629.902 -2.88661
1130 1334.93 298.529 632.012 -2.88541
1140 1444.57 -6188.78 634.1 -2.88377
1150 1565.13 -12751.4 636.056 -2.88179
1160 1580.86 -15589.9 637.776 -2.87992
1170 1507.3 -15415.3 639.208 -2.87841
1180 1420.01 -12950.1 640.359 -2.87717
1190 1499.62 -13647 641.265 -2.87599
1200 1598.14 -13073.1 641.924 -2.87486
1210 1615.77 -12022.7 642.347 -2.87407
1220 1504.27 -8135.55 642.562 -2.87361
1230 1378.92 -4799 642.636 -2.87324
1240 1305.41 -5940.2 642.619 -2.87266
1250 1238.66 -4226.54 642.509 -2.87176
1260 1214.48 -1847.76 642.331 -2.87049
1270 1258.14 -1064.37 642.125 -2.86881
1280 1310.29 1319.21 641.912 -2.86678
1290 1400.1 145.84 641.725 -2.8645
1300 1464.71 -2271.43 641.546 -2.86215
1310 1492.63 -2875.5 641.338 -2.85995
1320 1503.74 1047.76 641.096 -2.85794
1330 1578.76 4975.97 640.882 -2.85616
1340 1632.3 6599.73 640.76 -2.85468
1350 1543.44 10365.9 640.768 -2.85363
1360 1477 11511.2 640.958 -2.85289
1370 1463.17 11777.6 641.351 -2.85223
1380 1529.99 10073.9 641.949 -2.85159
1390 1588.34 7146.06 642.719 -2.85103
1400 1515.57 6673.94 643.615 -2.85067
1410 1415.6 5508.75 644.619 -2.85037
1420 1398.29 3658.2 645.713 -2.84992
1430 1452.29 -980.813 646.854 -2.84921
1440 1426.36 -2520.83 647.975 -2.84832
1450 1367.59 -3507.61 649.038 -2.84734
1460 1384.4 -4931.9 650.028 -2.84617
1470 1507.19 -9489.01 650.914 -2.84479
1480 1598.03 -14290 651.619 -2.84339
1490 1597.68 -15977 652.066 -2.84231
1500 1553.62 -17041.6 652.221 -2.84162
1510 1467.06 -16422.6 652.072 -2.84121
1520 1356 -14798.4 651.634 -2.84082
1530 1320.33 -14480.7 650.937 -2.84026
1540 1404.91 -16474.9 649.991 -2.83946
1550 1626.93 -19828.5 648.766 -2.83865
1560 1715.97 -18269 647.22 -2.83823
1570 1638.42 -13850.2 645.385 -2.83839
1580 1470.35 -7016.09 643.349 -2.83869
1590 1412.09 -3310.94 641.227 -2.83872
1600 1452.17 -889.199 639.091 -2.83844
1610 1481.22 877.721 636.985 -2.83794
1620 1456.23 4155.87 634.944 -2.8373
1630 1414.3 7936.1 633.019 -2.83645
1640 1364.3 12191.1 631.272 -2.83537
1650 1360.09 16136.9 629.77 -2.83398
1660 1474.38 16886.6 628.571 -2.83242
1670 1509.12 18109 627.684 -2.83089
1680 1485.76 20794.4 627.126 -2.82955
1690 1585.82 19739.9 626.927 -2.82844
1700 1743.5 14422.7 627.062 -2.82769
1710 1799.7 10243.1 627.446 -2.82761
1720 1750.34 6503.82 628.004 -2.82827
1730 1616.9 7374.58 628.677 -2.82936
1740 1571.08 8148.57 629.469 -2.83055
1750 1689.15 5808.82 630.389 -2.8318
1760 1766.11 3439.46 631.401 -2.83335
1770 1637.47 5634.41 632.469 -2.83526
1780 1352.08 11308.5 633.631 -2.83704
1790 1222.13 12356.2 634.97 -2.83819
1800 1440.87 4643.1 636.494 -2.83872
1810 1549.75 300.242 638.09 -2.83878
1820 1532.85 -2250.22 639.677 -2.83879
1830 1469.79 -2682.8 641.211 -2.83876
1840 1375.15 724.144 642.689 -2.83863
1850 1361.63 2463.83 644.161 -2.83831
1860 1463.23 170.005 645.656 -2.83771
1870 1605.27 -4479.12 647.133 -2.83691
1880 1583.25 -6278.66 648.522 -2.83623
1890 1472.67 -5938.29 649.786 -2.83575
1900 1398.56 -5614.83 650.93 -2.83527
1910 1374.59 -5909.16 651.959 -2.8346
1920 1325.04 -3170.21 652.876 -2.83372
1930 1309.98 -2217.48 653.724 -2.83262
1940 1332.68 -2466.85 654.521 -2.83124
1950 1336.33 -1290.84 655.269 -2.82964
1960 1348.79 -3423.42 655.981 -2.82786
1970 1361.2 -3486.58 656.629 -2.82592
1980 1468.03 -8754 657.199 -2.82387
1990 1528.42 -12375.9 657.605 -2.82179
2000 1446.9 -9173.96 657.794 -2.82001
2010 1455 -7510.32 657.813 -2.81844
2020 1564.93 -8868.15 657.692 -2.81691
2030 1542.92 -9086.98 657.418 -2.81562
2040 1529.37 -9438.54 656.985 -2.81463
2050 1611.87 -10086.9 656.391 -2.81383
2060 1767.93 -12936.2 655.622 -2.81342
2070 1854.08 -13987.7 654.639 -2.81378
2080 1844.46 -13553.5 653.424 -2.8151
2090 1786.67 -11015.7 651.995 -2.81712
2100 1773.2 -11163.8 650.393 -2.81962
2110 1744.24 -10670.2 648.625 -2.82253
2120 1592.22 -6791.85 646.711 -2.82539
2130 1557.71 -4129.59 644.714 -2.82783
2140 1652.96 -3436.82 642.685 -2.83005
2150 1718.67 -3593.42 640.637 -2.83241
2160 1658.88 -411.955 638.579 -2.83483
2170 1688.64 365.826 636.555 -2.83714
2180 1827.88 -3444.53 634.574 -2.8398
2190 1861.74 -3124.63 632.586 -2.84312
2200 1700.08 1225.02 630.597 -2.84661
2210 1465.37 3200.25 628.668 -2.84953
2220 1348.43 4960.71 626.836 -2.85148
2230 1541.76 1926 625.121 -2.85292
2240 1684.11 -414.183 623.475 -2.85446
2250 1610.67 3142.44 621.87 -2.85607
2260 1594.77 2232.03 620.345 -2.85758
2270 1629.32 3543.69 618.895 -2.85909
2280 1598.21 7727.94 617.54 -2.86053
2290 1537.71 12531.2 616.344 -2.86177
2300 1514.91 13184.4 615.371 -2.86281
2310 1478.49 15624.5 614.638 -2.86365
2320 1495.78 19228.8 614.178 -2.86429
2330 1586.7 20759.2 614.037 -2.86491
2340 1647.16 19281.6 614.234 -2.86576
2350 1568.39 20578.5 614.751 -2.86685
2360 1572.94 19080.4 615.594 -2.86809
2370 1634.88 13220.2 616.734 -2.86937
2380 1636.91 7857.36 618.079 -2.87072
2390 1563.8 6843.34 619.547 -2.87209
2400 1505.75 4954.12 621.11 -2.87333
2410 1487.78 2338.16 622.739 -2.87431
2420 1447.17 2628.52 624.393 -2.87502
2430 1478.56 2446.7 626.073 -2.87552
2440 1498.78 1413.97 627.775 -2.87581
2450 1524.68 -33.2344 629.482 -2.876
2460 1549.76 88.0698 631.174 -2.87614
2470 1511.85 -51.1303 632.848 -2.87631
2480 1421.12 481.363 634.504 -2.8764
2490 1420.49 -395.088 636.149 -2.87627
2500 1572 -3545.88 637.766 -2.87591
2510 1729.63 -5431.15 639.305 -2.87561
2520 1695.03 -4397.74 640.738 -2.87581
2530 1436.56 -1868.25 642.082 -2.87633
2540 1206.43 1097.02 643.379 -2.87659
2550 1227.68 -1314.89 644.672 -2.87628
2560 1361.66 -3808.87 645.929 -2.87535
2570 1459.59 -5773.49 647.103 -2.87406
2580 1445.7 -6383.95 648.165 -2.87271
2590 1352.19 -6497.33 649.102 -2.87138
2600 1312.98 -8871.37 649.909 -2.86995
2610 1374.09 -14229.4 650.543 -2.86824
2620 1472.38 -17242.4 650.918 -2.86638
2630 1534.82 -18537.2 650.982 -2.86463
2640 1474.05 -15898 650.721 -2.86322
2650 1271.13 -10274 650.186 -2.86204
2660 1053.92 -4898.38 649.479 -2.86073
2670 1073.15 -5240.07 648.692 -2.859
2680 1253.95 -9505.7 647.821 -2.85665
2690 1464.85 -11726.5 646.804 -2.85383
2700 1571.24 -12293 645.602 -2.85106
2710 1529.51 -9534.91 644.214 -2.84877
2720 1429.6 -4790.39 642.69 -2.84689
2730 1425.63 -2022.5 641.112 -2.8451
2740 1518.41 -1038.55 639.53 -2.84331
2750 1533.67 3725.77 637.971 -2.84159
2760 1498.31 8038.39 636.512 -2.83999
2770 1523.19 7699.77 635.216 -2.83854
2780 1579.15 6183.7 634.081 -2.83729
2790 1667.94 3739.44 633.078 -2.83635
2800 1784.8 421.858 632.16 -2.83594
2810 1843.88 -828.155 631.275 -2.83632
2820 1789.57 68.894 630.401 -2.83749
2830 1659.06 4293.64 629.555 -2.83905
2840 1653.99 7830.47 628.802 -2.84065
2850 1773.66 8351.18 628.194 -2.84245
2860 1886.93 8784.86 627.746 -2.84483
2870 1881.7 7638.3 627.457 -2.84796
2880 1742.58 8067.9 627.311 -2.85151
2890 1553.67 9595.19 627.311 -2.85478
2900 1507.1 7552.44 627.473 -2.85749
2910 1546.12 4852.41 627.764 -2.85981
2920 1546.44 3092.99 628.139 -2.86185
2930 1477.8 3529.59 628.57 -2.86359
2940 1391.79 6496.91 629.063 -2.8649
2950 1384.63 7761.52 629.661 -2.86579
2960 1349.95 8591.68 630.386 -2.86626
2970 1313.25 8448.09 631.252 -2.86637
2980 1292.71 5227.36 632.248 -2.86604
2990 1334.5 2754.7 633.327 -2.86529
3000 1461.48 -786.699 634.441 -2.86415
3010 1584.3 -3510.1 635.533 -2.86288
3020 1608.38 -3202.96 636.559 -2.86181
3030 1514.06 93.6042 637.524 -2.86111
3040 1384.76 3010.63 638.483 -2.86057
3050 1272.03 5832.31 639.487 -2.85993
3060 1237.74 6576.68 640.579 -2.85901
3070 1266.64 6469.49 641.775 -2.85771
3080 1330.82 7011.7 643.076 -2.85608
3090 1405.69 7054.94 644.486 -2.85425
3100 1389.29 7571.54 646.01 -2.85239
3110 1312.03 8131.46 647.654 -2.85064
3120 1230.07 7817.41 649.426 -2.8489
3130 1176.37 9116.76 651.324 -2.84705
3140 1255.13 5591.87 653.361 -2.8449
3150 1414.82 -2324.27 655.471 -2.84212
3160 1494.21 -6394.09 657.524 -2.83901
3170 1538.64 -8115.9 659.44 -2.83612
3180 1595.32 -10027.4 661.184 -2.83355
3190 1637.54 -11875.4 662.724 -2.83141
3200 1620.32 -12587.4 664.025 -2.82981
3210 1575.16 -12207.7 665.079 -2.82869
3220 1604.14 -13637.9 665.889 -2.82791
3230 1675.34 -14872.8 666.434 -2.82746
3240 1626.18 -14102.7 666.698 -2.82745
3250 1463.01 -11012.7 666.698 -2.82771
3260 1328.11 -6708.18 666.498 -2.82781
3270 1371.25 -7656.84 666.168 -2.82756
3280 1484.39 -8351.96 665.705 -2.82705
3290 1508.17 -8055.69 665.099 -2.82649
3300 1381.78 -8463.41 664.354 -2.82599
3310 1189.14 -3545.93 663.477 -2.82533
3320 1141.53 778.385 662.551 -2.82418
3330 1283.28 -184.158 661.65 -2.82246
3340 1373.39 747.304 660.771 -2.82032
3350 1350.64 2844.35 659.927 -2.81803
3360 1371.62 1808.31 659.15 -2.81575
3370 1489.25 -246.131 658.424 -2.81341
3380 1643.8 -3501 657.709 -2.81118
3390 1748.97 -5477.96 656.95 -2.80944
3400 1818.62 -6627.87 656.11 -2.80852
3410 1813.31 -8792.58 655.166 -2.80856
3420 1738.51 -6971.77 654.091 -2.8094
3430 1649.58 -3740.67 652.915 -2.81059
3440 1642.53 -2287.78 651.695 -2.8119
3450 1656.27 -2462.07 650.457 -2.81332
3460 1691.01 -2982.27 649.203 -2.81491
3470 1769.19 -5941.93 647.919 -2.81684
3480 1810.6 -7841.21 646.56 -2.81932
3490 1813.62 -10317.8 645.09 -2.82232
3500 1795.58 -10510.3 643.472 -2.82582
3510 1750.94 -6438.01 641.712 -2.82945
3520 1764.7 -4364.36 639.874 -2.8331
3530 1788.59 -4791.8 637.996 -2.83688
3540 1798 -4609.5 636.077 -2.84089
3550 1764.21 -2073.31 634.125 -2.84496
3560 1660.02 1603.6 632.181 -2.84879
3570 1492.36 6660.08 630.31 -2.85189
3580 1343.41 10686 628.591 -2.85397
3590 1311.8 12639.6 627.088 -2.85514
3600 1417.38 9898.41 625.821 -2.85577
3610 1547.6 6603.05 624.748 -2.85623
3620 1565.17 8920.99 623.817 -2.85669
3630 1472.41 12831.3 623.059 -2.85707
3640 1407.3 15720.3 622.531 -2.85728
3650 1371.47 16699.8 622.274 -2.85723
3660 1384.57 15570.8 622.3 -2.85697
3670 1423.93 12538.5 622.587 -2.85651
3680 1503.4 4943.29 623.075 -2.85589
3690 1595.03 955.046 623.65 -2.85524
3700 1655.62 1680.15 624.243 -2.85481
3710 1656.27 3624.56 624.864 -2.85476
3720 1622.13 6146.86 625.542 -2.85509
3730 1581.67 8805.32 626.321 -2.85564
3740 1689.94 4425.15 627.231 -2.85637
3750 1718.61 2806.26 628.214 -2.85736
3760 1624.99 1733.07 629.235 -2.85867
3770 1428.19 4587.75 630.284 -2.85994
3780 1201.37 10535.8 631.406 -2.86079
3790 1209.62 8325.17 632.686 -2.86105
3800 1447.11 -2150.27 634.082 -2.86055
3810 1655.44 -11042.3 635.43 -2.85959
3820 1668.21 -15183.7 636.581 -2.85884
3830 1479.39 -11265.6 637.471 -2.8585
3840 1354.05 -8621.64 638.155 -2.85823
3850 1355.19 -8316.21 638.679 -2.8577
3860 1417.79 -7052.79 639.058 -2.8569
3870 1418.58 -4409.16 639.313 -2.85597
3880 1347.93 710.383 639.499 -2.85495
3890 1442.11 -894.629 639.687 -2.85376
3900 1570.19 -2908.89 639.862 -2.85243
3910 1779.98 -9026.28 639.983 -2.85133
3920 1920.52 -15247.1 639.949 -2.85099
3930 1817.38 -12486.1 639.67 -2.85179
3940 1630.9 -6993.4 639.187 -2.85318
3950 1543.74 -4730.58 638.591 -2.85457
3960 1548.58 -3177.23 637.926 -2.8558
3970 1600.06 -1236.22 637.223 -2.85694
3980 1631.92 -333.854 636.515 -2.85812
3990 1575.2 1669.94 635.82 -2.85935
4000 1504.27 2393.99 635.169 -2.86045
4010 1494.1 1427.07 634.573 -2.86135
4020 1517.76 -1606.91 634.013 -2.8621
4030 1444.3 -1758.21 633.445 -2.86271
4040 1323.66 1247.1 632.865 -2.86301
4050 1262.95 3372.42 632.321 -2.86284
4060 1385.88 98.7501 631.839 -2.86219
4070 1670.53 -5380.36 631.367 -2.86133
4080 1861.99 -6926.79 630.824 -2.86089
4090 1841.91 -6348.29 630.18 -2.86138
4100 1671.76 -1692.76 629.452 -2.86257
4110 1539.04 2371.64 628.712 -2.86381
4120 1520.2 1515.19 628.022 -2.86491
4130 1469.05 4682.68 627.381 -2.86578
4140 1443.63 5444.57 626.831 -2.86635
4150 1556.2 -2412.88 626.372 -2.86675
4160 1672.21 -7171.65 625.891 -2.86729
4170 1676.23 -7502.17 625.31 -2.86814
4180 1626.26 -6544.9 624.619 -2.86927
4190 1547.3 1057.97 623.846 -2.87041
4200 1454.01 10297.9 623.112 -2.87127
4210 1379.43 15330.1 622.558 -2.87174
4220 1409.55 17544.8 622.27 -2.87189
4230 1480.06 15781.2 622.276 -2.87186
4240 1486.89 13853.7 622.549 -2.87178
4250 1485.41 10915.4 623.051 -2.8717
4260 1521.09 10533.3 623.739 -2.87157
4270 1687.15 6401.55 624.591 -2.87152
4280 1757.98 3750.01 625.547 -2.87182
4290 1671.72 6117.26 626.567 -2.87265
4300 1529.34 9748.05 627.686 -2.87377
4310 1491.79 7705.39 628.95 -2.8748
4320 1496.12 6211.61 630.337 -2.87561
4330 1522.46 3211.57 631.814 -2.87625
4340 1547.45 -1414.93 633.33 -2.8767
4350 1513.54 -1583.02 634.817 -2.87707
4360 1441.65 -1190.93 636.262 -2.87733
4370 1360.02 -630.522 637.674 -2.87738
4380 1276.78 -957.436 639.06 -2.87708
4390 1355.03 -3678.92 640.412 -2.87633
4400 1498.85 -7370.18 641.685 -2.87518
4410 1573.98 -8366.75 642.821 -2.87398
4420 1560.45 -6106.2 643.805 -2.87303
4430 1576.14 -7542.34 644.666 -2.87234
4440 1493.72 -8383.62 645.389 -2.87179
4450 1393.29 -7983.75 645.958 -2.87129
4460 1379.4 -8650.35 646.381 -2.87062
4470 1451.55 -10452.3 646.645 -2.86974
4480 1511.79 -11921.8 646.724 -2.86881
4490 1502.37 -12670.4 646.597 -2.86797
4500 1471.36 -15193.6 646.245 -2.86729
4510 1393.39 -12567.4 645.643 -2.86665
4520 1401.47 -11094.2 644.828 -2.86592
4530 1485.45 -11598.3 643.83 -2.86505
4540 1555.31 -8602.92 642.655 -2.86421
4550 1529.07 -1855.79 641.359 -2.86342
4560 1447.43 4202.32 640.055 -2.86263
4570 1357.19 10236 638.855 -2.86166
4580 1354.3 12283.3 637.852 -2.86045
4590 1417.07 9432.42 637.075 -2.85908
4600 1405.33 9823.23 636.486 -2.85764
4610 1398.34 10150.7 636.083 -2.85617
4620 1490.02 5863.84 635.859 -2.85465
4630 1685.14 99.5155 635.744 -2.8532
4640 1832.78 -6820.19 635.636 -2.85222
4650 1864.4 -11062.3 635.422 -2.8522
4660 1830.04 -12251.3 635.031 -2.85318
4670 1773.19 -9741.61 634.448 -2.85488
4680 1642.09 -4557.45 633.715 -2.85692
4690 1459.87 570.529 632.922 -2.85867
4700 1415.65 -36.8094 632.148 -2.85996
4710 1454.09 -555.331 631.392 -2.86083
4720 1533.17 -306.068 630.644 -2.86148
4730 1613.94 11.1924 629.909 -2.86211
4740 1614.11 824.922 629.192 -2.86285
4750 1449.27 4969.61 628.511 -2.86361
4760 1237.06 10815.3 627.934 -2.8639
4770 1333.48 9889.76 627.541 -2.86368
4780 1495.49 8008.11 627.326 -2.86308
4790 1525.18 6385.62 627.253 -2.86247
4800 1405.13 4913.75 627.296 -2.86192
4810 1296.91 4258.6 627.427 -2.86126
4820 1327.9 2759.71 627.631 -2.86028
4830 1488.17 1411.8 627.884 -2.85899
4840 1631.86 1343.63 628.164 -2.85765
4850 1603.73 4932.77 628.475 -2.85667
4860 1414.48 10106.2 628.872 -2.85607
4870 1257.75 14713.5 629.44 -2.85549
4880 1339.27 12510.8 630.244 -2.85464
4890 1541.9 7253.2 631.252 -2.85342
4900 1713.12 -150.185 632.372 -2.85216
4910 1800.51 -5328.26 633.485 -2.85132
4920 1873.77 -9894.92 634.499 -2.85126
4930 1842.37 -9520.36 635.343 -2.85213
4940 1660.06 -3404.47 636.026 -2.85368
4950 1507.53 1824.23 636.646 -2.85526
4960 1514.05 1051.92 637.285 -2.85661
4970 1540.77 92.7894 637.94 -2.85775
4980 1518.6 1528.14 638.596 -2.85877
4990 1437.81 5256.15 639.279 -2.85963
5000 1388.39 6083.31 640.046 -2.8602
5010 1394.38 6057.45 640.913 -2.86045
5020 1483.11 3955.02 641.878 -2.8604
5030 1613.3 -348.023 642.901 -2.86022
5040 1649.54 532.147 643.92 -2.86022
5050 1597.78 3682.17 644.944 -2.86054
5060 1501.28 7627.26 646.027 -2.86107
5070 1397.46 11201.9 647.238 -2.86156
5080 1310.27 14056.1 648.639 -2.86188
5090 1255.41 14269.1 650.277 -2.8619
5100 1199.1 16118 652.163 -2.86157
5110 1317.95 12077.3 654.316 -2.86085
5120 1591.32 2251.16 656.659 -2.85941
5130 1624.93 -1358.21 659.035 -2.85779
5140 1424 -384.127 661.369 -2.85658
5150 1203.57 3495.62 663.681 -2.85562
5160 1251.35 356.64 666.024 -2.85438
5170 1433.95 -5403.47 668.346 -2.85242
5180 1594.88 -10259.6 670.543 -2.8501
5190 1649.47 -15757.1 672.519 -2.8479
5200 1572.91 -15386.8 674.179 -2.84619
5210 1430.67 -12402.5 675.528 -2.84498
5220 1324.11 -10446.7 676.62 -2.84386
5230 1331.05 -8288.61 677.497 -2.84261
5240 1429.27 -9838.96 678.196 -2.84112
5250 1472.41 -12002 678.696 -2.83953
5260 1479.19 -15411.2 678.956 -2.83805
5270 1485.51 -17874.1 678.915 -2.83674
5280 1504.09 -18956.7 678.529 -2.83564
5290 1502.3 -17151.6 677.788 -2.83477
5300 1447.14 -15508.7 676.726 -2.83408
5310 1351.01 -12383.1 675.388 -2.83344
5320 1312.29 -10373.9 673.836 -2.83259
5330 1416.05 -12660.2 672.107 -2.83154
5340 1503.53 -13919.4 670.173 -2.83046
5350 1500 -14621.4 668.014 -2.82956
5360 1466.11 -15837.3 665.622 -2.82895
5370 1454.59 -17161.2 662.983 -2.82854
5380 1484.55 -16945.4 660.082 -2.82828
5390 1535.87 -15156.3 656.934 -2.82808
5400 1562.3 -13255.6 653.58 -2.82798
5410 1525.13 -10827.9 650.062 -2.82799
5420 1527.61 -8282.94 646.435 -2.82794
5430 1676.13 -8490.92 642.743 -2.82797
5440 1837.92 -9084.7 638.992 -2.82846
5450 1948.12 -8738.42 635.179 -2.8299
5460 1933.01 -6357.23 631.318 -2.83236
5470 1791 -1449.34 627.452 -2.83537
5480 1629.79 7718.91 623.671 -2.83787
5490 1640.11 9994.18 620.106 -2.83982
5500 1671.26 11659.9 616.799 -2.84171
5510 1582.1 17049.6 613.773 -2.84334
5520 1554.14 20494.5 611.097 -2.84451
5530 1630.7 22010.6 608.814 -2.84556
5540 1657.32 21169.3 606.934 -2.84678
5550 1614.66 22391.4 605.436 -2.8482
5560 1584.05 27455.8 604.335 -2.84955
5570 1725.6 25693.8 603.679 -2.85111
5580 1797.08 24013.1 603.444 -2.85328
5590 1665.28 23392.9 603.595 -2.85592
5600 1474.82 25635.5 604.117 -2.85845
5610 1480.84 24636.2 605.031 -2.86067
5620 1626.77 19494.2 606.313 -2.86278
5630 1668.87 16700.9 607.89 -2.86496
5640 1681.58 13746.3 609.71 -2.8673
5650 1634.46 10174.8 611.724 -2.86967
5660 1556.88 7024.68 613.875 -2.87186
5670 1495.67 4572.03 616.112 -2.87367
5680 1507.42 2528.64 618.394 -2.87511
5690 1582.4 1152.9 620.688 -2.8763
5700 1670.45 -731.117 622.968 -2.87748
5710 1662.74 -1144.97 625.209 -2.87881
5720 1533.06 42.0543 627.402 -2.88023
5730 1362.11 941.736 629.566 -2.88137
5740 1340.9 -2154.62 631.709 -2.88197
5750 1402.04 -6154.1 633.782 -2.88195
5760 1509.68 -9052.2 635.723 -2.88156
5770 1609.91 -11027.9 637.481 -2.88108
5780 1558.93 -8374.65 639.03 -2.88081
5790 1396.66 -3287.37 640.416 -2.88075
5800 1198 1889.62 641.723 -2.88054
5810 1049.96 5939.27 643.045 -2.87996
5820 1054.35 6585.77 644.449 -2.87886
5830 1165.31 2967.97 645.942 -2.87705
5840 1282.14 -3263.34 647.461 -2.87451
5850 1330.96 -6857.72 648.907 -2.87154
5860 1403.65 -10067 650.208 -2.86843
5870 1479.49 -11838.3 651.312 -2.86533
5880 1531.64 -13306.6 652.187 -2.86248
5890 1479.85 -13451.6 652.811 -2.86005
5900 1365.99 -9847.49 653.192 -2.85802
5910 1332.86 -6587.72 653.39 -2.85615
5920 1360.36 -4828.2 653.465 -2.8542
5930 1358.54 -2251.91 653.459 -2.85217
5940 1370.12 -646.389 653.415 -2.85011
5950 1409.94 -1547.64 653.361 -2.84799
5960 1476.62 -2227.53 653.286 -2.8459
5970 1483.18 -535.012 653.181 -2.84392
5980 1477.98 633.107 653.072 -2.84215
5990 1480.11 949.54 652.981 -2.84054
6000 1438.15 2538.12 652.917 -2.83907
6010 1346.7 4332.6 652.906 -2.83767
6020 1311.03 2831.94 652.974 -2.83619
6030 1425.93 -2532.28 653.091 -2.83448
6040 1608.77 -8020.99 653.166 -2.83263
6050 1737.28 -11900.1 653.101 -2.83111
6060 1719.31 -14412.4 652.828 -2.83033
6070 1551.89 -11913.4 652.312 -2.83021
6080 1359.27 -6786.63 651.599 -2.83018
6090 1420.73 -7326.29 650.772 -2.82988
6100 1604.66 -9622.29 649.83 -2.82944
6110 1743.72 -11233.7 648.74 -2.82929
6120 1733.9 -10479.7 647.479 -2.82977
6130 1605.93 -5730.55 646.069 -2.83063
6140 1591.21 -5986.45 644.581 -2.83154
6150 1690.08 -8492.51 643.02 -2.83266
6160 1756.24 -9299.44 641.349 -2.83417
6170 1768.4 -9166.7 639.554 -2.83621
6180 1676.72 -2233.94 637.654 -2.83845
6190 1606.95 3238.73 635.757 -2.84048
6200 1545.63 8556.33 633.961 -2.84216
6210 1550.63 11369 632.35 -2.8435
6220 1545.96 13027.5 630.969 -2.84469
6230 1449.43 17517.6 629.846 -2.84565
6240 1303.21 23845.4 629.05 -2.84615
6250 1318.23 25962.7 628.671 -2.84625
6260 1484.88 22119.1 628.733 -2.84611
6270 1696.23 16404.2 629.172 -2.84605
6280 1815.81 12224 629.89 -2.84648
6290 1796.64 10995.6 630.815 -2.84765
6300 1726.53 7260.16 631.914 -2.84938
6310 1638.17 5229.62 633.131 -2.85129
6320 1583.79 2055.47 634.423 -2.85314
6330 1596.05 -4049.58 635.731 -2.85477
6340 1607.05 -9066.71 636.957 -2.85622
6350 1570.11 -12008.2 638.015 -2.85757
6360 1488.45 -11611.6 638.857 -2.85876
6370 1412.32 -7327.36 639.496 -2.85969
6380 1400.52 -5963.93 639.995 -2.86028
6390 1410.93 -4832.17 640.387 -2.86055
6400 1346.39 616.301 640.699 -2.86054
6410 1209.52 6878.78 641.023 -2.86021
6420 1145.69 9586.79 641.463 -2.85943
6430 1317.08 5643.57 642.059 -2.85812
6440 1498.89 254.811 642.747 -2.85631
6450 1544.44 -1280.58 643.441 -2.85447
6460 1491.59 -2583.22 644.107 -2.8529
6470 1446.42 -3908.94 644.722 -2.85151
6480 1423.72 -3935.01 645.265 -2.85017
6490 1407.94 -1682.94 645.738 -2.84882
6500 1389.78 312.913 646.178 -2.84744
6510 1341.98 2333.46 646.623 -2.846
6520 1412.41 -914.436 647.099 -2.84442
6530 1473.46 -3848.32 647.557 -2.84271
6540 1435.51 -3650.28 647.95 -2.84104
6550 1576.42 -8336.56 648.267 -2.83944
6560 1694.34 -13429.5 648.436 -2.83803
6570 1709.44 -14687.2 648.372 -2.83724
6580 1674.15 -13377.4 648.054 -2.83707
6590 1676.39 -11818.2 647.508 -2.83742
6600 1539.53 -9154.44 646.767 -2.83805
6610 1336.45 -6363.77 645.88 -2.83856
6620 1278.86 -5792.37 644.898 -2.83862
6630 1425.08 -9529.94 643.828 -2.83829
6640 1565.6 -12262.9 642.615 -2.83784
6650 1552.05 -11092.8 641.218 -2.83758
6660 1411.46 -3616.42 639.668 -2.83736
6670 1289.17 4508.53 638.088 -2.83675
6680 1342.62 11197.2 636.618 -2.8356
6690 1530.28 12802 635.367 -2.83406
6700 1609.39 12645.2 634.361 -2.83262
6710 1504.45 16695.9 633.603 -2.83151
6720 1490.05 16925.7 633.145 -2.8306
6730 1706.83 11542.6 632.982 -2.82986
6740 1933.1 6465.05 633.025 -2.8297
6750 1943.93 3945.53 633.19 -2.8307
6760 1753.48 6462.13 633.435 -2.83262
6770 1639.94 7824.9 633.791 -2.83478
6780 1662.31 5963.06 634.278 -2.83697
6790 1700.38 2850.82 634.864 -2.83923
6800 1650.78 2170.84 635.502 -2.84162
6810 1499.41 2923.4 636.176 -2.8438
6820 1365.08 2030.81 636.891 -2.84548
6830 1216.52 5812.45 637.646 -2.84645
6840 1335.79 2222.54 638.483 -2.8468
6850 1500.24 -2425.11 639.352 -2.84663
6860 1550.79 -2160.35 640.178 -2.84637
6870 1520.43 -2008.52 640.96 -2.84616
6880 1597.94 -4990.17 641.696 -2.84602
6890 1654.03 -8875.26 642.337 -2.84601
6900 1609.71 -10548.4 642.822 -2.84628
6910 1534.59 -11076.1 643.119 -2.8467
6920 1510.11 -8739.98 643.228 -2.84713
6930 1502.12 -8543.36 643.181 -2.84749
6940 1503.12 -6867.21 642.992 -2.84776
6950 1559.92 -6946.46 642.686 -2.84798
6960 1634.85 -8038.75 642.268 -2.84831
6970 1623.81 -6734.92 641.724 -2.84887
6980 1560.63 -4288.28 641.077 -2.84956
6990 1521.3 -3567.62 640.369 -2.85023
7000 1515.77 -3044.1 639.614 -2.85081
7010 1470.1 -251.199 638.828 -2.85125
7020 1447.86 1720.52 638.055 -2.85147
7030 1467.59 1111.18 637.324 -2.85151
7040 1414.04 2530.65 636.634 -2.85137
7050 1321.69 4724.9 636.005 -2.85101
7060 1216.23 7077.53 635.474 -2.85026
7070 1311.89 8456.66 635.076 -2.8491
7080 1453.82 7115.46 634.831 -2.84755
7090 1559.68 4113.41 634.715 -2.84595
7100 1557.8 1530.68 634.678 -2.84457
7110 1519.62 1691.88 634.679 -2.84347
7120 1543.47 993.482 634.712 -2.84254
7130 1624.44 -561.421 634.767 -2.84177
7140 1758.1 -5394.14 634.811 -2.84134
7150 1860.15 -8569.54 634.771 -2.84158
7160 1895.14 -10122.4 634.593 -2.84277
7170 1813.85 -9679.68 634.252 -2.84483
7180 1639.72 -5725.73 633.761 -2.84725
7190 1425.73 3127.88 633.195 -2.84929
7200 1333.65 8648.08 632.69 -2.85063
7210 1293.89 11992.2 632.342 -2.85135
7220 1196.98 16454 632.213 -2.85149
7230 1222.17 18162.5 632.367 -2.85111
7240 1405.16 15560.1 632.828 -2.8503
7250 1620.23 9373.93 633.55 -2.84925
7260 1741.31 3751.41 634.43 -2.8484
7270 1790.56 281.114 635.373 -2.84813
7280 1811.72 -3983.71 636.313 -2.84857
7290 1725.59 -4532.48 637.184 -2.84964
7300 1505.14 -1923.88 637.976 -2.85095
7310 1267.1 2080.45 638.731 -2.85189
7320 1272.86 -536.439 639.506 -2.85222
7330 1412.41 -5021.6 640.263 -2.85197
7340 1494.27 -6337.76 640.932 -2.85143
7350 1555.19 -6805.67 641.486 -2.85086
7360 1608.61 -5215.41 641.922 -2.85045
7370 1631.17 -3730.88 642.265 -2.85028
7380 1650.06 -3255.58 642.542 -2.85041
7390 1714.34 -4326.93 642.761 -2.85088
7400 1710.4 -4558.46 642.908 -2.85177
7410 1574.8 -2597.37 642.981 -2.85294
7420 1469.45 -1845.55 643.012 -2.85395
7430 1625.73 -6960.56 643.006 -2.85484
7440 1754.88 -11432.4 642.884 -2.85594
7450 1770.64 -13578 642.571 -2.85758
7460 1704.52 -13205.8 642.033 -2.85967
7470 1608.53 -10715.2 641.279 -2.86191
7480 1467.87 -5860.86 640.358 -2.86387
7490 1381.67 -3628.04 639.35 -2.8653
7500 1301.97 -4032.4 638.295 -2.86618
7510 1197.7 981.062 637.202 -2.86642
7520 1220.94 3337.42 636.143 -2.86595
7530 1335.67 1053.24 635.154 -2.86498
7540 1326.93 4022.01 634.215 -2.86366
7550 1342.1 4529.29 633.361 -2.8621
7560 1458.25 338.796 632.595 -2.86035
7570 1564.72 -1477.86 631.857 -2.85861
7580 1630.15 -2982.69 631.11 -2.85714
7590 1691.33 -3951.66 630.331 -2.85611
7600 1805.8 -6913.63 629.501 -2.85569
7610 1867.32 -9134.3 628.574 -2.85616
7620 1797.84 -6741.92 627.521 -2.8575
7630 1651.45 -2256.37 626.38 -2.85924
7640 1535.97 2199.51 625.226 -2.86085
7650 1502.49 4574.31 624.13 -2.86217
7660 1438.46 6471.72 623.134 -2.86316
7670 1339.14 9564.22 622.268 -2.86372
7680 1320.11 9218.98 621.573 -2.86379
7690 1440.43 6818.59 621.044 -2.86351
7700 1545.65 6910.85 620.645 -2.86307
7710 1537.99 9777.85 620.374 -2.86271
7720 1441.83 12706.6 620.274 -2.86242
7730 1352.52 16551.5 620.392 -2.86206
7740 1376.62 17907.7 620.783 -2.86154
7750 1456.27 17681.4 621.467 -2.8609
7760 1448.99 19533.8 622.444 -2.86026
7770 1594.91 15092 623.727 -2.85972
7780 1671.55 11198.9 625.254 -2.85931
7790 1661.49 8266.3 626.958 -2.8593
7800 1596.29 6261.42 628.787 -2.85959
7810 1552.8 4692.27 630.708 -2.86001
7820 1665.29 -1988.75 632.684 -2.86038
7830 1765.09 -8100.13 634.609 -2.86084
7840 1725.74 -11858.3 636.38 -2.86166
7850 1593.86 -12102.1 637.935 -2.86273
7860 1534.42 -12847.2 639.264 -2.86376
7870 1536.77 -12389.7 640.357 -2.86467
7880 1527.84 -9780.52 641.227 -2.86554
7890 1480.44 -7378.05 641.918 -2.86631
7900 1402 -2975.06 642.478 -2.86688
7910 1396.53 -1587.9 642.977 -2.86714
7920 1463.09 -3760.51 643.441 -2.86711
7930 1491.75 -2525.16 643.842 -2.86692
7940 1474.17 -2305.42 644.197 -2.86668
7950 1444.77 -2636.6 644.509 -2.86635
7960 1468.53 -2512.94 644.778 -2.86591
7970 1528.58 -5784.96 644.995 -2.8654
7980 1531.38 -8163.45 645.115 -2.86492
7990 1548.63 -11152.9 645.093 -2.86456
8000 1538.59 -12665.7 644.879 -2.86433
8010 1521 -13662.8 644.449 -2.86422
8020 1483.67 -14210.3 643.789 -2.86423
8030 1380.69 -10202.8 642.902 -2.86416
8040 1339.71 -8831.14 641.848 -2.86385
8050 1302.11 -5884.28 640.664 -2.86322
8060 1280.45 -1238.57 639.403 -2.86219
8070 1327.21 86.9425 638.142 -2.86074
8080 1444.29 -1945.65 636.902 -2.85904
8090 1522.61 -812.142 635.661 -2.85727
8100 1599.61 -181.702 634.431 -2.85567
8110 1596.91 1070.05 633.225 -2.85437
8120 1516.05 3835.61 632.066 -2.8534
8130 1445.38 7067.72 630.998 -2.8525
8140 1478.28 5678.06 630.067 -2.85157
8150 1503.9 3274.25 629.251 -2.85068
8160 1507.38 2216.55 628.511 -2.84983
8170 1678.01 -723.547 627.823 -2.84915
8180 1741.83 -892.017 627.144 -2.8489
8190 1590.36 4831.24 626.476 -2.84911
8200 1515.86 6994.13 625.9 -2.8494
8210 1652.12 3101.16 625.446 -2.84973
8220 1757.75 3288.03 625.066 -2.85037
8230 1785.76 2535.3 624.749 -2.85156
8240 1755.2 1569.51 624.486 -2.85329
8250 1614.49 3032.43 624.263 -2.85528
8260 1470.06 6959.64 624.104 -2.857
8270 1555.97 5614.04 624.06 -2.85841
8280 1660.55 3908.38 624.116 -2.85981
8290 1670.4 5899.82 624.248 -2.86137
8300 1717.29 6190.48 624.48 -2.86316
8310 1732.98 4984.31 624.815 -2.86525
8320 1638.15 8704.54 625.243 -2.86755
8330 1508.53 10738.7 625.814 -2.86968
8340 1513.94 8349.32 626.557 -2.8715
8350 1579.2 3340.36 627.432 -2.87307
8360 1595.27 600.321 628.36 -2.87452
8370 1557.86 -839.629 629.295 -2.87588
8380 1530.65 -3768.52 630.205 -2.87708
8390 1488.57 -5323.37 631.047 -2.87805
8400 1390.24 -2158.7 631.799 -2.87877
8410 1246.7 3006.74 632.511 -2.8791
8420 1169.15 6334.21 633.268 -2.87894
8430 1336.5 1331.42 634.116 -2.87817
8440 1581.64 -5682.85 634.976 -2.87689
8450 1660.33 -9401.67 635.737 -2.87567
8460 1573.15 -11134.8 636.334 -2.87488
8470 1446.8 -10009.9 636.74 -2.87435
8480 1489.03 -12354.5 636.966 -2.87383
8490 1577.47 -15886.9 636.976 -2.87331
8500 1528.6 -12866.9 636.727 -2.87301
8510 1389.19 -9624.95 636.263 -2.87279
8520 1245.41 -4038.37 635.65 -2.87234
8530 1249.32 -2408.3 634.974 -2.87146
8540 1387.44 -2068.95 634.27 -2.87011
8550 1540.46 -623.556 633.548 -2.86851
8560 1576.16 1625.16 632.833 -2.86702
8570 1468.57 6444.97 632.168 -2.86578
8580 1390.18 7048.78 631.62 -2.86465
8590 1359.84 6283.54 631.206 -2.86343
8600 1423.57 1771.28 630.904 -2.86209
8610 1475.07 -77.7446 630.647 -2.86063
8620 1620.83 -1364.1 630.397 -2.85926
8630 1729.25 -2162.94 630.134 -2.85819
8640 1649.82 2405.56 629.854 -2.85774
8650 1515.25 5521.57 629.622 -2.8576
8660 1515.47 4499.43 629.486 -2.85755
8670 1515.26 2066.38 629.434 -2.85744
8680 1563.57 -405.17 629.421 -2.85737
8690 1632.66 -2688.91 629.408 -2.85739
8700 1709.8 -6522.73 629.351 -2.85772
8710 1645.97 -3663.93 629.203 -2.85843
8720 1547.1 -1158.72 628.999 -2.85929
8730 1498.42 460.535 628.783 -2.86006
8740 1503.6 2513.79 628.584 -2.86067
8750 1461.39 4964.58 628.435 -2.86114
8760 1310.49 11482.6 628.386 -2.86133
8770 1280.84 10784.1 628.524 -2.86114
8780 1400.28 6357.66 628.844 -2.86053
8790 1580.1 -641.714 629.266 -2.85965
8800 1632.1 -5491.04 629.682 -2.85889
8810 1478.01 -4738.56 630.014 -2.85841
8820 1412.08 -6258.11 630.261 -2.85795
8830 1620.96 -10442.7 630.399 -2.85739
8840 1758.01 -9994.57 630.37 -2.85707
8850 1722.01 -5971.02 630.183 -2.85737
8860 1640.74 -2934.62 629.902 -2.85811
8870 1580.18 261.868 629.58 -2.85901
8880 1549.78 1463.51 629.272 -2.85989
8890 1507.99 -593.457 628.992 -2.86069
8900 1390.58 2326.35 628.722 -2.8613
8910 1329.17 4788.52 628.498 -2.86149
8920 1408.57 3099.9 628.357 -2.86131
8930 1428.95 3265.7 628.277 -2.86088
8940 1367.31 3535.64 628.261 -2.86026
8950 1529.53 -2191.79 628.3 -2.85949
8960 1556.31 -3392.3 628.313 -2.85867
8970 1506.44 -22.5023 628.282 -2.85805
8980 1442.33 2836.97 628.254 -2.85748
8990 1400.43 6291.8 628.282 -2.85684
9000 1374.8 7365.88 628.417 -2.85606
9010 1336.88 8454.77 628.68 -2.85509
9020 1443.86 4176.66 629.079 -2.85392
9030 1604.6 -738.32 629.549 -2.85257
9040 1749.49 -5672.12 630.005 -2.85147
9050 1760.83 -6418.76 630.371 -2.85102
9060 1589.27 -3977.92 630.632 -2.85119
9070 1403.07 643.727 630.833 -2.85148
9080 1386.15 2088.62 631.041 -2.85149
9090 1487.51 -400.772 631.28 -2.85124
9100 1555.76 -1130.34 631.519 -2.85089
9110 1621.23 -2807.86 631.74 -2.85065
9120 1685.85 -4704.74 631.914 -2.8507
9130 1647.35 -5004.82 632.015 -2.8511
9140 1552.15 -1287.17 632.04 -2.85174
9150 1482.35 2446.8 632.048 -2.85231
9160 1491.17 2093.59 632.097 -2.85275
9170 1429.82 4352.61 632.192 -2.85302
9180 1356.64 5100.62 632.362 -2.85304
9190 1375.15 4284.63 632.62 -2.85274
9200 1514.61 770.868 632.948 -2.85217
9210 1650.13 -3683.64 633.29 -2.85158
9220 1654.94 -4226.31 633.575 -2.85131
9230 1531.21 -487.382 633.797 -2.85137
9240 1390.03 2656.77 634.011 -2.85145
9250 1274.12 6010.21 634.274 -2.85125
9260 1257.83 9050.75 634.641 -2.85067
9270 1326.08 9138.77 635.16 -2.84969
9280 1431.4 7245.8 635.831 -2.8484
9290 1449.7 6047.99 636.627 -2.847
9300 1398.9 5259.46 637.523 -2.84564
9310 1387.03 4107.48 638.504 -2.84424
9320 1467.81 3306.46 639.551 -2.84274
9330 1633.35 -410.391 640.642 -2.84119
9340 1730.31 -1969.46 641.723 -2.83992
9350 1729.94 -2775.67 642.763 -2.83931
9360 1645.07 -3677.37 643.747 -2.83925
9370 1572.94 -4094.65 644.66 -2.83949
9380 1569.63 -4291.38 645.494 -2.83982
9390 1602.46 -6146.95 646.244 -2.84021
9400 1587.51 -7746.59 646.881 -2.84071
9410 1507.07 -7290.88 647.379 -2.84124
9420 1448.53 -6192.29 647.746 -2.84167
9430 1440.12 -4418.57 648.003 -2.84188
9440 1434.43 -1681.76 648.184 -2.84189
9450 1425.08 1576.42 648.339 -2.84172
9460 1397.6 1683.79 648.519 -2.84135
9470 1357.17 1606.32 648.734 -2.84076
9480 1384.26 -951.838 648.975 -2.83993
9490 1420.13 -4005.98 649.2 -2.83887
9500 1466.97 -7573.53 649.353 -2.8377
9510 1543.77 -10100.3 649.375 -2.83653
9520 1650.99 -11534.6 649.222 -2.83555
9530 1747.4 -12654.5 648.869 -2.83502
9540 1817.57 -11851.5 648.303 -2.83521
9550 1778.77 -9580.07 647.54 -2.83618
9560 1635.04 -4941.08 646.628 -2.83759
9570 1479.8 -307.495 645.648 -2.8389
9580 1483.86 -2004.42 644.673 -2.83987
9590 1629.03 -7284.75 643.677 -2.84081
9600 1625.67 -8214.35 642.581 -2.84196
9610 1484.47 -6951.16 641.367 -2.84314
9620 1360.02 -5068.88 640.054 -2.84399
9630 1435.44 -4418.48 638.679 -2.84438
9640 1680.35 -6858.58 637.248 -2.84468
9650 1781.97 -3891.83 635.738 -2.84535
9660 1617.06 3975.48 634.198 -2.84635
9670 1373.81 13711.8 632.762 -2.84702
9680 1380.2 13507.4 631.574 -2.84717
9690 1627.66 6415.76 630.632 -2.84718
9700 1815.11 319.252 629.821 -2.84759
9710 1826.36 -1465.33 629.04 -2.84877
9720 1754.23 -1479.49 628.257 -2.85057
9730 1678.49 -672.968 627.467 -2.85268
9740 1618.31 1586.29 626.688 -2.85476
9750 1693.27 -435.816 625.945 -2.85684
9760 1750.12 -810.804 625.216 -2.85922
9770 1584.56 6348.25 624.503 -2.86164
9780 1471.33 11072.4 623.909 -2.86355
9790 1560.97 9738.66 623.504 -2.86519
9800 1518.49 10886.4 623.278 -2.86669
9810 1319.09 13011.9 623.243 -2.86782
9820 1277.56 11215 623.423 -2.86839
9830 1451.85 6699.15 623.789 -2.86848
9840 1572.83 6057.31 624.273 -2.86837
9850 1543.59 6610 624.857 -2.86839
9860 1349.66 11798 625.556 -2.86846
9870 1191.55 17481.1 626.451 -2.86834
9880 1324.91 12827.7 627.617 -2.86783
9890 1552 6258.72 628.987 -2.86678
9900 1626.67 3774.93 630.459 -2.8657
9910 1574.43 1619.61 631.984 -2.86493
9920 1510.5 -2284.27 633.52 -2.86434
9930 1531.2 -7774.56 635.001 -2.8637
9940 1614.94 -11918 636.336 -2.86302
9950 1689.41 -15052.5 637.455 -2.86258
9960 1656.71 -13852.6 638.309 -2.86259
9970 1512.24 -10367.8 638.919 -2.86294
9980 1390.71 -7213.58 639.344 -2.86323
9990 1335.63 -3838.7 639.643 -2.86323
10000 1325.73 -973.939 639.875 -2.86288
