# Time-averaged data for fix 2
# TimeStep c_mytemp c_mypress v_vmyvol v_avgEtotal
10 2083.11 -13500.4 664.331 -2.77252
20 1870.27 -8889.11 664.102 -2.77352
30 1812.21 -5775.35 663.732 -2.77482
40 1717.97 -417.623 663.284 -2.77605
50 1725.47 -689.202 662.833 -2.7771
60 1802.3 -4929.4 662.38 -2.77812
70 1791.89 -6692.63 661.864 -2.77925
80 1751.8 -7541.73 661.252 -2.78047
90 1646.36 -5552 660.537 -2.78159
100 1493.67 -565.454 659.753 -2.78228
110 1540.52 371.444 658.976 -2.78244
120 1735.33 -3024.2 658.218 -2.7823
130 1849.21 -2941.43 657.436 -2.78226
140 1838.64 -1111.93 656.63 -2.7826
150 1691.58 4290.38 655.834 -2.78306
160 1697.4 6601.87 655.124 -2.78345
170 1661.43 9343.41 654.545 -2.78373
180 1579.59 9989.21 654.131 -2.78385
190 1520.15 11474.7 653.897 -2.78373
200 1522.02 13058.5 653.86 -2.78329
210 1569.05 10314 654.036 -2.7826
220 1539.93 10087.5 654.389 -2.78171
230 1599.15 5642.39 654.899 -2.78066
240 1740.68 44.6586 655.498 -2.77943
250 1860.92 -1058.79 656.099 -2.77836
260 1887.03 -1340.21 656.679 -2.77776
270 1829.99 -911.841 657.234 -2.77771
280 1698.1 2606.8 657.776 -2.77796
290 1626.99 5045.41 658.356 -2.77822
300 1682.19 4381.79 659.011 -2.77835
310 1730.56 2078.06 659.731 -2.7784
320 1766.05 -1309.12 660.479 -2.77849
330 1704.26 -2104.9 661.201 -2.77867
340 1548.09 -166.078 661.887 -2.77877
350 1631.38 -2673.67 662.557 -2.77861
360 1879.17 -9337.33 663.169 -2.77828
370 2004.3 -11250.1 663.629 -2.77837
380 2040.18 -13279.7 663.896 -2.77931
390 1983.43 -13171.6 663.944 -2.78107
400 1873.88 -9838.22 663.78 -2.78329
410 1826.72 -7998.04 663.457 -2.78559
420 1861.82 -11265.1 663.003 -2.78799
430 1812.76 -12398.3 662.376 -2.79051
440 1656.14 -9741.07 661.565 -2.79282
450 1553.43 -8880.3 660.607 -2.79462
460 1496.68 -8042.61 659.524 -2.79583
470 1471.22 -8189.77 658.331 -2.79646
480 1510.81 -10019.7 657.026 -2.79664
490 1499.54 -8713.63 655.591 -2.79645
500 1516.61 -8376.86 654.043 -2.7959
510 1586.88 -6506.67 652.395 -2.79506
520 1661.28 -4035.94 650.679 -2.79399
530 1729.78 865.61 648.941 -2.79286
540 1773.07 6936.66 647.257 -2.79172
550 1789.26 12882.3 645.724 -2.79073
560 1710.01 18497.7 644.432 -2.7899
570 1686.57 19688.7 643.459 -2.78921
580 1689.09 17844.2 642.816 -2.7887
590 1651.56 17514.6 642.477 -2.78826
600 1826.55 12659.9 642.421 -2.78795
610 1986.83 8588.96 642.572 -2.78801
620 1997.96 7606.41 642.868 -2.78886
630 1806.26 12235 643.295 -2.79027
640 1694.62 13765.9 643.91 -2.7918
650 1569.63 15633.4 644.741 -2.79314
660 1417.55 16620.9 645.814 -2.79404
670 1552.22 9095.67 647.129 -2.79438
680 1768.44 -317.636 648.573 -2.79418
690 1791.92 -3711.04 650.008 -2.79393
700 1699.91 -4755.46 651.369 -2.79385
710 1610.31 -3648.95 652.64 -2.79377
720 1685.22 -2702.89 653.84 -2.79358
730 1814.75 -3928.18 654.978 -2.79337
740 1852.24 -1162.84 656.047 -2.79345
750 1868.47 126.538 657.085 -2.79395
760 1872.15 -1780.65 658.111 -2.79481
770 1784 -2469.74 659.099 -2.7959
780 1650.72 373.515 660.044 -2.797
790 1581.4 600.032 660.981 -2.7978
800 1680.65 -2103.17 661.914 -2.79835
810 1552.36 1068.34 662.815 -2.79861
820 1609.24 -2153 663.713 -2.79865
830 1583.06 -4268.76 664.57 -2.79836
840 1500.05 -6574.84 665.346 -2.79783
850 1535.2 -10104 666.001 -2.79696
860 1632.05 -9841.54 666.485 -2.79582
870 1775.89 -9479.83 666.799 -2.79467
880 1781.03 -5751.07 666.956 -2.79379
890 1578.52 1309.98 667.025 -2.79318
900 1594.19 2635.49 667.111 -2.79253
910 1743.6 -784.92 667.24 -2.79172
920 1817.31 -3112.46 667.361 -2.79104
930 1772.4 -2438.77 667.437 -2.79071
940 1670.22 -1031.37 667.478 -2.79058
950 1603.65 -60.4421 667.506 -2.79043
960 1527.11 341.84 667.537 -2.79009
970 1514.56 -2133.27 667.574 -2.78945
980 1669.32 -8238 667.573 -2.78851
990 1881.94 -14080 667.438 -2.7876
1000 1926.55 -15505.9 667.077 -2.78724
1010 1787.69 -13002.8 666.469 -2.78753
1020 1650.11 -8949.82 665.658 -2.788
1030 1649.6 -6349.55 664.713 -2.7883
1040 1770.1 -8150.41 663.674 -2.78853
1050 1788.6 -5811.42 662.528 -2.78891
1060 1675.07 -539.203 661.315 -2.7893
1070 1618.35 984.932 660.115 -2.78953
1080 1586.29 1083.42 658.955 -2.78953
1090 1610.82 2570.39 657.842 -2.78927
1100 1727.56 871.608 656.791 -2.78886
1110 1838.14 -2872.85 655.776 -2.7886
1120 1898.18 -5422.42 654.737 -2.78878
1130 1882.75 -5240.45 653.639 -2.78946
1140 1917.24 -5289.43 652.48 -2.79054
1150 2016.55 -5619.14 651.26 -2.79219
1160 2004.14 -4719.43 649.98 -2.79447
1170 1895.7 -3358.42 648.652 -2.79719
1180 1715.96 882.478 647.304 -2.79974
1190 1648.63 3103.13 645.998 -2.80173
1200 1838.46 -3255.54 644.757 -2.80351
1210 2050.18 -8676.76 643.493 -2.80582
1220 1990.12 -7657.44 642.13 -2.80885
1230 1751.13 -2683.71 640.682 -2.81188
1240 1535.24 3509.77 639.224 -2.81418
1250 1369.23 12540.1 637.857 -2.81537
1260 1422.92 14298.6 636.706 -2.81563
1270 1578.34 12379.2 635.796 -2.81538
1280 1699.71 11568.9 635.102 -2.81492
1290 1817.15 7385.27 634.597 -2.81458
1300 1833.37 6599.6 634.227 -2.81457
1310 1723 7976.41 633.973 -2.81486
1320 1542.13 10778.7 633.853 -2.81513
1330 1499.1 11887.5 633.906 -2.81506
1340 1690.12 4298.93 634.134 -2.81468
1350 1754.27 2383.58 634.438 -2.81422
1360 1673.22 6132.57 634.788 -2.81391
1370 1735.82 6727.22 635.228 -2.81371
1380 1769.68 6042.89 635.769 -2.81358
1390 1750.07 6005.97 636.405 -2.81366
1400 1693.97 3629.36 637.126 -2.81383
1410 1670.55 3850.95 637.904 -2.81396
1420 1722.57 3276.96 638.734 -2.81405
1430 1776.89 3992.52 639.612 -2.81419
1440 1797.13 5444.83 640.547 -2.81454
1450 1785.18 3954.9 641.557 -2.81509
1460 1679.59 3927.4 642.622 -2.81573
1470 1538.69 4918.93 643.744 -2.81622
1480 1493.88 937.779 644.925 -2.81631
1490 1516.97 -1010.43 646.115 -2.81589
1500 1566.33 54.3053 647.28 -2.81514
1510 1612.44 37.9299 648.435 -2.8142
1520 1667.46 -3262.64 649.574 -2.81313
1530 1685.42 -3782.02 650.655 -2.81205
1540 1674.45 -2966.71 651.667 -2.81107
1550 1637.75 -505.948 652.625 -2.8102
1560 1634.64 530.056 653.564 -2.80935
1570 1711.31 -1048.31 654.5 -2.80848
1580 1738.7 -2104.7 655.413 -2.80768
1590 1673.07 -884.938 656.287 -2.80704
1600 1658.42 -887.595 657.138 -2.80649
1610 1702.59 -4543.13 657.962 -2.8059
1620 1623.54 -4748.78 658.711 -2.80531
1630 1522.18 -5165.83 659.374 -2.80466
1640 1530.54 -7835.82 659.944 -2.80377
1650 1552.31 -10847.6 660.379 -2.80259
1660 1608.25 -10999.3 660.635 -2.80128
1670 1636.14 -10332.9 660.709 -2.7999
1680 1746.55 -11173.7 660.611 -2.79863
1690 1752.72 -9202.71 660.339 -2.79755
1700 1637.92 -6009.13 659.923 -2.79678
1710 1409.96 -936.049 659.423 -2.796
1720 1364.18 1029.38 658.914 -2.79486
1730 1523.06 -3029.32 658.427 -2.79321
1740 1705.79 -5206.29 657.906 -2.79127
1750 1785.97 -4738.16 657.315 -2.78946
1760 1738.55 -1641.12 656.664 -2.78806
1770 1608.95 3248.8 656.006 -2.7869
1780 1705.42 2438.67 655.409 -2.78579
1790 1904.98 -190.555 654.866 -2.78476
1800 2026.63 -2912.9 654.334 -2.78438
1810 2064.69 -6820.46 653.767 -2.78496
1820 2006.83 -6457.53 653.11 -2.78649
1830 1857.92 -188.335 652.374 -2.7885
1840 1729.72 3515.82 651.648 -2.79042
1850 1661.83 6218.9 650.996 -2.79204
1860 1734.37 7751.65 650.46 -2.79333
1870 1936.83 3247.3 650.054 -2.79473
1880 2007.91 2192.81 649.719 -2.79666
1890 1918.55 4345.39 649.436 -2.79907
1900 1786.3 5806.52 649.233 -2.80155
1910 1767.04 5547.08 649.131 -2.80384
1920 1836.85 2709.8 649.123 -2.80606
1930 1781.03 3701.11 649.169 -2.80831
1940 1536.54 9622.22 649.289 -2.8102
1950 1482.48 7651.75 649.557 -2.81138
1960 1644.25 652.234 649.941 -2.81204
1970 1706.45 -1738.68 650.345 -2.81244
1980 1765.83 -4904.83 650.718 -2.81281
1990 1847.21 -6785.99 651.014 -2.81331
2000 1869.45 -7913.18 651.201 -2.81413
2010 1779.57 -5376.85 651.269 -2.81521
2020 1663.76 -5241.42 651.25 -2.81629
2030 1516.89 -4271.41 651.153 -2.81707
2040 1442.92 -3164.96 650.994 -2.81733
2050 1507.88 -5276.05 650.785 -2.81709
2060 1563.2 -7062.78 650.499 -2.81648
2070 1552 -6648.53 650.112 -2.81565
2080 1565.9 -7179.74 649.626 -2.81463
2090 1732.65 -12962.6 649.028 -2.81352
2100 1920.75 -16187.4 648.24 -2.81266
2110 2010.86 -13987.9 647.217 -2.81253
2120 1912.19 -7886.65 645.997 -2.81317
2130 1681.5 2074.77 644.682 -2.81404
2140 1500.44 11517.6 643.427 -2.81442
2150 1548.65 12276.7 642.369 -2.81426
2160 1739.38 9438.86 641.522 -2.81389
2170 1855.52 8885.73 640.848 -2.81364
2180 1908.85 8492.36 640.33 -2.81386
2190 1841.39 9632.87 639.961 -2.81453
2200 1734.3 12859.6 639.759 -2.81546
2210 1548.56 19740.9 639.773 -2.81629
2220 1457.97 23787.4 640.1 -2.81677
2230 1653.55 21237.9 640.792 -2.81697
2240 1780.65 18436.9 641.816 -2.81711
2250 1779.55 14340 643.122 -2.81747
2260 1754.34 11487.7 644.649 -2.818
2270 1714.37 7022.53 646.344 -2.81854
2280 1795.2 -1328.59 648.131 -2.81895
2290 1867.96 -8552.49 649.883 -2.81926
2300 1870.61 -13601.5 651.484 -2.81977
2310 1828.89 -17588.4 652.85 -2.82051
2320 1766.43 -19043.7 653.92 -2.8214
2330 1737.31 -20986.9 654.667 -2.82237
2340 1692.03 -20658.2 655.067 -2.82334
2350 1635.68 -20104.4 655.127 -2.82425
2360 1535.87 -18714.7 654.861 -2.82497
2370 1399.15 -14103.2 654.301 -2.82531
2380 1308.6 -10140.8 653.521 -2.82505
2390 1434.53 -9099.07 652.588 -2.82417
2400 1611.04 -8162.36 651.525 -2.82278
2410 1693.06 -4728.98 650.357 -2.82123
2420 1673.22 -1374.39 649.137 -2.81976
2430 1647.94 2749.93 647.922 -2.81837
2440 1672.22 5134.28 646.773 -2.817
2450 1684.39 8050.17 645.733 -2.81568
2460 1655.92 8650.79 644.841 -2.81446
2470 1573.74 9683.59 644.107 -2.81333
2480 1505.8 10013.3 643.544 -2.81214
2490 1460.44 10499.7 643.154 -2.81076
2500 1495.91 8182.16 642.936 -2.80916
2510 1582.47 5319.55 642.857 -2.80731
2520 1790.61 1026.57 642.868 -2.80535
2530 2062.76 -5389.92 642.897 -2.80372
2540 2052.79 -5647.56 642.855 -2.80311
2550 1867.36 -2051.46 642.737 -2.80347
2560 1803.92 -1603.76 642.589 -2.80427
2570 1695.07 1485.14 642.426 -2.80514
2580 1557.5 8239.91 642.301 -2.80582
2590 1448.86 12709.9 642.311 -2.80606
2600 1548.87 11239.7 642.518 -2.80587
2610 1700.82 8337.02 642.903 -2.80538
2620 1670.32 10771.2 643.43 -2.80493
2630 1578.03 14055.6 644.128 -2.80456
2640 1559.77 14065.6 645.04 -2.80414
2650 1574.38 14684.6 646.174 -2.80357
2660 1603.14 13025.4 647.53 -2.80289
2670 1693.03 7318.9 649.079 -2.80208
2680 1799.73 1156.25 650.733 -2.80116
2690 1762.57 1114.21 652.4 -2.80045
2700 1677.63 1482.8 654.072 -2.80002
2710 1705.23 -1906.26 655.746 -2.79962
2720 1735.57 -4513.48 657.377 -2.79915
2730 1746.44 -6752.13 658.918 -2.79875
2740 1764.77 -10426.9 660.329 -2.79844
2750 1729.29 -11769.3 661.557 -2.79822
2760 1695.93 -10480 662.581 -2.79813
2770 1703.59 -10027.7 663.419 -2.79807
2780 1745.1 -11283.3 664.077 -2.79804
2790 1726.37 -9633.12 664.546 -2.79813
2800 1651.38 -6516.17 664.853 -2.79829
2810 1571.09 -4631.61 665.047 -2.79833
2820 1521.96 -2162.48 665.168 -2.7981
2830 1562.13 -3289.31 665.249 -2.79756
2840 1648.28 -5924.44 665.277 -2.79677
2850 1707.97 -7668.02 665.209 -2.79595
2860 1664.65 -5750.05 665.024 -2.79523
2870 1587.3 -1986.1 664.752 -2.79455
2880 1584.22 2304.48 664.457 -2.79373
2890 1677.93 4297.06 664.208 -2.79276
2900 1679.79 5377.52 664.039 -2.79181
2910 1546.72 7683.65 663.972 -2.79093
2920 1542.97 4497.61 664.033 -2.78993
2930 1796.33 -4065.85 664.167 -2.78873
2940 2035.23 -10924.3 664.239 -2.78777
2950 2079.89 -12967.6 664.138 -2.78778
2960 1950.58 -9962.49 663.833 -2.78884
2970 1733.77 -1081.75 663.38 -2.79026
2980 1572.68 4730.09 662.916 -2.7914
2990 1550.3 8692.96 662.542 -2.79205
3000 1638.74 8568.35 662.32 -2.79233
3010 1754.04 4906.85 662.246 -2.79247
3020 1807.82 1255.35 662.262 -2.79274
3030 1721.39 855.119 662.309 -2.7932
3040 1589.75 2676.26 662.38 -2.79359
3050 1590.1 551.605 662.494 -2.79374
3060 1608.95 -2369.88 662.62 -2.79359
3070 1653.93 -6936.04 662.706 -2.79328
3080 1679.53 -8295.72 662.687 -2.7929
3090 1696.74 -9443.1 662.53 -2.79255
3100 1678.71 -7781.93 662.229 -2.79223
3110 1801.78 -8862.58 661.803 -2.79199
3120 1852.56 -10634.3 661.237 -2.79203
3130 1754.83 -6773.46 660.517 -2.79242
3140 1712.52 -2988.87 659.7 -2.79287
3150 1758.32 367.647 658.852 -2.79327
3160 1806.85 2442.61 658.027 -2.79375
3170 1691.2 8343.34 657.268 -2.7943
3180 1533.42 13098 656.663 -2.79462
3190 1578.25 12090.9 656.28 -2.79461
3200 1648.12 9863.27 656.107 -2.7944
3210 1576.4 10084 656.11 -2.79405
3220 1653.09 3741.91 656.275 -2.79357
3230 1869.3 -8140.77 656.495 -2.79302
3240 1955.82 -11868.8 656.598 -2.79289
3250 1887.83 -11178.2 656.515 -2.79344
3260 1772.92 -9722.95 656.254 -2.79438
3270 1666.04 -6955.22 655.844 -2.79535
3280 1591.23 -323.046 655.337 -2.79606
3290 1585.61 4663.38 654.836 -2.79636
3300 1658.92 4494.43 654.416 -2.7964
3310 1638.33 5823.18 654.085 -2.7963
3320 1670.95 3893 653.856 -2.79608
3330 1869.68 -3856.87 653.69 -2.79592
3340 1968.11 -7719.26 653.476 -2.79619
3350 1948.36 -9164.53 653.148 -2.79714
3360 1855.72 -8374.1 652.684 -2.79862
3370 1752.34 -3989.15 652.101 -2.80019
3380 1682.82 -1446.46 651.465 -2.80162
3390 1519.66 6317.89 650.828 -2.80267
3400 1326.99 13776.4 650.309 -2.803
3410 1361.02 13325.6 650.014 -2.80265
3420 1470.54 10873.4 649.941 -2.80173
3430 1534.59 11656.6 650.057 -2.80044
3440 1627.15 11821.7 650.363 -2.79899
3450 1680.8 13120.7 650.866 -2.79756
3460 1688.01 13997.9 651.58 -2.79632
3470 1745.98 14266.4 652.519 -2.79534
3480 1773.3 13489.8 653.683 -2.79464
3490 1724.93 13862.4 655.063 -2.7943
3500 1631.85 13294.1 656.66 -2.79417
3510 1580.23 12362.2 658.464 -2.79405
3520 1579.77 8650.76 660.453 -2.79372
3530 1626.56 3555.54 662.57 -2.79308
3540 1679.41 -3267.59 664.724 -2.79211
3550 1682.62 -6326.09 666.811 -2.79099
3560 1752.25 -10484.9 668.769 -2.78987
3570 1868.55 -14474.8 670.528 -2.78884
3580 1905.72 -14795.1 672.027 -2.78827
3590 1824.23 -11881.6 673.261 -2.78832
3600 1759.51 -8708.55 674.279 -2.78872
3610 1829.51 -10798.5 675.128 -2.7893
3620 1868.36 -13816.7 675.782 -2.79012
3630 1834.74 -15585 676.193 -2.79122
3640 1886.12 -21000.7 676.324 -2.79263
3650 1880.37 -24001.7 676.094 -2.79449
3660 1700.41 -21079.9 675.462 -2.79659
3670 1439.77 -15817.2 674.48 -2.79828
3680 1364.47 -12683.3 673.241 -2.79918
3690 1539.99 -16315.2 671.794 -2.79949
3700 1734.19 -19789.9 670.096 -2.79965
3710 1773.2 -18917 668.101 -2.80002
3720 1729.02 -16740.7 665.824 -2.80063
3730 1752.02 -14489.7 663.313 -2.80131
3740 1888.29 -12864.1 660.609 -2.80214
3750 1998.15 -8384.61 657.753 -2.80336
3760 1924.76 -261.515 654.828 -2.80488
3770 1795.01 6740.31 651.961 -2.80626
3780 1680.87 11247.5 649.263 -2.80731
3790 1581.49 14788.8 646.807 -2.80781
3800 1687.95 12536.4 644.633 -2.80803
3810 1796.6 8395 642.703 -2.80836
3820 1755.12 8126.74 640.956 -2.80891
3830 1662.41 8295.05 639.375 -2.80945
3840 1659.09 10997 637.963 -2.8098
3850 1726.21 12262.4 636.752 -2.80997
3860 1848.68 10766.6 635.755 -2.81027
3870 1787.37 13148.1 634.954 -2.81086
3880 1642.05 17115.2 634.379 -2.81147
3890 1649.72 16165 634.075 -2.81196
3900 1644.92 17229.6 634.035 -2.81234
3910 1618.43 15846.3 634.263 -2.81262
3920 1595.39 14463.6 634.739 -2.81275
3930 1611.42 13840 635.438 -2.81272
3940 1684.05 10660.1 636.341 -2.81256
3950 1669.17 11190.5 637.409 -2.81241
3960 1535.22 12519.4 638.643 -2.81226
3970 1509.51 10215.2 640.056 -2.81194
3980 1603.01 5071.82 641.611 -2.8112
3990 1796.18 615.43 643.231 -2.81019
4000 1929.34 -1307.69 644.849 -2.80934
4010 1918.8 152.709 646.433 -2.80915
4020 1768.11 5708.24 648.012 -2.80961
4030 1597.51 10672 649.665 -2.81032
4040 1552.06 12215.3 651.471 -2.81093
4050 1629 9081.03 653.45 -2.8112
4060 1731.82 5435.6 655.557 -2.81123
4070 1737.32 2038.71 657.73 -2.81117
4080 1634.45 2983.09 659.923 -2.81117
4090 1524.89 1955.54 662.138 -2.81106
4100 1536.02 -1190.95 664.358 -2.81055
4110 1628.82 -2847.04 666.537 -2.80965
4120 1701.23 -4802.25 668.641 -2.80858
4130 1701.57 -6030.32 670.641 -2.80756
4140 1673.35 -7726.77 672.515 -2.80661
4150 1675.71 -7975.95 674.235 -2.8057
4160 1585.92 -4425.47 675.803 -2.80487
4170 1441.72 -2903.26 677.271 -2.80403
4180 1319.17 -1064.67 678.674 -2.80289
4190 1374.77 -2432.18 680.036 -2.8013
4200 1491.71 -6538.49 681.335 -2.7991
4210 1594.38 -9494.49 682.506 -2.79655
4220 1759.9 -14518.5 683.49 -2.7939
4230 1904.32 -17975.7 684.206 -2.79155
4240 1871.87 -15916 684.604 -2.78998
4250 1749.62 -13230.3 684.717 -2.78917
4260 1648.54 -10353 684.596 -2.7887
4270 1607.31 -10031.9 684.292 -2.78823
4280 1658.41 -12408 683.815 -2.7877
4290 1745.32 -14109.5 683.131 -2.78722
4300 1820.97 -18503.5 682.207 -2.78704
4310 1732.68 -17483.8 680.985 -2.7873
4320 1575.73 -12280.7 679.487 -2.78763
4330 1548.86 -9931.82 677.8 -2.78768
4340 1594.62 -9560.3 675.972 -2.78746
4350 1615.97 -8029.41 674.021 -2.78701
4360 1741.95 -9921.54 671.967 -2.78652
4370 1885.36 -12311.6 669.787 -2.78633
4380 1812.83 -7246.53 667.457 -2.78664
4390 1520.9 2158.73 665.064 -2.78672
4400 1560.37 1054.85 662.743 -2.78638
4410 1621.76 -927.857 660.492 -2.78582
4420 1559.25 -425.303 658.281 -2.78515
4430 1638.49 -2596.33 656.11 -2.78433
4440 1885.54 -6979.16 653.941 -2.78364
4450 2060.96 -5078.12 651.718 -2.78353
4460 2018.71 1340.4 649.471 -2.78419
4470 1782.84 9857.4 647.302 -2.78518
4480 1544.38 16207 645.338 -2.78578
4490 1480.16 16967.9 643.67 -2.78582
4500 1554.77 15627.1 642.307 -2.78547
4510 1717.41 12370.7 641.219 -2.78494
4520 1864.28 8469.92 640.352 -2.78463
4530 1765.3 8217.41 639.644 -2.78471
4540 1572.43 9422.45 639.086 -2.78489
4550 1473.86 10295.1 638.692 -2.7848
4560 1560.07 7864.8 638.464 -2.78431
4570 1766.41 5740.44 638.37 -2.78359
4580 1793.54 8804 638.382 -2.78303
4590 1745.74 8321.68 638.53 -2.78279
4600 1673.04 7935.26 638.813 -2.78275
4610 1556.14 10992.8 639.226 -2.78264
4620 1692.73 6552.66 639.798 -2.78236
4630 1794.96 4491.49 640.474 -2.78202
4640 1728.31 6077.86 641.22 -2.78193
4650 1642.27 7866.29 642.058 -2.78196
4660 1705.91 5040.22 643.005 -2.78192
4670 1887.15 1956.22 644.024 -2.78191
4680 1939.23 4051.74 645.072 -2.78232
4690 1893.3 8526.59 646.179 -2.78339
4700 1757.47 12581.6 647.412 -2.78487
4710 1622.17 14173.2 648.833 -2.78635
4720 1637.03 12377.1 650.463 -2.78757
4730 1721.17 9496.98 652.276 -2.78853
4740 1817.57 6587.07 654.225 -2.78943
4750 1862.46 4198.36 656.263 -2.79047
4760 1813.35 2501.84 658.348 -2.7917
4770 1621.95 4415.29 660.459 -2.79295
4780 1482.56 4173.68 662.618 -2.79386
4790 1500.53 -662.923 664.815 -2.79414
4800 1544.8 -4203.94 666.979 -2.79378
4810 1613.64 -8808.78 669.044 -2.79299
4820 1673.38 -13647.7 670.933 -2.79189
4830 1670.4 -15455.3 672.568 -2.79073
4840 1677 -15454.9 673.919 -2.78968
4850 1640.41 -13890.3 674.988 -2.78874
4860 1577.35 -14197.9 675.8 -2.78786
4870 1510.27 -13876.6 676.357 -2.7869
4880 1456.21 -11924.9 676.669 -2.78575
4890 1567.8 -13701.2 676.765 -2.78434
4900 1719.77 -15394.2 676.624 -2.78278
4910 1695.39 -12056.2 676.229 -2.78142
4920 1584.02 -6707.04 675.639 -2.78029
4930 1565.83 -4856.72 674.941 -2.77912
4940 1666.33 -4853.88 674.174 -2.77782
4950 1823.6 -7670.98 673.337 -2.77658
4960 1874.74 -8363.79 672.391 -2.7758
4970 1773.87 -6693.96 671.327 -2.7755
4980 1838.87 -9045.21 670.166 -2.77556
4990 1895.92 -10219 668.879 -2.77605
5000 1855.47 -9566.99 667.45 -2.77699
5010 1799.36 -10548.2 665.887 -2.77826
5020 1722.78 -8362.21 664.187 -2.77958
5030 1770.42 -8538.71 662.379 -2.78083
5040 1869.16 -7960.74 660.47 -2.78221
5050 1875.17 -5052.34 658.475 -2.78382
5060 1778.77 -1272.72 656.442 -2.7855
5070 1664.53 1828.64 654.433 -2.78691
5080 1653.23 2463.67 652.496 -2.78795
5090 1659.76 1229.5 650.641 -2.78878
5100 1601.95 872.784 648.848 -2.78939
5110 1575.51 1134.82 647.111 -2.78969
5120 1631.93 1523.28 645.43 -2.78969
5130 1657.03 3277.3 643.814 -2.78948
5140 1657 3238.74 642.284 -2.78915
5150 1692.31 2916.15 640.84 -2.7888
5160 1639.22 4172.83 639.477 -2.78842
5170 1653.29 2511.24 638.208 -2.78794
5180 1862.77 -2758.54 637.001 -2.78758
5190 1930.91 -2303.25 635.789 -2.78767
5200 1877.89 -252.007 634.57 -2.78826
5210 1796.43 2738.51 633.377 -2.78919
5220 1690.26 9809.98 632.261 -2.78999
5230 1793.72 11642.5 631.315 -2.79068
5240 1907.7 13176.1 630.568 -2.79157
5250 1893.18 16144.6 630.045 -2.79286
5260 1864.54 16263.2 629.778 -2.7945
5270 1804 16836.7 629.771 -2.79637
5280 1694.7 18540.1 630.028 -2.79822
5290 1664.97 16803.9 630.564 -2.79986
5300 1787.8 11153.1 631.348 -2.80135
5310 1771.83 11092.8 632.306 -2.80289
5320 1596.82 11717.7 633.427 -2.8043
5330 1688.57 5505.44 634.706 -2.80537
5340 1858.1 -1567.7 636.058 -2.8062
5350 1949.19 -6891.82 637.374 -2.80721
5360 1943.77 -7627.95 638.575 -2.80868
5370 1828.1 -5591.02 639.65 -2.81049
5380 1699.31 -5084.43 640.624 -2.81229
5390 1554.67 -2673.8 641.513 -2.81371
5400 1469.08 -855.368 642.349 -2.81459
5410 1512.93 -1987.36 643.16 -2.8149
5420 1596.02 -2809.45 643.933 -2.81478
5430 1679.92 -3329.64 644.656 -2.81441
5440 1823.92 -6553.11 645.315 -2.81405
5450 1909.81 -7040.9 645.871 -2.81399
5460 1872.94 -5029.96 646.313 -2.81446
5470 1652.5 673.607 646.68 -2.81522
5480 1457.21 5695.45 647.057 -2.81575
5490 1428.8 7855.04 647.52 -2.81577
5500 1581.95 6724.13 648.104 -2.8153
5510 1783.42 1983.55 648.787 -2.81457
5520 1862.75 436.554 649.503 -2.81401
5530 1847.55 697.841 650.224 -2.8139
5540 1826.07 317.435 650.95 -2.81419
5550 1850.06 -1078.58 651.676 -2.81475
5560 1923.06 -4109.84 652.377 -2.81564
5570 1914.7 -3302.69 653.013 -2.81696
5580 1810.34 111.133 653.595 -2.81862
5590 1710.99 1994.75 654.173 -2.82026
5600 1650.46 4530.03 654.784 -2.82168
5610 1585.73 7207.25 655.466 -2.82281
5620 1535.05 6445.46 656.257 -2.82354
5630 1488.08 4315.19 657.145 -2.82383
5640 1363.55 5246.06 658.104 -2.82362
5650 1448.46 1590.86 659.134 -2.82287
5660 1668.95 -6199.11 660.174 -2.82151
5670 1758.74 -10625.1 661.107 -2.82
5680 1704.49 -11547.8 661.859 -2.81875
5690 1586.9 -9084.67 662.416 -2.81774
5700 1519.07 -7769.06 662.816 -2.81673
5710 1525.97 -8858.68 663.079 -2.81554
5720 1429.91 -6330.3 663.2 -2.81414
5730 1446.52 -6701.78 663.213 -2.81252
5740 1530.9 -9767.37 663.113 -2.81056
5750 1589.16 -9862.03 662.859 -2.80846
5760 1605.86 -7931.52 662.452 -2.80637
5770 1647.49 -4973.18 661.924 -2.80437
5780 1740.43 -2739.86 661.326 -2.80243
5790 1917.43 -5371.69 660.689 -2.8008
5800 1954.92 -6516.15 659.983 -2.79987
5810 1859.94 -6035.38 659.187 -2.79972
5820 1780.43 -9652.24 658.303 -2.80009
5830 1560.47 -7729.78 657.288 -2.80059
5840 1374.39 -1378.3 656.174 -2.80063
5850 1490.97 -989.581 655.052 -2.80006
5860 1650.15 -2792.24 653.934 -2.79909
5870 1699.71 -2141.55 652.799 -2.79805
5880 1714.59 -2926.23 651.651 -2.79714
5890 1789.13 -3879.81 650.481 -2.79642
5900 1856.18 -5192.86 649.272 -2.79603
5910 1814.55 -4547.62 648.01 -2.79609
5920 1625.24 778.43 646.707 -2.79632
5930 1461.19 8636.08 645.449 -2.79616
5940 1517.11 9909.31 644.346 -2.79551
5950 1624.09 12243.3 643.427 -2.79452
5960 1659.9 15934.8 642.724 -2.79339
5970 1751.32 15932 642.285 -2.79238
5980 1760.93 16344.3 642.112 -2.79162
5990 1635.25 20822.7 642.214 -2.79119
6000 1471.93 22994.2 642.644 -2.79086
6010 1433.82 22648.5 643.436 -2.79037
6020 1503.18 18774.5 644.578 -2.78957
6030 1711.49 9035.35 646.001 -2.78839
6040 1897.14 1153.09 647.559 -2.78703
6050 1987.36 -1695.53 649.129 -2.78611
6060 2004.38 -3587.04 650.659 -2.786
6070 1963 -2708.28 652.121 -2.78669
6080 1873.68 336.408 653.529 -2.78798
6090 1834.38 520.392 654.927 -2.78956
6100 1835.51 -1332.73 656.317 -2.79125
6110 1731.12 750.006 657.68 -2.79297
6120 1611.85 1085.09 659.04 -2.79444
6130 1594.02 976.333 660.405 -2.79551
6140 1567.87 1539.08 661.774 -2.7962
6150 1536.48 -979.643 663.151 -2.79647
6160 1658.98 -6336.48 664.496 -2.79632
6170 1769.37 -12903.9 665.717 -2.79593
6180 1713.63 -14141.2 666.717 -2.79563
6190 1617.68 -15080 667.467 -2.79542
6200 1590.34 -15843.2 667.953 -2.7951
6210 1671.9 -14947.3 668.169 -2.79468
6220 1734.04 -14622.6 668.13 -2.79429
6230 1704.84 -13350.1 667.847 -2.79408
6240 1615.42 -11402.9 667.348 -2.79393
6250 1548.3 -13218.9 666.661 -2.79372
6260 1469.78 -11813.9 665.772 -2.79329
6270 1484.08 -9805.28 664.702 -2.79252
6280 1647.31 -11987.7 663.481 -2.79146
6290 1701.77 -9878.63 662.092 -2.79034
6300 1790.67 -8832.33 660.565 -2.78937
6310 1916.41 -10384.2 658.918 -2.78881
6320 1910.01 -6054.39 657.144 -2.78882
6330 1890.31 -2276.7 655.306 -2.78927
6340 1783.25 2671.44 653.471 -2.79001
6350 1523.24 12051.3 651.727 -2.79046
6360 1399.22 15821 650.207 -2.79021
6370 1587.21 10582.3 648.962 -2.78954
6380 1740.23 7728.84 647.92 -2.78874
6390 1720.56 6659.64 647.028 -2.78811
6400 1698.97 6024.52 646.265 -2.78762
6410 1822.89 4505.12 645.615 -2.78727
6420 1904.95 2884.89 645.053 -2.78726
6430 1868.29 5023.02 644.558 -2.78772
6440 1890.66 5728.36 644.156 -2.78857
6450 1967.37 2925.31 643.852 -2.78988
6460 1918.16 4617.48 643.613 -2.79171
6470 1730.59 7059.04 643.459 -2.79369
6480 1473.01 7465.8 643.422 -2.79525
6490 1417.56 6148.23 643.507 -2.79604
6500 1666.34 -1392.64 643.684 -2.79627
6510 1911.9 -6838.4 643.845 -2.79641
6520 1988.97 -5968.15 643.91 -2.79705
6530 1943.21 -3378.45 643.887 -2.79838
6540 1825.73 -1043.53 643.817 -2.80006
6550 1796.49 -86.4109 643.735 -2.8018
6560 1793.52 1981.63 643.662 -2.80353
6570 1784.95 3914.13 643.626 -2.80527
6580 1676.65 8721.04 643.663 -2.80687
6590 1585.61 10326 643.839 -2.80817
6600 1489.15 9740.05 644.18 -2.80901
6610 1446.51 9222.2 644.676 -2.80934
6620 1483.75 8541.69 645.317 -2.80916
6630 1635.23 4706.74 646.086 -2.80857
6640 1781.98 -760.952 646.924 -2.80779
6650 1833.84 -4766.68 647.745 -2.80719
6660 1786.15 -6315.09 648.488 -2.80692
6670 1715.11 -5521.51 649.128 -2.80689
6680 1674.78 -4541.23 649.676 -2.80692
6690 1669.71 -5983.46 650.144 -2.8069
6700 1640.21 -5580.77 650.517 -2.8068
6710 1600.66 -4893.29 650.798 -2.80659
6720 1553.57 -2027.8 651.006 -2.80619
6730 1628.29 -757.791 651.18 -2.80557
6740 1823.93 -1703.63 651.341 -2.80488
6750 1872.97 -508.427 651.481 -2.80449
6760 1793.71 -106.333 651.616 -2.80454
6770 1733.2 -1111.91 651.751 -2.80482
6780 1740.07 -3440.58 651.871 -2.80515
6790 1797.48 -6719.23 651.936 -2.80556
6800 1822.92 -8471.52 651.899 -2.80616
6810 1798.49 -8079.48 651.734 -2.80701
6820 1732.67 -7175.17 651.446 -2.80795
6830 1721.74 -8636.23 651.048 -2.80887
6840 1739.93 -10135.6 650.521 -2.80977
6850 1757.82 -12610.5 649.841 -2.81072
6860 1756.54 -13966.6 648.975 -2.81177
6870 1744.7 -13135.7 647.907 -2.81289
6880 1786.94 -13992 646.647 -2.81408
6890 1826.32 -13803.9 645.19 -2.81546
6900 1820.99 -9536.33 643.55 -2.81699
6910 1751.39 -3549.35 641.796 -2.81846
6920 1703.84 504.092 640.019 -2.81966
6930 1744.94 -572.226 638.279 -2.8207
6940 1788.08 -1153.23 636.568 -2.82177
6950 1802.69 -1112.19 634.875 -2.82291
6960 1851.88 -4116.47 633.196 -2.82423
6970 1886.68 -6721.87 631.491 -2.82592
6980 1789.51 -2805.49 629.727 -2.82781
6990 1662.55 2710.77 627.959 -2.82936
7000 1588.68 6763.62 626.269 -2.83041
7010 1641.14 6878.38 624.711 -2.83099
7020 1831.61 2675.21 623.281 -2.83152
7030 1918.18 2536.48 621.929 -2.8324
7040 1836.66 5095.16 620.647 -2.83361
7050 1737.74 6826.77 619.466 -2.83488
7060 1632.42 10492.6 618.416 -2.83593
7070 1651.41 10138.9 617.537 -2.83665
7080 1752.1 6328.34 616.82 -2.83729
7090 1688.89 9162.81 616.224 -2.83791
7100 1588.1 12909.8 615.777 -2.83837
7110 1586.4 13490.3 615.525 -2.83855
7120 1652.68 14620.7 615.48 -2.83852
7130 1714.3 14257.3 615.651 -2.83845
7140 1725.38 14511.7 616.034 -2.83847
7150 1723.57 14244.2 616.628 -2.83861
7160 1800.7 10654.6 617.422 -2.83888
7170 1888.62 5777.77 618.366 -2.83937
7180 1837.23 4351.52 619.394 -2.84018
7190 1798.8 3622.39 620.478 -2.84122
7200 1845.97 870.704 621.604 -2.84238
7210 1889.34 -373.472 622.736 -2.84374
7220 1861.25 -500.065 623.853 -2.84538
7230 1800.49 924.384 624.957 -2.84717
7240 1726.53 3901.69 626.068 -2.84894
7250 1657.38 5651.48 627.225 -2.85056
7260 1476.28 11435 628.466 -2.85186
7270 1301.62 12872.8 629.862 -2.85261
7280 1273.48 8566.15 631.432 -2.8526
7290 1420.98 -2284.2 633.11 -2.85165
7300 1562.19 -10050 634.74 -2.84982
7310 1757.96 -16206.1 636.2 -2.84765
7320 1922.57 -18456.8 637.398 -2.84564
7330 1924.77 -16168.8 638.305 -2.84442
7340 1780.43 -12674.5 638.952 -2.84401
7350 1517.12 -4689.98 639.404 -2.84391
7360 1275.92 3049.56 639.781 -2.84356
7370 1127.01 7362 640.199 -2.84267
7380 1121.4 9155.46 640.727 -2.84115
7390 1206.22 7994.23 641.393 -2.83891
7400 1366.4 2011.89 642.172 -2.83592
7410 1496.94 -2559.89 642.978 -2.83231
7420 1574.19 -328.466 643.749 -2.8286
7430 1625.8 -401.016 644.504 -2.82507
7440 1539.42 241.533 645.247 -2.82193
7450 1388.85 4793.82 645.997 -2.81918
7460 1640.73 -1064.76 646.801 -2.81637
7470 1997.89 -9026.97 647.581 -2.81319
7480 2115.75 -13805 648.214 -2.81086
7490 1951.62 -14265.7 648.628 -2.80995
7500 1734.53 -12408.7 648.815 -2.8099
7510 1678.02 -9591.78 648.807 -2.81004
7520 1710.04 -8810.65 648.645 -2.81016
7530 1625.11 -2161.65 648.358 -2.81026
7540 1500.31 7731.09 648.051 -2.81011
7550 1564.38 11063.7 647.868 -2.80961
7560 1632.73 10490.2 647.867 -2.80888
7570 1612.33 9714.29 648.041 -2.80811
7580 1578.36 8589.29 648.373 -2.80728
7590 1724.4 3823.96 648.84 -2.80635
7600 1903.43 -5452.17 649.361 -2.80546
7610 1975.29 -12722.7 649.796 -2.80507
7620 1957.2 -14167.6 650.032 -2.80545
7630 1928.32 -12797.5 650.046 -2.80651
7640 1868.36 -8238.78 649.862 -2.80803
7650 1780.15 -4408.23 649.552 -2.80972
7660 1678.1 -2033.31 649.18 -2.81124
7670 1724.27 -4608.4 648.779 -2.81255
7680 1771.47 -8942.83 648.312 -2.81383
7690 1686.69 -7958.12 647.723 -2.81508
7700 1575.38 -5031.02 647.023 -2.81608
7710 1558.36 -5307.44 646.254 -2.81662
7720 1754.21 -11399.1 645.408 -2.81697
7730 1898.15 -13343 644.406 -2.81752
7740 1940.97 -11205 643.219 -2.81859
7750 1862.77 -5064.08 641.886 -2.82007
7760 1693.71 3786.04 640.504 -2.82148
7770 1541.27 11572.8 639.21 -2.82234
7780 1532.16 13914.1 638.117 -2.82264
7790 1565.34 13511.7 637.261 -2.82257
7800 1551.28 13424.5 636.635 -2.82225
7810 1549.64 10963.9 636.229 -2.82169
7820 1633.84 5989.47 636.001 -2.82095
7830 1749.78 3149.39 635.879 -2.82015
7840 1827.07 2376.71 635.815 -2.81954
7850 1828.42 3538.18 635.798 -2.8193
7860 1747.42 4403.38 635.841 -2.8194
7870 1624.68 4808.88 635.958 -2.81959
7880 1573.35 2012.31 636.148 -2.8196
7890 1547.19 475.09 636.373 -2.81933
7900 1542.24 4.81509 636.61 -2.81878
7910 1519.04 2362.52 636.852 -2.81797
7920 1500.1 6034.43 637.135 -2.81693
7930 1565.28 4935.22 637.505 -2.81564
7940 1688.9 4282.7 637.954 -2.81418
7950 1807.97 1732.11 638.466 -2.81277
7960 1924.02 -950.146 639.005 -2.81174
7970 1992.76 -2878.19 639.528 -2.81138
7980 1979.91 -2370.69 640.009 -2.81181
7990 1916.8 -2523.76 640.451 -2.81293
8000 1748.48 -482.629 640.856 -2.81434
8010 1585.13 3564.29 641.257 -2.81559
8020 1594.18 2969.34 641.708 -2.81641
8030 1761.07 -1946.66 642.199 -2.81695
8040 1857.95 -4740.43 642.661 -2.81756
8050 1823.81 -4745.6 643.051 -2.81844
8060 1735.17 -5645.82 643.365 -2.81946
8070 1673.25 -6266.8 643.591 -2.8204
8080 1599.45 -4562.99 643.722 -2.82113
8090 1517.35 -4160.74 643.783 -2.82149
8100 1573.11 -5473.94 643.779 -2.82147
8110 1677.22 -6147.59 643.694 -2.82118
8120 1751.63 -6210.46 643.518 -2.82089
8130 1757.7 -3892.06 643.256 -2.82071
8140 1821.56 -2428.46 642.94 -2.82075
8150 1807.13 2126.44 642.601 -2.82101
8160 1793.01 5174.82 642.303 -2.82148
8170 1795.56 6762.36 642.096 -2.82215
8180 1665.56 13629.3 642.014 -2.8229
8190 1441.1 19462.3 642.152 -2.82344
8200 1366.1 18702.3 642.592 -2.82351
8210 1573.03 12915 643.322 -2.82306
8220 1847.61 4643.55 644.249 -2.82225
8230 1958.33 162.747 645.251 -2.8217
8240 1870.31 -1025.32 646.252 -2.82181
8250 1632.82 2786.93 647.238 -2.82226
8260 1512.01 3705.45 648.258 -2.82257
8270 1535.94 2379.12 649.326 -2.82248
8280 1526.42 1865.61 650.425 -2.82203
8290 1443.24 5322.94 651.551 -2.82132
8300 1445.77 8076.94 652.754 -2.82034
8310 1618.22 5252.2 654.071 -2.819
8320 1660.45 4781.54 655.468 -2.81744
8330 1729.28 3287.58 656.93 -2.81603
8340 1820.65 -1094.03 658.43 -2.81474
8350 1732.58 -820.22 659.906 -2.81381
8360 1461.53 3834.54 661.364 -2.81316
8370 1437.79 872.813 662.861 -2.81233
8380 1626.33 -6376.62 664.351 -2.81089
8390 1739.04 -10234.9 665.727 -2.80918
8400 1681.25 -10569.4 666.921 -2.80766
8410 1564.67 -9191.61 667.928 -2.80638
8420 1591.16 -8656.79 668.765 -2.80509
8430 1608.73 -6325.63 669.452 -2.80371
8440 1632.03 -5760.25 670.023 -2.80235
8450 1614.57 -5885.96 670.493 -2.801
8460 1577.07 -7160.31 670.856 -2.79969
8470 1538.63 -8343.02 671.097 -2.79828
8480 1734.87 -15008.2 671.186 -2.7968
8490 1772.62 -18496.7 671.026 -2.79547
8500 1621.55 -16166.6 670.563 -2.79459
8510 1506.64 -13553.5 669.834 -2.79382
8520 1569.22 -12459.9 668.884 -2.79288
8530 1649.07 -8440.16 667.748 -2.79174
8540 1734.76 -7945.81 666.484 -2.79058
8550 1704.51 -4513.41 665.118 -2.78962
8560 1614.64 767.016 663.705 -2.78869
8570 1651.43 755.701 662.326 -2.7877
8580 1736.3 740.494 660.99 -2.7867
8590 1790.93 2882.68 659.698 -2.78587
8600 1749.69 5156.85 658.48 -2.78528
8610 1638.7 9508.3 657.379 -2.78479
8620 1643.91 6626.6 656.447 -2.78427
8630 1683.27 4078.21 655.647 -2.78375
8640 1682.92 2839.39 654.934 -2.78324
8650 1743.48 -110.735 654.283 -2.78282
8660 1753.19 -1536.88 653.648 -2.78255
8670 1706.77 -990.329 653.006 -2.78244
8680 1710.35 -1552.75 652.362 -2.78238
8690 1753.46 -2774.49 651.709 -2.78236
8700 1857.95 -5122.29 651.024 -2.78253
8710 2014.51 -8929.53 650.27 -2.7832
8720 2035.54 -6476.61 649.4 -2.78466
8730 1917.34 -1153.2 648.449 -2.78675
8740 1702.59 5772.95 647.504 -2.78876
8750 1709.59 5634.67 646.662 -2.79039
8760 1844.86 1459.66 645.924 -2.79198
8770 1846.94 2895.18 645.235 -2.79378
8780 1616.21 6887.91 644.614 -2.79549
8790 1246.58 14085.4 644.122 -2.79645
8800 1153.26 15692.9 643.859 -2.79643
8810 1452.55 9156.93 643.842 -2.79559
8820 1704.8 3960.21 643.978 -2.79415
8830 1755.04 2667.66 644.186 -2.79276
8840 1731.42 3515.1 644.442 -2.79168
8850 1811.98 1562.19 644.752 -2.79087
8860 1884.46 -1108.53 645.088 -2.79041
8870 1775.55 1496.13 645.414 -2.7904
8880 1578.99 6103.76 645.77 -2.79058
8890 1485.03 7284 646.217 -2.79052
8900 1544.3 8727.67 646.782 -2.79011
8910 1655.76 7678.49 647.481 -2.78943
8920 1727.44 4747.83 648.297 -2.7887
8930 1690.39 3332.5 649.187 -2.78806
8940 1624.17 4026.79 650.127 -2.78751
8950 1633.64 4411.41 651.127 -2.78693
8960 1740.91 2893.85 652.187 -2.78629
8970 1834.28 3254.94 653.29 -2.78579
8980 1782.59 5614.91 654.44 -2.7857
8990 1563.05 10148.4 655.678 -2.78585
9000 1462.08 10151.8 657.067 -2.78588
9010 1493.97 8532.42 658.61 -2.78549
9020 1538.9 7642.2 660.283 -2.78473
9030 1612 4077.26 662.063 -2.78367
9040 1604.71 3259.69 663.903 -2.78247
9050 1670.4 -1280.56 665.774 -2.78117
9060 1727.75 -5834.72 667.606 -2.77975
9070 1659.63 -7007.51 669.326 -2.77845
9080 1608.9 -8542.96 670.91 -2.77723
9090 1755.34 -15268.2 672.321 -2.77591
9100 1872.78 -17051.2 673.464 -2.7747
9110 1892.54 -17342.1 674.301 -2.77409
9120 1848.31 -15824.8 674.833 -2.77412
9130 1722.84 -11560.5 675.092 -2.77453
9140 1643.56 -9780.54 675.144 -2.775
9150 1581.54 -6443.52 675.034 -2.77525
9160 1714.49 -8296.5 674.81 -2.7753
9170 1865.16 -7899.74 674.453 -2.77543
9180 1831.73 -2702.73 673.979 -2.77588
9190 1740.16 -283.663 673.466 -2.77654
9200 1667.3 622.685 672.96 -2.77717
9210 1594.7 2584.81 672.481 -2.77761
9220 1518.42 4727.35 672.06 -2.77774
9230 1447.43 6589.18 671.733 -2.77744
9240 1591.78 1516.41 671.519 -2.77673
9250 1863.27 -7177.84 671.335 -2.77586
9260 1971.06 -11571.6 671.043 -2.77543
9270 1888.24 -13476.3 670.565 -2.77579
9280 1847.45 -15335 669.868 -2.77664
9290 1996.01 -16707.4 668.925 -2.77804
9300 2011.84 -13720.3 667.723 -2.78015
9310 1828.29 -5667.1 666.321 -2.7826
9320 1668.09 632.612 664.85 -2.78466
9330 1661.53 607.837 663.41 -2.78627
9340 1649.93 1250.03 662.013 -2.78755
9350 1618.37 2171.95 660.666 -2.78851
9360 1560.36 5148.21 659.387 -2.78906
9370 1600.79 5852.25 658.217 -2.78919
9380 1811.81 3553.45 657.165 -2.78918
9390 1991.92 2750.79 656.197 -2.78949
9400 2058.47 1914.27 655.297 -2.79058
9410 1948.55 3762.37 654.454 -2.79244
9420 1644.41 10462.4 653.701 -2.79435
9430 1425.39 15604.1 653.134 -2.79557
9440 1486.34 12142.4 652.825 -2.79612
9450 1630.87 6762.65 652.721 -2.79626
9460 1705.64 4357.46 652.739 -2.79624
9470 1641.31 3887.91 652.837 -2.79622
9480 1540.18 4530.08 653.004 -2.79606
9490 1462.47 3474.7 653.246 -2.79562
9500 1368.81 2170.3 653.545 -2.79479
9510 1412.84 803.047 653.881 -2.79349
9520 1591.66 -4534.26 654.223 -2.7917
9530 1642.68 -6734.04 654.496 -2.78971
9540 1683.53 -6382.08 654.664 -2.78784
9550 1802.31 -9314.43 654.724 -2.78617
9560 1874.39 -8438.92 654.642 -2.7849
9570 1813.59 -4686.45 654.432 -2.78422
9580 1608.15 3229.59 654.16 -2.78388
9590 1427.09 10619.6 653.951 -2.78338
9600 1581.86 7519.81 653.909 -2.78254
9610 1806.98 2104.18 653.993 -2.78143
9620 1871.75 139.193 654.121 -2.78063
9630 1763.78 2408.68 654.263 -2.78032
9640 1577.55 5672.41 654.449 -2.78021
9650 1569.44 1650.07 654.722 -2.7799
9660 1818.52 -9605.24 655.012 -2.77935
9670 2054.9 -17810.8 655.15 -2.77911
9680 2139.29 -21544.5 655.005 -2.77998
9690 1932.59 -16167.1 654.528 -2.78192
9700 1723.25 -9404.7 653.8 -2.78402
9710 1702.66 -5913.21 652.93 -2.78585
9720 1710.38 -2021.55 651.983 -2.78738
9730 1704.19 1965.97 651.025 -2.78865
9740 1676.66 5225.99 650.119 -2.78969
9750 1624.4 9240.36 649.318 -2.79045
9760 1660.03 11709.7 648.683 -2.79089
9770 1889.75 7006.57 648.242 -2.79132
9780 2079.16 263.049 647.924 -2.79234
9790 2055.72 -607.764 647.631 -2.79428
9800 1827.72 3552.63 647.346 -2.79672
9810 1554.88 8899.07 647.129 -2.79881
9820 1417.82 11308.8 647.061 -2.80013
9830 1432.62 9981.32 647.175 -2.80072
9840 1566.14 4572.01 647.448 -2.80077
9850 1747.86 -3058.16 647.793 -2.80049
9860 1915.23 -10076.7 648.09 -2.80032
9870 1938.33 -14473.5 648.23 -2.80069
9880 1846.22 -13968.5 648.148 -2.80162
9890 1744.4 -12476.4 647.849 -2.8028
9900 1677.49 -12248.9 647.356 -2.80395
9910 1581.02 -8825.29 646.684 -2.80488
9920 1495.17 -3535.65 645.889 -2.80536
9930 1474.65 -866.998 645.051 -2.80532
9940 1432.15 891.535 644.215 -2.8048
9950 1362.86 4963.13 643.415 -2.8038
9960 1378.89 8015.48 642.71 -2.80229
9970 1469.26 7671.91 642.141 -2.80033
9980 1428.33 11962.2 641.715 -2.7981
9990 1397.34 15766.4 641.489 -2.79573
10000 1594.39 11307.2 641.508 -2.7931
