# Time-averaged data for fix 2
# TimeStep c_mytemp c_mypress v_vmyvol v_avgEtotal
10 920.444 197070 463.708 -3.06097
20 882.601 194639 463.663 -3.06074
30 857.053 194871 463.549 -3.06011
40 853.339 195126 463.365 -3.05906
50 876.162 196072 463.117 -3.05762
60 980.155 198632 462.822 -3.0559
70 1103.47 198834 462.514 -3.05424
80 1075.69 200511 462.202 -3.05297
90 911.74 200795 461.905 -3.05202
100 763.204 200058 461.629 -3.05102
110 739.613 198931 461.363 -3.04974
120 782.794 198739 461.089 -3.04807
130 865.197 200623 460.809 -3.0461
140 990.155 202523 460.547 -3.04404
150 1108.23 206510 460.334 -3.0423
160 1117.91 206714 460.22 -3.04142
170 969.476 204086 460.205 -3.04139
180 809.736 203772 460.258 -3.04166
190 837.482 202125 460.366 -3.0419
200 1009.68 204446 460.513 -3.0421
210 1129.23 204945 460.723 -3.0427
220 1043.33 203988 461.003 -3.04401
230 843.999 204887 461.345 -3.04569
240 793.661 200665 461.749 -3.04736
250 882.901 198340 462.163 -3.04874
260 996.451 196699 462.548 -3.04986
270 1004.36 196436 462.885 -3.05089
280 938.748 198685 463.171 -3.05188
290 939.591 200110 463.436 -3.05281
300 1006.5 196869 463.695 -3.05374
310 988.057 193818 463.909 -3.05459
320 887.932 192352 464.033 -3.05514
330 843.623 194698 464.051 -3.05516
340 915.158 196909 463.994 -3.0547
350 1007.01 195832 463.892 -3.05401
360 1015.55 195524 463.734 -3.05325
370 964.467 198254 463.523 -3.05244
380 942.183 197608 463.289 -3.05158
390 930.666 195208 463.025 -3.0506
400 901.305 195925 462.704 -3.04935
410 873.353 198907 462.335 -3.0478
420 873.791 201044 461.959 -3.04605
430 963.215 204513 461.612 -3.04428
440 1118.13 204905 461.336 -3.04287
450 1115.83 203565 461.139 -3.0422
460 896.426 202442 461.003 -3.04208
470 725.998 202324 460.91 -3.04191
480 847.791 200819 460.853 -3.04149
490 1113.22 203517 460.819 -3.04096
500 1205.73 206113 460.841 -3.04104
510 1044.91 206868 460.955 -3.0421
520 882.746 202799 461.165 -3.04361
530 847.73 200047 461.419 -3.04502
540 906.188 199092 461.674 -3.04618
550 954.001 198560 461.917 -3.04717
560 918.734 202281 462.145 -3.04808
570 924.071 202345 462.401 -3.04906
580 1039.1 198513 462.686 -3.05012
590 1113.84 199923 462.957 -3.05136
600 1010.59 199447 463.224 -3.05291
610 850.401 197995 463.482 -3.05441
620 866.661 196501 463.71 -3.05553
630 994.405 197906 463.89 -3.05629
640 1023.5 199957 464.041 -3.05703
650 932.302 198044 464.189 -3.05786
660 898.046 194705 464.307 -3.05849
670 972.514 192870 464.351 -3.05875
680 973.463 191827 464.293 -3.05865
690 846.699 192676 464.122 -3.0581
700 796.125 194406 463.851 -3.05695
710 957.258 196083 463.504 -3.05527
720 1095.27 198726 463.111 -3.05339
730 1024.4 197413 462.704 -3.05179
740 854.858 197659 462.273 -3.05025
750 798.717 201327 461.823 -3.04844
760 901.778 204339 461.403 -3.04643
770 1075.61 205521 461.054 -3.04461
780 1141.56 208211 460.799 -3.04346
790 1106.29 209178 460.67 -3.04333
800 1015.43 203838 460.673 -3.04405
810 931.02 198349 460.737 -3.04503
820 861.407 197110 460.785 -3.04575
830 790.063 199322 460.798 -3.04605
840 762.714 200313 460.802 -3.04598
850 801.897 200146 460.813 -3.04559
860 863.773 200866 460.83 -3.04497
870 928.834 203076 460.866 -3.04428
880 1003.46 204457 460.948 -3.04379
890 1056.32 204022 461.097 -3.04376
900 1061.85 202297 461.304 -3.0443
910 1007.82 202280 461.549 -3.04528
920 947.032 202319 461.828 -3.04652
930 983.3 203623 462.143 -3.04792
940 1052.9 203624 462.509 -3.04962
950 1014.32 197280 462.918 -3.05167
960 851.162 196136 463.294 -3.05355
970 766.42 194770 463.609 -3.05492
980 789.684 197908 463.853 -3.05565
990 914.905 197917 464.06 -3.05596
1000 1073.08 197031 464.237 -3.05606
1010 1153.57 199896 464.376 -3.05638
1020 1107.14 198975 464.512 -3.05721
1030 1037.5 194191 464.63 -3.05833
1040 965.988 194279 464.672 -3.05923
1050 930.627 194981 464.632 -3.05973
1060 917.252 195040 464.521 -3.05984
1070 859.77 196239 464.345 -3.05951
1080 796.714 196451 464.118 -3.05873
1090 818.327 195204 463.842 -3.05747
1100 921.261 197118 463.509 -3.05574
1110 1018.32 197955 463.14 -3.05382
1120 1014.77 198893 462.751 -3.05199
1130 979.426 201687 462.359 -3.05034
1140 1001.87 201447 461.998 -3.0489
1150 1026.6 200892 461.668 -3.04774
1160 966.602 201295 461.362 -3.0468
1170 899.078 201668 461.083 -3.04594
1180 944.937 203364 460.839 -3.04511
1190 995.537 205848 460.654 -3.04447
1200 962.269 205900 460.556 -3.04426
1210 864.871 205405 460.549 -3.04439
1220 841.994 202060 460.623 -3.04464
1230 910.082 196390 460.725 -3.0448
1240 976.258 195263 460.783 -3.04471
1250 965.638 197287 460.779 -3.04445
1260 906.922 199109 460.738 -3.04411
1270 883.394 202182 460.692 -3.04369
1280 954.116 203451 460.678 -3.04331
1290 1026.98 204099 460.719 -3.04318
1300 967.1 205322 460.824 -3.04349
1310 851.614 204987 461.008 -3.04415
1320 885.446 202245 461.263 -3.04494
1330 1033.09 199760 461.551 -3.04574
1340 1132.11 198778 461.837 -3.04674
1350 1064.66 199495 462.109 -3.04814
1360 904.934 196516 462.37 -3.04965
1370 818.356 192574 462.577 -3.05074
1380 846.196 193357 462.683 -3.05115
1390 927.646 196203 462.694 -3.05099
1400 975.601 200337 462.656 -3.0506
1410 1000.19 201906 462.624 -3.0503
1420 1044.73 200515 462.621 -3.05028
1430 1043.48 198642 462.63 -3.05054
1440 948.455 197171 462.623 -3.05089
1450 840.978 198134 462.582 -3.05101
1460 870.025 198902 462.517 -3.0508
1470 993.381 198129 462.439 -3.05039
1480 998.096 201686 462.344 -3.04998
1490 940.873 204358 462.279 -3.04978
1500 923.347 204068 462.279 -3.04983
1510 960.331 200647 462.339 -3.05006
1520 974.907 196667 462.41 -3.05035
1530 945.284 197154 462.442 -3.05053
1540 937.441 199711 462.438 -3.05055
1550 971.679 200764 462.431 -3.05055
1560 992.397 199808 462.438 -3.05064
1570 972.211 198973 462.445 -3.05082
1580 897.831 198182 462.443 -3.05098
1590 759.287 196944 462.416 -3.05087
1600 748.995 197208 462.35 -3.05029
1610 963.834 202221 462.254 -3.04924
1620 1226.18 206563 462.194 -3.04833
1630 1238.47 205444 462.23 -3.04854
1640 1043.23 199394 462.344 -3.04977
1650 857.613 194869 462.455 -3.05098
1660 797.645 192592 462.495 -3.05156
1670 824.891 195335 462.435 -3.05141
1680 912.196 200971 462.314 -3.05077
1690 1003.21 203169 462.209 -3.0501
1700 1011.9 201095 462.151 -3.04975
1710 948.944 198509 462.114 -3.04963
1720 885.601 197954 462.061 -3.04945
1730 886.582 201428 461.989 -3.04905
1740 1043.92 201587 461.938 -3.04865
1750 1171.68 201983 461.915 -3.04862
1760 1038.08 204640 461.93 -3.04925
1770 770.211 202840 462.012 -3.05011
1780 741.021 198876 462.134 -3.05069
1790 979.727 197717 462.246 -3.05088
1800 1139.8 198887 462.329 -3.05099
1810 1050.63 201033 462.401 -3.0515
1820 855.423 204124 462.493 -3.05223
1830 838.189 202650 462.642 -3.05296
1840 1009 197648 462.827 -3.05362
1850 1104.63 195525 462.983 -3.0543
1860 972.431 194406 463.076 -3.05502
1870 817.606 195214 463.092 -3.0554
1880 828.607 199555 463.046 -3.05525
1890 960.81 202938 462.996 -3.05485
1900 1050.4 204855 462.993 -3.05466
1910 1016.21 202942 463.059 -3.05498
1920 873.043 203847 463.179 -3.0556
1930 832.998 201653 463.351 -3.05628
1940 928.657 198915 463.549 -3.05682
1950 1037.79 198943 463.735 -3.05728
1960 1120.76 199333 463.909 -3.05793
1970 1127.01 198982 464.074 -3.05902
1980 964.019 195017 464.221 -3.06035
1990 699.389 191739 464.298 -3.06116
2000 603.486 191292 464.258 -3.06099
2010 793.892 192916 464.093 -3.05982
2020 1080.76 198469 463.836 -3.05787
2030 1196.22 200856 463.56 -3.05609
2040 1038.56 201664 463.304 -3.05505
2050 848.407 201086 463.078 -3.05433
2060 850.16 199486 462.874 -3.05351
2070 1008.59 197995 462.67 -3.05252
2080 1158.29 199253 462.447 -3.05162
2090 1096.77 204089 462.225 -3.05122
2100 871.005 207629 462.07 -3.05123
2110 775.373 204140 462.023 -3.05138
2120 869.564 196178 462.036 -3.05142
2130 945.472 190491 461.998 -3.05109
2140 865.153 193387 461.837 -3.05026
2150 775.698 201518 461.591 -3.04896
2160 903.663 210919 461.376 -3.04748
2170 1227.03 212068 461.317 -3.04655
2180 1351.01 209178 461.436 -3.04712
2190 1087.35 203349 461.69 -3.04924
2200 713.082 198664 461.996 -3.0514
2210 611.715 195542 462.283 -3.05279
2220 804.926 194036 462.505 -3.05336
2230 1007.27 197736 462.647 -3.05328
2240 1102.61 201768 462.758 -3.05321
2250 1095.77 200895 462.892 -3.05368
2260 973.593 196797 463.038 -3.05453
2270 812.437 192172 463.137 -3.05516
2280 763.264 192133 463.13 -3.05507
2290 905.059 197363 463.016 -3.05425
2300 1144.9 205396 462.873 -3.05322
2310 1224.79 204886 462.805 -3.053
2320 1005.25 198566 462.808 -3.05368
2330 734.25 193262 462.796 -3.05418
2340 683.085 192168 462.692 -3.05386
2350 864.243 194280 462.482 -3.05267
2360 1062.24 196660 462.194 -3.05096
2370 1076.74 202305 461.871 -3.04933
2380 948.537 205408 461.587 -3.04817
2390 888.183 204900 461.386 -3.04735
2400 1019.03 201737 461.26 -3.04677
2410 1112.27 201795 461.17 -3.04652
2420 983.861 202130 461.112 -3.04671
2430 787.282 202832 461.091 -3.04696
2440 817.642 201932 461.113 -3.04706
2450 1007.3 201230 461.167 -3.04704
2460 1096.7 199968 461.242 -3.04723
2470 952.731 196811 461.317 -3.04772
2480 763.622 195852 461.351 -3.04797
2490 791.761 194244 461.326 -3.04769
2500 939.097 199453 461.23 -3.04682
2510 1048.33 204412 461.131 -3.0459
2520 1047.63 205546 461.097 -3.04549
2530 979.605 204584 461.146 -3.04569
2540 907.734 202528 461.265 -3.04623
2550 882.127 198090 461.42 -3.04681
2560 903.178 194623 461.55 -3.04715
2570 933.273 196209 461.61 -3.04713
2580 985.892 199247 461.619 -3.04691
2590 1007.47 200953 461.62 -3.04678
2600 932.984 198535 461.633 -3.04681
2610 842.577 196912 461.629 -3.04674
2620 831.156 197452 461.587 -3.04632
2630 949.294 199455 461.514 -3.04559
2640 1109.42 202105 461.438 -3.04486
2650 1147.42 205984 461.401 -3.04471
2660 1011.57 206659 461.452 -3.04537
2670 854.429 204413 461.601 -3.04643
2680 859.598 199163 461.812 -3.04747
2690 966.21 195764 462.015 -3.04829
2700 929.2 195712 462.16 -3.04887
2710 808.468 197929 462.248 -3.04914
2720 903.228 200216 462.307 -3.04909
2730 1128.79 202112 462.373 -3.049
2740 1184.84 199690 462.468 -3.04948
2750 975.168 195093 462.559 -3.05043
2760 743.467 193167 462.584 -3.05099
2770 729.109 194532 462.515 -3.05074
2780 919.134 196027 462.37 -3.04981
2790 1078.17 198956 462.175 -3.04858
2800 1065.94 201881 461.972 -3.04762
2810 955.193 200746 461.798 -3.04705
2820 879.149 196398 461.638 -3.04655
2830 878.785 194269 461.434 -3.04574
2840 925.542 197635 461.159 -3.04452
2850 956.82 205992 460.865 -3.04313
2860 1001.26 208638 460.659 -3.04211
2870 1068.91 206383 460.58 -3.04177
2880 1080.32 201453 460.596 -3.04213
2890 962.974 198032 460.64 -3.04281
2900 816.3 198436 460.664 -3.04331
2910 798.442 200582 460.67 -3.0434
2920 945.806 200047 460.684 -3.04327
2930 1025.37 201524 460.706 -3.04312
2940 1006.64 205692 460.757 -3.04328
2950 979.566 203857 460.887 -3.0439
2960 951.104 200707 461.074 -3.0448
2970 895.701 196976 461.273 -3.04569
2980 849.46 195971 461.431 -3.04628
2990 872.722 199192 461.538 -3.04648
3000 967.888 201752 461.634 -3.0465
3010 1065.53 204660 461.759 -3.04672
3020 1090.74 203121 461.95 -3.04751
3030 979.225 197644 462.183 -3.04877
3040 809.991 193827 462.385 -3.04983
3050 756.922 194594 462.503 -3.05026
3060 866.06 196114 462.544 -3.05005
3070 1013.45 198432 462.532 -3.04947
3080 1074.82 199799 462.5 -3.04895
3090 1057.74 199864 462.468 -3.04879
3100 1003.52 198037 462.437 -3.0489
3110 935.697 196355 462.382 -3.049
3120 868.521 197545 462.282 -3.04883
3130 838.168 198432 462.149 -3.04833
3140 863.54 202730 462.005 -3.04755
3150 986.059 204258 461.903 -3.04679
3160 1104.79 201821 461.863 -3.04638
3170 1064.67 200033 461.856 -3.04648
3180 915.68 197866 461.854 -3.04681
3190 880.924 197663 461.826 -3.04692
3200 990.923 200166 461.772 -3.0468
3210 1050.98 203091 461.727 -3.04679
3220 982.762 204453 461.729 -3.04716
3230 898.47 202962 461.798 -3.04779
3240 884.289 198385 461.908 -3.04843
3250 857.462 196741 462.002 -3.04881
3260 838.746 194970 462.049 -3.04882
3270 864.458 198514 462.033 -3.04838
3280 948.211 201451 461.997 -3.04773
3290 1040.48 203103 461.986 -3.0472
3300 1091.81 203063 462.022 -3.04712
3310 1096.07 201963 462.106 -3.04762
3320 1057.36 200588 462.223 -3.0486
3330 952.11 196405 462.348 -3.04974
3340 824.819 196627 462.428 -3.05054
3350 778.633 199968 462.464 -3.05084
3360 872.831 202421 462.501 -3.05081
3370 1019.6 201640 462.574 -3.05078
3380 1012.39 200048 462.673 -3.05099
3390 917.844 199463 462.776 -3.05136
3400 941.085 199637 462.875 -3.05168
3410 1069.13 200653 462.974 -3.05203
3420 1116.49 198166 463.079 -3.0527
3430 1012.35 195915 463.162 -3.05362
3440 859.04 196327 463.191 -3.05431
3450 810.573 195663 463.168 -3.05451
3460 823.573 196461 463.085 -3.05418
3470 844.355 200607 462.961 -3.0534
3480 960.193 200210 462.844 -3.05249
3490 1057.24 198625 462.735 -3.05164
3500 1026.24 200207 462.616 -3.05102
3510 949.647 199696 462.502 -3.05062
3520 946.884 200135 462.392 -3.05025
3530 1001.08 199566 462.288 -3.04992
3540 993.496 198073 462.181 -3.04968
3550 891.75 197616 462.054 -3.04939
3560 822.785 195425 461.894 -3.04882
3570 833.45 197577 461.68 -3.0478
3580 921.433 197369 461.433 -3.04643
3590 1033.24 198538 461.157 -3.04491
3600 1095.03 201535 460.87 -3.04356
3610 1049.12 201367 460.61 -3.04269
3620 927.787 198650 460.375 -3.0421
3630 845.299 197801 460.13 -3.04137
3640 876.31 200563 459.865 -3.04033
3650 944.761 203106 459.615 -3.03919
3660 940.564 201434 459.412 -3.03821
3670 868.038 200279 459.239 -3.03734
3680 847.774 197088 459.072 -3.03639
3690 879.896 197149 458.873 -3.03515
3700 922.915 199284 458.642 -3.03367
3710 948.097 205011 458.413 -3.03218
3720 985.595 209887 458.262 -3.03104
3730 1010.77 209665 458.254 -3.03062
3740 1015.65 207671 458.388 -3.03097
3750 1025.64 203665 458.632 -3.03195
3760 989.306 202174 458.934 -3.03332
3770 905.008 201667 459.268 -3.03485
3780 858.061 201569 459.627 -3.03634
3790 895.611 201387 460.008 -3.03774
3800 948.35 201369 460.408 -3.0391
3810 966.069 200067 460.825 -3.04053
3820 962.325 196913 461.239 -3.04199
3830 952.02 196364 461.61 -3.04331
3840 931.609 197974 461.93 -3.04447
3850 904.176 199312 462.219 -3.04547
3860 904.944 199223 462.496 -3.04636
3870 939.897 200141 462.764 -3.04714
3880 993.136 200247 463.034 -3.04794
3890 1058.53 198933 463.306 -3.04888
3900 1088.58 196722 463.561 -3.05004
3910 1039.76 195030 463.77 -3.05133
3920 921.16 194418 463.909 -3.05243
3930 835.666 195013 463.968 -3.05304
3940 908.989 196293 463.957 -3.05312
3950 1076.46 194903 463.891 -3.05296
3960 1046.97 194647 463.758 -3.05278
3970 875.57 193582 463.551 -3.05243
3980 778.63 192563 463.255 -3.05151
3990 828.404 195807 462.863 -3.04988
4000 979.236 198767 462.418 -3.04779
4010 1095 200376 461.963 -3.04572
4020 1063.39 201041 461.525 -3.04405
4030 932.397 201594 461.113 -3.04273
4040 877.487 200264 460.731 -3.04144
4050 932.607 198088 460.362 -3.04006
4060 924.306 199529 459.979 -3.03856
4070 869.61 202837 459.601 -3.03699
4080 876.726 205313 459.272 -3.03546
4090 961.51 206315 459.027 -3.03413
4100 1029.81 204956 458.878 -3.03323
4110 1025.57 202689 458.806 -3.03285
4120 981.871 202263 458.781 -3.03285
4130 921.77 203200 458.794 -3.03306
4140 854.112 204800 458.858 -3.03337
4150 831.509 205530 458.994 -3.03377
4160 907.013 203436 459.208 -3.03428
4170 1007.38 201783 459.474 -3.0349
4180 1025.67 200666 459.767 -3.03578
4190 956.892 196977 460.066 -3.03687
4200 850.361 196265 460.326 -3.03781
4210 770.032 200656 460.538 -3.03839
4220 857.196 201281 460.754 -3.03872
4230 1056.68 200494 460.988 -3.03893
4240 1137.4 200187 461.232 -3.03942
4250 1055.93 198262 461.478 -3.04042
4260 933.589 196240 461.699 -3.04156
4270 885.239 196243 461.869 -3.04242
4280 920.432 197609 461.987 -3.04293
4290 943.657 200968 462.075 -3.04326
4300 918.987 198448 462.171 -3.04359
4310 867.222 197665 462.25 -3.04377
4320 908.802 198439 462.301 -3.04372
4330 1029.37 195149 462.324 -3.0435
4340 1083.98 196150 462.288 -3.04325
4350 1032.9 196754 462.198 -3.04313
4360 956.515 198306 462.067 -3.04299
4370 944.463 201332 461.921 -3.04276
4380 992.389 200849 461.794 -3.04257
4390 1008.88 199017 461.685 -3.04252
4400 917.284 197591 461.567 -3.04248
4410 847.096 196667 461.42 -3.04217
4420 903.151 198629 461.234 -3.04149
4430 1005.51 202433 461.037 -3.04066
4440 1035.63 204070 460.88 -3.0401
4450 1000.71 201493 460.783 -3.03996
4460 961.452 198303 460.713 -3.04002
4470 920.418 197949 460.627 -3.03999
4480 895.887 199918 460.519 -3.03976
4490 867.226 202107 460.416 -3.03939
4500 842 202139 460.345 -3.03897
4510 865.117 201414 460.31 -3.03849
4520 970.488 199739 460.297 -3.03797
4530 1073.19 199998 460.289 -3.03753
4540 1069.98 199937 460.283 -3.03743
4550 981.49 202733 460.285 -3.03763
4560 948.188 203434 460.329 -3.03807
4570 951.568 203438 460.424 -3.03868
4580 944.188 203586 460.574 -3.03947
4590 907.572 200912 460.774 -3.0404
4600 871.433 199450 460.99 -3.04127
4610 900.454 199776 461.202 -3.04196
4620 979.749 200021 461.41 -3.04256
4630 1014.7 201769 461.623 -3.04326
4640 1016.47 200203 461.859 -3.04421
4650 989.513 197365 462.097 -3.04532
4660 925.008 196185 462.299 -3.04633
4670 864.314 192827 462.444 -3.04701
4680 844.699 192959 462.489 -3.04712
4690 908.917 194992 462.436 -3.04665
4700 1016.41 196372 462.314 -3.04586
4710 1050.9 197219 462.143 -3.04504
4720 1001.35 198252 461.939 -3.04434
4730 919.847 198660 461.715 -3.04367
4740 862.959 198174 461.477 -3.04283
4750 917.461 196803 461.219 -3.04175
4760 1018.17 197638 460.925 -3.04048
4770 1020.53 198879 460.605 -3.03925
4780 910.106 198744 460.276 -3.03811
4790 851.093 198391 459.937 -3.03684
4800 930.671 202055 459.588 -3.03533
4810 1048.87 206684 459.28 -3.03394
4820 1047.79 205665 459.07 -3.03315
4830 928.948 202832 458.947 -3.0329
4840 868.962 199985 458.871 -3.03276
4850 923.29 201413 458.805 -3.0325
4860 991.701 204441 458.766 -3.03229
4870 982.952 203747 458.792 -3.03242
4880 907.332 202247 458.875 -3.03282
4890 856.581 200209 458.992 -3.03326
4900 860.867 197932 459.114 -3.03353
4910 891.969 198616 459.211 -3.03354
4920 950.203 201780 459.294 -3.0334
4930 1026.39 204622 459.406 -3.03343
4940 1038.3 205222 459.584 -3.03395
4950 951.318 205124 459.84 -3.03498
4960 937.419 205959 460.173 -3.03635
4970 1037.95 202856 460.585 -3.03805
4980 1054.61 202790 461.044 -3.0401
4990 1029.75 202146 461.541 -3.04252
5000 1009.6 199609 462.064 -3.04517
5010 899.192 200794 462.585 -3.0478
5020 793.496 200207 463.113 -3.05021
5030 817.097 195833 463.635 -3.05224
5040 925.394 193597 464.095 -3.05373
5050 1030.1 193626 464.46 -3.0548
5060 1080.93 194957 464.732 -3.05574
5070 1110.21 195825 464.931 -3.05677
5080 1040.57 194828 465.066 -3.05791
5090 879.58 194199 465.127 -3.0588
5100 839.946 193679 465.106 -3.0591
5110 942.869 191537 464.991 -3.05882
5120 1003.02 192076 464.76 -3.05808
5130 974.353 191716 464.418 -3.05699
5140 930.917 195371 463.967 -3.05552
5150 926.023 199758 463.461 -3.0537
5160 970.27 196793 462.951 -3.05183
5170 939.107 195982 462.41 -3.04985
5180 914.145 195690 461.822 -3.04767
5190 928.755 199077 461.189 -3.04522
5200 986.907 202943 460.556 -3.04269
5210 1036.19 203390 459.976 -3.04044
5220 996.212 201757 459.455 -3.03861
5230 866.987 201917 458.975 -3.03698
5240 755.446 202792 458.534 -3.03528
5250 755.389 203408 458.142 -3.03341
5260 901.678 202956 457.808 -3.03144
5270 1023.7 205225 457.529 -3.02955
5280 1020.32 208036 457.333 -3.02819
5290 965.653 210892 457.261 -3.02758
5300 948.52 208790 457.344 -3.0277
5310 989.509 206297 457.556 -3.02837
5320 1063.9 206135 457.862 -3.02956
5330 1089.99 205757 458.258 -3.0314
5340 1021.95 204599 458.735 -3.03384
5350 908.354 204732 459.279 -3.0366
5360 818.379 202203 459.884 -3.03938
5370 779.442 197248 460.515 -3.04189
5380 758.378 196141 461.106 -3.04387
5390 788.55 193722 461.634 -3.04529
5400 859.833 190826 462.066 -3.04604
5410 960.898 190602 462.363 -3.04614
5420 1039.35 193694 462.527 -3.0458
5430 1059.46 197942 462.602 -3.04544
5440 1075.09 200920 462.649 -3.04535
5450 1099.59 201885 462.71 -3.04569
5460 1067.31 199876 462.8 -3.0465
5470 983.539 197310 462.89 -3.04751
5480 904.715 193834 462.941 -3.04831
5490 854.816 193710 462.91 -3.04857
5500 893.3 193199 462.79 -3.04828
5510 877.925 192377 462.574 -3.04746
5520 807.706 193017 462.255 -3.04609
5530 828.308 195348 461.843 -3.04413
5540 955.826 200763 461.378 -3.04171
5550 1083.93 202960 460.93 -3.03936
5560 1098.41 202435 460.533 -3.03756
5570 1017.07 205835 460.188 -3.03635
5580 979.392 207075 459.935 -3.03563
5590 1009 204985 459.787 -3.0354
5600 1016.53 201575 459.717 -3.03559
5610 881.948 196840 459.674 -3.03592
5620 637.645 195491 459.593 -3.03581
5630 599.016 196643 459.453 -3.03497
5640 882.637 199459 459.271 -3.03339
5650 1154.13 206435 459.094 -3.03147
5660 1216.52 209292 459.011 -3.03042
5670 1128.31 210095 459.067 -3.03076
5680 1059.01 208122 459.27 -3.03216
5690 1017.12 205166 459.592 -3.03422
5700 971.693 199609 459.984 -3.03657
5710 898.617 199455 460.379 -3.03877
5720 907.361 197860 460.76 -3.04074
5730 895.567 196942 461.112 -3.0424
5740 858.046 193990 461.413 -3.04369
5750 834.453 192587 461.63 -3.04443
5760 850.532 191363 461.737 -3.04454
5770 904.701 194709 461.726 -3.04402
5780 1027.21 201839 461.647 -3.04318
5790 1183.3 208866 461.6 -3.04271
5800 1249.93 208928 461.679 -3.04343
5810 1150.74 201604 461.885 -3.04541
5820 966.459 191949 462.113 -3.04766
5830 801.46 184870 462.227 -3.04911
5840 699.277 186292 462.131 -3.04925
5850 708.45 192089 461.843 -3.04817
5860 844.647 194675 461.443 -3.0462
5870 982.68 195835 460.972 -3.04372
5880 1033.64 196176 460.451 -3.04113
5890 978.955 196995 459.887 -3.03862
5900 890.929 198712 459.294 -3.03611
5910 860.178 201079 458.695 -3.03349
5920 936.658 205805 458.127 -3.03081
5930 1074.38 209299 457.655 -3.02848
5940 1136.91 210222 457.325 -3.02705
5950 1013.76 206296 457.145 -3.02668
5960 814.541 198604 457.058 -3.02672
5970 728.403 196469 456.963 -3.02641
5980 825.049 195921 456.823 -3.02554
5990 935.277 199943 456.635 -3.02421
6000 954.173 206378 456.457 -3.02288
6010 987.447 208002 456.37 -3.02199
6020 1056.46 208186 456.402 -3.02175
6030 1073.15 208189 456.555 -3.02231
6040 993.087 206827 456.827 -3.02362
6050 898.634 202305 457.192 -3.02535
6060 845.316 201162 457.595 -3.02704
6070 863.726 201377 458.013 -3.02858
6080 936.51 203806 458.453 -3.03004
6090 1002.83 204156 458.944 -3.03172
6100 988.581 200808 459.487 -3.03372
6110 914.547 198893 460.042 -3.03583
6120 868.917 197056 460.577 -3.03779
6130 892.623 196708 461.068 -3.03942
6140 977.243 196554 461.508 -3.04076
6150 1096.16 197390 461.897 -3.04201
6160 1138.6 198294 462.248 -3.04352
6170 1018.82 199048 462.574 -3.04536
6180 837.06 196241 462.881 -3.0471
6190 800.824 190733 463.128 -3.04826
6200 922.438 188319 463.243 -3.04863
6210 1050.68 190536 463.194 -3.04832
6220 1059.51 196468 463.015 -3.04775
6230 995.791 199747 462.787 -3.04721
6240 942.237 200295 462.56 -3.04672
6250 912.219 199475 462.343 -3.04618
6260 908.069 196737 462.122 -3.04553
6270 874.79 195624 461.863 -3.0446
6280 875.961 197524 461.551 -3.04329
6290 984.465 198424 461.209 -3.04174
6300 1092.18 200298 460.856 -3.04024
6310 1085 200160 460.514 -3.03913
6320 962.119 195514 460.178 -3.03831
6330 827.47 193871 459.79 -3.03723
6340 807.394 194394 459.324 -3.03555
6350 899.374 197667 458.791 -3.03332
6360 987.211 201981 458.237 -3.03086
6370 1018.03 205281 457.723 -3.02861
6380 1009.34 207617 457.297 -3.02687
6390 985.033 205068 456.984 -3.02574
6400 917.856 200451 456.751 -3.02499
6410 841.48 199469 456.535 -3.02421
6420 858.638 206025 456.328 -3.02325
6430 970.573 210254 456.211 -3.02246
6440 1040.14 210286 456.241 -3.02232
6450 1002.9 208519 456.42 -3.02302
6460 928.61 208867 456.727 -3.02435
6470 897.74 206032 457.155 -3.02612
6480 900.29 204577 457.672 -3.02811
6490 962.343 203393 458.25 -3.03025
6500 1036.98 205510 458.88 -3.03264
6510 1047.57 206864 459.585 -3.03557
6520 1049.38 203349 460.379 -3.03909
6530 1034.08 197633 461.213 -3.0429
6540 963.653 193203 462.008 -3.04658
6550 821.033 194225 462.706 -3.04971
6560 791.909 192947 463.309 -3.05215
6570 888.906 191893 463.803 -3.05386
6580 969.462 193179 464.179 -3.05498
6590 962.82 195168 464.452 -3.05577
6600 981.24 197322 464.655 -3.05638
6610 1103.75 194066 464.812 -3.05695
6620 1133.36 192551 464.886 -3.0576
6630 999.376 193822 464.857 -3.0582
6640 904.056 192907 464.738 -3.05843
6650 914.649 193088 464.52 -3.0581
6660 946.595 196010 464.211 -3.05728
6670 960.501 194801 463.845 -3.05618
6680 940.214 195325 463.415 -3.05482
6690 940.419 196106 462.927 -3.05317
6700 942.442 196031 462.391 -3.0513
6710 937.959 197789 461.811 -3.04919
6720 963.696 198814 461.211 -3.04696
6730 947.491 201839 460.61 -3.04471
6740 914.006 204225 460.048 -3.04255
6750 910.252 204659 459.557 -3.04058
6760 955.113 203552 459.143 -3.03884
6770 996.604 203799 458.793 -3.03739
6780 999.068 204962 458.509 -3.0363
6790 947.023 205871 458.304 -3.03562
6800 863.281 205844 458.189 -3.03526
6810 813.194 206845 458.167 -3.03507
6820 849.409 205883 458.243 -3.03504
6830 936.566 204507 458.407 -3.03518
6840 982.846 201893 458.636 -3.03556
6850 950.754 200372 458.895 -3.03617
6860 878.302 201121 459.163 -3.03688
6870 829.72 203114 459.449 -3.03758
6880 896.716 204479 459.778 -3.0383
6890 1063.56 205813 460.173 -3.03922
6900 1156.15 204556 460.648 -3.04076
6910 1028.21 201396 461.187 -3.04305
6920 820.356 195924 461.739 -3.04545
6930 814.631 193157 462.231 -3.04731
6940 977.777 194175 462.625 -3.04855
6950 1051.1 195612 462.932 -3.04951
6960 969.389 195453 463.174 -3.05045
6970 844.192 194711 463.347 -3.05116
6980 783.261 196130 463.447 -3.05138
6990 865.411 196236 463.49 -3.05111
7000 1010.55 196996 463.481 -3.05046
7010 1089.37 198575 463.434 -3.04983
7020 1048.25 198729 463.369 -3.0495
7030 965.616 196884 463.287 -3.04935
7040 960.262 195708 463.166 -3.04908
7050 997.908 195328 462.989 -3.04863
7060 972.471 196624 462.752 -3.04801
7070 931.559 197108 462.471 -3.0472
7080 952.173 196951 462.155 -3.04622
7090 925.083 198634 461.806 -3.04504
7100 931.932 198470 461.443 -3.04374
7110 943.2 199346 461.068 -3.04234
7120 937.137 200641 460.695 -3.0409
7130 961.658 198332 460.334 -3.0395
7140 952.447 201539 459.967 -3.03809
7150 933.572 205501 459.631 -3.03677
7160 963.524 208724 459.384 -3.03576
7170 1040.64 208271 459.268 -3.03534
7180 1032.01 202710 459.27 -3.0356
7190 900.77 201361 459.321 -3.03614
7200 840.534 202516 459.399 -3.03663
7210 940.872 204010 459.515 -3.03706
7220 1089.2 205414 459.693 -3.03774
7230 1115.36 204606 459.948 -3.03908
7240 988.618 202921 460.27 -3.04099
7250 852.162 202324 460.638 -3.043
7260 836.006 199528 461.034 -3.04483
7270 881.595 197496 461.423 -3.04635
7280 898.98 194648 461.772 -3.04755
7290 885.97 196494 462.049 -3.04835
7300 913.249 199093 462.275 -3.04888
7310 959.46 198921 462.484 -3.04931
7320 974.509 198193 462.678 -3.04973
7330 977.666 198098 462.848 -3.05014
7340 1042.84 198852 462.994 -3.05059
7350 1078.32 197444 463.121 -3.05122
7360 963.245 197003 463.215 -3.05196
7370 841.892 197399 463.269 -3.05246
7380 907.089 196211 463.284 -3.05261
7390 1014 197870 463.253 -3.05248
7400 981.597 195748 463.189 -3.05234
7410 830.94 193787 463.067 -3.052
7420 760.833 194269 462.862 -3.05109
7430 906.485 195959 462.58 -3.04958
7440 1121.13 200254 462.251 -3.04776
7450 1170.84 201107 461.931 -3.0464
7460 1006.07 200772 461.634 -3.04565
7470 828.597 202204 461.36 -3.045
7480 819.763 200714 461.122 -3.04419
7490 927.167 199157 460.901 -3.0432
7500 999.1 200632 460.68 -3.04215
7510 987.706 201586 460.474 -3.04127
7520 922.766 202195 460.297 -3.04059
7530 869.437 202798 460.159 -3.03999
7540 912.558 201192 460.065 -3.03943
7550 971.198 201369 459.995 -3.0389
7560 969.783 201444 459.95 -3.03853
7570 950.011 201790 459.932 -3.03832
7580 986.188 202737 459.945 -3.03829
7590 996.027 203760 460 -3.03851
7600 956.529 207684 460.12 -3.03907
7610 1010.69 206295 460.346 -3.04012
7620 1051.73 203826 460.664 -3.04167
7630 915.391 199549 461.036 -3.04355
7640 714.607 193621 461.398 -3.04515
7650 697.125 191112 461.669 -3.04595
7660 918.837 193660 461.815 -3.04585
7670 1161.72 199205 461.874 -3.04529
7680 1176.46 203325 461.924 -3.04524
7690 993.584 202462 462.02 -3.04595
7700 835.983 202025 462.157 -3.04684
7710 868.672 198826 462.321 -3.04758
7720 995.572 196819 462.47 -3.04808
7730 1079.41 198950 462.581 -3.04854
7740 1047.59 200134 462.678 -3.04926
7750 918.072 201344 462.78 -3.05013
7760 834.205 200333 462.902 -3.05092
7770 860.025 195790 463.025 -3.05144
7780 900.367 193473 463.092 -3.05154
7790 882.482 194302 463.07 -3.05118
7800 927.893 197358 462.97 -3.05044
7810 1070.48 199353 462.834 -3.04956
7820 1175.55 200109 462.695 -3.04899
7830 1136.45 197892 462.56 -3.04903
7840 967.39 194456 462.4 -3.0493
7850 789.459 190109 462.163 -3.04909
7860 705.619 191035 461.794 -3.04794
7870 778.295 196083 461.307 -3.04587
7880 970.991 200368 460.773 -3.04324
7890 1074.12 203581 460.256 -3.04065
7900 1007.16 202717 459.796 -3.03861
7910 873.577 201911 459.389 -3.03695
7920 793.931 201165 459.018 -3.03531
7930 855.523 203132 458.676 -3.03351
7940 1072.67 208200 458.392 -3.03177
7950 1266.52 213608 458.236 -3.03084
7960 1214.48 215604 458.28 -3.03164
7970 978.952 211169 458.546 -3.03384
7980 795.172 202428 458.968 -3.03638
7990 756.351 197458 459.428 -3.03856
8000 790.706 197583 459.856 -3.04017
8010 868.101 199654 460.248 -3.04134
8020 950.706 200200 460.631 -3.04235
8030 962.308 201989 461.018 -3.04339
8040 959.28 204122 461.435 -3.04465
8050 1002.77 201513 461.902 -3.04621
8060 1029.99 204037 462.401 -3.04803
8070 1088.96 200392 462.945 -3.05029
8080 1086.53 197424 463.496 -3.05285
8090 1022.29 197137 464.008 -3.05552
8100 957.132 196318 464.476 -3.05805
8110 925.777 192905 464.882 -3.06023
8120 881.527 189234 465.182 -3.06183
8130 809.904 185839 465.322 -3.06257
8140 740.441 186192 465.257 -3.06225
8150 754.62 187568 464.991 -3.06085
8160 881.381 193102 464.554 -3.05844
8170 1058.01 197197 464.022 -3.05548
8180 1104.9 199443 463.46 -3.05263
8190 1044.04 199807 462.899 -3.05024
8200 1006.35 201411 462.351 -3.04818
8210 1022.47 201236 461.835 -3.04638
8220 1004.55 196752 461.342 -3.04483
8230 951.33 196603 460.819 -3.04324
8240 934.125 198207 460.261 -3.04147
8250 871.223 199357 459.689 -3.03951
8260 756.799 197491 459.115 -3.03732
8270 708.648 196410 458.519 -3.03471
8280 804.296 197334 457.885 -3.03159
8290 957.343 201605 457.23 -3.02805
8300 1062.17 211042 456.619 -3.0246
8310 1105.79 218070 456.177 -3.02212
8320 1105.73 220479 455.999 -3.02122
8330 1070.54 216050 456.114 -3.02199
8340 1003 208926 456.457 -3.02394
8350 909.447 205596 456.933 -3.0264
8360 855.001 202449 457.487 -3.02896
8370 854.154 201431 458.074 -3.03137
8380 878.359 203678 458.684 -3.03368
8390 898.589 204503 459.34 -3.03605
8400 892.117 202989 460.054 -3.03855
8410 878.858 201582 460.807 -3.0411
8420 930.795 201718 461.579 -3.04363
8430 1051.76 200725 462.369 -3.04624
8440 1145.31 198991 463.164 -3.04914
8450 1130.74 197101 463.938 -3.05244
8460 1036.64 196061 464.665 -3.05595
8470 928.327 192435 465.326 -3.05923
8480 842.846 186631 465.866 -3.06178
8490 806.283 186320 466.21 -3.06326
8500 858.892 187134 466.349 -3.0637
8510 945.409 187752 466.297 -3.06326
8520 989.272 190651 466.07 -3.06216
8530 1015.31 193567 465.711 -3.06068
8540 1020.98 197300 465.268 -3.05902
8550 995.781 197829 464.79 -3.05738
8560 950.984 196986 464.29 -3.05572
8570 939.538 198924 463.763 -3.05391
8580 998.655 199521 463.228 -3.05204
8590 1030.24 201806 462.702 -3.05029
8600 968.762 201340 462.21 -3.04878
8610 854.681 200589 461.75 -3.04733
8620 821.24 198695 461.309 -3.04572
8630 869.912 194438 460.854 -3.04382
8640 958.8 198188 460.339 -3.04155
8650 1033.68 206907 459.817 -3.03921
8660 1063.6 209990 459.4 -3.03747
8670 1008.61 208952 459.134 -3.0366
8680 946.153 206528 459.003 -3.03639
8690 929.579 204995 458.975 -3.03655
8700 941.486 203429 459.023 -3.03693
8710 948.623 202238 459.125 -3.03749
8720 908.528 200505 459.26 -3.03814
8730 833.562 200513 459.408 -3.0387
8740 830.689 200282 459.564 -3.03908
8750 908.987 202378 459.728 -3.03929
8760 991.592 203454 459.927 -3.03958
8770 1009.31 202097 460.175 -3.04017
8780 987.185 200786 460.454 -3.04107
8790 1003.27 201708 460.748 -3.04216
8800 1055.52 203868 461.069 -3.04353
8810 1040.83 201684 461.441 -3.04534
8820 927.897 197730 461.835 -3.04733
8830 833.745 195619 462.197 -3.04903
8840 817.582 194274 462.493 -3.0502
8850 859.267 193584 462.707 -3.05078
8860 924.8 193307 462.825 -3.05082
8870 952.477 194143 462.85 -3.05048
8880 915.543 195000 462.792 -3.04987
8890 876.471 195613 462.665 -3.04898
8900 929.157 194737 462.476 -3.04778
8910 1029.37 198543 462.223 -3.04632
8920 1117.77 201085 461.956 -3.04502
8930 1139.6 200921 461.709 -3.04426
8940 1073.62 201544 461.485 -3.04406
8950 927.502 201106 461.291 -3.04409
8960 774.792 199091 461.117 -3.04396
8970 666.918 198018 460.938 -3.04336
8980 695.17 193565 460.73 -3.0422
8990 801.045 195017 460.442 -3.0403
9000 931.96 199052 460.091 -3.03783
9010 1065.94 203252 459.737 -3.0353
9020 1138.21 207457 459.439 -3.03331
9030 1128.88 208395 459.255 -3.03236
9040 1056.76 205839 459.196 -3.0324
9050 979.753 202706 459.226 -3.03301
9060 947.329 202498 459.303 -3.0338
9070 960.998 203106 459.42 -3.03468
9080 952.058 202352 459.583 -3.03571
9090 882.802 199496 459.779 -3.03679
9100 807.656 196455 459.968 -3.03763
9110 787.63 194384 460.108 -3.03798
9120 820.963 194193 460.17 -3.03775
9130 891.056 197031 460.154 -3.03699
9140 996.727 202897 460.102 -3.03601
9150 1088.94 207496 460.096 -3.03535
9160 1118.04 208968 460.2 -3.03556
9170 1092.72 207422 460.434 -3.03676
9180 1035.91 203397 460.775 -3.0387
9190 952.294 198627 461.164 -3.04089
9200 822.365 198773 461.539 -3.04285
9210 794.153 200590 461.897 -3.0444
9220 978.649 199756 462.258 -3.04567
9230 1150.95 200168 462.616 -3.04703
9240 1075.09 199563 462.976 -3.04885
9250 891.797 198391 463.328 -3.0508
9260 834.314 197423 463.656 -3.05241
9270 924.926 195478 463.944 -3.05362
9280 1015.76 195470 464.167 -3.05451
9290 1036.61 196582 464.326 -3.0553
9300 1006.56 195862 464.434 -3.05607
9310 953.236 192817 464.48 -3.05668
9320 886.796 193695 464.429 -3.05683
9330 904.077 192543 464.285 -3.05646
9340 971.039 193847 464.041 -3.05561
9350 975.331 194767 463.712 -3.05446
9360 929.447 196226 463.315 -3.05307
9370 917.552 198233 462.874 -3.05143
9380 933.49 198608 462.415 -3.04965
9390 920.055 199143 461.946 -3.04778
9400 879.161 199980 461.476 -3.04583
9410 882.034 202675 461.019 -3.04379
9420 972.639 206269 460.613 -3.04182
9430 1082.01 209630 460.309 -3.04032
9440 1067.94 208069 460.147 -3.03973
9450 886.95 203434 460.106 -3.03984
9460 763.192 199260 460.119 -3.03998
9470 844.619 198238 460.129 -3.03978
9480 997.38 200301 460.121 -3.0393
9490 1056.76 204801 460.124 -3.03895
9500 1039.46 209456 460.202 -3.03921
9510 1050.72 209740 460.416 -3.04028
9520 1034.53 206955 460.77 -3.04214
9530 956.375 200843 461.22 -3.04446
9540 886.124 196527 461.684 -3.04669
9550 901.22 195560 462.098 -3.04852
9560 958.554 198481 462.451 -3.05
9570 987.538 201416 462.78 -3.05142
9580 972.163 201493 463.127 -3.05298
9590 924.639 198065 463.49 -3.0546
9600 844.133 195709 463.825 -3.05599
9610 772.013 197463 464.102 -3.05692
9620 858.997 197526 464.339 -3.0574
9630 1094.7 197183 464.538 -3.05755
9640 1292.81 197879 464.699 -3.05796
9650 1255.96 196254 464.829 -3.05923
9660 1013.45 194296 464.906 -3.06091
9670 745.006 193739 464.904 -3.06195
9680 625.978 192893 464.811 -3.06198
9690 702.943 193710 464.619 -3.06108
9700 894.466 195363 464.34 -3.05939
9710 1020.41 197347 464.001 -3.05729
9720 977.721 198821 463.631 -3.05525
9730 895.466 199348 463.252 -3.05333
9740 975.035 199254 462.872 -3.05142
9750 1129.74 200002 462.493 -3.0496
9760 1151.43 200235 462.123 -3.0483
9770 1029.21 200926 461.767 -3.0475
9780 899.072 201351 461.434 -3.04683
9790 841.702 200850 461.129 -3.04604
9800 846.271 200128 460.843 -3.04506
9810 870.993 199633 460.568 -3.04389
9820 880.399 199936 460.295 -3.04257
9830 891.137 202922 460.033 -3.04116
9840 927.773 206092 459.822 -3.03985
9850 1022.57 207454 459.703 -3.03892
9860 1120.15 207140 459.697 -3.03866
9870 1112.51 202588 459.794 -3.03927
9880 985.011 200585 459.935 -3.04037
9890 878.858 199741 460.088 -3.04148
9900 835.474 202644 460.245 -3.04237
9910 834.837 203984 460.439 -3.04314
9920 858.685 203390 460.69 -3.04391
9930 861.274 201739 460.989 -3.04468
9940 872.115 199462 461.313 -3.04542
9950 922.129 196728 461.627 -3.04599
9960 992.578 198742 461.9 -3.04639
9970 1068.41 199823 462.153 -3.04689
9980 1084.76 198862 462.402 -3.04771
9990 1022.66 197205 462.635 -3.04881
10000 942.334 194238 462.825 -3.04986
