# Time-averaged data for fix 4
# TimeStep c_mytemp c_mypress v_vmyvol v_avgEtotal
10 886.529 192068 462.934 -3.05053
20 857.048 190128 462.928 -3.05058
30 845.969 190378 462.784 -3.04992
40 830.567 193590 462.506 -3.04856
50 823.545 199718 462.147 -3.04666
60 906.66 201130 461.785 -3.04454
70 1013.09 201006 461.447 -3.04244
80 1033.16 201469 461.135 -3.04062
90 1018.9 200846 460.851 -3.03919
100 1057.31 200998 460.588 -3.03809
110 1113.86 204634 460.354 -3.03739
120 1117.9 205642 460.192 -3.03738
130 1007.26 204655 460.116 -3.03801
140 816.455 202209 460.112 -3.03879
150 685.763 200469 460.144 -3.03924
160 744.664 199578 460.187 -3.03924
170 1011.55 198390 460.225 -3.03884
180 1209.09 201277 460.249 -3.0385
190 1151.9 204385 460.296 -3.03893
200 948.801 206801 460.411 -3.04005
210 837.256 206603 460.624 -3.04141
220 931.289 199926 460.926 -3.04285
230 1034.15 196248 461.232 -3.04422
240 1033.12 195518 461.486 -3.04555
250 985.744 197073 461.678 -3.04678
260 941.649 198577 461.829 -3.04786
270 877.058 195031 461.954 -3.04872
280 791.333 190825 462.008 -3.04908
290 738.529 188835 461.932 -3.04862
300 764.591 188837 461.699 -3.04725
310 830.151 190861 461.312 -3.04498
320 867.416 196030 460.804 -3.04203
330 908.036 199737 460.248 -3.03878
340 974.048 203400 459.699 -3.03553
350 1039.38 206982 459.213 -3.03264
360 1078.74 207343 458.836 -3.03048
370 1038.84 206612 458.574 -3.02919
380 914.7 207242 458.416 -3.02855
390 881.05 209603 458.373 -3.02829
400 1078.19 208326 458.468 -3.02856
410 1171.08 206635 458.686 -3.02963
420 1009.21 203402 459 -3.03154
430 758.976 202558 459.367 -3.03355
440 717.363 201508 459.768 -3.03523
450 887.266 201829 460.192 -3.03659
460 1036.88 202628 460.64 -3.03788
470 1063.37 203841 461.127 -3.03954
480 1057.41 203515 461.666 -3.04175
490 1062.27 202953 462.254 -3.04442
500 1030.35 199583 462.879 -3.04745
510 957.238 194037 463.49 -3.05044
520 899.13 191824 464.015 -3.05295
530 891.001 191829 464.418 -3.05482
540 880.993 194090 464.701 -3.05606
550 869.719 194888 464.894 -3.05678
560 907.519 194749 465.012 -3.05707
570 996.071 193671 465.052 -3.05698
580 1074.72 193688 465.004 -3.0567
590 1083.73 192444 464.864 -3.0564
600 986.878 192786 464.621 -3.05597
610 881.412 197668 464.286 -3.05513
620 922.666 196693 463.916 -3.05398
630 989.422 196247 463.508 -3.05262
640 974.212 197773 463.057 -3.05112
650 923.634 197508 462.582 -3.04953
660 888.319 197614 462.082 -3.04775
670 891.519 196817 461.556 -3.04574
680 910.882 199031 461 -3.04347
690 957.897 203883 460.445 -3.04109
700 1031.14 205406 459.955 -3.03899
710 991.74 205577 459.554 -3.03742
720 898.556 203863 459.241 -3.03626
730 946.88 201005 458.991 -3.03529
740 1028.97 203054 458.771 -3.03445
750 1020.44 206599 458.603 -3.03397
760 936.073 209345 458.537 -3.034
770 877.774 210275 458.609 -3.03451
780 901.945 205964 458.825 -3.03543
790 951.419 203202 459.13 -3.0366
800 962.115 201919 459.485 -3.03794
810 936.424 200331 459.865 -3.03941
820 898.624 202806 460.255 -3.04087
830 911.329 202860 460.681 -3.04242
840 905.698 202484 461.147 -3.04402
850 959.509 202967 461.648 -3.04572
860 1068.13 201645 462.188 -3.04764
870 1078.84 198075 462.746 -3.0499
880 962.877 195706 463.275 -3.05227
890 885.784 193843 463.739 -3.05434
900 932.494 191883 464.109 -3.05589
910 985.432 191786 464.36 -3.05694
920 926.032 192992 464.491 -3.05757
930 796.626 196069 464.524 -3.05773
940 808.892 195171 464.495 -3.05738
950 952.038 194978 464.399 -3.05652
960 1062.09 197006 464.238 -3.05541
970 1094.63 200594 464.041 -3.05446
980 1079.5 201976 463.858 -3.05395
990 1044.32 199663 463.707 -3.05386
1000 997.537 195426 463.554 -3.05393
1010 926.08 191574 463.341 -3.05377
1020 852.419 190180 463.014 -3.05301
1030 809.661 192547 462.555 -3.05147
1040 815.832 194867 461.996 -3.04925
1050 810.045 199938 461.378 -3.04649
1060 820.946 202148 460.769 -3.04349
1070 862.573 202560 460.201 -3.04045
1080 952.799 204886 459.685 -3.03748
1090 1072.55 207952 459.253 -3.03488
1100 1125.43 211236 458.948 -3.03313
1110 1084.97 212128 458.811 -3.03257
1120 1012.68 210795 458.854 -3.03309
1130 974.731 207718 459.056 -3.03435
1140 958.975 202222 459.367 -3.03604
1150 871.585 200808 459.715 -3.03778
1160 744.561 202131 460.078 -3.03931
1170 762.358 201305 460.467 -3.04058
1180 918.84 201121 460.875 -3.04157
1190 1065.46 200893 461.297 -3.04254
1200 1074.47 200300 461.73 -3.04385
1210 974.881 200085 462.168 -3.04551
1220 922.036 199147 462.604 -3.04725
1230 1005.43 197532 463.024 -3.04889
1240 1096.64 199776 463.413 -3.05055
1250 1092.53 199122 463.793 -3.05255
1260 954.449 198042 464.161 -3.0547
1270 844.805 193698 464.494 -3.05652
1280 878.82 188789 464.731 -3.05769
1290 951.232 188493 464.808 -3.05809
1300 966.847 190987 464.721 -3.05785
1310 933.19 194680 464.507 -3.05714
1320 934.527 195322 464.216 -3.05608
1330 986.778 193598 463.863 -3.05477
1340 1033.19 192359 463.424 -3.05324
1350 1013.45 194000 462.888 -3.05151
1360 911.981 197775 462.278 -3.04954
1370 836.815 200311 461.647 -3.04729
1380 879.864 200127 461.031 -3.04485
1390 951.797 200221 460.43 -3.04233
1400 936.695 200883 459.846 -3.03987
1410 864.34 203498 459.291 -3.03748
1420 863.324 204634 458.796 -3.03519
1430 942.249 208643 458.383 -3.03307
1440 1033.65 213637 458.108 -3.03148
1450 1069.57 213114 458.028 -3.03093
1460 1048.85 213001 458.146 -3.03152
1470 1044.96 208003 458.448 -3.03312
1480 995.596 204623 458.869 -3.03532
1490 937.786 203547 459.357 -3.0378
1500 890.223 202385 459.895 -3.04034
1510 848.786 202287 460.465 -3.0428
1520 821.576 204269 461.068 -3.04517
1530 854.475 200376 461.721 -3.04748
1540 906.157 195677 462.374 -3.04955
1550 960.907 194543 462.964 -3.05127
1560 1015.04 195993 463.473 -3.05278
1570 1021.41 195388 463.917 -3.05423
1580 964.269 194331 464.291 -3.0556
1590 924.873 194128 464.581 -3.05669
1600 965.697 192679 464.782 -3.05741
1610 1037.41 191200 464.876 -3.05778
1620 1015.03 192897 464.846 -3.05788
1630 883.894 194580 464.715 -3.05765
1640 824.497 193874 464.507 -3.05696
1650 908.521 193250 464.214 -3.0557
1660 1054.51 192895 463.83 -3.05404
1670 1060.03 192147 463.351 -3.05226
1680 954.168 188439 462.763 -3.05033
1690 866.906 188651 462.024 -3.04783
1700 867.777 194058 461.14 -3.04455
1710 927.261 201963 460.19 -3.04073
1720 944.755 208898 459.287 -3.03691
1730 947.245 210268 458.525 -3.03359
1740 984.913 206986 457.92 -3.03097
1750 1008.57 208627 457.438 -3.02895
1760 1012.83 208817 457.088 -3.02762
1770 964.959 209756 456.877 -3.02695
1780 963.044 207246 456.807 -3.02689
1790 977.753 208943 456.852 -3.02731
1800 955.004 211244 457.03 -3.0283
1810 892.792 208073 457.363 -3.02988
1820 846.845 204585 457.813 -3.03173
1830 899.299 202239 458.327 -3.03363
1840 968.582 202578 458.874 -3.03554
1850 954.416 202354 459.454 -3.03763
1860 907.318 202397 460.066 -3.03987
1870 943.266 202521 460.708 -3.0422
1880 1050.53 201159 461.381 -3.04466
1890 1091.4 198157 462.066 -3.0474
1900 993.77 192010 462.714 -3.05025
1910 843.501 187296 463.242 -3.05257
1920 781.053 188541 463.587 -3.05392
1930 820.843 194747 463.767 -3.05436
1940 928.517 196997 463.865 -3.05425
1950 1011.95 196759 463.919 -3.05394
1960 1058.75 194965 463.927 -3.05364
1970 1046.61 193931 463.864 -3.05337
1980 991.879 196197 463.722 -3.05303
1990 994.741 197017 463.528 -3.05257
2000 1039.46 197049 463.296 -3.05207
2010 1029.7 197876 463.03 -3.05159
2020 947.635 195767 462.736 -3.05109
2030 849.47 194546 462.39 -3.05026
2040 764.725 193369 461.972 -3.04886
2050 726.531 194104 461.47 -3.04677
2060 801.369 196324 460.893 -3.04401
2070 961.554 199965 460.277 -3.04078
2080 1074.05 204225 459.675 -3.03756
2090 1052.35 205716 459.145 -3.03496
2100 964.035 205134 458.708 -3.03304
2110 925.177 203005 458.353 -3.03156
2120 916.409 202728 458.054 -3.03026
2130 894.201 207518 457.809 -3.02909
2140 944.323 210431 457.677 -3.02829
2150 1070.69 206880 457.692 -3.02813
2160 1091.03 207373 457.818 -3.02869
2170 1061.88 209130 458.053 -3.03006
2180 1044.61 209231 458.419 -3.03221
2190 985.213 206983 458.916 -3.03499
2200 888.233 204358 459.511 -3.03805
2210 842.488 202367 460.166 -3.04107
2220 868.641 198197 460.848 -3.04389
2230 891.946 195206 461.5 -3.04635
2240 908.331 194215 462.08 -3.04839
2250 930.646 194495 462.572 -3.05002
2260 938.869 195751 462.983 -3.05132
2270 932.115 195926 463.327 -3.05239
2280 963.016 195192 463.609 -3.0532
2290 1094.24 197765 463.825 -3.05386
2300 1224.25 197587 464.006 -3.05484
2310 1143.42 196696 464.153 -3.05635
2320 926.128 195008 464.253 -3.05789
2330 767.909 194073 464.283 -3.05879
2340 729.349 193742 464.228 -3.05887
2350 787.694 192853 464.084 -3.05818
2360 923.301 192593 463.838 -3.0568
2370 1033.54 199077 463.502 -3.055
2380 1044.24 200960 463.154 -3.05334
2390 968.873 200065 462.827 -3.05201
2400 971.015 200354 462.511 -3.05081
2410 1064.14 200725 462.209 -3.04976
2420 1072.6 200301 461.927 -3.04904
2430 930.257 198065 461.654 -3.04854
2440 797.158 196031 461.361 -3.04779
2450 784.186 195749 461.021 -3.04652
2460 835.597 196041 460.627 -3.04472
2470 899.248 199672 460.189 -3.04252
2480 983.531 204775 459.759 -3.04023
2490 1059.86 206892 459.405 -3.03835
2500 1057.19 209138 459.161 -3.0372
2510 1011.95 210412 459.057 -3.03689
2520 1036.25 208617 459.105 -3.03737
2530 1075.73 205128 459.28 -3.03858
2540 975.896 203611 459.534 -3.04028
2550 795.265 201688 459.84 -3.04203
2560 694.673 200211 460.172 -3.04347
2570 744.586 197450 460.503 -3.04444
2580 863.892 195637 460.796 -3.04487
2590 970.57 196988 461.029 -3.04488
2600 1056.99 199917 461.222 -3.04483
2610 1083.32 202360 461.414 -3.04513
2620 1076.42 202742 461.64 -3.04597
2630 1056.8 202875 461.908 -3.04731
2640 1025.95 201018 462.216 -3.04904
2650 952.215 199436 462.54 -3.0509
2660 857.345 193202 462.849 -3.05255
2670 757.536 193050 463.066 -3.05354
2680 763.015 197428 463.186 -3.05379
2690 932.985 197106 463.263 -3.05356
2700 1047.98 196694 463.301 -3.0531
2710 1045.46 195564 463.292 -3.05274
2720 957.126 196193 463.226 -3.05241
2730 916.896 199986 463.112 -3.05194
2740 1000.81 202121 463.001 -3.05145
2750 1095.53 203472 462.927 -3.05124
2760 1071.34 202551 462.906 -3.05158
2770 948.889 197721 462.923 -3.05225
2780 837.266 192740 462.91 -3.05266
2790 818.678 189912 462.796 -3.0524
2800 873.275 192489 462.546 -3.05136
2810 927.351 197025 462.194 -3.04976
2820 917.146 200880 461.808 -3.04794
2830 912.837 201385 461.44 -3.04615
2840 991.697 199848 461.098 -3.04445
2850 1061.28 201872 460.769 -3.04293
2860 1050.97 203781 460.475 -3.04181
2870 1012.95 205515 460.246 -3.04118
2880 986.375 207343 460.105 -3.04102
2890 942.184 205617 460.072 -3.04131
2900 901.168 200226 460.121 -3.04183
2910 851.569 195280 460.176 -3.04221
2920 838.003 193119 460.169 -3.04211
2930 930.799 194336 460.07 -3.04147
2940 1013.96 200709 459.901 -3.04052
2950 977.906 206472 459.747 -3.03976
2960 908.996 206157 459.686 -3.03945
2970 888.061 204034 459.718 -3.03943
2980 950.319 203376 459.814 -3.03958
2990 1029.59 202750 459.961 -3.03995
3000 1053.98 202401 460.151 -3.04069
3010 1057.28 202500 460.378 -3.04185
3020 1033.03 203562 460.645 -3.0434
3030 951.874 200041 460.958 -3.04524
3040 810.501 197537 461.273 -3.0469
3050 721.47 194924 461.552 -3.04804
3060 788.931 191516 461.753 -3.04848
3070 933.54 195252 461.841 -3.04817
3080 1050.08 201936 461.865 -3.04758
3090 1073.88 203658 461.915 -3.04738
3100 1019.7 202986 462.02 -3.04775
3110 951.704 201633 462.172 -3.04848
3120 915.887 197634 462.345 -3.04927
3130 906.662 195701 462.488 -3.04985
3140 948.014 194484 462.57 -3.0501
3150 1014.21 193656 462.575 -3.05007
3160 1017.76 195438 462.494 -3.04986
3170 948.718 196242 462.35 -3.04953
3180 866.48 195684 462.155 -3.04895
3190 842.355 194673 461.902 -3.04797
3200 867.761 195063 461.58 -3.04651
3210 888.412 199076 461.2 -3.04466
3220 952.076 201600 460.813 -3.04267
3230 1067.15 201916 460.456 -3.04083
3240 1151.3 204268 460.139 -3.03949
3250 1104.88 206593 459.895 -3.03894
3260 939.185 204933 459.749 -3.03904
3270 847.053 200009 459.677 -3.03926
3280 872.059 195889 459.61 -3.03925
3290 880.444 197172 459.496 -3.03885
3300 847.974 199065 459.346 -3.03814
3310 846.773 200057 459.187 -3.03721
3320 912.698 200792 459.035 -3.03613
3330 975.062 200454 458.898 -3.03506
3340 955.678 201483 458.776 -3.03414
3350 915.255 201675 458.68 -3.0334
3360 953.121 203999 458.617 -3.03278
3370 1052.95 208782 458.619 -3.03248
3380 1094.25 209541 458.748 -3.03297
3390 1036.39 205171 459.011 -3.03435
3400 945.802 201789 459.352 -3.03615
3410 927.219 198907 459.719 -3.03797
3420 892.137 198971 460.073 -3.03961
3430 791.761 197962 460.409 -3.04099
3440 730.634 199390 460.718 -3.04195
3450 873.849 201770 461.018 -3.04254
3460 1118.86 202405 461.34 -3.04304
3470 1203.64 201725 461.698 -3.04409
3480 1060.91 197208 462.077 -3.04588
3490 900.395 190434 462.41 -3.04763
3500 881.549 190548 462.612 -3.04869
3510 992.474 195613 462.682 -3.04912
3520 1076.03 196814 462.685 -3.04941
3530 986.803 195194 462.642 -3.04975
3540 781.571 193172 462.532 -3.04975
3550 703.741 190170 462.326 -3.04899
3560 836.774 187702 461.982 -3.04733
3570 974.869 191065 461.473 -3.0448
3580 985.978 199293 460.852 -3.04183
3590 971.844 206721 460.233 -3.03894
3600 1043.62 209573 459.72 -3.03655
3610 1168.25 207016 459.351 -3.03505
3620 1175.87 204228 459.094 -3.03461
3630 1018.41 200827 458.906 -3.03488
3640 833.299 199218 458.739 -3.03512
3650 737.655 199567 458.57 -3.03491
3660 720.845 203474 458.403 -3.03426
3670 774.833 206348 458.292 -3.0334
3680 918.562 201744 458.267 -3.03256
3690 989.873 199098 458.275 -3.03177
3700 947.348 200278 458.277 -3.03112
3710 881.499 207116 458.295 -3.03063
3720 1053.79 213202 458.419 -3.03058
3730 1291.99 216856 458.734 -3.03164
3740 1300.66 213602 459.285 -3.03471
3750 1055.19 207543 460.029 -3.03926
3760 814.943 200694 460.878 -3.0439
3770 694.987 193806 461.728 -3.04783
3780 688.497 192872 462.489 -3.05079
3790 804.866 195233 463.142 -3.0529
3800 957.463 197615 463.72 -3.05446
3810 1024.14 197223 464.256 -3.05587
3820 1014.04 195898 464.747 -3.05734
3830 1011.07 192996 465.172 -3.05876
3840 1058.37 190655 465.493 -3.05997
3850 1079.73 190657 465.678 -3.06095
3860 972.293 190614 465.725 -3.06165
3870 801.279 191176 465.636 -3.06173
3880 766.924 192443 465.422 -3.06099
3890 877.424 192379 465.099 -3.0595
3900 998.472 191871 464.672 -3.05746
3910 999.452 191755 464.134 -3.05513
3920 903.3 196626 463.494 -3.05252
3930 887.878 199910 462.815 -3.04967
3940 996.327 202457 462.148 -3.04674
3950 1092.89 204115 461.532 -3.04411
3960 1093.5 201710 460.984 -3.04213
3970 1000.84 200233 460.475 -3.04063
3980 876.806 201834 459.986 -3.0392
3990 789.305 202661 459.533 -3.03765
4000 782.391 206435 459.134 -3.03596
4010 884.94 207891 458.833 -3.03433
4020 982.787 209455 458.655 -3.03307
4030 975.254 209595 458.619 -3.03247
4040 921.77 208070 458.724 -3.03256
4050 939.194 207280 458.95 -3.03316
4060 1003.41 206907 459.283 -3.03421
4070 1023.44 207178 459.716 -3.0358
4080 1023.14 206383 460.25 -3.03801
4090 969.242 206547 460.878 -3.04074
4100 925.528 202797 461.591 -3.0438
4110 938.48 200656 462.344 -3.0469
4120 1000.38 196667 463.097 -3.04995
4130 1000.53 193482 463.797 -3.05282
4140 906.362 192587 464.399 -3.05535
4150 804.622 193505 464.889 -3.05731
4160 805.328 194267 465.279 -3.05861
4170 947.267 192633 465.579 -3.0593
4180 1104.11 192258 465.771 -3.05959
4190 1118.93 191631 465.848 -3.05985
4200 978.027 191707 465.806 -3.06003
4210 878.357 192663 465.645 -3.05976
4220 940.79 194717 465.383 -3.05893
4230 1086.14 195209 465.047 -3.05785
4240 1070.78 195851 464.651 -3.05681
4250 923.096 195160 464.202 -3.05572
4260 820.15 194666 463.692 -3.05421
4270 817.869 195343 463.117 -3.05213
4280 859.789 197096 462.485 -3.04955
4290 907.111 201532 461.829 -3.04665
4300 971.202 203839 461.207 -3.04378
4310 1024.91 204710 460.652 -3.04124
4320 1048.16 207355 460.182 -3.03924
4330 1055.56 208406 459.828 -3.03796
4340 1029.52 208773 459.605 -3.03744
4350 996.706 209030 459.517 -3.03761
4360 957.881 206621 459.562 -3.03834
4370 876.14 202841 459.705 -3.03937
4380 802.309 199877 459.892 -3.0403
4390 858.869 199548 460.082 -3.04094
4400 1011.81 198610 460.264 -3.04139
4410 1022.89 203158 460.436 -3.04192
4420 920.184 204736 460.651 -3.04279
4430 896.021 204446 460.935 -3.04389
4440 1003.92 205112 461.285 -3.04519
4450 1094.55 204405 461.707 -3.04691
4460 1055.09 202158 462.192 -3.0492
4470 954.001 198234 462.704 -3.05173
4480 880.622 194757 463.187 -3.05403
4490 820.428 193115 463.594 -3.05579
4500 748.966 190575 463.895 -3.05683
4510 730.001 189745 464.057 -3.05701
4520 851.292 190780 464.072 -3.05628
4530 1062.15 191198 463.951 -3.05482
4540 1156.19 195145 463.712 -3.05316
4550 1085.67 198624 463.409 -3.05183
4560 984.555 200333 463.093 -3.05081
4570 951.954 199718 462.787 -3.04989
4580 949.894 199116 462.485 -3.04896
4590 939.806 197683 462.178 -3.04799
4600 888.185 196160 461.846 -3.04685
4610 833.506 195486 461.466 -3.04538
4620 801.241 198169 461.035 -3.04348
4630 872.339 199342 460.584 -3.04124
4640 954.034 201655 460.136 -3.03884
4650 1002.04 205000 459.724 -3.03661
4660 1067.8 207702 459.394 -3.03488
4670 1146.43 207664 459.182 -3.03398
4680 1140.96 205427 459.087 -3.03409
4690 1004.51 201463 459.074 -3.03489
4700 840.79 200728 459.09 -3.03571
4710 739.632 202828 459.125 -3.0362
4720 736.542 200176 459.196 -3.03642
4730 769.182 199529 459.276 -3.03626
4740 898.245 200107 459.351 -3.03579
4750 1023.73 203130 459.435 -3.03522
4760 1076.12 205011 459.565 -3.03506
4770 1073.7 203446 459.766 -3.03558
4780 1020.89 204633 460.023 -3.03667
4790 961.533 205595 460.349 -3.03819
4800 985.677 203511 460.751 -3.04004
4810 1046.3 202052 461.206 -3.04216
4820 1038.95 196784 461.683 -3.04454
4830 911.159 195403 462.117 -3.04679
4840 824.894 193261 462.479 -3.04854
4850 842.923 193233 462.744 -3.04963
4860 852.766 194289 462.911 -3.05011
4870 821.656 194462 462.993 -3.05007
4880 840.193 195070 462.997 -3.04955
4890 976.119 195428 462.931 -3.04858
4900 1131.28 198796 462.808 -3.04746
4910 1163.43 201597 462.672 -3.0468
4920 1035.64 198822 462.559 -3.04675
4930 899.733 196301 462.435 -3.04678
4940 917.165 195443 462.265 -3.04646
4950 1045.17 194103 462.033 -3.04587
4960 1040.77 195059 461.726 -3.04517
4970 851.637 198409 461.358 -3.04427
4980 710.8 199603 460.974 -3.04296
4990 775.483 199542 460.59 -3.04123
5000 950.73 202386 460.213 -3.03917
5010 1062.39 204780 459.879 -3.03725
5020 1033.78 206752 459.623 -3.03593
5030 942.59 210168 459.477 -3.03527
5040 957.687 209468 459.478 -3.03524
5050 1062.15 207545 459.62 -3.03584
5060 1094.03 205752 459.873 -3.03716
5070 996.992 204223 460.212 -3.03909
5080 902.669 201301 460.61 -3.04122
5090 856.355 201335 461.03 -3.04323
5100 867.609 200631 461.467 -3.04506
5110 927.651 199167 461.91 -3.04673
5120 971.139 197307 462.338 -3.04828
5130 943.573 197913 462.729 -3.04972
5140 904.045 196146 463.083 -3.05101
5150 927.493 195091 463.382 -3.05199
5160 1016.78 195069 463.609 -3.05269
5170 1057.32 196336 463.766 -3.0533
5180 993.582 194854 463.868 -3.05392
5190 904.137 192681 463.895 -3.05431
5200 832.92 195602 463.825 -3.05417
5210 853.238 195135 463.689 -3.05354
5220 940.518 195991 463.489 -3.05248
5230 1051.99 196874 463.236 -3.05121
5240 1105.68 198753 462.947 -3.05007
5250 1051.91 201124 462.649 -3.04926
5260 949.923 203443 462.376 -3.0487
5270 923.094 202588 462.157 -3.04826
5280 984.032 201176 461.983 -3.04794
5290 961.177 199903 461.833 -3.04773
5300 830.594 199376 461.689 -3.04745
5310 795.988 199811 461.543 -3.04689
5320 916.432 197266 461.395 -3.04604
5330 1021.61 199189 461.22 -3.04501
5340 1033.61 200949 461.038 -3.04413
5350 968.541 202874 460.879 -3.04354
5360 918.973 203119 460.765 -3.04316
5370 942.623 203468 460.702 -3.04293
5380 1006.65 203186 460.695 -3.04291
5390 1014.16 202534 460.737 -3.04322
5400 919.66 202995 460.822 -3.04379
5410 849.358 199448 460.948 -3.04441
5420 869.028 197254 461.07 -3.04479
5430 946.415 197378 461.157 -3.04489
5440 973.903 198560 461.209 -3.04484
5450 960.416 200087 461.244 -3.0448
5460 937.762 202905 461.285 -3.04485
5470 909.214 203026 461.369 -3.04505
5480 919.922 200448 461.497 -3.04535
5490 960.318 202556 461.64 -3.04568
5500 1041.56 203113 461.819 -3.04622
5510 1091.98 199748 462.042 -3.04717
5520 1029.2 197048 462.264 -3.04842
5530 934.052 195938 462.446 -3.04961
5540 888.203 193883 462.568 -3.05045
5550 874.279 192315 462.603 -3.05077
5560 850.072 190339 462.527 -3.05049
5570 795.488 190127 462.316 -3.04949
5580 755.876 193792 461.971 -3.04774
5590 821.492 197101 461.543 -3.04534
5600 995.536 200656 461.083 -3.04255
5610 1129.35 202526 460.641 -3.0399
5620 1100.11 203749 460.246 -3.03794
5630 1003.07 205859 459.918 -3.03666
5640 986.246 206155 459.682 -3.0359
5650 1007.46 203876 459.54 -3.03561
5660 950.653 201761 459.46 -3.03563
5670 845.842 202873 459.415 -3.03571
5680 819.892 205078 459.417 -3.03573
5690 860.043 204616 459.493 -3.0358
5700 888.804 204809 459.64 -3.03596
5710 968.099 206022 459.86 -3.03634
5720 1126.19 204780 460.165 -3.03716
5730 1172.47 205704 460.544 -3.03874
5740 1109.57 206115 461.006 -3.04124
5750 1023.93 201655 461.549 -3.04434
5760 942.61 197289 462.114 -3.04745
5770 879.532 195846 462.64 -3.05019
5780 839.135 194098 463.101 -3.05239
5790 826.092 192255 463.472 -3.05395
5800 805.581 194323 463.733 -3.0548
5810 846.836 195606 463.909 -3.05509
5820 963.35 194971 464.018 -3.05493
5830 1069.72 193959 464.054 -3.05456
5840 1063.94 195809 464.01 -3.05419
5850 1002.34 196368 463.907 -3.0539
5860 960.306 194694 463.752 -3.05353
5870 952.881 193736 463.526 -3.05289
5880 966.898 192801 463.215 -3.05193
5890 950.424 194729 462.811 -3.05061
5900 864.465 198412 462.341 -3.04895
5910 814.218 198514 461.854 -3.04701
5920 868.917 197403 461.353 -3.04479
5930 949.731 200905 460.833 -3.04232
5940 970.841 204388 460.337 -3.03992
5950 956.719 205521 459.914 -3.03788
5960 1019 206674 459.581 -3.03629
5970 1115.89 208774 459.356 -3.03535
5980 1070.04 208339 459.263 -3.03534
5990 888.951 206356 459.294 -3.03598
6000 826.148 205888 459.424 -3.0368
6010 919.041 206347 459.642 -3.03771
6020 998.609 203737 459.948 -3.0389
6030 965.836 201285 460.31 -3.04038
6040 893.41 199723 460.691 -3.04193
6050 887.484 200094 461.069 -3.04336
6060 960.343 200880 461.448 -3.04468
6070 1007.47 200336 461.837 -3.04608
6080 943.733 199901 462.231 -3.0476
6090 881.997 197787 462.619 -3.04908
6100 902.668 196449 462.975 -3.0503
6110 1001.87 196831 463.28 -3.05125
6120 1083.68 197271 463.538 -3.05217
6130 1063.79 195948 463.754 -3.05324
6140 1004.4 193404 463.911 -3.05431
6150 1015.5 191855 463.973 -3.05511
6160 1020.12 193234 463.922 -3.05559
6170 920.242 194210 463.776 -3.05571
6180 807.141 194434 463.548 -3.05529
6190 779.154 195971 463.247 -3.05425
6200 788.099 197714 462.895 -3.05266
6210 798.906 196067 462.512 -3.05068
6220 803.497 198053 462.087 -3.04828
6230 926.394 198889 461.64 -3.04557
6240 1123.6 201088 461.19 -3.04279
6250 1212.89 204060 460.768 -3.04058
6260 1092.25 204690 460.413 -3.03935
6270 902.916 203854 460.135 -3.0387
6280 824.531 206473 459.926 -3.03814
6290 913.973 207372 459.815 -3.03771
6300 1027.73 205658 459.813 -3.03765
6310 1007.34 202784 459.897 -3.03809
6320 881.114 200375 460.025 -3.03877
6330 791.683 199341 460.161 -3.03931
6340 826.082 199688 460.292 -3.03954
6350 965.617 199231 460.418 -3.03952
6360 1058 201515 460.54 -3.03952
6370 1032.66 202531 460.684 -3.03991
6380 959.354 202174 460.866 -3.04066
6390 959.207 202223 461.082 -3.04159
6400 1007.79 202813 461.333 -3.04268
6410 1032.95 201105 461.623 -3.04407
6420 958.744 200663 461.931 -3.04564
6430 851.524 199833 462.248 -3.04718
6440 837.489 196653 462.559 -3.04844
6450 943.088 194647 462.822 -3.04929
6460 1023.33 194870 463.01 -3.04983
6470 984.609 195592 463.123 -3.05026
6480 908.825 199664 463.18 -3.05052
6490 967.262 197794 463.226 -3.0507
6500 1060.54 198321 463.247 -3.05083
6510 1114.61 199767 463.248 -3.05117
6520 1071.85 199230 463.248 -3.05187
6530 957.4 196440 463.237 -3.05268
6540 865.508 194776 463.181 -3.05313
6550 840.443 192802 463.051 -3.05303
6560 833.389 191304 462.821 -3.05228
6570 803.549 193097 462.474 -3.05083
6580 805.921 194559 462.033 -3.04876
6590 846.868 197891 461.526 -3.04617
6600 943.884 199828 460.996 -3.0433
6610 1000.03 203249 460.479 -3.04047
6620 1032.11 207094 460.02 -3.03804
6630 1097.7 208942 459.675 -3.03632
6640 1172.28 206811 459.462 -3.0356
6650 1093.14 205951 459.36 -3.03587
6660 919.612 203845 459.347 -3.03666
6670 811.397 202327 459.397 -3.03742
6680 839.49 197066 459.476 -3.03797
6690 860.368 193748 459.519 -3.0381
6700 834.05 194371 459.479 -3.03772
6710 826.679 198187 459.364 -3.03686
6720 864.113 202399 459.23 -3.03572
6730 930.16 206471 459.135 -3.03459
6740 1026.33 209759 459.139 -3.03387
6750 1110.22 210641 459.286 -3.03398
6760 1114.77 208057 459.584 -3.03517
6770 1021.25 205895 460.003 -3.03722
6780 919.495 199525 460.5 -3.03966
6790 821.42 195181 460.991 -3.04183
6800 762.888 195947 461.414 -3.04343
6810 828.256 198387 461.778 -3.04448
6820 987.89 199238 462.115 -3.0452
6830 1144.01 198506 462.438 -3.04597
6840 1134.28 198858 462.742 -3.04717
6850 993.465 199634 463.029 -3.04874
6860 918.407 200935 463.313 -3.05032
6870 1006.87 198703 463.605 -3.05185
6880 1100.29 198521 463.883 -3.05345
6890 1086.99 195613 464.135 -3.05528
6900 919.232 191905 464.323 -3.05695
6910 758.151 189361 464.393 -3.05783
6920 762.112 189273 464.312 -3.05769
6930 889.82 191505 464.078 -3.05662
6940 997.818 194734 463.727 -3.05496
6950 1051.46 197404 463.307 -3.05314
6960 1061.15 200567 462.86 -3.05147
6970 1020.8 201541 462.429 -3.0501
6980 967.474 200837 462.03 -3.04896
6990 969.87 199510 461.653 -3.04791
7000 988.653 198241 461.278 -3.04689
7010 923.831 198823 460.889 -3.04582
7020 808.482 199464 460.493 -3.04453
7030 783.017 198087 460.095 -3.04295
7040 847.338 196968 459.68 -3.041
7050 879.376 197438 459.232 -3.03872
7060 863.121 200758 458.761 -3.03624
7070 909.844 203130 458.31 -3.03373
7080 1010.34 207230 457.918 -3.03139
7090 1076.02 210412 457.638 -3.02968
7100 1076.58 213565 457.517 -3.02898
7110 1057.81 214433 457.596 -3.02946
7120 1010.98 209280 457.877 -3.03103
7130 888.505 205727 458.296 -3.03315
7140 805.754 203200 458.796 -3.03535
7150 879.082 200914 459.34 -3.03743
7160 940.656 200602 459.898 -3.03939
7170 908.913 200137 460.459 -3.04132
7180 879.73 199723 461.021 -3.04322
7190 864.579 197870 461.571 -3.04496
7200 869.45 198921 462.092 -3.04645
7210 955.93 200258 462.594 -3.04777
7220 1136.94 201063 463.097 -3.04918
7230 1245.51 199934 463.611 -3.05116
7240 1120.89 199230 464.123 -3.0539
7250 876.004 199203 464.623 -3.05675
7260 807.018 195675 465.103 -3.05915
7270 923.757 190417 465.515 -3.06095
7280 968.625 187408 465.785 -3.06209
7290 955.826 186443 465.869 -3.06254
7300 1002.41 189852 465.76 -3.06231
7310 1040.32 194371 465.507 -3.06166
7320 955.027 196532 465.175 -3.06081
7330 847.737 195161 464.796 -3.05968
7340 876.817 192862 464.353 -3.0581
7350 974.445 195317 463.821 -3.05603
7360 1026.59 198537 463.233 -3.05377
7370 979.396 200741 462.635 -3.05159
7380 882.711 204911 462.066 -3.0495
7390 926.229 203474 461.572 -3.04757
7400 1019.54 201430 461.14 -3.04586
7410 967.354 202089 460.743 -3.04443
7420 829.308 203511 460.389 -3.04311
7430 838.385 203109 460.09 -3.04181
7440 1006.3 206007 459.851 -3.04053
7450 1145.75 208048 459.704 -3.03977
7460 1076.83 207970 459.679 -3.03996
7470 936.752 204963 459.771 -3.04084
7480 892.484 203258 459.94 -3.04193
7490 866.825 201293 460.158 -3.04301
7500 806.077 198428 460.393 -3.04393
7510 782.66 198943 460.61 -3.0445
7520 834.771 203343 460.818 -3.04477
7530 896.521 203343 461.068 -3.04501
7540 883.769 203171 461.369 -3.04538
7550 888.984 203391 461.716 -3.04593
7560 1038.35 200846 462.108 -3.04661
7570 1190.12 199340 462.513 -3.04757
7580 1139.66 200011 462.911 -3.04917
7590 956.576 200878 463.31 -3.05119
7600 889.038 196225 463.712 -3.05316
7610 933.855 193051 464.06 -3.05472
7620 955.708 192027 464.306 -3.05582
7630 895.094 191489 464.435 -3.05645
7640 793.987 191968 464.442 -3.05645
7650 798.606 192064 464.331 -3.05574
7660 925.76 195688 464.114 -3.05435
7670 1061.06 198869 463.838 -3.05268
7680 1085.93 201299 463.554 -3.05124
7690 1070.42 200898 463.294 -3.05029
7700 1063.76 199350 463.053 -3.04973
7710 1002.1 198967 462.812 -3.04938
7720 932.709 198240 462.564 -3.04901
7730 900.575 200187 462.302 -3.04845
7740 907.53 203906 462.051 -3.04776
7750 905.553 203436 461.86 -3.04716
7760 849.868 200641 461.724 -3.04664
7770 809.299 197914 461.602 -3.04598
7780 886.523 196688 461.457 -3.04499
7790 1042.53 200207 461.275 -3.04376
7800 1096.96 206933 461.108 -3.04279
7810 1015.46 208103 461.041 -3.04258
7820 913.984 204698 461.092 -3.04299
7830 893.705 203358 461.219 -3.0436
7840 963.751 200755 461.395 -3.0443
7850 1016.19 198559 461.584 -3.04506
7860 982.616 197944 461.756 -3.04588
7870 907.153 198118 461.901 -3.04663
7880 884.214 198533 462.02 -3.04717
7890 910.648 198452 462.119 -3.04748
7900 932.388 197444 462.196 -3.04763
7910 938.14 198603 462.241 -3.04763
7920 982.88 200572 462.271 -3.04757
7930 1030.39 203001 462.313 -3.04767
7940 997.576 204550 462.402 -3.04814
7950 936.723 204250 462.559 -3.04895
7960 962.687 201477 462.777 -3.04998
7970 996.679 197385 463.016 -3.05111
7980 895.648 194557 463.22 -3.05212
7990 780.872 194737 463.347 -3.05264
8000 877.507 197499 463.402 -3.05261
8010 1046.15 201442 463.426 -3.0523
8020 1159.3 200068 463.466 -3.05232
8030 1084.58 197503 463.511 -3.05288
8040 898.776 197774 463.526 -3.05352
8050 792.834 197963 463.513 -3.05381
8060 864.748 195996 463.47 -3.05365
8070 1040.6 196712 463.376 -3.05314
8080 1147.03 197060 463.238 -3.05269
8090 1049.65 196064 463.062 -3.05255
8100 848.251 195603 462.835 -3.05229
8110 721.18 198177 462.555 -3.05145
8120 794.721 198675 462.251 -3.05011
8130 936.572 201436 461.94 -3.0484
8140 1058.69 205269 461.659 -3.04676
8150 1116.1 206735 461.462 -3.04575
8160 1104.7 206412 461.368 -3.0456
8170 1069.2 204526 461.372 -3.04622
8180 1038.25 200808 461.445 -3.04733
8190 972.874 196634 461.532 -3.04856
8200 830.115 193967 461.574 -3.04944
8210 702.788 195551 461.537 -3.0496
8220 685.369 199130 461.44 -3.04907
8230 751.587 200480 461.332 -3.04805
8240 861.413 200449 461.234 -3.0467
8250 989.54 201364 461.149 -3.04523
8260 1079.76 200609 461.087 -3.04398
8270 1073.73 201654 461.042 -3.0432
8280 1044.18 204679 461.029 -3.04295
8290 1069.4 207163 461.088 -3.0433
8300 1084.07 205122 461.25 -3.04436
8310 976.678 198573 461.483 -3.04592
8320 804.982 193579 461.699 -3.04725
8330 713.695 190747 461.824 -3.04785
8340 751.903 192485 461.819 -3.04754
8350 839.697 197622 461.712 -3.04647
8360 940.204 201407 461.574 -3.04506
8370 1002.12 207562 461.465 -3.04378
8380 1066.1 208265 461.466 -3.04314
8390 1112.54 206970 461.591 -3.04336
8400 1158.9 205371 461.82 -3.04449
8410 1132.13 201296 462.127 -3.04646
8420 990.832 196476 462.452 -3.04875
8430 837.41 193911 462.728 -3.05065
8440 761.92 194492 462.919 -3.05182
8450 764.948 195063 463.029 -3.05226
8460 837.113 193978 463.066 -3.05207
8470 916.588 193448 463.018 -3.05133
8480 961.4 194247 462.878 -3.05021
8490 989.621 198200 462.665 -3.04888
8500 1078.92 201062 462.431 -3.04764
8510 1131.17 204724 462.222 -3.04684
8520 1084.87 203758 462.084 -3.04676
8530 969.103 199065 462.003 -3.04715
8540 857.64 194260 461.913 -3.04739
8550 805.349 191755 461.747 -3.04704
8560 819.68 192218 461.47 -3.04597
8570 827.138 193367 461.087 -3.04424
8580 777.37 193654 460.614 -3.04195
8590 734.131 196930 460.064 -3.03912
8600 850.958 201570 459.482 -3.03583
8610 1097.75 205054 458.933 -3.03236
8620 1239.94 207464 458.47 -3.02954
8630 1182.88 207516 458.123 -3.02807
8640 1016.04 206511 457.893 -3.02767
8650 883.181 206102 457.766 -3.02772
8660 867.556 205974 457.733 -3.02792
8670 948.273 204277 457.788 -3.02829
8680 961.096 199877 457.905 -3.02886
8690 829.521 195712 458.022 -3.02938
8700 690.401 196744 458.086 -3.02946
8710 704.393 201184 458.109 -3.029
8720 889.216 205163 458.151 -3.02819
8730 1113.45 208259 458.27 -3.02748
8740 1193.67 210133 458.51 -3.02767
8750 1141.64 209055 458.895 -3.02922
8760 1082.56 206984 459.41 -3.0318
8770 1072.34 201732 460.02 -3.03503
8780 1021.28 197506 460.653 -3.03846
8790 892.503 196262 461.251 -3.04165
8800 786.824 194497 461.788 -3.04427
8810 754.561 191790 462.241 -3.04614
8820 773.351 189633 462.57 -3.04714
8830 797.487 191277 462.751 -3.04727
8840 869.93 192584 462.803 -3.04668
8850 995.816 196051 462.752 -3.04555
8860 1124.28 199664 462.648 -3.04437
8870 1185.19 203609 462.546 -3.0437
8880 1126.48 204760 462.5 -3.04392
8890 993.682 201029 462.523 -3.04475
8900 939.702 195123 462.563 -3.0456
8910 972.182 190825 462.536 -3.04612
8920 928.795 194115 462.388 -3.04613
8930 830.758 198364 462.161 -3.04562
8940 846.542 198899 461.912 -3.04475
8950 863.564 198845 461.653 -3.04361
8960 882.456 201261 461.389 -3.04226
8970 1014.85 202134 461.147 -3.04091
8980 1178.05 203534 460.946 -3.03991
8990 1197.35 206227 460.807 -3.03977
9000 1076.25 207793 460.763 -3.04058
9010 956.517 204891 460.833 -3.04192
9020 902.987 199666 460.974 -3.04336
9030 875.826 197374 461.117 -3.04454
9040 873.384 196593 461.225 -3.04534
9050 860.5 194658 461.283 -3.04573
9060 823.322 195711 461.27 -3.04562
9070 839.06 198308 461.199 -3.04505
9080 959.542 200019 461.106 -3.04421
9090 1048.27 203541 461.024 -3.04342
9100 1039.36 203164 460.991 -3.04311
9110 960.106 203665 461.013 -3.04323
9120 933.995 200655 461.087 -3.04359
9130 940.187 198681 461.175 -3.04396
9140 973.713 199328 461.249 -3.04427
9150 987.024 200271 461.318 -3.04461
9160 945.502 199525 461.391 -3.04502
9170 875.553 197814 461.459 -3.04537
9180 837.722 196537 461.498 -3.04544
9190 879.408 196356 461.491 -3.04512
9200 980.891 199323 461.439 -3.04451
9210 1074.24 203949 461.383 -3.04398
9220 1065.76 204789 461.386 -3.04401
9230 926.262 203173 461.461 -3.04455
9240 850.458 201824 461.585 -3.04519
9250 959.552 199064 461.736 -3.04576
9260 1048.3 200510 461.881 -3.04631
9270 1046.56 203085 462.037 -3.04715
9280 955.077 202421 462.237 -3.04833
9290 797.426 201258 462.472 -3.04956
9300 731.817 201779 462.73 -3.0505
9310 977.575 199699 463.009 -3.05118
9320 1233.09 200025 463.288 -3.0519
9330 1205 201280 463.57 -3.05338
9340 963.47 201231 463.87 -3.05543
9350 840.642 196339 464.183 -3.05735
9360 839.469 193593 464.444 -3.05871
9370 920.76 194295 464.615 -3.05946
9380 1003.68 191857 464.697 -3.05982
9390 999.467 191564 464.665 -3.05985
9400 949.645 192547 464.513 -3.05951
9410 908.358 193489 464.258 -3.05873
9420 883.173 193450 463.912 -3.0575
9430 871.718 194266 463.479 -3.05578
9440 884.174 196359 462.973 -3.05362
9450 901.482 200674 462.428 -3.05116
9460 917.183 202246 461.902 -3.04866
9470 951.749 201414 461.416 -3.04631
9480 1002.49 205468 460.969 -3.04415
9490 1033.49 207352 460.611 -3.04248
9500 1000.89 206135 460.365 -3.04149
9510 909.744 204655 460.215 -3.04099
9520 854.178 204718 460.142 -3.04069
9530 925.661 204699 460.143 -3.04052
9540 1031.32 202994 460.212 -3.04058
9550 1015.92 204886 460.335 -3.04104
9560 890.552 205412 460.528 -3.04192
9570 771.593 202861 460.798 -3.04296
9580 778.533 201255 461.111 -3.04385
9590 899.88 201449 461.444 -3.0445
9600 1026.33 200576 461.796 -3.04513
9610 1078.52 197616 462.153 -3.04596
9620 1052.86 200993 462.485 -3.04708
9630 1078.86 201006 462.825 -3.04857
9640 1081.35 198876 463.178 -3.05042
9650 915.751 198350 463.516 -3.05238
9660 767.658 197285 463.829 -3.05396
9670 854.222 195809 464.1 -3.05503
9680 930.719 196088 464.312 -3.05564
9690 959.263 196103 464.466 -3.05598
9700 1002.86 194936 464.562 -3.05617
9710 1053.63 195079 464.589 -3.05625
9720 1060.55 195577 464.546 -3.05633
9730 1005.06 194796 464.442 -3.05639
9740 929.049 194018 464.266 -3.05621
9750 903.61 194742 464.009 -3.05561
9760 914.288 199837 463.689 -3.0546
9770 993.771 200255 463.368 -3.05349
9780 1009.86 197019 463.055 -3.0525
9790 895.064 195257 462.709 -3.05146
9800 777.03 197528 462.308 -3.05002
9810 806.917 201133 461.881 -3.04813
9820 995.631 201506 461.475 -3.04606
9830 1126.8 204573 461.106 -3.0442
9840 1115.35 206172 460.812 -3.0431
9850 988.045 205811 460.615 -3.04276
9860 878.143 202698 460.506 -3.04277
9870 826.297 201034 460.444 -3.04273
9880 829.003 199911 460.401 -3.0425
9890 855.076 201691 460.366 -3.04206
9900 897.129 202236 460.357 -3.04156
9910 931.807 202303 460.384 -3.04112
9920 942.722 203768 460.451 -3.04085
9930 979.221 203607 460.573 -3.04086
9940 1049.54 202708 460.75 -3.04121
9950 1066.36 203011 460.969 -3.04201
9960 972.868 205159 461.237 -3.04327
9970 889.174 205237 461.578 -3.04484
9980 948.647 203810 461.994 -3.04658
9990 1042.48 199827 462.46 -3.04851
10000 1035.78 197416 462.925 -3.05059
