# Time-averaged data for fix 2
# TimeStep c_mytemp c_mypress v_vmyvol v_avgEtotal
10 1993.39 3279.56 691.573 -2.69269
20 2130.99 -588.588 691.63 -2.69276
30 2213.69 -3412.1 691.684 -2.69321
40 2173.58 -2857.37 691.696 -2.69417
50 2076.74 -2009.61 691.669 -2.69541
60 1993.01 -1810.15 691.615 -2.69665
70 1959.56 -1071.53 691.542 -2.69771
80 2045.47 -5509.44 691.451 -2.69863
90 2173.97 -10626 691.281 -2.69968
100 2258.91 -15421.8 690.954 -2.70117
110 2328.43 -19967.1 690.396 -2.7034
120 2270.34 -18770.6 689.552 -2.70636
130 2204.14 -15997.7 688.438 -2.70971
140 2068.42 -10281.4 687.108 -2.71306
150 1893.5 -3907.7 685.653 -2.71579
160 1819.35 -3649.04 684.164 -2.71779
170 1811 -3298.84 682.657 -2.71916
180 1890.15 -5208.37 681.133 -2.72004
190 2067.92 -7114.33 679.567 -2.72078
200 2192.82 -8827.9 677.931 -2.72176
210 2177.22 -8110.78 676.205 -2.72324
220 1967.4 -1112.17 674.41 -2.72478
230 1791.15 4095.01 672.637 -2.72582
240 1680.82 5987 670.966 -2.72608
250 1929.73 -2083.59 669.408 -2.72592
260 2157.73 -8431.22 667.863 -2.72586
270 2233.6 -13876.6 666.231 -2.72642
280 2291.15 -16046.1 664.443 -2.72787
290 2316.33 -15025.8 662.47 -2.73009
300 2317.51 -9846.38 660.333 -2.733
310 2199.18 361.778 658.116 -2.73605
320 2073.34 8490.68 655.954 -2.73874
330 2007.27 12107.2 653.962 -2.7409
340 2119.97 7479.38 652.178 -2.74294
350 2199.55 4900.4 650.547 -2.74528
360 2182.31 6055.01 649.029 -2.74786
370 2152.47 7951.87 647.634 -2.75055
380 2089.22 10413.7 646.384 -2.75318
390 2040.06 10727.4 645.306 -2.75558
400 2088.11 4864.36 644.397 -2.75789
410 2099.87 -1035.98 643.577 -2.76029
420 1923.12 -367.783 642.773 -2.76253
430 1775.71 4254.7 641.991 -2.76413
440 1759.77 4710.13 641.28 -2.76504
450 1683.87 8471.53 640.657 -2.76531
460 1693.06 12061 640.165 -2.76493
470 1980.97 8710.24 639.842 -2.76409
480 2280.53 5351.74 639.648 -2.76333
490 2324.01 6541.93 639.542 -2.76338
500 2106.71 13783.3 639.54 -2.76424
510 1968.18 19115.2 639.728 -2.76534
520 1913.55 19610.2 640.17 -2.7664
530 1739.65 22864.4 640.881 -2.76723
540 1642 22390.5 641.891 -2.76765
550 1879.37 14644.4 643.185 -2.76752
560 2091.93 7052.04 644.665 -2.76699
570 1983.74 5607.58 646.233 -2.76659
580 1920.98 2155.75 647.856 -2.7663
590 1957.9 -2552.42 649.489 -2.76584
600 1993.4 -5397.71 651.07 -2.76528
610 1924.93 -5541.55 652.559 -2.76475
620 1759.46 -1759.41 653.958 -2.76422
630 1646.12 1772.34 655.316 -2.76346
640 1715.86 264.254 656.675 -2.76224
650 1943.48 -5091.5 658.017 -2.76048
660 2147.8 -10064.6 659.272 -2.75857
670 2175.22 -12294 660.371 -2.75713
680 1992.93 -8288.95 661.29 -2.75635
690 1836.89 -3815.58 662.081 -2.75586
700 1824.04 -5102.14 662.8 -2.75523
710 1683.88 -2939.98 663.444 -2.75433
720 1501 1638.77 664.044 -2.75309
730 1689.65 -3266.84 664.649 -2.75129
740 1849.05 -7295.98 665.202 -2.74883
750 1709.04 -3353.81 665.656 -2.74633
760 1681.94 -1017.78 666.056 -2.74388
770 1896.7 -5339.17 666.43 -2.74109
780 2120.53 -8190.22 666.728 -2.73817
790 2103.73 -6781.03 666.913 -2.73581
800 1982.06 -5902.44 666.999 -2.73418
810 1927.17 -5271.87 667.004 -2.73285
820 2158.6 -9821.32 666.929 -2.73171
830 2283.17 -10442.7 666.723 -2.73107
840 2161.81 -7032.36 666.379 -2.73126
850 2020.44 -6690.88 665.939 -2.73189
860 1878.01 -4097.24 665.419 -2.73251
870 1781.49 -1499.51 664.853 -2.73278
880 1831.69 -2644.63 664.276 -2.73264
890 1952.47 -5032.55 663.674 -2.73224
900 2000.7 -4277.14 663.019 -2.73183
910 1929.63 -752.38 662.323 -2.73148
920 1836.26 670.787 661.63 -2.73106
930 1767.58 2466.91 660.966 -2.7304
940 1715.39 5807.94 660.356 -2.72939
950 1718.75 6057.59 659.839 -2.72799
960 1842.26 4034.44 659.422 -2.72626
970 1942.88 -14.088 659.073 -2.72436
980 1957.44 -3224.4 658.735 -2.72262
990 1833.83 174.831 658.373 -2.72106
1000 1829.92 3.14024 658.019 -2.71949
1010 2074.22 -3725.48 657.671 -2.71784
1020 2187.64 -159.497 657.292 -2.71645
1030 2134.37 3982.7 656.922 -2.71572
1040 1820.66 15727.1 656.634 -2.71537
1050 1768.76 18231.1 656.567 -2.71484
1060 2249.94 4799.5 656.745 -2.71415
1070 2393.54 1408.79 657.01 -2.71397
1080 2311.81 3956.66 657.304 -2.71494
1090 2194.35 7070.81 657.657 -2.71665
1100 2122.69 8927.26 658.112 -2.71867
1110 2105.16 5483.08 658.686 -2.72082
1120 1986.95 4217.87 659.34 -2.72282
1130 2121.25 -4112.36 660.042 -2.72465
1140 2336.32 -14149.9 660.678 -2.72668
1150 2339.73 -16907.5 661.116 -2.72942
1160 2154.26 -13037.7 661.318 -2.73263
1170 1996.62 -4130.87 661.341 -2.73564
1180 1933.4 1745.03 661.305 -2.7382
1190 1849.57 7414.18 661.301 -2.74019
1200 1831.01 9125.12 661.405 -2.74161
1210 1895.29 5544.05 661.638 -2.74259
1220 1874.71 3880.82 661.957 -2.74323
1230 1841.47 3161.06 662.333 -2.74355
1240 1993.89 -1917.11 662.749 -2.74358
1250 2261.77 -10295.4 663.133 -2.74366
1260 2388.6 -13879.2 663.375 -2.74445
1270 2338.23 -12090.7 663.423 -2.74629
1280 2177.04 -6557.59 663.307 -2.74875
1290 2029.49 -2106.26 663.101 -2.75123
1300 1953.65 2333.86 662.875 -2.75339
1310 1939.12 5323.26 662.69 -2.75516
1320 1896.44 7361.93 662.589 -2.75659
1330 1759.22 10383.3 662.605 -2.75757
1340 1653.7 12446.5 662.775 -2.75797
1350 1656.25 9993.36 663.122 -2.75776
1360 1602.62 11353.1 663.62 -2.75697
1370 1617.65 11065.3 664.279 -2.75568
1380 1733.62 6980.89 665.089 -2.75386
1390 1800.48 4783.19 665.998 -2.75165
1400 1820.1 4009.48 666.973 -2.74931
1410 1886.49 1698.54 667.996 -2.74692
1420 2047.4 -4213.04 669.031 -2.74452
1430 2080.38 -6044.78 670.002 -2.74236
1440 1991.7 -4075.96 670.88 -2.74076
1450 1916.22 -4040.09 671.689 -2.7395
1460 1933.29 -4431.15 672.431 -2.73832
1470 1993.24 -5623.31 673.101 -2.73718
1480 2023.96 -7177.19 673.682 -2.7362
1490 1984.93 -3597.58 674.162 -2.73544
1500 2000.57 -2362.27 674.583 -2.73487
1510 2061.94 -3126.82 674.965 -2.73445
1520 1995.43 295.658 675.307 -2.73423
1530 2010.02 491.753 675.65 -2.73416
1540 1988.1 66.7078 676.001 -2.73418
1550 1843.09 1199.38 676.355 -2.73417
1560 1826.52 -561.899 676.725 -2.73391
1570 2021.91 -6122.77 677.081 -2.7334
1580 2113.11 -8262.66 677.349 -2.73298
1590 1970.5 -4442.93 677.502 -2.73286
1600 1840.16 -1189.83 677.591 -2.7328
1610 1817.14 -391.923 677.663 -2.73248
1620 1892.67 903.608 677.735 -2.73189
1630 1860.13 2209.15 677.825 -2.73115
1640 1763.24 3281.93 677.952 -2.73029
1650 1779.03 2135.42 678.129 -2.72913
1660 2020.19 -2972.74 678.337 -2.72771
1670 2045.78 -4035.06 678.508 -2.7264
1680 1901.82 -2580.28 678.625 -2.7254
1690 1870.87 -5120.36 678.7 -2.72448
1700 1858.3 -5369.2 678.705 -2.72342
1710 1995.98 -6498.7 678.633 -2.7223
1720 2213.6 -10809.1 678.463 -2.72134
1730 2291.44 -11481 678.144 -2.72107
1740 2184.94 -11824.6 677.662 -2.72168
1750 1974.66 -9679.71 677.018 -2.72268
1760 1876.04 -10654 676.239 -2.72354
1770 1938.8 -13502 675.313 -2.72421
1780 1968.46 -10986.3 674.212 -2.72478
1790 1860.05 -2899.16 672.978 -2.72514
1800 1814.13 3880.06 671.723 -2.72503
1810 1932.14 5348.1 670.545 -2.72457
1820 1865.76 10969.8 669.478 -2.72393
1830 1691.65 17521.6 668.596 -2.72304
1840 1655.63 18186 667.984 -2.72178
1850 1646.04 15815.9 667.652 -2.72013
1860 1793.19 7527.89 667.555 -2.71813
1870 2018.01 661.12 667.577 -2.71583
1880 2083.97 -787.741 667.623 -2.71374
1890 2261.09 -2979.86 667.66 -2.71219
1900 2410.95 -4255.84 667.66 -2.71153
1910 2379.93 -2534.11 667.609 -2.7121
1920 2308.76 -186.252 667.529 -2.71369
1930 2253.35 3697.44 667.456 -2.71592
1940 2232.78 5036.58 667.443 -2.71855
1950 2235.33 2255.47 667.504 -2.72151
1960 2158.66 1355.05 667.607 -2.72466
1970 2103.17 -612.126 667.735 -2.72773
1980 2148.05 -4705.74 667.854 -2.73071
1990 2185.49 -5817.83 667.913 -2.73378
2000 2128.29 -5372.93 667.892 -2.73689
2010 2063.81 -3295.35 667.803 -2.73985
2020 2105.53 -5180.29 667.667 -2.7426
2030 2180.85 -8450.82 667.459 -2.74544
2040 2072.47 -5647.8 667.145 -2.74832
2050 1862.5 -1619.77 666.759 -2.75078
2060 1697.57 4207.44 666.364 -2.75243
2070 1668.1 8283.1 666.04 -2.75318
2080 1806.78 6589.02 665.838 -2.75329
2090 1948.45 4439.79 665.742 -2.75305
2100 1902.39 2969.67 665.719 -2.75272
2110 1758.69 5405.93 665.75 -2.75226
2120 1791.29 3153.54 665.858 -2.75151
2130 1907.31 -2054.67 666.013 -2.75044
2140 1840.21 -2261.04 666.148 -2.74927
2150 1652.95 4180.84 666.261 -2.74806
2160 1484.03 9684.82 666.438 -2.74655
2170 1560.57 10772.9 666.754 -2.74453
2180 1713.05 9532.95 667.226 -2.74184
2190 1881.22 7688.99 667.837 -2.73881
2200 2011.41 3530.86 668.555 -2.73575
2210 2067.09 959.936 669.324 -2.73304
2220 2028.52 1525.06 670.108 -2.73089
2230 1968.28 2746.4 670.911 -2.72923
2240 2028.25 2735.86 671.749 -2.72787
2250 2146.41 534.428 672.62 -2.72678
2260 2143.43 -431.097 673.495 -2.72618
2270 2052.61 -524.467 674.361 -2.72604
2280 2093.96 -4266.53 675.208 -2.72616
2290 2128.56 -5868.51 675.99 -2.72647
2300 2178.86 -7425.74 676.678 -2.72713
2310 2186.61 -7164.32 677.254 -2.72824
2320 1984.33 -1183.19 677.728 -2.72964
2330 1707.58 5686.44 678.184 -2.73075
2340 1614.02 8214.83 678.72 -2.73119
2350 1791.71 4501.51 679.371 -2.73096
2360 1914.08 983.537 680.087 -2.73024
2370 1899.31 -40.3353 680.818 -2.72942
2380 1823.5 -186.74 681.545 -2.72854
2390 1772.2 -207.353 682.267 -2.7275
2400 1787.96 -3246.1 682.977 -2.72618
2410 1879.22 -6446.74 683.633 -2.72457
2420 2021.91 -12302.8 684.181 -2.72286
2430 2050.29 -13439.1 684.544 -2.72137
2440 1917.23 -9532.82 684.707 -2.72029
2450 1781.91 -6411.42 684.724 -2.71933
2460 1748.51 -1294.37 684.65 -2.71817
2470 1767.88 2803.65 684.561 -2.7167
2480 1752.67 6264.27 684.52 -2.71499
2490 1666.16 11321.6 684.585 -2.7131
2500 1698.27 12483.7 684.826 -2.71098
2510 1900.89 3947.27 685.247 -2.7085
2520 2121.67 -4402.1 685.732 -2.70587
2530 2204.17 -7496.2 686.155 -2.70371
2540 2159.17 -7184.89 686.466 -2.70239
2550 2122.37 -7459.56 686.666 -2.70178
2560 2020.47 -5052.72 686.757 -2.7016
2570 1887.49 2519.65 686.783 -2.70157
2580 1814.53 6840.98 686.846 -2.70137
2590 1860.73 10223.8 687.022 -2.70091
2600 1975.61 8713.74 687.353 -2.70025
2610 2190.16 4125.68 687.818 -2.6997
2620 2309.98 1778.58 688.35 -2.69971
2630 2244.3 2439.87 688.915 -2.70054
2640 2103.02 4440.57 689.519 -2.70196
2650 1862.51 7263.11 690.193 -2.70332
2660 1928.05 5596.54 690.972 -2.70437
2670 2110.54 1202.32 691.832 -2.70519
2680 2217.74 352.337 692.711 -2.70627
2690 2109.33 5021.35 693.6 -2.70777
2700 1957.3 9252.39 694.562 -2.70939
2710 1939.68 10347.1 695.662 -2.71086
2720 1971.32 7843.74 696.915 -2.71208
2730 2012.05 5214.18 698.285 -2.71314
2740 1991.17 3453.15 699.729 -2.71412
2750 1835.22 3963.98 701.222 -2.71491
2760 1779.86 1364.98 702.762 -2.71531
2770 1816.19 -534.557 704.313 -2.71518
2780 1893.06 -2630.46 705.841 -2.71469
2790 1916.45 -3416.15 707.314 -2.71399
2800 1896.93 -3082.54 708.721 -2.71324
2810 1886.57 -3126.54 710.064 -2.71243
2820 1921.44 -7298.03 711.337 -2.71148
2830 1971.23 -10954.5 712.479 -2.71043
2840 1979.84 -11727.6 713.433 -2.70944
2850 2022.17 -13465.6 714.179 -2.70862
2860 1966.63 -10084.8 714.703 -2.70801
2870 1836.57 -2784.03 715.061 -2.70754
2880 1757.32 3973.65 715.372 -2.70688
2890 1994.17 2329.03 715.738 -2.70597
2900 2093.03 3249.55 716.151 -2.70504
2910 1941.91 7323.66 716.623 -2.70452
2920 1810.35 9897.5 717.218 -2.70408
2930 1900.69 9825.61 717.975 -2.70352
2940 1888.14 10510.1 718.898 -2.70282
2950 1893.52 11277.4 719.994 -2.70213
2960 1975.35 10144 721.271 -2.70143
2970 1942.97 12721.8 722.721 -2.70083
2980 1991.44 9532.85 724.37 -2.70039
2990 2093.76 4497.78 726.168 -2.69994
3000 2096.19 3513.88 728.035 -2.69972
3010 2102.27 2446.68 729.948 -2.69986
3020 2019.53 2216.27 731.889 -2.70023
3030 1885.98 2737.47 733.853 -2.70066
3040 1922.4 -61.5401 735.844 -2.70085
3050 2061.57 -3607.39 737.814 -2.70079
3060 2083.06 -2145.78 739.709 -2.70088
3070 1966.8 78.4593 741.55 -2.70125
3080 1768.28 644.207 743.373 -2.70154
3090 1669 -427.789 745.188 -2.70137
3100 1786.58 -6728.37 746.969 -2.70054
3110 1819.82 -9907.06 748.614 -2.69918
3120 1667.95 -10276.8 750.063 -2.69761
3130 1543.86 -9768.04 751.31 -2.6958
3140 1558.05 -12980.3 752.355 -2.69351
3150 1724.65 -17960.7 753.145 -2.69061
3160 1850.67 -20478.8 753.597 -2.68738
3170 1952.23 -21509.2 753.665 -2.68429
3180 2056.3 -21305.2 753.337 -2.68161
3190 2139.43 -19820.2 752.623 -2.67957
3200 2150.59 -15775.3 751.562 -2.67829
3210 2099.3 -11052.6 750.231 -2.67764
3220 2022.55 -6009.84 748.725 -2.67737
3230 1901.98 -1087.71 747.139 -2.67714
3240 1820.3 4265.06 745.569 -2.67665
3250 1901.38 3611.89 744.1 -2.67586
3260 2017.59 1757.49 742.726 -2.67501
3270 2098.95 547.293 741.416 -2.67437
3280 2130.92 1008.08 740.147 -2.67412
3290 2081.07 5630.87 738.931 -2.67421
3300 1959.38 11488.6 737.846 -2.67438
3310 1863.04 14800.3 736.988 -2.67444
3320 1827.88 16972.7 736.414 -2.67425
3330 1866.74 16829.3 736.157 -2.67387
3340 1853.05 12546.8 736.204 -2.67333
3350 1898.21 9696.12 736.485 -2.67269
3360 2031.01 5827.52 736.938 -2.67196
3370 2233.83 2424.29 737.496 -2.67144
3380 2345.1 1639.44 738.102 -2.67162
3390 2278.31 2992.09 738.741 -2.67272
3400 2077.39 5064.16 739.432 -2.6744
3410 1918.55 6509.42 740.211 -2.67599
3420 1980.17 3111.27 741.096 -2.67733
3430 1938.08 216.486 742.031 -2.6784
3440 1823.66 3156.23 742.976 -2.67917
3450 1939.19 -353.594 743.96 -2.67962
3460 2056.35 -5505.39 744.927 -2.67983
3470 2096.07 -11103.5 745.786 -2.68012
3480 2069.41 -15311.2 746.438 -2.68061
3490 1973.27 -15842.4 746.812 -2.68124
3500 1938.57 -16684.9 746.894 -2.68185
3510 2003.45 -20760.4 746.666 -2.68244
3520 2060.1 -19382.7 746.077 -2.68321
3530 2041.89 -15418.9 745.15 -2.68413
3540 2085.67 -11969.3 743.961 -2.68518
3550 2085.87 -7547.3 742.581 -2.68635
3560 1965.74 -2249.63 741.096 -2.68748
3570 1789.32 240.653 739.597 -2.68824
3580 1746.71 -2057.21 738.125 -2.6885
3590 1887.89 -7575.21 736.643 -2.6884
3600 2099 -14886.7 735.052 -2.68836
3610 2256.68 -18951.2 733.236 -2.6889
3620 2326.53 -20738.8 731.126 -2.69041
3630 2268.79 -19142.1 728.701 -2.69287
3640 2083.9 -14263.8 725.998 -2.69568
3650 1868.39 -8976.19 723.105 -2.69811
3660 1751.26 -3733.63 720.12 -2.69962
3670 1830.36 -2857.56 717.129 -2.70039
3680 1924.42 -2474.38 714.154 -2.70076
3690 1930.42 60.7925 711.206 -2.70087
3700 1907.42 390.598 708.32 -2.70076
3710 1967.62 -489.255 705.504 -2.70056
3720 2066.08 -3655.79 702.74 -2.70049
3730 2021.86 -3490.78 699.984 -2.70072
3740 1949.77 -319.293 697.237 -2.70093
3750 1941.74 913.094 694.545 -2.70097
3760 1874.52 2908.19 691.928 -2.70086
3770 1729.63 7912.99 689.423 -2.70031
3780 1742.72 6547.17 687.089 -2.69924
3790 1964.22 1009.3 684.903 -2.69802
3800 2063.16 1461.89 682.792 -2.69687
3810 2120.28 4207.4 680.755 -2.69597
3820 2142.11 4632.27 678.824 -2.69549
3830 1956.75 12413.1 677.021 -2.69529
3840 1750.04 19875.9 675.445 -2.69478
3850 1744.08 22384.6 674.198 -2.69387
3860 1852.36 20803.3 673.311 -2.69263
3870 2117.7 14941.6 672.751 -2.69141
3880 2262.61 9093.11 672.431 -2.69068
3890 2282.18 3863 672.259 -2.69081
3900 2233.18 1018.53 672.158 -2.69172
3910 2213.02 -469.274 672.081 -2.69322
3920 2115.64 1891.72 672.01 -2.69505
3930 1983.64 6873.85 671.979 -2.6969
3940 1770.51 14037.8 672.059 -2.69837
3950 1654.98 16731.9 672.348 -2.69918
3960 1842.09 13195.4 672.878 -2.69941
3970 2039.81 11460.2 673.606 -2.69935
3980 2116.52 7821.4 674.498 -2.69943
3990 2085.21 4349.61 675.5 -2.69983
4000 1870.98 6263.06 676.568 -2.70033
4010 1862.17 3620.09 677.713 -2.70063
4020 1955.8 -4241.69 678.892 -2.70055
4030 1869.49 -3355.11 680.01 -2.70026
4040 1901.47 -2982.51 681.064 -2.69986
4050 2041.83 -7109.78 682.054 -2.69933
4060 2011.6 -4689.58 682.937 -2.69892
4070 1940.38 -155.685 683.742 -2.6987
4080 2020.28 298.153 684.533 -2.69854
4090 2071.94 464.175 685.323 -2.69849
4100 1916.45 2294.8 686.115 -2.69863
4110 1720.39 4056.64 686.939 -2.69864
4120 1724.57 837.755 687.811 -2.69817
4130 2037.77 -7022.91 688.682 -2.69718
4140 2354.44 -12081.6 689.441 -2.69624
4150 2468.87 -13587.3 690.009 -2.69637
4160 2366.69 -11472.2 690.367 -2.69785
4170 2153.28 -7077.45 690.549 -2.70008
4180 2004.21 -3304.57 690.623 -2.70233
4190 1966.97 -1960.13 690.646 -2.70429
4200 1999.43 -5164.46 690.637 -2.70598
4210 2030.88 -8880.58 690.553 -2.70751
4220 2091.23 -10479 690.339 -2.70907
4230 2049.46 -9553.67 689.972 -2.71074
4240 1781.85 -2385.22 689.476 -2.71216
4250 1486.46 5923.32 688.959 -2.71276
4260 1505.85 4365.66 688.533 -2.7124
4270 1701.93 -1551.47 688.181 -2.71126
4280 1815.19 -1489.71 687.827 -2.70956
4290 2186.57 -9229.26 687.447 -2.70772
4300 2446.12 -13969.2 686.941 -2.70647
4310 2317.63 -10463.9 686.243 -2.7066
4320 1981.45 -1859.68 685.409 -2.70747
4330 1801.96 4102.95 684.56 -2.70807
4340 1870.95 4820.72 683.79 -2.70823
4350 1964.05 3246.17 683.108 -2.70814
4360 1966.98 5075.74 682.499 -2.70802
4370 1993.9 2956.84 681.978 -2.70789
4380 2171.38 -2199.45 681.513 -2.70792
4390 2322.03 -8397.09 681.027 -2.70854
4400 2169.16 -7670.5 680.436 -2.70994
4410 1847.98 -1813.22 679.752 -2.71137
4420 1867.73 -2115.28 679.047 -2.71232
4430 2059.73 -7557.13 678.321 -2.71305
4440 2102.15 -8172.75 677.504 -2.71395
4450 2048.77 -4068.28 676.59 -2.71497
4460 2065.89 -3694.7 675.63 -2.71608
4470 1926.2 -146.659 674.64 -2.71712
4480 1831.18 4521.34 673.672 -2.7178
4490 1845.07 4702.47 672.787 -2.71804
4500 1932.79 2565.69 671.99 -2.71801
4510 2073.01 -1189.58 671.248 -2.71792
4520 2237.68 -4889.83 670.507 -2.71818
4530 2268.39 -7807.01 669.713 -2.71912
4540 2119.02 -7824.22 668.826 -2.72072
4550 1934.45 -2476.75 667.852 -2.7222
4560 2159.9 -4133.36 666.853 -2.72358
4570 2294.78 -4078.28 665.819 -2.72535
4580 2225.24 59.4944 664.755 -2.72767
4590 2060.23 1788.65 663.713 -2.7301
4600 1917.41 4464.11 662.722 -2.7322
4610 1978.34 2631.65 661.813 -2.73384
4620 2187.12 -5633.97 660.952 -2.73555
4630 2197.57 -6230.52 660.042 -2.73769
4640 1988.32 -1679.45 659.068 -2.73993
4650 1747.28 3734.98 658.094 -2.74155
4660 1732.32 4762.66 657.19 -2.74238
4670 1923.7 1058.44 656.366 -2.74269
4680 2034.97 -2463.75 655.577 -2.74286
4690 2108.54 -4419.51 654.774 -2.74323
4700 2107.95 -4096.92 653.93 -2.7439
4710 2131.56 -2774.16 653.05 -2.7448
4720 2104.8 -2186.35 652.148 -2.74601
4730 1902.12 3999.12 651.247 -2.74709
4740 2065.99 744.7 650.408 -2.74799
4750 2182.41 -2567.91 649.6 -2.74907
4760 2045.28 639.981 648.782 -2.75047
4770 1844.79 8825.22 648 -2.7516
4780 1879.15 11045.2 647.35 -2.75226
4790 1973.42 11374.2 646.867 -2.75267
4800 1914.85 13390.9 646.557 -2.75299
4810 1795.07 15359.8 646.441 -2.75314
4820 1747.08 18412.5 646.547 -2.75296
4830 1872.62 12178.5 646.899 -2.75246
4840 1940.41 9629.82 647.424 -2.75175
4850 1885.84 11941.7 648.088 -2.75107
4860 1853.97 12141.3 648.911 -2.7504
4870 1741.83 13785.9 649.899 -2.74962
4880 1791.49 12272.4 651.068 -2.74865
4890 2006.63 5246.66 652.392 -2.74731
4900 2282.99 -2761.04 653.778 -2.74593
4910 2378.06 -5867.66 655.12 -2.74526
4920 2189.62 -483.518 656.378 -2.74569
4930 1895.4 7194.93 657.622 -2.74667
4940 1747.35 8535.29 658.95 -2.74746
4950 1658.21 8478.04 660.388 -2.74769
4960 1667.17 5254.81 661.931 -2.74732
4970 1702.02 1050.07 663.533 -2.74628
4980 1699.26 1137.03 665.142 -2.74474
4990 1946.08 -4158.46 666.744 -2.7428
5000 2218.2 -10291.6 668.269 -2.7406
5010 2169.36 -9083.28 669.638 -2.73905
5020 1889.46 -1730.92 670.868 -2.73827
5030 1763.92 3360.74 672.06 -2.7377
5040 1893.08 -1400.2 673.277 -2.73683
5050 2102.22 -8356.37 674.46 -2.73567
5060 2197.73 -13053.3 675.51 -2.73477
5070 2023.36 -11097.4 676.363 -2.73445
5080 1702.84 -1597.66 677.054 -2.73433
5090 1628.21 2436.48 677.707 -2.73387
5100 1809.48 -1336.7 678.383 -2.73281
5110 1981.24 -2068.5 679.039 -2.73137
5120 2122.82 -3667.02 679.659 -2.73004
5130 2188.75 -6940.01 680.217 -2.72917
5140 1991.62 -4286.19 680.677 -2.72886
5150 1790.14 -3867.1 681.067 -2.72866
5160 1849.87 -7842.16 681.39 -2.7282
5170 1829.73 -5952.21 681.604 -2.72745
5180 1760.07 -3184.55 681.729 -2.72652
5190 1876.01 -5853.56 681.8 -2.7253
5200 2089.83 -12007.8 681.781 -2.72397
5210 2097.64 -10469.3 681.595 -2.72298
5220 1978.43 -6927.96 681.26 -2.72244
5230 1843.68 -3474.64 680.829 -2.72202
5240 1620.82 2568.79 680.362 -2.72135
5250 1534.08 3936.28 679.939 -2.72018
5260 1660.72 -831.279 679.579 -2.71838
5270 1853.11 -5486.17 679.217 -2.71605
5280 1973.66 -6035.04 678.789 -2.7136
5290 2007.83 -4730.99 678.282 -2.7114
5300 1950.93 1276.04 677.725 -2.70952
5310 1970.11 5159.95 677.199 -2.70786
5320 2058.89 5585.19 676.759 -2.70636
5330 2059.57 6046.25 676.419 -2.70521
5340 2098.05 5515.78 676.179 -2.70444
5350 2196.26 2386.07 676.03 -2.70412
5360 2224.25 -2020.48 675.922 -2.7044
5370 2148.5 -3198.86 675.798 -2.70524
5380 2063.9 -3949.28 675.633 -2.70637
5390 1989.43 -3757.61 675.419 -2.70755
5400 1878.85 -2078.49 675.159 -2.70854
5410 1813.25 -1105.03 674.877 -2.70915
5420 1858.63 -4201.57 674.582 -2.70933
5430 2045.63 -10160.9 674.231 -2.70935
5440 2136.57 -13570.4 673.742 -2.70956
5450 2171.72 -14482.6 673.064 -2.71023
5460 2166.31 -13146.4 672.191 -2.71138
5470 2118.23 -8145.02 671.147 -2.71287
5480 1999.57 -2451.12 670.004 -2.71434
5490 1898.43 3385.1 668.85 -2.71553
5500 1767.83 10184.4 667.773 -2.71615
5510 1800.06 9920.92 666.857 -2.71622
5520 1967.74 7281.48 666.105 -2.71597
5530 2126.41 4394.32 665.477 -2.71578
5540 2183.5 3695.33 664.932 -2.71597
5550 2209.31 3204.97 664.456 -2.71668
5560 2266.75 493.665 664.036 -2.71797
5570 2271.15 2238.89 663.645 -2.71985
5580 2316.96 902.966 663.293 -2.72231
5590 2330.12 926.594 662.969 -2.72542
5600 2177.71 6151.96 662.676 -2.72892
5610 1925.1 12748.5 662.486 -2.73205
5620 1859.94 13353 662.482 -2.7345
5630 1908.19 10594.7 662.673 -2.73639
5640 2015.31 6192.98 663.018 -2.73798
5650 2046.62 2209.32 663.454 -2.73948
5660 1870.3 5144.78 663.934 -2.74084
5670 1678.83 9183.31 664.487 -2.7417
5680 1792.85 4748.85 665.16 -2.74196
5690 1920.27 1458.9 665.902 -2.74171
5700 2006.1 469.407 666.665 -2.74138
5710 1929.38 1373.8 667.43 -2.74108
5720 1778.09 5950.35 668.217 -2.74079
5730 1712 7196.84 669.083 -2.74022
5740 1795.78 4988.95 670.045 -2.73924
5750 1928.68 2341.33 671.073 -2.73793
5760 2007.24 1465.07 672.132 -2.73658
5770 2066.14 -1727.36 673.2 -2.73541
5780 2122.48 -3766 674.238 -2.73455
5790 2087.1 -1154.17 675.217 -2.73414
5800 1948.92 4087.98 676.176 -2.7341
5810 1830.6 6509.35 677.186 -2.73412
5820 1778.8 5847.03 678.283 -2.73386
5830 1856.51 3638.29 679.459 -2.73327
5840 1871.77 3839.65 680.684 -2.73243
5850 1872.17 3062.78 681.957 -2.7315
5860 1912.2 1017.64 683.266 -2.73045
5870 1913.49 -212.973 684.58 -2.72933
5880 1897.1 -1005.45 685.881 -2.7282
5890 1937.88 -3729.46 687.152 -2.72703
5900 1951.76 -4720.22 688.357 -2.72585
5910 1785.59 714.014 689.488 -2.7248
5920 1772.97 224.995 690.611 -2.72366
5930 1993.87 -4296.01 691.723 -2.72216
5940 1975.62 -2955.96 692.768 -2.72069
5950 1808.76 489.652 693.759 -2.7195
5960 1676.03 1228.78 694.747 -2.71827
5970 1735.77 -1546.29 695.743 -2.71668
5980 1824.81 -5112.54 696.705 -2.71466
5990 1821.6 -7443.91 697.578 -2.71247
6000 1818.09 -7992.91 698.329 -2.71025
6010 1927.31 -12855.2 698.94 -2.70797
6020 2035.32 -17426 699.341 -2.70575
6030 2006.81 -15995.6 699.468 -2.70396
6040 1847.55 -9642.7 699.348 -2.70258
6050 1807.84 -5689.11 699.076 -2.70124
6060 1919.3 -4961.5 698.717 -2.69975
6070 1967.38 -4451.76 698.29 -2.69825
6080 1922.44 -1244.53 697.809 -2.6969
6090 1953.23 -4053.69 697.311 -2.69566
6100 2008.65 -9514.11 696.755 -2.69459
6110 1909.76 -5613.63 696.078 -2.6937
6120 1958.4 -4567.86 695.322 -2.69284
6130 2137.59 -3819.47 694.51 -2.69207
6140 2147.95 900.754 693.661 -2.6917
6150 1943.1 8641.4 692.853 -2.69163
6160 1789.55 11439.1 692.193 -2.69145
6170 1824.1 8066.57 691.722 -2.69095
6180 2021.74 2391.09 691.386 -2.69029
6190 2124.45 -502.496 691.105 -2.68974
6200 2142.29 -4036.3 690.825 -2.68965
6210 2094.28 -5666.68 690.495 -2.68997
6220 2110.83 -7069.39 690.086 -2.69061
6230 2043 -7856.69 689.578 -2.6915
6240 1757.87 -2850.2 688.97 -2.69228
6250 1660.02 -237.624 688.329 -2.69246
6260 1800.78 -2576.81 687.691 -2.69203
6270 1864.87 -3332.2 687.032 -2.69125
6280 1959.3 -3827.11 686.337 -2.69033
6290 2108.36 -7298.3 685.594 -2.68951
6300 2130.59 -5760.12 684.762 -2.68912
6310 1979.73 -1482.75 683.865 -2.68903
6320 1972.36 -1942.6 682.957 -2.68904
6330 2006.18 -2082.56 682.041 -2.68902
6340 2084.12 -636.085 681.115 -2.68912
6350 2168.7 -1258.46 680.198 -2.68944
6360 2248.27 -3283 679.28 -2.6903
6370 2209.4 -1656.5 678.339 -2.6917
6380 2209.92 -1135.2 677.392 -2.69352
6390 2230.24 -1233.51 676.449 -2.69577
6400 2070.58 1134.92 675.512 -2.6982
6410 1872.06 3901.14 674.614 -2.70029
6420 1763.48 4819.54 673.791 -2.70169
6430 1920.61 2633.11 673.056 -2.70252
6440 2195.02 -1798.93 672.374 -2.70331
6450 2272.22 -2767.11 671.686 -2.70462
6460 2124.98 1050.21 670.98 -2.70642
6470 1917.92 6368.28 670.31 -2.70809
6480 1957.23 4714.39 669.741 -2.70939
6490 2094.15 2719.39 669.256 -2.7106
6500 2085.22 5899.08 668.833 -2.7119
6510 2075.15 7379.43 668.506 -2.71329
6520 2012.18 8993.7 668.299 -2.71473
6530 1829.4 12220.5 668.238 -2.71592
6540 1875.13 7086.9 668.352 -2.71669
6550 2071.61 -2660.99 668.568 -2.71721
6560 2147.62 -4657.61 668.758 -2.71788
6570 2033.38 -1779.17 668.889 -2.71883
6580 1830.94 1959.81 668.998 -2.7197
6590 1691.18 5077.39 669.14 -2.72012
6600 1718.65 4000.83 669.355 -2.71995
6610 1871.39 911.007 669.628 -2.71928
6620 1964.01 -3335.78 669.915 -2.71837
6630 2057.83 -8329.18 670.153 -2.71752
6640 2194.33 -11666.9 670.273 -2.71697
6650 2231.24 -12099 670.227 -2.71705
6660 2081.41 -7418.95 670.015 -2.71776
6670 1805.41 -499.001 669.705 -2.71848
6680 1665.3 5787.35 669.398 -2.71873
6690 1623.63 7776.45 669.179 -2.71828
6700 1794.68 7143.24 669.081 -2.71728
6710 1936.12 10134.7 669.1 -2.71592
6720 1969.29 14432.4 669.277 -2.7146
6730 2016.4 14681.9 669.665 -2.71354
6740 1986.03 17348.7 670.276 -2.71275
6750 2034.94 17440.1 671.14 -2.71228
6760 2149.86 10919 672.249 -2.71206
6770 2199.31 5964.34 673.516 -2.71223
6780 2082.05 5913.36 674.871 -2.71285
6790 1980.34 3482.2 676.301 -2.71364
6800 1988.79 -1510.54 677.768 -2.71427
6810 1966.59 -1340.83 679.209 -2.71475
6820 2032.78 -5178.96 680.611 -2.71514
6830 2217.98 -11435.4 681.919 -2.71558
6840 2256.52 -11740.9 683.05 -2.71649
6850 2099.07 -10547.3 683.992 -2.71795
6860 1773.14 -4608.66 684.772 -2.71934
6870 1539.36 2606 685.477 -2.72004
6880 1722.64 -1593.4 686.203 -2.71996
6890 2014.5 -8671.68 686.895 -2.71922
6900 2235.92 -13599.6 687.451 -2.71856
6910 2286.73 -14751.5 687.799 -2.71861
6920 2141.08 -8785.83 687.927 -2.71944
6930 1948.66 -1041.39 687.925 -2.72054
6940 1722.99 5554.67 687.911 -2.72132
6950 1579.36 8758.22 687.986 -2.72147
6960 1601.08 7879.25 688.195 -2.7209
6970 1745.06 2698.75 688.525 -2.71968
6980 1859.39 -3296.33 688.896 -2.71801
6990 1872.51 -4857.75 689.223 -2.71618
7000 2082.64 -10005.7 689.468 -2.7144
7010 2049.23 -10570.8 689.564 -2.71293
7020 1737.13 -3134.09 689.511 -2.71186
7030 1685.98 -335.167 689.409 -2.71067
7040 1783.12 -3572.67 689.298 -2.70902
7050 1864.78 -3952.81 689.144 -2.70712
7060 1954.41 -5539.9 688.933 -2.70518
7070 1934.82 -5211.23 688.647 -2.70342
7080 1797.26 -602.728 688.297 -2.7018
7090 1928.93 -3700.13 687.935 -2.70014
7100 2235.76 -8928.35 687.525 -2.69853
7110 2239.38 -8074.56 686.997 -2.69761
7120 2082.43 -6547.27 686.357 -2.6975
7130 1945.56 -4935.7 685.632 -2.69767
7140 1916.05 -5353.1 684.844 -2.69779
7150 1919.87 -4072.2 683.994 -2.6978
7160 1949.42 -2221.38 683.1 -2.69763
7170 2093.41 -4493.02 682.185 -2.6975
7180 2047.48 -4428.48 681.225 -2.69763
7190 1905.77 -511.823 680.224 -2.69785
7200 1860.43 361.657 679.232 -2.69787
7210 1892.58 1843.87 678.267 -2.69764
7220 1847.27 6385.76 677.356 -2.69718
7230 1799.46 11031.8 676.561 -2.69643
7240 1889.77 12675.6 675.947 -2.69543
7250 1843.51 18097.6 675.545 -2.69431
7260 1779.43 23871.6 675.428 -2.69313
7270 2011.26 19615.5 675.665 -2.69189
7280 2212.86 14097.6 676.2 -2.69083
7290 2116.09 15405.1 676.958 -2.69041
7300 2149.46 13604.5 677.94 -2.69063
7310 2242.6 9265.58 679.119 -2.69126
7320 2223.52 7704.8 680.436 -2.6925
7330 2131.92 6958.97 681.863 -2.6942
7340 1884.82 7904.54 683.388 -2.69594
7350 1766 6766.18 685.022 -2.69719
7360 1918.98 1533.95 686.738 -2.69784
7370 1965.97 -2001.72 688.467 -2.69814
7380 1955.63 -4189.06 690.15 -2.69826
7390 1924.88 -4476.15 691.756 -2.69827
7400 1934.29 -6027.95 693.275 -2.69816
7410 1958.5 -7323.26 694.686 -2.6979
7420 2091.96 -12347.1 695.961 -2.69762
7430 2182.43 -15740.4 697.031 -2.69754
7440 2187.08 -18809.4 697.84 -2.69799
7450 2094.87 -18265.1 698.347 -2.69891
7460 2008.92 -16225.1 698.561 -2.70003
7470 1980.03 -14536.5 698.514 -2.70118
7480 1888.65 -9707.75 698.246 -2.70215
7490 1826.59 -6402.15 697.827 -2.70281
7500 1775.73 -3513.17 697.318 -2.70304
7510 1733.45 -715.915 696.765 -2.70282
7520 1700.39 1541.83 696.214 -2.70208
7530 1852.61 -688.522 695.696 -2.70092
7540 2021.78 -6755 695.174 -2.69959
7550 2070.09 -7146.31 694.567 -2.69849
7560 2070.05 -5963.68 693.864 -2.69776
7570 2093.69 -5846.31 693.081 -2.6974
7580 2053.43 -5099.27 692.226 -2.69735
7590 1975.85 -5944.79 691.307 -2.69752
7600 1825.43 -6873.25 690.315 -2.69767
7610 1713.28 -4985.26 689.24 -2.69751
7620 1757.35 -3637.4 688.109 -2.69687
7630 1887.16 -5633.51 686.939 -2.69584
7640 2105.87 -7222.28 685.707 -2.69477
7650 2187.48 -6345.43 684.394 -2.69406
7660 2179.84 -5167.49 683.01 -2.69397
7670 2155.78 -971.96 681.582 -2.69438
7680 2066.41 2344.47 680.166 -2.69505
7690 1893.3 5272.55 678.815 -2.6957
7700 1759.28 10224.9 677.578 -2.69592
7710 1953.52 6067.14 676.508 -2.69571
7720 2208.07 -2535.45 675.545 -2.69568
7730 2140.32 486.741 674.585 -2.69612
7740 2134.22 780.312 673.649 -2.69692
7750 2240.55 -1477.68 672.742 -2.69813
7760 2192.17 1249.78 671.842 -2.69982
7770 2076.6 4526.24 670.983 -2.70167
7780 2131.21 4655.04 670.205 -2.70353
7790 2190.81 3318.07 669.514 -2.70561
7800 2175.91 1493.22 668.89 -2.70796
7810 2178.33 905.478 668.305 -2.7105
7820 2250.78 -3552.31 667.743 -2.71332
7830 2275.29 -6262.55 667.147 -2.71658
7840 2179.38 -3971.74 666.482 -2.7201
7850 2059.55 -2997.47 665.773 -2.72344
7860 2070.5 -5890.69 665.032 -2.72647
7870 2200.42 -10337.1 664.222 -2.72953
7880 2272.05 -11586.7 663.284 -2.73295
7890 2237.65 -10931.9 662.202 -2.7367
7900 2174.05 -9713.51 660.986 -2.74057
7910 2022.46 -5891.51 659.661 -2.74417
7920 1817.54 -3029.94 658.276 -2.74703
7930 1662.84 1986.93 656.88 -2.74883
7940 1666.89 3945.7 655.537 -2.74964
7950 1734.02 4617.24 654.275 -2.7497
7960 1836.79 4439.07 653.105 -2.74925
7970 1948.27 4793.65 652.022 -2.74855
7980 1990.05 6101.04 651.031 -2.74782
7990 1952.07 6120.65 650.146 -2.74719
8000 1828.23 8522.74 649.37 -2.74656
8010 1870.08 6478.76 648.724 -2.74575
8020 2066.18 3053.26 648.183 -2.74486
8030 2169.36 2898.73 647.702 -2.74425
8040 2150.58 5031.21 647.277 -2.74417
8050 1975.6 10547.6 646.94 -2.74446
8060 1808.44 13538 646.756 -2.74468
8070 1788.58 13720.3 646.763 -2.74458
8080 1867.54 12581.5 646.964 -2.74417
8090 1951.08 11284.8 647.342 -2.74359
8100 1998.22 10913.6 647.878 -2.74305
8110 1968.42 8822.68 648.56 -2.74265
8120 1852.27 8156.97 649.365 -2.74231
8130 1727.07 7409.41 650.278 -2.74179
8140 1721 5079.48 651.284 -2.74091
8150 1783.5 5773.54 652.359 -2.73961
8160 1876.04 4906.97 653.503 -2.73806
8170 1938.5 3127.73 654.705 -2.73641
8180 1948.99 4213.4 655.947 -2.73487
8190 1957.04 4942.49 657.238 -2.73352
8200 2061.69 938.02 658.582 -2.7323
8210 2206.4 -4221.98 659.927 -2.73129
8220 2235.62 -7393.99 661.202 -2.73085
8230 2012.3 -4017.32 662.37 -2.73103
8240 1898.05 -3497.55 663.465 -2.73133
8250 1964.2 -4417.1 664.497 -2.73145
8260 2017.59 -5650.22 665.457 -2.7315
8270 1992.82 -6293.15 666.328 -2.7316
8280 1843.29 -2904.49 667.106 -2.73171
8290 1612.77 1896.64 667.838 -2.73155
8300 1567.48 3989.63 668.589 -2.73085
8310 1766.71 913.555 669.387 -2.72946
8320 2051.61 -4358.21 670.189 -2.72758
8330 2098.62 -7221.46 670.925 -2.72584
8340 2023.21 -7416.16 671.553 -2.72461
8350 2012.37 -7806.4 672.067 -2.72372
8360 1969.07 -4865.64 672.467 -2.72304
8370 1997.25 -1665.19 672.795 -2.72247
8380 2230.93 -3587.58 673.092 -2.72211
8390 2347.68 -3141.93 673.343 -2.72238
8400 2327.57 -3856.92 673.547 -2.72363
8410 2148.48 -2279.23 673.7 -2.72556
8420 1879.03 940.01 673.826 -2.72743
8430 1716.54 1715.17 673.965 -2.72871
8440 1688.1 2028.69 674.135 -2.72926
8450 1768.34 -1884.31 674.329 -2.72919
8460 1856.91 -1366.65 674.505 -2.72865
8470 2066.6 -3491.24 674.66 -2.72795
8480 2159.4 -4599.33 674.766 -2.72747
8490 2002.97 -1834.05 674.815 -2.72744
8500 1888.07 926.898 674.841 -2.7275
8510 1954.68 -989.677 674.879 -2.72739
8520 2151.36 -3968.2 674.907 -2.72731
8530 2236.5 -2802.74 674.886 -2.72762
8540 2253.41 -41.4543 674.833 -2.7286
8550 2166.17 3797.21 674.787 -2.73012
8560 2027.94 7825.54 674.805 -2.73182
8570 1936.92 10315.1 674.946 -2.7334
8580 1842.79 12555.7 675.246 -2.73463
8590 1860.05 12336.8 675.734 -2.73547
8600 1983.39 8953.85 676.403 -2.73605
8610 2003.48 6108.75 677.205 -2.73657
8620 1797.12 9384.59 678.104 -2.73702
8630 1650.8 8663.63 679.134 -2.73712
8640 1667.42 1602.38 680.279 -2.73658
8650 1666.75 -2478.96 681.444 -2.73535
8660 1849.01 -7789.11 682.558 -2.73358
8670 2154.71 -12905.7 683.544 -2.73147
8680 2315.15 -16210.4 684.326 -2.72984
8690 2277.73 -15184.9 684.858 -2.72926
8700 2169.34 -11211.8 685.158 -2.72961
8710 2079.1 -6594.23 685.287 -2.73046
8720 1889.65 -1316.88 685.319 -2.73138
8730 1610.65 3103.59 685.335 -2.73186
8740 1528.88 3470.45 685.399 -2.73161
8750 1643.86 178.762 685.515 -2.73058
8760 1776.99 -2848.33 685.637 -2.72896
8770 1845.96 -3958.44 685.722 -2.72703
8780 1825.35 -3266.19 685.752 -2.72506
8790 1714.66 -1858.87 685.737 -2.72307
8800 1617.1 261.661 685.7 -2.72097
8810 1689.44 -1690.49 685.667 -2.71853
8820 1715.47 -4170.62 685.612 -2.71575
8830 1647.33 -4034.95 685.501 -2.71289
8840 1551.33 -2000.75 685.337 -2.70993
8850 1706.7 -6095.09 685.141 -2.70667
8860 1912.84 -9547.71 684.858 -2.70301
8870 2022.2 -10410.3 684.442 -2.6995
8880 1990.13 -10597.9 683.877 -2.69658
8890 1833.22 -5832.88 683.17 -2.69423
8900 1826.62 -1932.67 682.388 -2.69206
8910 1956.87 54.9278 681.59 -2.68979
8920 2152.86 1326.55 680.811 -2.68766
8930 2314.53 1388.38 680.069 -2.68613
8940 2324.59 2252.5 679.369 -2.68562
8950 2301.16 1400.85 678.717 -2.68612
8960 2296.35 -1836.06 678.101 -2.68746
8970 2277.35 -5333.8 677.472 -2.68951
8980 2227.28 -7322.3 676.781 -2.69208
8990 2156.82 -10316.6 675.995 -2.69496
9000 2016.1 -9404.57 675.077 -2.6978
9010 1923.95 -9492.89 674.036 -2.70024
9020 1876.01 -8362.97 672.876 -2.70221
9030 1892.47 -4252.64 671.62 -2.70364
9040 2045.46 -2571.17 670.322 -2.70472
9050 2179.23 -4274.39 669.009 -2.70594
9060 2039.21 2257.3 667.673 -2.70737
9070 1908.9 7718.4 666.395 -2.70845
9080 2071.74 3483.19 665.244 -2.70934
9090 2232.52 2965.68 664.174 -2.7105
9100 2255.92 8862.98 663.179 -2.71213
9110 2169.41 12360.1 662.332 -2.71411
9120 2061.89 15201.9 661.683 -2.71623
9130 1999.49 19572.4 661.273 -2.71815
9140 2104.07 17110 661.147 -2.72005
9150 2136.62 18675.4 661.285 -2.72211
9160 2191.81 17151.4 661.691 -2.72448
9170 2125.98 18352.8 662.351 -2.72707
9180 2242.07 13139 663.266 -2.72992
9190 2124.59 8799.88 664.368 -2.73301
9200 1636.22 13604.4 665.604 -2.73558
9210 1576.6 8125.56 667.015 -2.73705
9220 1791.7 -2419.8 668.527 -2.73741
9230 2006.96 -13006 669.988 -2.73708
9240 2136.12 -18196.8 671.251 -2.73666
9250 2105.92 -16253.6 672.242 -2.73664
9260 2031.25 -11601.9 672.987 -2.737
9270 2102.08 -10124.9 673.548 -2.73757
9280 2186.95 -8940.05 673.956 -2.73843
9290 2235.62 -8116.42 674.231 -2.73977
9300 2176.26 -5186.7 674.389 -2.74159
9310 2014.85 -3236.7 674.47 -2.74357
9320 1752.62 -281.358 674.51 -2.74517
9330 1545.26 3107.27 674.552 -2.74594
9340 1560.23 2379.11 674.638 -2.74585
9350 1581.87 2221.1 674.764 -2.74498
9360 1621.37 4973.61 674.931 -2.74349
9370 1713.91 5760.42 675.173 -2.7415
9380 1820.26 4479.51 675.5 -2.73915
9390 1819.81 4691.07 675.898 -2.73669
9400 1765.16 4996.92 676.367 -2.7343
9410 1753.3 5011.56 676.91 -2.73189
9420 1801.53 4813.44 677.526 -2.72938
9430 1863.33 3670.48 678.212 -2.72677
9440 2043.39 -32.0078 678.946 -2.72419
9450 2071.36 -489.491 679.681 -2.72189
9460 1978.3 34.1116 680.405 -2.72016
9470 1928.81 2149.26 681.129 -2.71878
9480 1957.85 5291.62 681.883 -2.71756
9490 1964.21 12055.3 682.719 -2.71655
9500 1848.81 20320.6 683.74 -2.71585
9510 1798.16 20213.6 685.055 -2.71531
9520 1796.41 19766.7 686.675 -2.71465
9530 1797.59 17636.4 688.587 -2.71387
9540 1848.7 10739.9 690.751 -2.71281
9550 1814.46 7529.07 693.072 -2.71147
9560 1710.12 6105.96 695.495 -2.70999
9570 1824.94 -2003.95 697.983 -2.70812
9580 2012.8 -9572.03 700.416 -2.7056
9590 2121.98 -13173.8 702.678 -2.70311
9600 2113 -14291.8 704.705 -2.70114
9610 1955.64 -12420.8 706.483 -2.69979
9620 1785.88 -10823 708.04 -2.69869
9630 1797.95 -12755.4 709.397 -2.69742
9640 1921.08 -16960.5 710.524 -2.69587
9650 1958.73 -18152.8 711.363 -2.69432
9660 1920.77 -17718.6 711.895 -2.69297
9670 1913.92 -17565.2 712.128 -2.6918
9680 1985.97 -18662 712.066 -2.69075
9690 1986.37 -17561.8 711.703 -2.68992
9700 1946.1 -19068.5 711.053 -2.68936
9710 1825.75 -19222.2 710.103 -2.68898
9720 1659.47 -12788.2 708.865 -2.68844
9730 1718.68 -8890.61 707.436 -2.68739
9740 1874.44 -9352.6 705.883 -2.68592
9750 1843.19 -5389.54 704.218 -2.68429
9760 1968.72 -5593.5 702.493 -2.68258
9770 2200.89 -11196.1 700.704 -2.68113
9780 2238.14 -7763.58 698.788 -2.68039
9790 2214.38 -5329.02 696.786 -2.68034
9800 2204.14 -5323 694.737 -2.68098
9810 1994.17 2309.82 692.66 -2.6819
9820 1681.51 9993.73 690.665 -2.68225
9830 1704.08 7916.56 688.854 -2.68189
9840 1921.99 1157.78 687.198 -2.6812
9850 1958.54 -1777.11 685.604 -2.68052
9860 1996.87 -5636.53 684.014 -2.67999
9870 2156.71 -9828.88 682.371 -2.67977
9880 2301.02 -10237.2 680.619 -2.68016
9890 2350.42 -9631.66 678.75 -2.68142
9900 2276.52 -5825.48 676.782 -2.68349
9910 2231.56 -4323.25 674.766 -2.68589
9920 2361.03 -8093.28 672.721 -2.68894
9930 2274.54 -4289.72 670.613 -2.69262
9940 2105.25 2043.53 668.491 -2.69613
9950 2034.74 4802.75 666.442 -2.69916
9960 2001.94 4714.04 664.505 -2.7018
9970 1995.48 4525.9 662.679 -2.70407
9980 2083.99 3338.13 660.958 -2.70617
9990 2054.36 4703.44 659.326 -2.70824
10000 1926.24 10330 657.804 -2.70996
