# Time-averaged data for fix 2
# TimeStep c_mytemp c_mypress v_vmyvol v_avgEtotal
10010 1201.9 830523 397.927 -2.66651
10020 1420.29 740920 398.093 -2.66857
10030 1301.19 823913 397.979 -2.66602
10040 1334.27 802290 397.961 -2.66478
10050 1521.39 757226 397.938 -2.66334
10060 1489.62 817006 397.708 -2.65867
10070 1442.98 807259 397.548 -2.65523
10080 1400.59 836443 397.473 -2.65317
10090 1625.05 782183 397.594 -2.65421
10100 1526.87 808481 397.655 -2.65445
10110 1442.76 803153 397.753 -2.6556
10120 1453.04 750410 397.832 -2.65642
10130 1182.01 857861 397.694 -2.65369
10140 1249.43 807976 397.841 -2.6552
10150 1294.5 802200 398.085 -2.65756
10160 1353.76 774248 398.322 -2.65969
10170 1496.49 738696 398.371 -2.65864
10180 1379.1 818926 398.093 -2.65265
10190 1347.36 816881 397.868 -2.64756
10200 1386.56 868188 397.844 -2.64556
10210 1691.82 718593 398.115 -2.64805
10220 1510.08 836652 398.04 -2.64547
10230 1526.79 798573 398.089 -2.64535
10240 1427.76 814384 398.183 -2.64599
10250 1453.84 824171 398.378 -2.64843
10260 1709.58 681753 398.622 -2.65142
10270 1512.55 818046 398.247 -2.64558
10280 1404.52 842719 397.923 -2.63995
10290 1625.75 756821 397.828 -2.6383
10300 1408.93 863221 397.591 -2.63439
10310 1440.36 836254 397.678 -2.63567
10320 1420.92 791533 398.02 -2.64077
10330 1314.57 798916 398.342 -2.64522
10340 1448.73 798841 398.645 -2.64924
10350 1862.9 677625 398.851 -2.65166
10360 1700.11 698205 398.303 -2.6446
10370 1171.33 928253 397.22 -2.62777
10380 1417.62 869334 396.822 -2.62032
10390 1521.9 847888 396.959 -2.62212
10400 1473.98 846752 397.444 -2.62995
10410 1654.84 719999 398.152 -2.64048
10420 1613.72 740437 398.405 -2.64403
10430 1532.3 754848 398.228 -2.64173
10440 1475.85 797329 397.781 -2.63527
10450 1506.9 848845 397.308 -2.62808
10460 1339.48 931897 397.231 -2.62703
10470 1464.89 825187 397.93 -2.63883
10480 1636.6 694568 398.782 -2.65134
10490 1484.06 717827 398.996 -2.65422
10500 1413.28 779751 398.662 -2.64929
10510 1442.95 767444 398.144 -2.64133
10520 1342.8 861021 397.477 -2.63073
10530 1351.61 972040 397.292 -2.62713
10540 1868.85 723729 398.018 -2.63826
10550 1758.1 758265 398.427 -2.64389
10560 1461.21 809332 398.54 -2.64633
10570 1409.49 750102 398.653 -2.64854
10580 1393.41 793194 398.485 -2.64626
10590 1287.45 819580 398.264 -2.64267
10600 1267.76 820314 398.169 -2.64071
10610 1456.08 779408 398.199 -2.64032
10620 1636.36 752059 398.089 -2.63781
10630 1549.04 863653 397.753 -2.63188
10640 1683.49 799796 397.744 -2.63138
10650 1622.56 800750 397.777 -2.63202
10660 1483.1 862086 397.874 -2.63405
10670 1691.27 722298 398.243 -2.64021
10680 1557.47 815879 398.259 -2.64102
10690 1560.15 786145 398.278 -2.64213
10700 1473.58 767158 398.223 -2.64215
10710 1240.62 824839 398.001 -2.63915
10720 1343.41 806596 397.898 -2.63749
10730 1466.6 827589 397.879 -2.63682
10740 1585 755521 397.988 -2.6381
10750 1682.55 756023 397.837 -2.6358
10760 1611.66 850929 397.467 -2.63013
10770 1551.71 802494 397.33 -2.62849
10780 1315.14 888120 397.344 -2.62917
10790 1670.71 755454 397.796 -2.63668
10800 1621.8 772559 398.048 -2.64071
10810 1460.29 828830 398.144 -2.64283
10820 1603.2 701528 398.296 -2.64582
10830 1388.99 816120 397.953 -2.64125
10840 1346.06 838268 397.648 -2.6365
10850 1577.31 805992 397.58 -2.63544
10860 1561.71 873132 397.65 -2.63668
10870 1670.7 750050 398.071 -2.64371
10880 1600.09 750544 398.247 -2.64685
10890 1443.75 772044 398.086 -2.64514
10900 1364.84 811885 397.746 -2.64044
10910 1461.55 853571 397.512 -2.63675
10920 1596.64 772660 397.561 -2.63757
10930 1491.44 815834 397.515 -2.63707
10940 1458.63 803926 397.541 -2.63767
10950 1452.19 812202 397.612 -2.63884
10960 1517.27 789884 397.749 -2.64099
10970 1602.25 745179 397.796 -2.64175
10980 1613.27 800743 397.55 -2.63819
10990 1703.22 788988 397.25 -2.6342
11000 1433.16 885403 396.968 -2.6305
11010 1287.1 870013 397.208 -2.6352
11020 1334.36 749884 397.859 -2.64544
11030 1473.05 726373 398.224 -2.65039
11040 1485.09 768962 398.114 -2.64837
11050 1470.13 789680 397.788 -2.64296
11060 1551.93 771189 397.362 -2.63626
11070 1435.03 860270 396.828 -2.62754
11080 1534.52 874130 396.677 -2.62466
11090 1719.24 778506 396.953 -2.62889
11100 1492.67 835917 397.199 -2.63297
11110 1437.63 804829 397.621 -2.64009
11120 1552.52 738164 398.058 -2.64681
11130 1561.59 737089 398.104 -2.64767
11140 1463.72 783404 397.747 -2.64268
11150 1316.18 849896 397.303 -2.63571
11160 1545.46 812814 397.138 -2.63283
11170 1581.12 843046 397.111 -2.6323
11180 1573.94 812116 397.353 -2.63638
11190 1590.49 754177 397.66 -2.64126
11200 1309.3 844100 397.751 -2.64297
11210 1321.16 774960 398.025 -2.64731
11220 1338.82 767378 398.179 -2.64917
11230 1337.3 787881 398.134 -2.64775
11240 1500.14 764477 397.96 -2.64422
11250 1609.1 801786 397.601 -2.63773
11260 1632.56 819473 397.241 -2.63152
11270 1638.8 840667 397.039 -2.62802
11280 1684.17 796402 397.07 -2.62876
11290 1518.58 833047 397.14 -2.63042
11300 1527.18 802395 397.396 -2.63508
11310 1594.32 750746 397.651 -2.63957
11320 1407.55 781150 397.622 -2.63972
11330 1359.43 815062 397.467 -2.63765
11340 1355.83 821369 397.403 -2.63663
11350 1356.89 797205 397.471 -2.63737
11360 1444.23 788203 397.532 -2.63779
11370 1353.88 814621 397.543 -2.63726
11380 1518.21 761245 397.596 -2.63728
11390 1646.93 763343 397.427 -2.63402
11400 1644.21 816159 397.041 -2.6277
11410 1667.65 849017 396.765 -2.62332
11420 1599.77 838141 396.798 -2.62432
11430 1547.15 840996 397.121 -2.63025
11440 1645.51 773769 397.667 -2.63962
11450 1482.62 756018 398.069 -2.64646
11460 1325.6 738762 398.158 -2.64843
11470 1318.86 764545 397.859 -2.64426
11480 1395.37 796922 397.32 -2.63581
11490 1538.03 825770 396.773 -2.6268
11500 1432.75 890663 396.437 -2.62095
11510 1294.5 890748 396.695 -2.62509
11520 1569.11 770658 397.491 -2.63724
11530 1656.48 744496 398.152 -2.64635
11540 1599.52 722969 398.412 -2.64996
11550 1514.72 760580 398.183 -2.64673
11560 1570.56 779002 397.675 -2.63917
11570 1644.37 815767 397.039 -2.62983
11580 1283.27 938276 396.598 -2.62286
11590 1275.21 883434 396.981 -2.62964
11600 1385.61 793597 397.934 -2.64477
11610 1466.01 717209 398.831 -2.65725
11620 1430.08 716975 399.2 -2.66171
11630 1511.6 718114 398.979 -2.65795
11640 1559.06 793866 398.26 -2.64658
11650 1680.28 795696 397.444 -2.63359
11660 1525.79 926486 396.729 -2.62179
11670 1735.51 841916 396.722 -2.62177
11680 1593.06 848144 397.1 -2.62847
11690 1281.8 866778 397.808 -2.64124
11700 1450.66 707052 398.844 -2.65745
11710 1498.69 703635 399.343 -2.66418
11720 1497.21 686007 399.136 -2.66143
11730 1472.56 776826 398.232 -2.64864
11740 1571.06 855620 397.171 -2.63145
11750 1604.6 870493 396.462 -2.61986
11760 1259.36 1.00797e+06 396.366 -2.61871
11770 1437.44 834314 397.47 -2.6384
11780 1602.23 710349 398.847 -2.65828
11790 1619.55 667813 399.643 -2.66921
11800 1432.37 654016 399.514 -2.66783
11810 1334.93 770647 398.471 -2.65291
11820 1521.72 863629 397.221 -2.63295
11830 1647.58 890668 396.395 -2.61831
11840 1574.48 928534 396.228 -2.61555
11850 1542.92 857818 396.856 -2.62691
11860 1481.88 771772 397.894 -2.64346
11870 1460.4 715762 398.728 -2.65591
11880 1526.51 678902 398.984 -2.6596
11890 1574.21 739687 398.463 -2.65257
11900 1534.59 811039 397.543 -2.63874
11910 1548.65 844260 396.688 -2.62547
11920 1510.42 921818 396.2 -2.61749
11930 1631.92 873500 396.459 -2.62246
11940 1432.81 840776 397.253 -2.63628
11950 1382.02 723018 398.25 -2.65203
11960 1374.36 686168 398.764 -2.6591
11970 1435.13 710494 398.521 -2.65555
11980 1370.29 748124 397.666 -2.64309
11990 1258.31 885607 396.54 -2.62476
12000 1388.85 937026 395.973 -2.61369
12010 1774.22 852159 396.266 -2.61751
12020 1824.68 798651 396.941 -2.62785
12030 1540.91 798292 397.632 -2.63891
12040 1265.67 759994 398.284 -2.6493
12050 1486.36 685829 398.621 -2.65411
12060 1535.05 753949 398.27 -2.64885
12070 1640.45 766623 397.556 -2.63822
12080 1455.06 865158 396.7 -2.62498
12090 1388.47 927251 396.268 -2.61764
12100 1476.93 888603 396.675 -2.62471
12110 1683.43 746463 397.611 -2.63945
12120 1610.09 716028 398.245 -2.64868
12130 1412.05 763206 398.34 -2.65039
12140 1432.23 756455 398.14 -2.64767
12150 1329.57 797515 397.681 -2.64079
12160 1144.14 927934 397.282 -2.63386
12170 1586.85 795439 397.585 -2.63806
12180 1733.4 727918 397.913 -2.64197
12190 1430.39 811164 397.846 -2.64058
12200 1484.79 787677 397.771 -2.63922
12210 1514.67 826916 397.669 -2.63732
12220 1618.88 822480 397.727 -2.63807
12230 1663.6 813835 397.935 -2.64149
12240 1597.2 780798 398.235 -2.64669
12250 1483.82 764937 398.398 -2.64974
12260 1382.82 824333 398.387 -2.65
12270 1392.53 770392 398.456 -2.65125
12280 1367.78 809663 398.389 -2.6501
12290 1531.77 805115 398.377 -2.64954
12300 1701.2 759541 398.351 -2.64902
12310 1306.93 902221 398.205 -2.6468
12320 1328.17 767234 398.559 -2.6524
12330 1474.19 707174 398.755 -2.65465
12340 1612.4 761410 398.371 -2.64849
12350 1643.11 813032 397.739 -2.63844
12360 1672.82 794427 397.143 -2.62928
12370 1581.28 886063 396.618 -2.62129
12380 1540 906982 396.635 -2.62233
12390 1489.73 817270 397.329 -2.63457
12400 1554.36 727509 398.127 -2.64711
12410 1374.57 765145 398.509 -2.65308
12420 1257.21 772566 398.625 -2.65497
12430 1402.31 723550 398.501 -2.65297
12440 1475.29 784713 397.941 -2.64417
12450 1523.76 816698 397.259 -2.63292
12460 1495.57 855522 396.71 -2.62365
12470 1318.37 966996 396.619 -2.6219
12480 1662.3 796918 397.476 -2.63615
12490 1784.39 686125 398.359 -2.64838
12500 1394.49 752615 398.557 -2.65129
12510 1413.76 756321 398.378 -2.64878
12520 1715.7 758989 397.905 -2.64187
12530 1553.93 868261 397.23 -2.63174
12540 1299.79 920408 397.003 -2.62818
12550 1454.13 817742 397.504 -2.63656
12560 1461.51 771109 398.184 -2.64696
12570 1533.98 730803 398.639 -2.65342
12580 1485.69 756998 398.661 -2.65357
12590 1422.66 765017 398.375 -2.64919
12600 1407.84 823661 397.891 -2.64143
12610 1567.15 809052 397.53 -2.63521
12620 1571.96 817689 397.247 -2.63055
12630 1533.05 881627 397.159 -2.62905
12640 1714.81 760963 397.486 -2.63439
12650 1490.64 824148 397.685 -2.63785
12660 1408.26 797712 397.98 -2.64305
12670 1223.76 783533 398.271 -2.6475
12680 1390.71 772218 398.451 -2.64994
12690 1780.85 702626 398.394 -2.64864
12700 1679.2 824618 397.8 -2.63978
12710 1527.35 837755 397.307 -2.63206
12720 1376.68 862799 397.107 -2.62922
12730 1471.86 833147 397.297 -2.63257
12740 1475.27 782709 397.712 -2.63904
12750 1322.91 780359 398.04 -2.644
12760 1364.75 719044 398.182 -2.64582
12770 1291.99 772675 397.846 -2.64025
12780 1387.66 813391 397.319 -2.63107
12790 1507.44 813368 396.864 -2.62277
12800 1582.93 874943 396.563 -2.61683
12810 1632.57 845352 396.716 -2.61867
12820 1521.64 835953 397.206 -2.62627
12830 1646.55 755341 397.886 -2.63683
12840 1751.94 710430 398.278 -2.64263
12850 1772.93 726526 398.09 -2.6408
12860 1614.63 753459 397.396 -2.63237
12870 1188.21 906858 396.488 -2.61891
12880 1257.88 928925 396.25 -2.61501
12890 1562.26 813987 396.807 -2.62418
12900 1532.97 790767 397.523 -2.63532
12910 1310.92 774172 398.171 -2.64523
12920 1273.95 710837 398.6 -2.65125
12930 1416.38 709164 398.447 -2.64846
12940 1551.85 786433 397.728 -2.63692
12950 1661.48 820481 396.89 -2.62312
12960 1634.22 917310 396.267 -2.61243
12970 1680.57 875658 396.361 -2.61417
12980 1611.64 802143 396.961 -2.62444
12990 1252.41 824740 397.643 -2.6358
13000 1349.87 746218 398.403 -2.64768
13010 1514.74 719405 398.84 -2.65362
13020 1562.86 679342 398.69 -2.65142
13030 1566.4 746261 397.776 -2.63886
13040 1464.71 935165 396.607 -2.61976
13050 1630.23 894006 396.216 -2.61264
13060 1581 860371 396.508 -2.61786
13070 1427.37 805759 397.187 -2.62932
13080 1479.07 758887 397.912 -2.64057
13090 1530.37 738318 398.36 -2.64732
13100 1355.88 766244 398.408 -2.64811
13110 1279.9 788007 398.224 -2.64514
13120 1397.9 759261 397.924 -2.64011
13130 1476.04 815606 397.411 -2.63151
13140 1617.78 851396 397.007 -2.62417
13150 1799.46 796142 396.895 -2.622
13160 1662.8 870904 396.866 -2.62194
13170 1467.2 830109 397.233 -2.62878
13180 1430.89 770876 397.809 -2.63816
13190 1499.6 759655 398.211 -2.64452
13200 1532.54 701551 398.287 -2.64602
13210 1246.16 792002 397.79 -2.63899
13220 1258.84 848214 397.233 -2.62957
13230 1791.66 799724 396.933 -2.62419
13240 1720.51 860042 396.733 -2.62075
13250 1655.71 836854 396.88 -2.62367
13260 1557.36 827053 397.304 -2.63139
13270 1524.01 747937 397.858 -2.64075
13280 1353.8 769793 398.121 -2.64523
13290 1312.4 760445 398.151 -2.64594
13300 1426.69 749173 397.897 -2.64222
13310 1385.47 849119 397.4 -2.63396
13320 1665.49 772433 397.101 -2.62889
13330 1373.75 897070 396.78 -2.62356
13340 1473.16 872692 397.022 -2.62755
13350 1692.86 751400 397.711 -2.63796
13360 1618.43 736328 398.132 -2.64414
13370 1589.83 719148 398.092 -2.64405
13380 1483.66 811925 397.585 -2.63695
13390 1483.31 825867 397.106 -2.62967
13400 1359.21 877960 396.84 -2.62568
13410 1293.17 900557 397.129 -2.63083
13420 1597.73 725079 397.945 -2.6432
13430 1439.56 780604 398.411 -2.64954
13440 1456.94 773922 398.683 -2.65344
13450 1566.35 728894 398.752 -2.65416
13460 1454.69 774415 398.392 -2.64864
13470 1413.58 801183 397.84 -2.63985
13480 1459.76 867404 397.36 -2.63169
13490 1522.74 828421 397.252 -2.62945
13500 1457.37 852677 397.421 -2.63181
13510 1658.54 806212 397.888 -2.63904
13520 1810.55 713675 398.372 -2.64645
13530 1605.37 742668 398.332 -2.64664
13540 1278.6 820250 397.932 -2.64112
13550 1306.59 828132 397.634 -2.63662
13560 1477.4 830309 397.529 -2.63476
13570 1550.61 822434 397.641 -2.63634
13580 1349.83 829992 397.921 -2.64066
13590 1343.5 744060 398.339 -2.64683
13600 1401.91 735208 398.424 -2.64736
13610 1508.31 783177 398.096 -2.64159
13620 1747.98 769671 397.615 -2.63362
13630 1765.65 833283 396.994 -2.62389
13640 1610.38 892774 396.608 -2.61805
13650 1403.25 872284 396.815 -2.62228
13660 1374.53 820721 397.511 -2.63417
13670 1365.42 749166 398.324 -2.64667
13680 1363.77 708365 398.799 -2.65325
13690 1441.32 730923 398.675 -2.65098
13700 1609.52 766648 398.085 -2.64169
13710 1779.31 786630 397.261 -2.62908
13720 1785.4 874865 396.411 -2.61593
13730 1476.97 961195 396.1 -2.61157
13740 1361.96 880516 396.779 -2.62447
13750 1335.28 807790 398.034 -2.64532
13760 1292.01 701802 399.289 -2.66395
13770 1177.23 679698 399.917 -2.67186
13780 1400.74 646486 399.68 -2.66796
13790 1615.02 693556 398.433 -2.65068
13800 1721.44 897112 396.581 -2.6212
13810 1755.96 981912 395.353 -2.59828
13820 1582.4 1.00661e+06 395.36 -2.59895
13830 1424.05 892832 396.7 -2.62458
13840 1687.54 640975 398.565 -2.65276
13850 1452.04 624330 399.469 -2.66435
13860 1063.52 697957 399.185 -2.66076
13870 1246.72 771765 398.207 -2.64617
13880 1509.34 815184 397.029 -2.62703
13890 1519.54 937898 396.037 -2.60943
13900 1585.53 941508 395.939 -2.60682
13910 1707.45 832315 396.732 -2.61976
13920 1496.63 804816 397.807 -2.637
13930 1394.48 714344 398.849 -2.65256
13940 1359.4 698041 399.339 -2.65911
13950 1362.13 712531 399.135 -2.65582
13960 1498.44 743986 398.339 -2.64386
13970 1717.89 800703 397.188 -2.62585
13980 1770.76 890938 396.084 -2.60785
13990 1733.78 953710 395.63 -2.60031
14000 1667.78 896905 396.139 -2.6105
14010 1256.65 870767 397.347 -2.63269
14020 1262.37 712446 398.937 -2.65784
14030 1343.64 603265 399.932 -2.67079
14040 1215.39 634112 399.631 -2.66666
14050 1278.04 758602 398.242 -2.64674
14060 1633.19 857266 396.578 -2.61918
14070 1774.86 960569 395.352 -2.59676
14080 1576.15 1.0209e+06 395.231 -2.59437
14090 1651.42 846814 396.45 -2.61645
14100 1517.58 764508 398.066 -2.64181
14110 1465.46 653102 399.373 -2.66069
14120 1347.07 657687 399.73 -2.66528
14130 1381.11 717840 399.128 -2.65683
14140 1541.09 744540 397.937 -2.63973
14150 1391.86 943030 396.513 -2.61641
14160 1525.15 978548 395.982 -2.60592
14170 1712.6 924193 396.651 -2.61778
14180 1712.31 767161 398.087 -2.64192
14190 1623.65 682585 399.338 -2.66002
14200 1529.83 642089 399.768 -2.66668
14210 1281.56 711009 399.179 -2.65958
14220 1121.49 868786 398.025 -2.64198
14230 1267 936439 397.334 -2.62914
14240 1652.59 823096 397.471 -2.63026
14250 1639.14 820108 397.844 -2.63539
14260 1661.67 785774 398.331 -2.64291
14270 1740.73 740485 398.713 -2.64877
14280 1650.08 742337 398.709 -2.6495
14290 1427.76 789215 398.331 -2.64481
14300 1491.35 833252 397.887 -2.63836
14310 1525.01 847016 397.675 -2.6355
14320 1367.32 865634 397.785 -2.63784
14330 1342.02 829931 398.32 -2.64689
14340 1421.8 708350 398.999 -2.65702
14350 1329.88 759196 399.161 -2.65875
14360 1407.15 765043 398.994 -2.65558
14370 1493.17 737323 398.569 -2.64873
14380 1429.2 849422 397.831 -2.63645
14390 1724.65 820805 397.33 -2.62751
14400 1665.5 926430 397.081 -2.62331
14410 1545.65 845519 397.586 -2.63243
14420 1451.9 746412 398.41 -2.64504
14430 1296.73 805218 398.952 -2.65336
14440 1422.59 733215 399.424 -2.66029
14450 1606.86 673074 399.453 -2.66039
14460 1645.85 682439 398.629 -2.64961
14470 1546.92 858818 397.135 -2.6272
14480 1581.47 946005 396.006 -2.60767
14490 1455.86 967750 395.865 -2.6055
14500 1322.69 934395 396.852 -2.62408
14510 1531.26 716107 398.621 -2.65277
14520 1562.56 608486 399.868 -2.66861
14530 1361.23 671969 399.875 -2.66843
14540 1392.78 701320 398.962 -2.65587
14550 1639.88 764244 397.409 -2.63343
14560 1656.66 946061 395.722 -2.60572
14570 1503.18 1.04147e+06 395.024 -2.59253
14580 1535.66 931490 395.841 -2.60808
14590 1476.1 827292 397.579 -2.63835
14600 1515.22 629383 399.405 -2.66473
14610 1385.54 616075 400.142 -2.67363
14620 1316.33 687838 399.648 -2.66691
14630 1505.08 742279 398.359 -2.64879
14640 1525.93 909197 396.796 -2.6231
14650 1686.38 943797 395.903 -2.60679
14660 1710.62 961893 396.044 -2.60968
14670 1754.75 786435 397.138 -2.62892
14680 1206.98 782022 398.255 -2.64656
14690 1289.27 737505 399.2 -2.66123
14700 1694.63 608779 399.639 -2.66728
14710 1480.66 696795 398.889 -2.65788
14720 1327.02 864368 397.499 -2.63645
14730 1599.81 863059 396.446 -2.61863
14740 1375.6 992734 395.982 -2.61047
14750 1526.65 856618 396.632 -2.62186
14760 1604.39 759820 397.724 -2.63865
14770 1650.32 692992 398.523 -2.65023
14780 1462.66 717560 398.643 -2.65216
14790 1334.7 757963 398.189 -2.64584
14800 1339.03 802470 397.472 -2.63469
14810 1480.65 861704 396.784 -2.62334
14820 1525.39 915146 396.556 -2.61891
14830 1705.04 820610 397.005 -2.62602
14840 1563.26 827559 397.676 -2.637
14850 1480.77 738939 398.463 -2.64942
14860 1510.78 678863 398.833 -2.65484
14870 1451.99 751490 398.452 -2.64956
14880 1618.57 777961 397.706 -2.63847
14890 1612.66 829419 396.843 -2.62549
14900 1315.48 967707 396.266 -2.61611
14910 1444.87 898669 396.716 -2.6244
14920 1740.8 731391 397.776 -2.64103
14930 1594.51 748292 398.472 -2.65137
14940 1397.91 756486 398.803 -2.65684
14950 1614.12 669034 398.742 -2.65668
14960 1486.04 805670 397.948 -2.64569
14970 1353.09 885699 397.162 -2.63299
14980 1338.93 883483 396.94 -2.62917
14990 1399.39 816052 397.243 -2.63388
15000 1375.72 829151 397.728 -2.64108
15010 1517.53 749411 398.334 -2.6499
15020 1725.03 678571 398.589 -2.65299
15030 1634.84 776259 398.125 -2.64618
15040 1658.42 778135 397.427 -2.63583
15050 1541.41 857508 396.655 -2.62445
15060 1422.31 940759 396.303 -2.61894
15070 1446.17 846206 396.802 -2.62785
15080 1371.2 799692 397.656 -2.64165
15090 1389.57 721904 398.468 -2.65376
15100 1395.85 698127 398.772 -2.65763
15110 1326.67 729629 398.399 -2.65183
15120 1426.44 777437 397.554 -2.63868
15130 1493.12 896550 396.634 -2.62282
15140 1741.29 851309 396.267 -2.61562
15150 1729.7 878870 396.332 -2.61651
15160 1592.49 876036 396.913 -2.62705
15170 1552.46 717896 397.91 -2.64323
15180 1327.6 705704 398.429 -2.65077
15190 1288.03 758742 398.326 -2.6493
15200 1569.32 750506 397.903 -2.64282
15210 1683.96 785604 397.174 -2.63182
15220 1500.4 889272 396.417 -2.61973
15230 1452.96 908883 396.224 -2.61664
15240 1306.4 878771 396.766 -2.62611
15250 1295.58 781429 397.785 -2.64226
15260 1363.04 736281 398.718 -2.65541
15270 1540.42 640067 399.144 -2.66051
15280 1516.54 714285 398.574 -2.65213
15290 1498.39 848838 397.472 -2.63433
15300 1682.87 827054 396.605 -2.61971
15310 1509.49 968087 396.082 -2.61078
15320 1503.5 931179 396.576 -2.62001
15330 1507.8 802306 397.928 -2.64264
15340 1564.44 686965 399.295 -2.66271
15350 1575.19 617886 399.874 -2.67037
15360 1330.98 733720 399.301 -2.66282
15370 1260.81 813263 398.267 -2.64668
15380 1453.35 829714 397.29 -2.6308
15390 1457.58 928956 396.613 -2.61851
15400 1661.05 846307 396.693 -2.61912
15410 1590.29 892333 397.216 -2.62769
15420 1578.23 760688 398.212 -2.64396
15430 1503.43 722919 399.014 -2.65553
15440 1563.52 696264 399.269 -2.65935
15450 1602.54 703164 398.829 -2.65377
15460 1442.11 810327 397.779 -2.63877
15470 1363.16 923901 396.852 -2.62328
15480 1432.54 914021 396.7 -2.62049
15490 1526.44 846187 397.293 -2.6305
15500 1382.21 786351 398.223 -2.64504
15510 1362.68 732545 399.04 -2.65681
15520 1649.54 671297 399.389 -2.66121
15530 1821.87 672583 398.862 -2.65442
15540 1657.43 823117 397.571 -2.63581
15550 1593.86 960502 396.463 -2.61782
15560 1611.75 914827 396.351 -2.61659
15570 1471.79 858564 397.032 -2.62913
15580 1240.21 831585 398.141 -2.64853
15590 1410.58 659114 399.346 -2.66638
15600 1348.07 669833 399.68 -2.67047
15610 1240.93 728300 399.14 -2.66243
15620 1515.85 737551 398.067 -2.64653
15630 1663.6 896393 396.701 -2.62413
15640 1723.02 970342 395.96 -2.61033
15650 1676.01 922584 396.327 -2.61728
15660 1465.14 844463 397.526 -2.63847
15670 1430.96 741421 398.983 -2.66134
15680 1485.03 675306 400.058 -2.67669
15690 1502.2 626277 400.252 -2.67944
15700 1402.63 725347 399.32 -2.66723
15710 1331.58 891928 397.952 -2.6454
15720 1494.67 888790 397.131 -2.6305
15730 1599.43 878900 396.923 -2.62658
15740 1511.99 916631 397.32 -2.63358
15750 1613.11 766286 398.381 -2.65083
15760 1586.86 696969 399.247 -2.66332
15770 1397.03 775466 399.503 -2.66709
15780 1551.94 687770 399.447 -2.66663
15790 1390.94 753427 398.738 -2.65696
15800 1394.15 835066 397.713 -2.64074
15810 1387.71 908937 396.971 -2.62796
15820 1457.54 914216 396.93 -2.62675
15830 1594.75 802259 397.618 -2.63776
15840 1593.11 747611 398.349 -2.64824
15850 1465.45 776903 398.767 -2.65447
15860 1466.71 682730 398.924 -2.65682
15870 1339.05 790132 398.425 -2.6494
15880 1405.77 827074 397.8 -2.63892
15890 1543.5 830418 397.361 -2.6313
15900 1521.28 886493 397.19 -2.62796
15910 1538.79 829783 397.534 -2.6333
15920 1635.88 776736 398.087 -2.64175
15930 1750.08 718399 398.477 -2.64772
15940 1575.13 733335 398.333 -2.64645
15950 1326 863712 397.831 -2.63916
15960 1520.21 779566 397.615 -2.63594
15970 1476.05 835738 397.376 -2.63252
15980 1359.82 860143 397.368 -2.63251
15990 1620.42 724511 397.659 -2.63701
16000 1513.29 785474 397.579 -2.6358
16010 1450.21 830596 397.373 -2.63271
16020 1402.63 824530 397.365 -2.63255
16030 1487.44 767325 397.481 -2.63418
16040 1558.98 814192 397.46 -2.63361
16050 1615.86 806286 397.491 -2.63407
16060 1683.26 738706 397.532 -2.63501
16070 1587.66 815369 397.25 -2.63146
16080 1561.98 850225 397.047 -2.62889
16090 1506.06 814392 397.166 -2.63155
16100 1428.24 817533 397.395 -2.63589
16110 1276.41 830581 397.769 -2.64229
16120 1394.1 733138 398.266 -2.64987
16130 1580.35 683354 398.33 -2.65056
16140 1474.39 796162 397.7 -2.64123
16150 1421.64 853525 397.01 -2.62978
16160 1482.37 863498 396.678 -2.62399
16170 1498.76 892877 396.813 -2.62605
16180 1588.82 816044 397.511 -2.63738
16190 1721.84 692331 398.279 -2.64887
16200 1619.64 713832 398.402 -2.65092
16210 1552.98 779844 397.948 -2.64488
16220 1511.45 800674 397.334 -2.63618
16230 1295.8 892463 396.788 -2.62791
16240 1232.41 916389 396.852 -2.62917
16250 1499.96 798353 397.619 -2.64145
16260 1463.41 755792 398.424 -2.65308
16270 1234.41 759203 398.941 -2.66017
16280 1422.04 708639 399.139 -2.66228
16290 1743.95 678420 398.701 -2.6556
16300 1577.22 849166 397.58 -2.63825
16310 1606.09 895364 396.726 -2.62346
16320 1635.19 879208 396.509 -2.61985
16330 1566.27 878509 396.862 -2.62635
16340 1432.08 823395 397.712 -2.64091
16350 1237.05 748803 398.702 -2.65638
16360 1294.84 672631 399.33 -2.66493
16370 1549.56 670400 399.106 -2.6614
16380 1632.17 780720 398.07 -2.64592
16390 1653.8 864553 396.897 -2.62698
16400 1462.83 957466 396.198 -2.61494
16410 1372.19 949141 396.543 -2.62151
16420 1561.19 769264 397.79 -2.64207
16430 1644.38 676061 398.873 -2.65724
16440 1586.48 689688 399.149 -2.66113
16450 1526.99 723113 398.667 -2.65487
16460 1404.34 789158 397.685 -2.64089
16470 1133.43 909833 396.687 -2.62455
16480 1246.03 924032 396.398 -2.61882
16490 1467.97 823896 396.89 -2.62601
16500 1566.94 760073 397.569 -2.63533
16510 1728.56 751253 398.01 -2.64098
16520 1839.24 712877 398.071 -2.64182
16530 1564.62 800208 397.63 -2.63588
16540 1431.83 841802 397.162 -2.62898
16550 1418.58 866782 396.984 -2.62653
16560 1381.88 871576 397.266 -2.63157
16570 1352.61 781254 397.975 -2.64279
16580 1413.24 755609 398.594 -2.65167
16590 1500.42 712751 398.881 -2.65533
16600 1573.78 713433 398.594 -2.65091
16610 1510.99 797299 397.764 -2.63838
16620 1544.06 854243 396.914 -2.6244
16630 1708.69 888446 396.459 -2.61667
16640 1781.95 833559 396.538 -2.61851
16650 1460.46 884699 396.945 -2.62627
16660 1485.34 795544 397.824 -2.64173
16670 1514.93 676452 398.654 -2.65435
16680 1366.56 712812 398.714 -2.65557
16690 1297.58 786357 398.196 -2.64803
16700 1326.32 803335 397.556 -2.63788
16710 1506.36 849348 396.979 -2.62802
16720 1697.09 863017 396.721 -2.62324
16730 1545.6 875234 396.922 -2.62659
16740 1326.3 815079 397.582 -2.63741
16750 1493.15 753758 398.339 -2.64883
16760 1665.95 703549 398.788 -2.65499
16770 1750.45 669286 398.556 -2.65229
16780 1447.7 825715 397.565 -2.63843
16790 1453.95 894666 396.704 -2.62426
16800 1643.05 851477 396.444 -2.62018
16810 1411.57 888183 396.604 -2.62342
16820 1332.41 853746 397.316 -2.63593
16830 1400.52 746739 398.352 -2.65201
16840 1397.52 686715 399.031 -2.66124
16850 1346.03 704265 398.974 -2.6599
16860 1479.6 728091 398.25 -2.64913
16870 1404.33 848222 397.112 -2.63096
16880 1362.21 965792 396.33 -2.61648
16890 1611.63 878595 396.565 -2.61956
16900 1709.78 786274 397.339 -2.63114
16910 1491.22 810037 398.096 -2.64274
16920 1576.51 702537 398.816 -2.65358
16930 1635.24 673469 398.908 -2.65498
16940 1483.31 781570 398.219 -2.64534
16950 1412 837044 397.368 -2.63221
16960 1346.75 902147 396.815 -2.62292
16970 1367.42 860044 396.895 -2.62394
16980 1467.38 835524 397.409 -2.63188
16990 1539.12 775864 398.141 -2.64292
17000 1666.76 710104 398.694 -2.65056
17010 1611.3 725847 398.669 -2.65016
17020 1658.48 751321 398.142 -2.64283
17030 1676.79 819389 397.315 -2.63099
17040 1500.99 892874 396.649 -2.62079
17050 1251.25 936040 396.613 -2.62097
17060 1323.08 834705 397.415 -2.63513
17070 1547.96 715300 398.457 -2.65045
17080 1540.56 687029 398.943 -2.65698
17090 1387.06 747998 398.708 -2.65348
17100 1389.96 808059 398.112 -2.64411
17110 1629.86 779528 397.523 -2.63449
17120 1634.98 840796 396.87 -2.62424
17130 1505.15 907553 396.526 -2.61851
17140 1432.8 848004 396.827 -2.62368
17150 1427.75 833873 397.507 -2.635
17160 1548.2 756847 398.367 -2.64809
17170 1513.59 727299 398.949 -2.65651
17180 1511.77 690784 399.02 -2.65758
17190 1496.64 715650 398.359 -2.64871
17200 1393.62 902757 397.257 -2.63132
17210 1490.84 876787 396.722 -2.62159
17220 1381.41 902973 396.781 -2.62238
17230 1356.1 860731 397.504 -2.63473
17240 1445.5 705525 398.566 -2.65011
17250 1485.73 700791 399.058 -2.65603
17260 1492.51 710584 398.863 -2.6526
17270 1494.38 747967 398.068 -2.64079
17280 1572.83 853276 396.981 -2.62319
17290 1679.28 914842 396.252 -2.61043
17300 1654.24 919933 396.287 -2.61126
17310 1466.57 862444 397.13 -2.6264
17320 1380.04 732426 398.318 -2.64501
17330 1308.19 740367 399.136 -2.65672
17340 1347.09 704938 399.49 -2.66141
17350 1413.29 722633 399.217 -2.65697
17360 1502.54 780808 398.437 -2.64469
17370 1487.4 869326 397.573 -2.63012
17380 1552.73 893766 397.15 -2.62222
17390 1652.62 842238 397.334 -2.62484
17400 1586.12 802075 397.829 -2.63269
17410 1365.6 780560 398.345 -2.64074
17420 1524.63 716048 398.692 -2.64585
17430 1628.41 723420 398.494 -2.64307
17440 1552.4 840575 397.859 -2.63341
17450 1685.02 808078 397.408 -2.62651
17460 1504.63 846616 397.07 -2.6219
17470 1327.69 913285 397.098 -2.62299
17480 1657.31 771440 397.751 -2.63392
17490 1619.31 747135 398.298 -2.6424
17500 1451.45 767119 398.483 -2.64581
17510 1392.56 772552 398.45 -2.64572
17520 1414.77 746205 398.193 -2.64226
17530 1153.2 865943 397.673 -2.63399
17540 1402.27 842137 397.534 -2.63093
17550 1801.54 727071 397.616 -2.63136
17560 1657.4 858918 397.383 -2.62744
17570 1713.59 828056 397.434 -2.6286
17580 1693.78 786587 397.678 -2.63324
17590 1363.56 805328 397.879 -2.63736
17600 1239.9 787608 398.086 -2.64106
17610 1337.89 769441 398.208 -2.64291
17620 1418.05 752171 398.122 -2.64124
17630 1573.18 787876 397.746 -2.63504
17640 1785.21 796622 397.271 -2.62745
17650 1624.98 861645 396.825 -2.6207
17660 1539.45 879181 396.785 -2.62067
17670 1541.55 814608 397.236 -2.62871
17680 1384.26 797855 397.827 -2.63855
17690 1533.88 738251 398.357 -2.64692
17700 1510.34 752825 398.511 -2.64941
17710 1506.97 766952 398.338 -2.64713
17720 1504.68 759868 397.922 -2.64128
17730 1405.7 822990 397.292 -2.63176
17740 1336.53 924137 396.856 -2.62454
17750 1447.62 845428 397.153 -2.62933
17760 1415.99 823534 397.831 -2.63964
17770 1498.5 731404 398.595 -2.65102
17780 1597.11 668640 398.906 -2.6548
17790 1469.19 757362 398.404 -2.64734
17800 1583.17 774983 397.56 -2.63441
17810 1642.52 889614 396.634 -2.61972
17820 1720.77 917075 396.283 -2.61376
17830 1859.85 845821 396.68 -2.6214
17840 1659.2 831366 397.442 -2.63569
17850 1484.76 715465 398.324 -2.65074
17860 1244.7 775422 398.749 -2.65797
17870 1148.68 750128 398.924 -2.66117
17880 1112.57 722666 398.767 -2.65873
17890 1239.39 755351 398.11 -2.64839
17900 1376.76 805686 397.17 -2.63271
17910 1472.24 890278 396.311 -2.61707
17920 1677.03 893123 396.043 -2.61083
17930 1747.67 829616 396.364 -2.6151
17940 1489.57 868320 396.976 -2.62501
17950 1455.62 750292 397.929 -2.64002
17960 1567.67 679561 398.576 -2.64885
17970 1715.38 685092 398.421 -2.64678
17980 1641.09 778030 397.529 -2.63454
17990 1318.88 916632 396.55 -2.61896
18000 1294.86 909817 396.272 -2.61416
18010 1364.89 918596 396.802 -2.62342
18020 1618.4 735087 397.989 -2.64216
18030 1655.45 678590 398.812 -2.65308
18040 1476.47 738025 398.863 -2.65371
18050 1611.12 694885 398.399 -2.6475
18060 1582.29 826586 397.351 -2.63248
18070 1601.39 898514 396.456 -2.61771
18080 1503.99 937334 396.247 -2.61478
18090 1390.07 897768 396.939 -2.62783
18100 1557.79 721840 398.195 -2.64781
18110 1428.94 720576 399.029 -2.65965
18120 1392.95 672607 399.256 -2.66299
18130 1573.48 677739 398.63 -2.65491
18140 1549.19 861752 397.306 -2.63498
18150 1510.23 881072 396.291 -2.61773
18160 1276.14 1.00198e+06 395.956 -2.6121
18170 1239.27 934764 396.876 -2.62948
18180 1273.72 734697 398.638 -2.65692
18190 1332.27 653178 400.004 -2.67434
18200 1484.68 592064 400.336 -2.6772
18210 1717.73 652738 399.289 -2.66324
18220 1757.86 837255 397.334 -2.63362
18230 1773.86 946441 395.61 -2.60396
18240 1613.83 1.08298e+06 394.967 -2.59249
18250 1498.79 940643 396.066 -2.61475
18260 1276.46 782072 398.139 -2.64973
18270 1388.83 601308 400.024 -2.67576
18280 1351.55 575057 400.607 -2.68217
18290 1237.57 682656 399.695 -2.67014
18300 1407.25 748617 397.952 -2.6447
18310 1505.91 961653 396.001 -2.6121
18320 1606.72 1.02423e+06 395.088 -2.5931
18330 1621.74 962708 395.675 -2.60349
18340 1670.42 813787 397.289 -2.63131
18350 1660.6 660970 398.986 -2.65599
18360 1401.87 633281 399.771 -2.66631
18370 1107.39 698590 399.451 -2.66207
18380 1228.93 739138 398.403 -2.64696
18390 1515.75 846108 397.025 -2.62445
18400 1813.1 905595 395.946 -2.60518
18410 1743.09 966278 395.625 -2.59918
18420 1718.68 889641 396.362 -2.61294
18430 1719.43 747628 397.662 -2.63464
18440 1556.86 681685 398.637 -2.64961
18450 1350.24 693157 398.822 -2.65315
18460 1442.01 732517 398.291 -2.64634
18470 1482.7 774749 397.299 -2.63237
18480 1386.95 891507 396.213 -2.6151
18490 1357.04 957707 395.741 -2.60678
18500 1484.26 883034 396.272 -2.61608
18510 1425.94 781811 397.349 -2.63296
18520 1292.57 745564 398.336 -2.64736
18530 1576.24 658460 398.892 -2.65448
18540 1779.72 657314 398.515 -2.6492
18550 1586.13 811565 397.265 -2.63141
18560 1477.1 928388 396.097 -2.61176
18570 1567.27 937258 395.763 -2.60608
18580 1381.35 920243 396.366 -2.6173
18590 1546.14 778962 397.716 -2.63998
18600 1772.85 631670 398.888 -2.65636
18610 1595.84 681108 399.011 -2.65848
18620 1442.92 755485 398.316 -2.64948
18630 1357.58 841831 397.348 -2.63491
18640 1473.92 879320 396.645 -2.62344
18650 1443.47 925077 396.525 -2.62151
18660 1412.86 859787 397.187 -2.63298
18670 1401.95 750772 398.234 -2.64926
18680 1313.47 712397 398.965 -2.65915
18690 1412.1 705841 399.105 -2.66044
18700 1502.81 706731 398.592 -2.65266
18710 1341.88 814491 397.509 -2.63579
18720 1432.98 949272 396.59 -2.61916
18730 1869.31 853651 396.538 -2.61707
18740 1724.75 862666 396.956 -2.62378
18750 1444.95 829152 397.756 -2.63757
18760 1470.16 708937 398.698 -2.65212
18770 1373.56 690370 399.06 -2.65715
18780 1313.51 761038 398.724 -2.65207
18790 1502.97 769565 398.072 -2.64189
18800 1710.18 822153 397.269 -2.62897
18810 1691.05 873708 396.623 -2.6185
18820 1377.06 941193 396.524 -2.61732
18830 1294.01 862311 397.292 -2.63088
18840 1381.08 762975 398.485 -2.64956
18850 1471.8 678570 399.4 -2.6619
18860 1490.4 689650 399.528 -2.66298
18870 1676.22 692421 398.878 -2.65379
18880 1590.34 824866 397.582 -2.63483
18890 1424.27 973471 396.506 -2.61604
18900 1605.78 884200 396.479 -2.61535
18910 1427.61 892174 397.119 -2.62647
18920 1408.22 747063 398.252 -2.645
18930 1445.74 690508 399.095 -2.65642
18940 1388.69 716677 399.212 -2.65762
18950 1641.49 689508 398.706 -2.65038
18960 1630.62 819712 397.559 -2.63355
18970 1660.93 888253 396.529 -2.61626
18980 1547.68 952142 396.127 -2.60993
18990 1534.43 898604 396.7 -2.62112
19000 1523.98 768910 397.903 -2.64072
19010 1253.35 761631 398.963 -2.65713
19020 1284.62 654670 399.663 -2.667
19030 1496.23 629040 399.398 -2.66339
19040 1519.49 766921 398.062 -2.64465
19050 1479.77 914645 396.529 -2.61903
19060 1489.36 977588 395.77 -2.60473
19070 1641.48 903337 396.151 -2.61124
19080 1695.63 813825 397.224 -2.62897
19090 1435.9 799561 398.445 -2.64867
19100 1424.72 645807 399.536 -2.66476
19110 1437.82 615179 399.632 -2.66607
19120 1435.84 746030 398.548 -2.65128
19130 1541.38 854828 397.088 -2.62827
19140 1556.11 965384 396.046 -2.60993
19150 1570.55 954566 396.097 -2.61087
19160 1625.22 818865 397.113 -2.62827
19170 1529.58 748287 398.297 -2.64694
19180 1414.7 685723 399.116 -2.65887
19190 1361.88 671981 399.152 -2.65959
19200 1371.63 738543 398.359 -2.64844
19210 1469.36 854959 397.185 -2.63
19220 1501.09 937204 396.404 -2.61585
19230 1655.49 871807 396.477 -2.61665
19240 1674.29 847007 397.079 -2.62673
19250 1548.38 808202 398.002 -2.64219
19260 1620.9 660368 398.873 -2.65542
19270 1485.18 705188 398.911 -2.65643
19280 1436.5 754182 398.28 -2.64787
19290 1505.08 810877 397.363 -2.63427
19300 1472.43 891232 396.549 -2.6212
19310 1387.76 942501 396.367 -2.61822
19320 1459.58 865347 397.098 -2.63107
19330 1564.28 710550 398.203 -2.64782
19340 1276.95 745641 398.812 -2.65615
19350 1294.59 718254 398.985 -2.65829
19360 1567.35 693987 398.591 -2.65228
19370 1525.08 838859 397.597 -2.63664
19380 1547.28 867698 396.793 -2.62267
19390 1457.91 928919 396.521 -2.6177
19400 1447.17 867273 397.052 -2.62662
19410 1631.63 764231 398.011 -2.64132
19420 1546.38 760057 398.79 -2.65276
19430 1625.44 665339 399.203 -2.65882
19440 1612.7 735842 398.805 -2.65365
19450 1550.83 775063 397.93 -2.6411
19460 1299.17 908122 396.976 -2.62643
19470 1269.73 975146 396.748 -2.62238
19480 1477.87 835175 397.586 -2.63635
19490 1467.55 785865 398.744 -2.65425
19500 1634.08 646337 399.701 -2.66743
19510 1563.42 698112 399.715 -2.66727
19520 1412 774574 399.031 -2.6572
19530 1461.4 793947 398.157 -2.64365
19540 1640.18 855074 397.266 -2.62949
19550 1499.89 939212 396.825 -2.62182
19560 1336.67 872232 397.228 -2.6288
19570 1295.3 795020 398.145 -2.64377
19580 1538.31 673712 398.966 -2.6548
19590 1387.86 757169 399.047 -2.65507
19600 1562.86 723851 398.742 -2.65004
19610 1644.65 778799 397.976 -2.63856
19620 1565.35 924105 397.153 -2.62471
19630 1688.08 855845 397.049 -2.6229
19640 1590.81 864483 397.398 -2.62919
19650 1414.29 812868 398.149 -2.64235
19660 1369.67 723608 398.946 -2.65442
19670 1288.82 748115 399.3 -2.6595
19680 1491.1 665055 399.192 -2.65787
19690 1571.74 784489 398.301 -2.64482
19700 1610.13 855321 397.29 -2.6281
19710 1608.54 853192 396.614 -2.61715
19720 1433.02 971675 396.448 -2.61466
19730 1730.59 779816 397.203 -2.62759
19740 1577.65 791013 397.995 -2.64015
19750 1387.24 735992 398.639 -2.65058
19760 1281.93 721079 398.878 -2.65425
19770 1402.32 720691 398.565 -2.64976
19780 1382.26 787472 397.76 -2.63753
19790 1417.93 889199 396.916 -2.62323
19800 1508.52 854938 396.598 -2.61704
19810 1535.52 872085 396.712 -2.61834
19820 1578.12 870319 397.316 -2.62834
19830 1708.36 713213 398.288 -2.6433
19840 1478.26 718682 398.764 -2.64996
19850 1435.55 731491 398.669 -2.64874
19860 1649.65 733527 398.094 -2.64087
19870 1487.22 865407 397.165 -2.6267
19880 1352.66 925198 396.655 -2.61808
19890 1483.42 877773 396.951 -2.6232
19900 1604.83 760733 397.743 -2.63577
19910 1686.26 705835 398.28 -2.6436
19920 1513.37 769893 398.26 -2.6437
19930 1510.32 722827 397.936 -2.63968
19940 1312.96 862606 397.229 -2.6292
19950 1535.97 856927 396.862 -2.62295
19960 1505.14 834608 396.89 -2.62341
19970 1319.67 879955 397.221 -2.6291
19980 1700.45 707721 397.928 -2.6399
19990 1733.01 732850 398.143 -2.64294
20000 1604.05 767421 397.885 -2.63983
