# Time-averaged data for fix 4
# TimeStep c_mytemp c_mypress v_vmyvol v_avgEtotal
10 897.354 764262 396.448 -2.7544
20 899.996 854566 395.643 -2.74164
30 913.199 864612 395.369 -2.73689
40 905.876 829475 395.779 -2.74345
50 880.059 777565 396.496 -2.75458
60 880.578 726969 396.957 -2.76114
70 939.557 760434 396.676 -2.75677
80 943.641 840593 396.027 -2.7463
90 993.582 835182 395.737 -2.7414
100 967.284 821911 395.855 -2.74328
110 963.997 791904 396.187 -2.74861
120 896.037 801633 396.484 -2.75338
130 936.574 758635 396.729 -2.75727
140 987.497 746484 396.548 -2.75478
150 945.35 830197 395.878 -2.74476
160 883.561 870330 395.516 -2.73897
170 902.848 814795 395.838 -2.74431
180 853.593 793372 396.366 -2.75262
190 831.764 763038 396.803 -2.75917
200 900.302 738069 396.829 -2.75933
210 970.518 770683 396.22 -2.75009
220 899.854 881986 395.392 -2.73666
230 812.343 882978 395.368 -2.73603
240 744.964 802690 396.189 -2.74898
250 786.637 750434 397.061 -2.76157
260 989.459 706980 397.378 -2.76526
270 1178.42 718355 396.701 -2.75518
280 1139.95 864560 395.279 -2.73329
290 995.821 970252 394.557 -2.72115
300 868.827 885446 395.544 -2.73946
310 869.004 699798 397.352 -2.76768
320 892.833 658258 398.18 -2.77878
330 991.825 701573 397.485 -2.76952
340 1054.49 812023 395.768 -2.7446
350 866.3 1.01242e+06 394.335 -2.72039
360 724.426 958351 395 -2.73341
370 762.736 729454 397.24 -2.7696
380 830.136 612939 398.777 -2.78948
390 885.603 643610 398.338 -2.78335
400 917.068 800489 396.279 -2.75362
410 949.818 1.00013e+06 394.332 -2.71931
420 1069.38 978521 394.402 -2.72005
430 1114.19 777527 396.258 -2.75128
440 942.852 666375 397.941 -2.77527
450 783.078 666181 398.205 -2.77896
460 814.009 759974 397.072 -2.76302
470 981.263 847761 395.503 -2.73813
480 921.801 966928 394.545 -2.72157
490 854.599 909369 395.266 -2.73476
500 903.675 717083 397.047 -2.7624
510 855.045 683012 398.052 -2.77577
520 871.378 696179 397.765 -2.77153
530 927.627 785330 396.407 -2.75151
540 1050 916266 394.972 -2.72742
550 1073.61 928808 394.715 -2.72275
560 1003.76 841971 395.814 -2.74203
570 1084.7 686620 397.272 -2.76435
580 936.045 686615 397.615 -2.76963
590 740.812 765585 396.759 -2.75791
600 779.537 869786 395.57 -2.73915
610 1038.4 890072 395.101 -2.73094
620 1089.6 815574 395.53 -2.73806
630 800.694 812796 396.224 -2.74937
640 758.936 743636 396.962 -2.76086
650 795.016 720625 397.116 -2.76284
660 867.936 783402 396.48 -2.75289
670 1096.8 814330 395.627 -2.73906
680 1083.56 883144 395.005 -2.72871
690 1000.31 875807 395.239 -2.73302
700 962.03 777609 396.212 -2.74903
710 836.636 743137 396.996 -2.761
720 760.489 752450 397.178 -2.76376
730 856.713 762657 396.822 -2.75833
740 980.736 817677 396.121 -2.74719
750 1010.37 858384 395.603 -2.7386
760 866.361 867136 395.729 -2.74073
770 835.498 788075 396.502 -2.75307
780 902.754 729866 397.153 -2.76249
790 919.561 749541 397.099 -2.76135
800 931.31 792627 396.497 -2.75201
810 943.616 865507 395.874 -2.74178
820 935.662 861819 395.915 -2.74229
830 1010.2 769323 396.531 -2.75196
840 935.848 785607 396.942 -2.75817
850 891.691 774036 397.14 -2.76132
860 924.153 742798 397.031 -2.75979
870 901.365 810912 396.39 -2.7502
880 881.758 888042 395.915 -2.74227
890 1046.75 812100 396.248 -2.74759
900 929.772 776906 396.765 -2.75569
910 790.714 775828 397.06 -2.76024
920 945.191 741116 397.037 -2.75987
930 965.683 788754 396.446 -2.75102
940 834.612 893010 395.817 -2.74071
950 932.042 836794 396.055 -2.74449
960 1005.29 763339 396.685 -2.75411
970 846.58 779152 397.004 -2.75883
980 770.543 781350 397.063 -2.7596
990 839.239 767158 396.903 -2.75678
1000 1039.06 776610 396.403 -2.74876
1010 1113.89 857517 395.732 -2.73785
1020 1121.27 863093 395.646 -2.73663
1030 1050.1 787720 396.164 -2.7456
1040 786.627 801806 396.656 -2.75394
1050 843.37 748021 397.079 -2.7608
1060 988.726 716055 396.935 -2.75908
1070 889.53 824718 396.019 -2.74556
1080 845.397 890050 395.338 -2.73434
1090 844.741 869424 395.6 -2.73875
1100 924.261 757262 396.524 -2.75326
1110 888.42 721909 397.044 -2.76051
1120 810.484 772363 396.782 -2.75631
1130 932.364 800933 396.18 -2.74669
1140 1050.07 860296 395.655 -2.73781
1150 1167.6 819916 395.692 -2.73836
1160 1030.62 803574 395.988 -2.74357
1170 817.172 814612 396.354 -2.74997
1180 822.741 768154 396.812 -2.7574
1190 901.531 740537 396.932 -2.75929
1200 961.337 785531 396.469 -2.7524
1210 1002.92 829041 395.85 -2.74272
1220 967.932 843711 395.538 -2.73791
1230 865.728 855853 395.725 -2.74132
1240 858.489 790516 396.446 -2.7531
1250 874.046 733705 397.065 -2.76226
1260 889.75 747995 397.009 -2.76129
1270 888.63 802553 396.418 -2.75212
1280 944.192 837260 395.85 -2.74275
1290 1027.97 827207 395.66 -2.73949
1300 992.919 839228 395.808 -2.74197
1310 905.227 803722 396.342 -2.75077
1320 874.166 735343 396.874 -2.75895
1330 859.376 757765 396.775 -2.7575
1340 861.098 814678 396.253 -2.74924
1350 1004.47 806754 395.824 -2.74224
1360 986.133 848185 395.548 -2.73776
1370 907.762 842944 395.758 -2.74133
1380 880.465 773888 396.382 -2.7512
1390 913.914 739294 396.742 -2.7565
1400 927.606 776644 396.504 -2.75283
1410 1009.49 802160 395.989 -2.74487
1420 939.435 850705 395.545 -2.73788
1430 861.405 858168 395.626 -2.73937
1440 922.515 800067 396.297 -2.75025
1450 1011.53 707343 396.911 -2.75942
1460 945.838 758068 396.641 -2.75568
1470 852.547 850425 395.962 -2.74509
1480 868.717 846561 395.742 -2.74147
1490 853.4 834583 396.062 -2.74661
1500 988.507 742508 396.656 -2.75558
1510 1020.16 755388 396.737 -2.75661
1520 1016.75 767775 396.297 -2.7502
1530 987.512 846180 395.591 -2.73959
1540 882.504 908160 395.403 -2.73693
1550 920.54 797131 396.227 -2.75084
1560 905.396 718329 397.057 -2.76331
1570 887.409 737533 397.062 -2.76348
1580 893.379 805099 396.421 -2.75383
1590 972.894 831631 395.807 -2.74397
1600 981.098 853102 395.555 -2.73998
1610 888.728 856786 395.889 -2.74579
1620 913.842 756854 396.74 -2.75931
1630 956.653 691432 397.13 -2.76504
1640 856.667 774685 396.469 -2.75556
1650 875.474 868298 395.546 -2.74069
1660 1036.92 854368 395.283 -2.73609
1670 984.938 840453 395.643 -2.74211
1680 821.592 791789 396.409 -2.75456
1690 792.749 720821 397.051 -2.76408
1700 867.888 736838 396.892 -2.76153
1710 1001.08 790817 396.074 -2.74885
1720 994.767 869666 395.191 -2.73455
1730 913.702 909065 395.075 -2.7326
1740 946.206 797311 395.996 -2.74774
1750 823.2 729846 396.945 -2.76189
1760 955.863 689452 397.103 -2.76409
1770 960.937 800813 396.203 -2.75078
1780 857.821 890207 395.298 -2.73581
1790 808.715 882549 395.317 -2.73594
1800 910.123 803948 396.184 -2.7498
1810 1067.28 708700 397.068 -2.76258
1820 1130.63 697064 397 -2.76175
1830 957.632 822137 395.938 -2.74639
1840 875.553 913393 395.102 -2.73279
1850 868.3 877387 395.419 -2.73855
1860 812.262 770927 396.511 -2.7561
1870 725.214 725941 397.341 -2.76806
1880 841.924 699351 397.341 -2.7677
1890 967.32 752654 396.296 -2.75237
1900 910.549 941568 394.909 -2.72925
1910 955.369 931972 394.885 -2.7283
1920 942.029 800402 396.228 -2.7503
1930 859.181 690681 397.562 -2.7695
1940 808.564 690182 397.781 -2.77204
1950 1011.72 748380 396.82 -2.75799
1960 1174.16 864044 395.362 -2.73491
1970 1020.85 989246 394.673 -2.72325
1980 899.508 851779 395.8 -2.74383
1990 942.757 683539 397.473 -2.769
2000 895.361 685111 397.997 -2.77622
2010 900.978 711831 397.243 -2.76608
2020 849.718 852961 395.637 -2.74216
2030 791.289 992401 394.674 -2.72504
2040 829.965 870936 395.568 -2.74055
2050 843.145 720776 397.223 -2.76575
2060 896.364 649205 398.046 -2.7763
2070 935.373 708624 397.3 -2.76569
2080 990.821 851253 395.641 -2.7399
2090 1053.14 954626 394.54 -2.72048
2100 1015.66 922209 395.046 -2.72976
2110 915.717 761842 396.759 -2.7579
2120 837.551 666016 398.098 -2.77682
2130 948.661 655466 397.995 -2.77558
2140 1037.7 772002 396.408 -2.75355
2150 919.391 977118 394.643 -2.72428
2160 789.622 1.0024e+06 394.689 -2.72558
2170 825.531 790829 396.737 -2.76089
2180 879.55 617723 398.69 -2.78755
2190 844.969 622780 398.746 -2.7878
2200 836.287 772637 396.963 -2.76281
2210 897.205 939790 394.937 -2.72848
2220 925.84 992544 394.387 -2.7177
2230 934.276 861563 395.782 -2.74218
2240 1026.04 666054 397.782 -2.77164
2250 1052.73 618356 398.398 -2.77928
2260 948.011 742007 397.15 -2.76243
2270 1024.26 885580 395.299 -2.73335
2280 993.485 987887 394.408 -2.7179
2290 858.309 905257 395.419 -2.73693
2300 848.641 700652 397.449 -2.76892
2310 841.615 632297 398.494 -2.78261
2320 821.979 683349 397.741 -2.77273
2330 771.457 874655 395.867 -2.74403
2340 831.105 967835 394.751 -2.72347
2350 957.253 897374 395.36 -2.73357
2360 1078.09 746572 396.956 -2.75847
2370 1116.47 651307 397.982 -2.77241
2380 998.15 715288 397.5 -2.76606
2390 931.148 819219 396.114 -2.74565
2400 862.646 944015 395.009 -2.72736
2410 906.365 922863 395.374 -2.73426
2420 980.928 756751 396.935 -2.75966
2430 878.638 701183 398.125 -2.77675
2440 870.024 663379 398.186 -2.77783
2450 861.45 764447 396.867 -2.75955
2460 834.724 923406 395.254 -2.73276
2470 830.651 962474 394.908 -2.72624
2480 832.409 847578 396.228 -2.74918
2490 995.095 645246 397.949 -2.77363
2500 997.292 667160 398.156 -2.77558
2510 1020.78 757795 396.929 -2.75805
2520 994.199 888948 395.312 -2.73239
2530 935.169 986622 394.692 -2.72162
2540 961.934 872367 395.919 -2.7439
2550 962.184 700557 397.888 -2.77433
2560 939.186 616029 398.791 -2.78652
2570 864.936 690263 397.773 -2.77369
2580 782.407 911906 395.72 -2.74193
2590 837.389 982405 394.787 -2.7245
2600 908.616 871411 395.723 -2.74066
2610 913.512 731238 397.397 -2.76633
2620 902.514 672571 398.364 -2.77929
2630 969.406 679419 397.945 -2.77346
2640 972.202 812325 396.32 -2.74975
2650 867.49 998814 394.949 -2.72592
2660 951.729 902209 395.49 -2.73546
2670 953.851 752026 397.121 -2.76122
2680 864.88 692359 398.281 -2.77758
2690 925.359 677632 398.257 -2.77719
2700 1001.84 745439 396.941 -2.75888
2710 900.503 950487 395.214 -2.73085
2720 957.51 955288 394.974 -2.7263
2730 986.991 785512 396.279 -2.74803
2740 824.986 724937 397.537 -2.76664
2750 867.479 675832 397.919 -2.77202
2760 904.413 736357 397.031 -2.75957
2770 930.669 883827 395.543 -2.73601
2780 946.895 960078 394.963 -2.7256
2790 979.262 820797 395.921 -2.74186
2800 818.23 744554 397.182 -2.76087
2810 801.104 716960 397.847 -2.77026
2820 1036.37 682197 397.558 -2.76611
2830 1057.44 785877 396.107 -2.74535
2840 928.589 974150 394.639 -2.72065
2850 999.44 923771 394.868 -2.7249
2860 999.159 764456 396.357 -2.74938
2870 868.386 703959 397.536 -2.76666
2880 890.89 689409 397.656 -2.76862
2890 902.448 760245 396.636 -2.75429
2900 898.942 885192 395.252 -2.73229
2910 893.728 948505 394.791 -2.72422
2920 925.046 834082 395.79 -2.74134
2930 838.428 723248 397.164 -2.76198
2940 881.235 686907 397.734 -2.76969
2950 1103.75 699978 397.073 -2.76056
2960 1112.66 844928 395.457 -2.73657
2970 864.709 993468 394.389 -2.71836
2980 774.565 921078 395.251 -2.73464
2990 875.446 723972 397.309 -2.76746
3000 912.397 624326 398.591 -2.78435
3010 969.604 660563 398.01 -2.77685
3020 1001.72 830487 396.03 -2.74796
3030 978.47 987630 394.423 -2.72003
3040 818.486 996121 394.78 -2.72733
3050 797.116 777562 397.061 -2.76668
3060 930.943 591936 399.091 -2.7937
3070 966.133 612521 398.96 -2.79173
3080 979.372 762564 396.852 -2.76316
3090 896.396 1.00624e+06 394.488 -2.72323
3100 817.119 1.04685e+06 394.267 -2.71898
3110 819.305 804149 396.46 -2.7572
3120 806.535 649619 398.772 -2.78964
3130 877.544 576733 399.419 -2.79718
3140 841.516 702612 397.749 -2.77554
3150 813.27 943127 395.17 -2.7334
3160 858.322 1.04132e+06 394.086 -2.71198
3170 929.71 911397 395.459 -2.73692
3180 997.754 686757 397.941 -2.77442
3190 985.392 600295 399.256 -2.79054
3200 970.517 644919 398.424 -2.77998
3210 884.922 861939 396.061 -2.74528
3220 918.405 1.02293e+06 394.418 -2.71493
3230 1028.72 918473 394.971 -2.72456
3240 972.307 775435 396.811 -2.755
3250 919.657 630157 398.32 -2.77607
3260 761.22 677916 398.103 -2.77312
3270 786.197 804752 396.612 -2.75102
3280 919.612 911815 395.187 -2.72694
3290 958.714 943429 394.978 -2.72275
3300 1037.26 807420 396.169 -2.74241
3310 1010.1 726153 397.494 -2.76209
3320 992.93 678129 397.99 -2.76922
3330 902.097 728235 397.219 -2.75891
3340 734.113 886582 395.789 -2.73665
3350 866.818 919677 395.226 -2.72645
3360 1152.5 827658 395.874 -2.73695
3370 1198.17 741331 396.824 -2.75186
3380 949.944 719310 397.166 -2.75757
3390 680.881 807181 396.724 -2.7515
3400 774.118 824535 396.303 -2.74478
3410 940.269 802646 396.11 -2.74158
3420 829.878 853977 396.063 -2.7406
3430 964.374 780844 396.458 -2.74656
3440 1054.43 757184 396.705 -2.75001
3450 1042.9 783803 396.515 -2.74725
3460 918.311 839158 396.192 -2.74247
3470 925.674 810818 396.222 -2.74321
3480 959.534 805665 396.4 -2.74626
3490 985.061 790879 396.637 -2.7503
3500 1058.9 739165 396.717 -2.75207
3510 912.5 821795 396.282 -2.74604
3520 852.198 852767 396.03 -2.74243
3530 841.241 836692 396.335 -2.74772
3540 894.257 757336 396.975 -2.75783
3550 968.25 729060 397.19 -2.76095
3560 988.139 780420 396.682 -2.75353
3570 949.436 841811 395.992 -2.7428
3580 938.815 861170 395.746 -2.73898
3590 964.125 805400 396.09 -2.74481
3600 833.845 812250 396.574 -2.75262
3610 849.978 756998 397.116 -2.76113
3620 979.64 703092 397.169 -2.76195
3630 940.956 812849 396.316 -2.7493
3640 882.272 896205 395.608 -2.73752
3650 937.829 841533 395.828 -2.7411
3660 932.885 778952 396.513 -2.75189
3670 906.857 746004 396.969 -2.75866
3680 829.967 774423 396.904 -2.75756
3690 849.174 777286 396.507 -2.7514
3700 917.981 848689 395.957 -2.74233
3710 1097.48 824663 395.856 -2.7403
3720 1083.83 795538 396.024 -2.74302
3730 904.823 828709 396.229 -2.74669
3740 895.541 760347 396.617 -2.75309
3750 833.837 786413 396.683 -2.75424
3760 837.294 789767 396.562 -2.75233
3770 990.308 783183 396.323 -2.74855
3780 998.811 838899 395.983 -2.74312
3790 999.996 809693 395.975 -2.74313
3800 882.35 823042 396.147 -2.74609
3810 869.637 781020 396.5 -2.75183
3820 885.534 765557 396.676 -2.75447
3830 886.908 801577 396.519 -2.75195
3840 1001.77 783236 396.325 -2.74883
3850 988.088 823427 396.017 -2.74411
3860 934.968 841635 395.958 -2.74332
3870 973.005 796232 396.296 -2.74886
3880 1016.76 770585 396.612 -2.75403
3890 1021.08 755657 396.61 -2.75451
3900 933.466 823649 396.201 -2.74885
3910 919.884 834646 396.014 -2.74631
3920 860.05 807581 396.163 -2.74912
3930 691.009 829440 396.476 -2.75438
3940 820.814 743714 396.981 -2.76191
3950 968.579 726356 396.924 -2.76067
3960 939.643 811199 396.166 -2.74891
3970 895.344 875849 395.513 -2.73792
3980 845.068 888159 395.688 -2.74069
3990 895.535 768339 396.68 -2.75631
4000 922.619 714516 397.394 -2.76616
4010 914.119 726962 397.199 -2.76299
4020 942.05 797574 396.256 -2.74862
4030 1013.13 881126 395.329 -2.7332
4040 1015.06 878462 395.225 -2.73135
4050 848.264 856757 395.988 -2.74435
4060 818.722 726572 397.248 -2.76411
4070 880.976 666637 397.746 -2.7707
4080 842.125 781592 396.939 -2.75864
4090 995.834 830528 395.854 -2.74108
4100 1035.34 898316 395.168 -2.72944
4110 998.403 882192 395.508 -2.7354
4120 1057.93 755166 396.625 -2.75333
4130 983.541 712848 397.335 -2.76407
4140 847.408 726928 397.097 -2.76129
4150 675.381 849925 396.189 -2.74743
4160 817.69 866154 395.723 -2.73939
4170 921.642 832154 395.961 -2.74281
4180 916.53 799845 396.568 -2.75197
4190 980.175 738868 397.117 -2.75988
4200 1008.54 750673 397.07 -2.75891
4210 1007.08 790255 396.49 -2.75018
4220 974.658 864658 395.868 -2.74037
4230 1049.53 837118 395.855 -2.74045
4240 976.395 810390 396.278 -2.74774
4250 802.05 797082 396.821 -2.75678
4260 769.308 739123 397.272 -2.76383
4270 752.456 781153 397.152 -2.76184
4280 848.45 801349 396.798 -2.75581
4290 1068.6 788384 396.434 -2.74964
4300 1117.46 824575 396.005 -2.7426
4310 978.296 856986 395.857 -2.74045
4320 761.894 866890 396.321 -2.74861
4330 799.111 747596 397.396 -2.76566
4340 955.442 673181 397.913 -2.77261
4350 1007.59 767825 397.189 -2.76194
4360 1024.42 850873 396.097 -2.74467
4370 1001.82 880729 395.541 -2.73553
4380 835.112 890822 395.903 -2.74214
4390 797.857 767377 397.082 -2.76128
4400 796.932 723863 398.016 -2.77467
4410 984.727 672379 398.039 -2.77481
4420 1074.99 773360 396.812 -2.75725
4430 1033.06 918185 395.351 -2.73337
4440 885.534 959291 395.126 -2.72978
4450 634.407 882696 396.577 -2.75593
4460 791.766 632532 398.707 -2.78769
4470 831.745 626332 399.212 -2.7929
4480 901.499 747659 397.873 -2.7735
4490 1105.88 855027 395.965 -2.74314
4500 1010.67 989065 394.736 -2.72124
4510 833.592 949018 395.448 -2.73469
4520 834.152 755276 397.666 -2.77108
4530 938.542 589849 399.357 -2.79338
4540 825.089 665652 398.918 -2.78726
4550 855.473 797484 397.019 -2.75921
4560 1024.52 939170 395.172 -2.72779
4570 1061.58 987688 394.795 -2.72059
4580 962.087 841764 396.317 -2.74768
4590 887.073 665957 398.242 -2.77589
4600 789.996 672751 398.835 -2.78348
4610 859.414 709346 397.998 -2.77191
4620 953.788 844076 396.291 -2.74576
4630 1029.62 950308 395.064 -2.72426
4640 973.462 937414 395.424 -2.73092
4650 827.418 807104 397.186 -2.7607
4660 800.577 651128 398.961 -2.78624
4670 822.904 637838 399.194 -2.78877
4680 1102.89 704718 397.664 -2.76801
4690 1139.02 923638 395.277 -2.73092
4700 947.521 1.07209e+06 394.253 -2.71194
4710 902.994 870919 395.878 -2.74233
4720 784.842 693738 398.313 -2.77929
4730 703.962 623843 399.611 -2.79613
4740 801.763 650310 399.003 -2.78807
4750 1001.22 773083 396.82 -2.75709
4760 1020.67 1.02564e+06 394.549 -2.71786
4770 948.364 1.04139e+06 394.561 -2.718
4780 890.897 787357 396.985 -2.76045
4790 879.25 607383 399.291 -2.79144
4800 833.623 632763 399.609 -2.79476
4810 954.76 707814 398.075 -2.77415
4820 1070.77 883666 395.666 -2.73679
4830 1022.94 1.05459e+06 394.241 -2.71079
4840 886.663 963339 395.393 -2.73367
4850 829.072 696657 398.159 -2.77815
4860 820.507 564724 399.845 -2.79913
4870 730.198 659365 399.095 -2.78932
4880 899.112 792194 396.798 -2.756
4890 956.362 1.01364e+06 394.603 -2.71766
4900 892.974 1.03206e+06 394.601 -2.71724
4910 1002.23 758041 396.843 -2.75528
4920 965.513 652196 398.789 -2.78127
4930 957.932 642711 399.109 -2.78522
4940 1005.22 714652 397.747 -2.76715
4950 1001.77 898081 395.587 -2.7336
4960 946.406 1.0334e+06 394.544 -2.71478
4970 1003.62 880324 395.775 -2.7376
4980 1010.21 697489 397.866 -2.77013
4990 863.832 638628 398.885 -2.784
5000 731.439 711405 398.216 -2.77516
5010 882.577 807260 396.595 -2.751
5020 960.388 941328 395.136 -2.72644
5030 860.354 986977 395.215 -2.72814
5040 918.381 754642 397.035 -2.75847
5050 858.801 669791 398.502 -2.77837
5060 874.71 679299 398.557 -2.77874
5070 1021.86 749099 397.33 -2.76122
5080 1078.5 900396 395.653 -2.73443
5090 1027.59 970736 395.065 -2.7241
5100 1029.67 846659 396.156 -2.74349
5110 926.398 737838 397.786 -2.76941
5120 888.536 654497 398.705 -2.7826
5130 848.744 697673 398.098 -2.77491
5140 774.224 844066 396.487 -2.75066
5150 798.18 955377 395.353 -2.731
5160 869.522 921076 395.856 -2.73992
5170 1089.24 692441 397.447 -2.76416
5180 962.567 707667 398.104 -2.77267
5190 899.937 733677 397.689 -2.76678
5200 916.085 800619 396.605 -2.75053
5210 895.642 912618 395.615 -2.73415
5220 907.501 882766 395.724 -2.73586
5230 888.006 818563 396.756 -2.75271
5240 1003.03 672169 397.853 -2.76888
5250 976.869 702477 397.706 -2.76679
5260 922.137 828369 396.566 -2.74959
5270 977.034 876193 395.695 -2.73525
5280 966.137 879958 395.647 -2.73464
5290 988.9 816874 396.425 -2.74783
5300 963.104 738374 397.357 -2.7623
5310 908.966 713550 397.644 -2.76685
5320 863.705 746638 397.013 -2.75823
5330 800.378 881205 395.922 -2.74111
5340 828.905 910119 395.642 -2.73612
5350 903.793 826186 396.482 -2.74987
5360 947.279 732165 397.592 -2.76643
5370 969.419 679504 397.955 -2.77131
5380 894.534 770726 397.129 -2.75935
5390 947.077 842628 395.961 -2.74066
5400 1019.47 921295 395.322 -2.72987
5410 1051.37 864475 395.894 -2.74001
5420 1072.69 725017 397.088 -2.75886
5430 921.022 742395 397.598 -2.76669
5440 841.26 740290 397.425 -2.7647
5450 821.795 810242 396.67 -2.75379
5460 824.894 872912 396.04 -2.74335
5470 901.78 837794 396.136 -2.74469
5480 1007.15 825855 396.692 -2.75356
5490 1091.06 711790 397.402 -2.76443
5500 879.289 738884 397.266 -2.76281
5510 829.709 839975 396.559 -2.75184
5520 1089.82 788444 396.101 -2.74477
5530 883.594 917892 395.783 -2.73999
5540 944.108 804432 396.477 -2.75187
5550 1037.45 715843 397.258 -2.76361
5560 926.171 768537 397.245 -2.76373
5570 896.204 758975 396.787 -2.75737
5580 806.947 873643 396.063 -2.74616
5590 1025.96 821599 395.946 -2.74415
5600 1067.98 817499 396.167 -2.74785
5610 973.816 799135 396.556 -2.75459
5620 901.926 739938 396.877 -2.76
5630 754.098 818742 396.686 -2.7574
5640 803.7 793068 396.592 -2.75588
5650 896.758 778756 396.44 -2.75334
5660 991.804 831381 396.128 -2.74811
5670 1018.3 816893 396.106 -2.74758
5680 919.438 809589 396.283 -2.75047
5690 888.99 784810 396.548 -2.75468
5700 928.168 786057 396.662 -2.75642
5710 964.679 795927 396.653 -2.75626
5720 1009.49 747897 396.504 -2.75429
5730 764.805 883343 396.019 -2.7468
5740 873.072 841456 396.248 -2.75056
5750 1034.65 744568 396.903 -2.76046
5760 964.01 744056 397.023 -2.76221
5770 836.555 806951 396.585 -2.75561
5780 877.701 832662 396.211 -2.74951
5790 1056.62 788338 396.114 -2.74787
5800 977.561 836667 396.016 -2.74643
5810 919.876 816545 396.243 -2.75035
5820 883.365 762696 396.619 -2.75636
5830 712.634 793107 396.673 -2.75714
5840 846.395 777852 396.594 -2.75561
5850 1006.02 778215 396.291 -2.75057
5860 920.738 851219 395.835 -2.74299
5870 909.329 860830 395.896 -2.74377
5880 1047.88 760178 396.512 -2.75333
5890 1040.94 731722 396.758 -2.75696
5900 894.402 805040 396.351 -2.75104
5910 891.216 824609 395.946 -2.7448
5920 988.45 829328 395.819 -2.74288
5930 1040.42 811190 395.994 -2.74599
5940 818.577 801884 396.308 -2.75129
5950 725.481 789735 396.636 -2.75652
5960 849.819 754066 396.819 -2.75906
5970 1015.94 773533 396.55 -2.75466
5980 1086.95 816047 396.021 -2.74621
5990 1053.25 836542 395.65 -2.74053
6000 905.831 864925 395.725 -2.7423
6010 868.032 780054 396.382 -2.75317
6020 866.615 754917 396.892 -2.76094
6030 843.399 750370 396.9 -2.7611
6040 786.206 795121 396.412 -2.75359
6050 882.387 850858 395.901 -2.74498
6060 1089.96 804599 395.845 -2.74359
6070 995.228 818511 395.924 -2.74472
6080 755.328 831851 396.205 -2.74933
6090 745.517 777579 396.763 -2.75789
6100 915.335 744187 397.1 -2.76236
6110 1046.37 742361 396.825 -2.75783
6120 949.036 849619 396.043 -2.74544
6130 893.431 878058 395.75 -2.74031
6140 987.953 792765 396.2 -2.74735
6150 953.568 779012 396.661 -2.75437
6160 899.057 760496 396.859 -2.75737
6170 925.285 788971 396.682 -2.75463
6180 1086.15 774542 396.325 -2.74926
6190 957.688 840680 395.793 -2.74131
6200 795.405 879807 395.696 -2.74008
6210 825.418 806766 396.369 -2.75109
6220 948.722 740535 397.124 -2.76238
6230 1046.96 707733 397.231 -2.76389
6240 950.754 810805 396.46 -2.7526
6250 938.312 861106 395.764 -2.74132
6260 965.948 846000 395.691 -2.74037
6270 850.748 862104 396.191 -2.74903
6280 1016.74 711493 397.173 -2.76446
6290 1019.21 696554 397.312 -2.76667
6300 812.244 828670 396.454 -2.75406
6310 826.206 860687 395.811 -2.74357
6320 870.093 862807 395.845 -2.74406
6330 887.089 790647 396.488 -2.75422
6340 836.073 752970 397.074 -2.76271
6350 970.084 713520 397.103 -2.76287
6360 955.753 811981 396.329 -2.75109
6370 949.341 879633 395.674 -2.73998
6380 1052.31 806689 395.756 -2.74116
6390 937.064 830712 396.039 -2.74583
6400 898.22 785074 396.575 -2.75457
6410 929.326 728580 396.931 -2.76001
6420 902.405 760539 396.578 -2.75496
6430 871.113 844391 395.847 -2.74362
6440 835.02 882547 395.585 -2.73914
6450 868.218 809763 396.123 -2.74768
6460 858.485 764165 396.804 -2.75775
6470 921.59 729527 397.081 -2.76142
6480 939.861 754510 396.631 -2.7545
6490 918.666 844712 395.752 -2.74046
6500 1007.59 888990 395.355 -2.73349
6510 1126.74 811695 395.811 -2.74091
6520 1018.08 779030 396.455 -2.75127
6530 902.393 751881 396.856 -2.75785
6540 900.302 754301 396.75 -2.75673
6550 942.633 795045 396.175 -2.74838
6560 879.391 859897 395.591 -2.7393
6570 916.905 861391 395.611 -2.73983
6580 961.671 797029 396.256 -2.75039
6590 931.947 732619 396.856 -2.75956
6600 868.339 753541 396.791 -2.75874
6610 854.926 814590 396.245 -2.75041
6620 853.98 849680 395.859 -2.74401
6630 887.549 829763 395.966 -2.74548
6640 878.823 813928 396.42 -2.75245
6650 916.404 760800 396.986 -2.7608
6660 1011.99 716592 397.111 -2.76236
6670 1005.63 789806 396.431 -2.75226
6680 913.3 897263 395.69 -2.74022
6690 947.128 845627 395.883 -2.74345
6700 1002.45 761443 396.537 -2.75372
6710 823.932 788111 396.899 -2.75935
6720 779.241 742666 397.013 -2.76114
6730 792.315 786643 396.611 -2.75479
6740 936.68 820686 396.037 -2.7453
6750 946.347 872988 395.741 -2.73997
6760 1018.03 820645 396.155 -2.74644
6770 1089.03 742398 396.752 -2.75538
6780 958.089 805026 396.883 -2.75751
6790 1035.6 739808 396.895 -2.75818
6800 942.894 797735 396.392 -2.75127
6810 736.336 893812 395.916 -2.74386
6820 831.111 805624 396.29 -2.75002
6830 865.583 764075 396.795 -2.75743
6840 932.894 739990 396.88 -2.75847
6850 872.344 812630 396.426 -2.75127
6860 878.57 846861 396.07 -2.74514
6870 1011.29 804887 396.164 -2.74625
6880 919.164 829264 396.396 -2.74973
6890 916.314 761967 396.842 -2.75663
6900 956.647 755301 396.94 -2.7579
6910 941.218 805907 396.581 -2.75234
6920 864.83 848755 396.313 -2.74798
6930 949.94 801995 396.475 -2.75048
6940 927.39 796294 396.735 -2.7544
6950 936.688 774402 396.904 -2.75696
6960 964.956 785455 396.855 -2.75617
6970 979.12 784701 396.605 -2.7525
6980 918.22 830467 396.263 -2.74722
6990 1014.43 821131 396.2 -2.7464
7000 1011.42 807138 396.376 -2.74957
7010 915.102 801384 396.634 -2.7541
7020 795.063 806474 396.94 -2.75928
7030 845.95 744480 397.216 -2.76357
7040 850.075 795521 397.017 -2.76035
7050 996.64 779340 396.68 -2.75493
7060 961.207 831637 396.205 -2.74746
7070 878.308 869798 396.083 -2.74543
7080 987.611 799658 396.617 -2.75398
7090 1006.79 760710 397.199 -2.76293
7100 971.113 724873 397.306 -2.76486
7110 742.667 834315 396.762 -2.75667
7120 903.8 819678 396.449 -2.75148
7130 1016.47 803069 396.382 -2.75026
7140 899.112 834315 396.407 -2.75067
7150 914.474 784163 396.718 -2.75563
7160 975.343 774586 396.911 -2.75848
7170 1010.48 778034 396.815 -2.75716
7180 903.953 805272 396.519 -2.75283
7190 866.973 828773 396.277 -2.74915
7200 918.653 824158 396.342 -2.75023
7210 982.849 775634 396.624 -2.75469
7220 900.837 782597 396.697 -2.7559
7230 819.998 802746 396.587 -2.75422
7240 855.911 803957 396.494 -2.75262
7250 941.564 809753 396.464 -2.75184
7260 1044.14 776397 396.492 -2.75208
7270 1032.96 797477 396.322 -2.74955
7280 922.388 832750 396.153 -2.74715
7290 849.526 807346 396.275 -2.74932
7300 806.6 814114 396.535 -2.75348
7310 888.491 755312 396.863 -2.75838
7320 921.99 771153 396.781 -2.75686
7330 967.049 812540 396.411 -2.75082
7340 1101.24 783749 396.095 -2.74587
7350 992.606 862471 395.75 -2.74072
7360 901.894 839002 395.973 -2.74483
7370 894.708 777150 396.613 -2.75518
7380 859.123 740386 397.004 -2.76118
7390 793.266 773954 396.807 -2.75822
7400 879.988 804948 396.322 -2.75046
7410 1017.89 814060 395.872 -2.74307
7420 988.558 870886 395.653 -2.73943
7430 983.648 814829 396.102 -2.74691
7440 972.801 733681 396.686 -2.75593
7450 906.673 768880 396.655 -2.75566
7460 923.334 811172 396.283 -2.7501
7470 967.767 814503 395.996 -2.74574
7480 921.413 833456 395.907 -2.74455
7490 827.271 838400 396.175 -2.74913
7500 827.811 767955 396.798 -2.75892
7510 927.109 712641 397.058 -2.76255
7520 930.636 806161 396.518 -2.75417
7530 1038.25 820862 395.959 -2.74504
7540 1066.27 832487 395.641 -2.74012
7550 889.325 875918 395.74 -2.74226
7560 806.598 810183 396.558 -2.75594
7570 840.4 726223 397.475 -2.76977
7580 924.937 691412 397.591 -2.77129
7590 973.25 794462 396.66 -2.75741
7600 1059.57 845936 395.608 -2.74052
7610 915.711 918506 395.114 -2.73253
7620 789.552 897065 395.876 -2.74645
7630 945.729 682157 397.47 -2.7709
7640 850.092 679543 397.978 -2.77733
7650 795.193 750596 397.189 -2.76588
7660 843.065 861950 395.907 -2.74548
7670 926.771 910853 395.281 -2.73403
7680 982.014 839819 395.766 -2.74158
7690 900.983 793747 396.732 -2.75659
7700 947.262 689711 397.542 -2.76826
7710 1002.53 703100 397.229 -2.76386
7720 865.678 871310 396.022 -2.74511
7730 861.723 898550 395.448 -2.73505
7740 858.243 871704 395.971 -2.74379
7750 978.513 725318 397.131 -2.76156
7760 914.627 722759 397.609 -2.76786
7770 908.403 761345 397.261 -2.76245
7780 1036.58 772215 396.431 -2.75011
7790 896.331 936426 395.529 -2.73527
7800 1003.01 846534 395.831 -2.74032
7810 998.016 784927 396.721 -2.75449
7820 904.515 742162 397.443 -2.76562
7830 856.128 716520 397.517 -2.76697
7840 760.424 820432 396.808 -2.75629
7850 858.865 843415 396.244 -2.74676
7860 903.762 862316 396.182 -2.74533
7870 930.809 812154 396.745 -2.75424
7880 1045.52 712958 397.385 -2.76338
7890 973.927 791421 397.234 -2.76097
7900 934.63 811915 396.934 -2.75622
7910 981.855 791441 396.711 -2.75298
7920 870.511 861196 396.54 -2.75037
7930 964.664 783100 396.855 -2.75548
7940 940.598 789914 397.094 -2.75925
7950 918.742 786221 397.213 -2.76122
7960 987.166 754948 397.122 -2.7601
7970 863.88 846790 396.707 -2.75379
7980 838.506 808539 396.638 -2.75272
7990 790.708 841076 396.79 -2.75502
8000 950.881 757152 397.242 -2.76182
8010 1013.02 732050 397.286 -2.76219
8020 878.448 843938 396.734 -2.75349
8030 983.327 803465 396.487 -2.74934
8040 942.434 843408 396.408 -2.74806
8050 895.427 811908 396.718 -2.75315
8060 949.806 769640 397.16 -2.75985
8070 990.015 778702 397.318 -2.76227
8080 1043.82 734689 397.163 -2.76033
8090 837.795 848598 396.471 -2.75008
8100 853.555 857980 396.214 -2.74588
8110 943.986 790315 396.525 -2.75077
8120 868.616 809159 396.848 -2.75582
8130 928.545 728468 397.122 -2.75999
8140 835.668 813289 396.807 -2.75505
8150 879.204 828748 396.55 -2.75067
8160 843.394 810163 396.597 -2.75104
8170 783.721 842412 396.826 -2.75431
8180 1067.2 708046 397.316 -2.76135
8190 1101.38 744268 396.984 -2.7563
8200 895.12 885627 396.149 -2.74294
8210 967.917 845925 396.077 -2.74169
8220 1038.5 794229 396.524 -2.74898
8230 1004.16 764419 396.922 -2.75545
8240 821.974 815583 397.003 -2.75711
8250 888.371 780022 397.172 -2.76
8260 1010.76 734111 397.092 -2.75913
8270 858.003 875063 396.519 -2.75029
8280 978.596 803674 396.519 -2.75033
8290 935.789 785748 396.654 -2.75257
8300 869.353 814445 396.679 -2.75312
8310 956.727 762428 396.761 -2.75451
8320 909.196 798638 396.544 -2.75127
8330 954.488 820310 396.283 -2.74721
8340 1009.84 829551 396.256 -2.74691
8350 1039.12 804731 396.525 -2.75157
8360 1018.42 750078 396.809 -2.7565
8370 890.838 809701 396.667 -2.75495
8380 949.539 791600 396.54 -2.75345
8390 958.42 794674 396.363 -2.75128
8400 860.872 839699 396.173 -2.74872
8410 866.051 800500 396.334 -2.75156
8420 818.477 809178 396.563 -2.75521
8430 847.881 771559 396.845 -2.75951
8440 858.903 760776 396.82 -2.7589
8450 768.932 846264 396.489 -2.75325
8460 917.279 786779 396.505 -2.75285
8470 994.127 800931 396.47 -2.75164
8480 1055.46 802198 396.433 -2.75062
8490 1096.8 776143 396.382 -2.74986
8500 1025.3 835294 396.19 -2.74718
8510 1081.59 783964 396.242 -2.7487
8520 901.378 822847 396.244 -2.74956
8530 751.299 830524 396.46 -2.75365
8540 701.754 797280 396.975 -2.7619
8550 792.085 749801 397.446 -2.76884
8560 956.85 698745 397.335 -2.76692
8570 932.299 822731 396.285 -2.75091
8580 952.236 902467 395.47 -2.73669
8590 1006.52 838738 395.639 -2.73912
8600 864.29 839973 396.343 -2.75062
8610 901.279 719181 397.326 -2.76559
8620 940.014 700417 397.517 -2.76803
8630 945.116 778155 396.687 -2.75576
8640 941.514 875299 395.643 -2.73903
8650 874.531 919204 395.426 -2.73525
8660 979.36 786668 396.324 -2.74988
8670 934.302 771558 397.225 -2.76338
8680 986.424 706118 397.713 -2.77069
8690 1016.78 711986 397.23 -2.76433
8700 931.835 861405 395.928 -2.74474
8710 862.961 923659 395.235 -2.73299
8720 833.444 855954 395.807 -2.74289
8730 780.691 761727 396.959 -2.76085
8740 735.366 725649 397.742 -2.7719
8750 918.47 687202 397.662 -2.77032
8760 968.508 784235 396.479 -2.75263
8770 893.23 944932 395.197 -2.73087
8780 909.929 914327 395.36 -2.73327
8790 988.931 761526 396.663 -2.75361
8800 869.047 754563 397.689 -2.76835
8810 954.805 692645 398.116 -2.7743
8820 1082.75 690314 397.399 -2.76464
8830 985.513 887496 395.684 -2.7387
8840 943.919 977161 394.868 -2.72414
8850 1029.87 831128 395.775 -2.73998
8860 842.593 745171 397.098 -2.76063
8870 753.752 705713 397.834 -2.77128
8880 903.822 697654 397.529 -2.76705
8890 1001.89 785683 396.19 -2.74755
8900 909.695 959367 394.817 -2.72461
8910 916.952 920664 394.997 -2.72776
8920 815.914 791663 396.445 -2.75139
8930 801.988 690658 397.806 -2.77107
8940 1013.86 631036 397.957 -2.77286
8950 1068.11 760571 396.412 -2.75159
8960 947.942 967867 394.551 -2.72053
8970 925.77 985353 394.383 -2.71753
8980 928.127 823402 396.083 -2.74725
8990 874.503 676235 398.049 -2.77617
9000 989.655 599264 398.659 -2.7842
9010 934.896 710669 397.203 -2.76563
9020 844.888 952066 394.922 -2.72903
9030 864.153 1.02628e+06 394.204 -2.71533
9040 949.142 849250 395.736 -2.74261
9050 985.941 658974 397.784 -2.77266
9060 956.395 622820 398.384 -2.78023
9070 957.24 728651 397.124 -2.76353
9080 920.546 923852 395.202 -2.73293
9090 960.402 968865 394.535 -2.72074
9100 961.181 853479 395.585 -2.73923
9110 856.65 733799 397.215 -2.76468
9120 854.022 655585 398.118 -2.77721
9130 868.437 699055 397.517 -2.76908
9140 924.248 825337 395.882 -2.74452
9150 923.639 964092 394.596 -2.72223
9160 978.985 908791 394.936 -2.72812
9170 1004.34 766716 396.4 -2.75176
9180 876.641 694648 397.536 -2.76809
9190 795.303 711594 397.578 -2.76858
9200 995.618 742714 396.63 -2.75497
9210 1032.09 893746 395.212 -2.73257
9220 980.772 943676 394.749 -2.7245
9230 905.803 847387 395.741 -2.74184
9240 808.021 734941 397.23 -2.76501
9250 850.147 673632 398.022 -2.77594
9260 932.945 707056 397.479 -2.76837
9270 923.862 823430 396 -2.74604
9280 872.609 958995 394.84 -2.72611
9290 925.032 904446 395.268 -2.73355
9300 1002.85 743924 396.739 -2.75662
9310 946.551 690147 397.676 -2.76974
9320 877.843 708660 397.435 -2.76644
9330 806.223 835686 396.308 -2.74931
9340 977.583 864982 395.487 -2.73527
9350 998.965 875927 395.395 -2.73357
9360 857.784 852516 396.127 -2.74603
9370 961.807 704176 397.286 -2.76361
9380 944.729 709336 397.526 -2.76677
9390 860.211 787307 396.825 -2.7563
9400 895.145 845437 395.973 -2.74271
9410 951.552 883807 395.639 -2.73694
9420 958.411 828062 396.132 -2.74497
9430 916.872 774008 396.957 -2.75787
9440 975.927 685744 397.417 -2.76465
9450 831.884 780552 396.798 -2.75578
9460 821.602 879810 395.994 -2.74245
9470 1129.15 794185 395.874 -2.74016
9480 1039.89 845389 395.871 -2.74027
9490 839.604 838402 396.294 -2.74766
9500 887.998 736721 397.046 -2.75944
9510 897.758 731112 397.188 -2.76148
9520 875.228 800425 396.63 -2.75306
9530 862.764 848407 396.072 -2.74395
9540 875.855 832757 395.998 -2.74247
9550 878.226 835196 396.328 -2.74749
9560 980.761 758546 396.943 -2.75681
9570 984.297 727460 397.15 -2.75957
9580 940.189 784425 396.627 -2.75177
9590 871.876 871908 395.996 -2.74157
9600 978.117 825374 396.008 -2.7416
9610 1025.1 805918 396.362 -2.74719
9620 978.08 797641 396.78 -2.75397
9630 974.36 752765 397.133 -2.75973
9640 979.525 738849 396.979 -2.75801
9650 855.183 845942 396.294 -2.74781
9660 972.97 841879 396.001 -2.7432
9670 1071.7 792283 396.138 -2.74576
9680 921.601 822481 396.287 -2.74873
9690 757.905 809985 396.627 -2.75463
9700 661.272 789851 397.083 -2.76179
9710 721.463 733574 397.371 -2.76577
9720 896.225 745077 396.986 -2.7595
9730 998.012 831594 396.084 -2.74465
9740 1068.75 864906 395.486 -2.73416
9750 929.073 905066 395.645 -2.73677
9760 873.999 790587 396.8 -2.75589
9770 987.487 671750 397.834 -2.77045
9780 1006.8 718236 397.597 -2.76699
9790 1010.69 788853 396.457 -2.75036
9800 941.283 927463 395.315 -2.73184
9810 994.263 895407 395.417 -2.73389
9820 966.482 795630 396.512 -2.75208
9830 852.247 738435 397.606 -2.76904
9840 971.199 653893 397.941 -2.7742
9850 907.214 774414 396.864 -2.75941
9860 868.278 908741 395.543 -2.73779
9870 916.8 896876 395.29 -2.73336
9880 774.398 862936 396.118 -2.74759
9890 676.072 743147 397.536 -2.76958
9900 846.331 654225 398.332 -2.78003
9910 1052.62 676702 397.592 -2.7696
9920 1047.17 866587 395.663 -2.74029
9930 967.958 1.00196e+06 394.475 -2.7186
9940 970.19 885415 395.263 -2.73253
9950 913.28 769044 397.015 -2.76077
9960 1033.89 637134 398.36 -2.77973
9970 1024.33 647798 398.011 -2.7757
9980 952.265 816227 396.13 -2.74921
9990 866.511 990194 394.479 -2.72105
10000 775.595 968567 394.773 -2.72687
