# Time-averaged data for fix 4
# TimeStep c_mytemp c_mypress v_vmyvol v_avgEtotal
10 1501.77 835338 396.369 -2.65641
20 1403.76 957470 395.53 -2.64268
30 1365.23 919548 395.807 -2.64841
40 1375.15 810688 396.955 -2.66805
50 1168.33 765126 398.243 -2.68874
60 1368.13 609985 399.131 -2.70135
70 1341.32 670272 398.684 -2.69594
80 1214.81 818326 397.296 -2.67571
90 1300.57 884215 396.009 -2.6544
100 1259.22 962382 395.432 -2.64418
110 1126.36 929815 396.024 -2.65484
120 1229.14 797153 397.575 -2.68075
130 1409.78 612747 399.023 -2.69997
140 1251.44 674213 399.163 -2.70087
150 1145.57 821162 398.382 -2.68864
160 1493.03 776780 397.639 -2.67599
170 1722.43 771354 396.746 -2.66273
180 1427.78 967679 395.857 -2.64816
190 1394.24 884828 396.019 -2.65163
200 1125.58 861607 396.921 -2.66775
210 1179.12 723025 398.19 -2.68766
220 1289.75 662206 398.903 -2.69724
230 1212.22 700803 398.599 -2.69283
240 1213.1 789513 397.549 -2.67723
250 1320.94 904111 396.481 -2.65892
260 1570.07 870058 396.115 -2.65198
270 1483.62 907970 396.366 -2.65642
280 1287.79 863920 397.408 -2.6752
290 1339.66 668715 398.813 -2.69654
300 1281.62 648736 399.304 -2.70303
310 1272.06 709033 398.646 -2.69437
320 1172.43 849154 397.361 -2.67484
330 1273.7 907805 396.425 -2.65835
340 1371.3 903294 396.291 -2.65559
350 1347.23 868415 396.96 -2.66706
360 1295.22 747957 398.081 -2.68429
370 1222.95 722469 398.863 -2.69533
380 1386.73 674597 398.995 -2.69691
390 1338.57 747737 398.231 -2.68609
400 1131.82 914571 397.168 -2.66861
410 1461.47 819124 396.782 -2.66138
420 1468.21 872922 396.709 -2.65999
430 1312.88 877900 397.155 -2.6679
440 1474.38 721410 398.093 -2.68278
450 1506.05 680354 398.484 -2.68865
460 1164.89 805405 398.063 -2.68305
470 1056.63 833682 397.612 -2.67601
480 1396.36 757766 397.368 -2.67199
490 1585.98 784825 396.871 -2.66462
500 1441.06 907190 396.349 -2.65653
510 1391.11 849159 396.526 -2.66021
520 1223.84 853767 397.146 -2.67113
530 1125.77 782067 398.124 -2.68742
540 1302.2 655271 398.897 -2.6983
550 1288.23 701229 398.662 -2.69487
560 1285.66 778716 397.671 -2.68039
570 1283.69 905344 396.577 -2.66229
580 1353.58 903783 396.234 -2.65584
590 1281.46 905646 396.699 -2.66362
600 1164.31 851713 397.976 -2.68606
610 1384.81 599420 399.459 -2.70647
620 1261.17 700380 399.625 -2.70756
630 1358.38 742286 398.948 -2.69728
640 1476.19 760121 397.823 -2.68075
650 1394.9 893526 396.496 -2.65948
660 1374.54 952383 395.858 -2.64831
670 1270.6 943210 396.398 -2.65867
680 1414.17 720164 397.862 -2.6826
690 1433.83 663954 398.815 -2.69553
700 1185.39 743300 398.796 -2.69547
710 1148.63 707137 398.226 -2.68766
720 1027.74 834951 397.084 -2.67037
730 1180.1 897847 396.174 -2.6541
740 1352.23 915280 396.031 -2.65054
750 1469.27 822416 396.692 -2.66078
760 1400.23 745083 397.54 -2.67304
770 1234.87 755006 398.016 -2.6797
780 1301.64 721485 398.09 -2.68046
790 1427.69 770644 397.626 -2.6733
800 1485.96 819739 396.932 -2.66238
810 1472.93 846337 396.405 -2.65408
820 1443.78 861942 396.23 -2.65185
830 1369.76 867813 396.545 -2.65805
840 1243.65 808676 397.343 -2.67178
850 1213.71 715949 398.164 -2.68455
860 1150.89 717897 398.391 -2.68781
870 1041.5 781692 398.022 -2.68203
880 1265 780823 397.463 -2.6728
890 1553.34 809600 396.794 -2.66162
900 1478.92 876853 396.245 -2.65233
910 1296.64 900635 396.282 -2.65308
920 1402.22 795483 396.989 -2.6648
930 1426.24 764544 397.735 -2.67633
940 1492.49 697103 398.147 -2.68285
950 1473.07 727191 397.827 -2.67928
960 1258.03 864966 397.029 -2.66786
970 1184.64 895219 396.675 -2.66237
980 1303.73 811792 396.988 -2.66779
990 1259 811420 397.453 -2.67523
1000 1166.02 824299 398.023 -2.68444
1010 1322.66 703606 398.657 -2.69377
1020 1280.17 734506 398.662 -2.6934
1030 1348.13 751341 398.128 -2.68522
1040 1499.71 793371 397.248 -2.67189
1050 1424.47 896841 396.387 -2.65789
1060 1405.15 901650 396.217 -2.65534
1070 1263.51 883495 396.844 -2.6667
1080 1313.19 742194 398.007 -2.6856
1090 1362.14 690703 398.778 -2.69652
1100 1174.93 757929 398.773 -2.6965
1110 1157.45 759687 398.377 -2.69057
1120 1263.96 798683 397.721 -2.68015
1130 1428.24 809298 397.026 -2.66882
1140 1239.43 953036 396.548 -2.66061
1150 1284.4 849184 397.057 -2.66919
1160 1402.51 738745 397.961 -2.68246
1170 1264.01 815010 398.521 -2.69057
1180 1427.51 689972 399.025 -2.69808
1190 1465.91 667416 398.734 -2.69453
1200 1282.12 854360 397.597 -2.67733
1210 1295.55 873646 396.743 -2.66327
1220 1217.12 935304 396.54 -2.65987
1230 1217.75 829249 397.259 -2.67193
1240 1054.81 811653 398.28 -2.68758
1250 1188.1 682863 399.283 -2.70204
1260 1292.7 620950 399.399 -2.70263
1270 1148.84 852374 398.35 -2.68605
1280 1511.85 796676 397.479 -2.6704
1290 1540.24 870342 396.716 -2.65769
1300 1407.79 950092 396.541 -2.65447
1310 1568.01 786213 397.34 -2.6677
1320 1372.62 793505 398.175 -2.68115
1330 1307.8 689787 398.836 -2.69162
1340 1133.05 735659 398.751 -2.69081
1350 1062.81 814827 398.192 -2.68211
1360 1338.17 778904 397.65 -2.67339
1370 1250.49 913007 397.127 -2.66433
1380 1414.19 810987 397.282 -2.66631
1390 1382.48 779150 397.595 -2.67067
1400 1184.1 853774 397.832 -2.67433
1410 1321.88 735027 398.322 -2.68166
1420 1492.69 730715 398.392 -2.6823
1430 1394.79 861372 398.046 -2.67681
1440 1555.89 747633 397.959 -2.67578
1450 1388.9 837278 397.672 -2.67206
1460 1316.91 839708 397.585 -2.6714
1470 1264.3 791854 397.781 -2.6751
1480 1205.51 812745 397.984 -2.67864
1490 1398.44 734030 398.186 -2.68193
1500 1351.71 814898 398.016 -2.67951
1510 1422.23 751328 397.833 -2.67702
1520 1235.54 793126 397.369 -2.67067
1530 1018.45 961498 396.969 -2.66417
1540 1225.41 813099 397.571 -2.67403
1550 1201.12 762831 398.374 -2.68545
1560 1275.74 721666 398.88 -2.69214
1570 1482.99 667329 398.73 -2.68952
1580 1420.94 838533 397.744 -2.6743
1590 1598.52 816227 396.907 -2.66047
1600 1493.59 889161 396.299 -2.65129
1610 1418.32 917836 396.371 -2.6536
1620 1368.4 818010 397.268 -2.66941
1630 1219.05 768112 398.32 -2.68663
1640 1077.55 722096 399.129 -2.6989
1650 1139.29 689261 399.311 -2.70141
1660 1268.31 766740 398.722 -2.69245
1670 1403.61 772446 397.795 -2.67809
1680 1260.08 914609 396.814 -2.66177
1690 1317.26 920992 396.633 -2.65808
1700 1520.97 804490 397.303 -2.6688
1710 1425.49 809820 398.105 -2.68137
1720 1290.36 737033 398.902 -2.69397
1730 1190.31 734833 399.266 -2.6992
1740 1456.24 684633 399.045 -2.69625
1750 1474.92 741997 398.033 -2.68261
1760 1199.49 953470 396.705 -2.66132
1770 1323.99 909020 396.386 -2.65538
1780 1413.01 849377 396.929 -2.66458
1790 1220.1 845420 397.905 -2.68121
1800 1243.51 712946 399.124 -2.69987
1810 1335.82 630455 399.66 -2.707
1820 1107.77 734996 399.026 -2.698
1830 1167.76 796718 397.826 -2.67968
1840 1343.55 885066 396.667 -2.65978
1850 1505.41 906813 396.141 -2.64989
1860 1492.88 920483 396.465 -2.6555
1870 1491.76 765126 397.577 -2.67407
1880 1296.41 710615 398.493 -2.68755
1890 1179.32 746241 398.77 -2.69183
1900 1193.61 716355 398.553 -2.68888
1910 1125.24 805899 397.794 -2.67728
1920 1255.92 842310 397.045 -2.66458
1930 1426.97 854725 396.636 -2.65707
1940 1504.25 850730 396.642 -2.65673
1950 1460.84 824591 397.035 -2.66319
1960 1425.76 769283 397.605 -2.67242
1970 1376.27 738529 397.936 -2.67786
1980 1256.08 781253 397.837 -2.67691
1990 1305.49 796179 397.584 -2.67328
2000 1505.73 772728 397.27 -2.66894
2010 1321.4 875816 396.856 -2.66297
2020 1194.11 885962 396.97 -2.66548
2030 1280.93 790057 397.68 -2.67716
2040 1261.4 740455 398.336 -2.68697
2050 1332.27 722395 398.549 -2.68993
2060 1525.31 713969 398.151 -2.68445
2070 1348.69 800676 397.155 -2.67021
2080 1063.45 965859 396.261 -2.65535
2090 1305.19 882996 396.47 -2.6588
2100 1417 777827 397.328 -2.67215
2110 1359.8 761484 398.075 -2.68334
2120 1352.03 685793 398.445 -2.68882
2130 1170.73 732320 398.021 -2.68293
2140 1221.41 845556 397.118 -2.66886
2150 1309.48 903213 396.553 -2.65879
2160 1396.72 848520 396.725 -2.66121
2170 1414.93 792087 397.274 -2.66969
2180 1431.58 758109 397.769 -2.67723
2190 1362.92 768609 397.972 -2.68047
2200 1251.18 769792 397.913 -2.67989
2210 1238.1 768909 397.624 -2.67563
2220 1326.39 835056 397.152 -2.66824
2230 1363.93 869762 396.937 -2.66457
2240 1415.95 816664 397.213 -2.6691
2250 1331.27 805107 397.643 -2.67604
2260 1242.53 788907 398.12 -2.68375
2270 1262.68 758107 398.486 -2.6892
2280 1219.52 798173 398.574 -2.69035
2290 1337.97 738677 398.573 -2.69007
2300 1360.3 776399 398.165 -2.68387
2310 1296.14 852353 397.629 -2.67495
2320 1349.51 826386 397.403 -2.67117
2330 1191.88 895019 397.513 -2.67297
2340 1332.52 745431 398.153 -2.68274
2350 1296.99 793119 398.545 -2.6881
2360 1363.06 761342 398.798 -2.69166
2370 1411.48 712428 398.736 -2.69065
2380 1373.98 816132 398.116 -2.68141
2390 1399.24 833476 397.55 -2.67229
2400 1380.28 867547 397.295 -2.66841
2410 1272.31 876251 397.557 -2.67326
2420 1298.98 756495 398.294 -2.68513
2430 1235.05 796995 398.836 -2.69328
2440 1385.66 706568 399.225 -2.69916
2450 1458.03 667783 398.921 -2.69542
2460 1223.71 854429 397.762 -2.67847
2470 1226.44 877627 396.905 -2.66374
2480 1291.67 898733 396.702 -2.66015
2490 1355.42 841199 397.206 -2.66855
2500 1403.9 754132 397.998 -2.68055
2510 1230.39 767252 398.51 -2.6882
2520 1183.84 703559 398.691 -2.69077
2530 1182.63 775103 398.218 -2.68354
2540 1367.79 830802 397.56 -2.67233
2550 1584.79 778071 397.051 -2.66402
2560 1369.87 953102 396.587 -2.65652
2570 1564 824426 397.066 -2.66516
2580 1527.41 735412 397.78 -2.67657
2590 1129.82 843152 398.149 -2.68324
2600 1177.76 720322 398.637 -2.69131
2610 1200.42 742058 398.638 -2.69134
2620 1245.18 774032 398.181 -2.68431
2630 1252.66 810707 397.527 -2.67398
2640 1160.74 929386 397.051 -2.6656
2650 1358.95 813049 397.389 -2.67058
2660 1351.41 826961 397.965 -2.67883
2670 1508.14 756972 398.666 -2.6896
2680 1672.85 624023 398.973 -2.69418
2690 1248.15 809110 398.131 -2.68314
2700 1067.55 883248 397.308 -2.66938
2710 1299.51 822751 397.032 -2.66489
2720 1163.82 919823 397.097 -2.66597
2730 1290.33 742788 397.851 -2.67767
2740 1197.69 758807 398.321 -2.68378
2750 1304.15 745069 398.434 -2.68483
2760 1514.22 727795 398.102 -2.67958
2770 1541.09 830278 397.315 -2.6672
2780 1529.5 847973 396.712 -2.65778
2790 1240.7 922701 396.548 -2.65582
2800 1267.02 829772 397.212 -2.66778
2810 1219.94 760953 398.12 -2.68168
2820 1175.09 773860 398.801 -2.69212
2830 1504.07 624957 399.111 -2.69652
2840 1406.83 762740 398.273 -2.68513
2850 1252.74 896169 397.162 -2.66704
2860 1425.03 833953 396.655 -2.65862
2870 1227.98 927989 396.576 -2.65766
2880 1203.9 841656 397.331 -2.67085
2890 1195.7 727108 398.406 -2.68694
2900 1158.3 695859 398.955 -2.69409
2910 1229.83 716719 398.707 -2.68995
2920 1285.97 816592 397.884 -2.67666
2930 1445.06 815122 397.117 -2.66347
2940 1412.77 896887 396.558 -2.65382
2950 1460.49 886136 396.697 -2.65608
2960 1488.04 780440 397.441 -2.66802
2970 1290.33 782096 398.103 -2.6785
2980 1355.54 721432 398.57 -2.68587
2990 1330.53 700931 398.441 -2.68453
3000 1200.32 817612 397.655 -2.67299
3010 1374.58 824872 396.925 -2.66124
3020 1405.34 882265 396.454 -2.65373
3030 1257.95 897577 396.603 -2.6566
3040 1413.78 786653 397.416 -2.66996
3050 1568.1 731856 398.166 -2.68146
3060 1444.18 707665 398.385 -2.68546
3070 1171.68 824015 397.998 -2.68048
3080 1302.34 805717 397.692 -2.67599
3090 1318.51 787858 397.445 -2.67266
3100 1084.17 884606 397.212 -2.6691
3110 1194.51 788480 397.482 -2.67323
3120 1339.43 767428 397.73 -2.67643
3130 1483.86 761322 397.73 -2.676
3140 1583.44 748139 397.418 -2.67152
3150 1508.49 853515 396.81 -2.66267
3160 1420.42 855388 396.546 -2.65925
3170 1233.41 848374 396.719 -2.66306
3180 1171.9 843131 397.273 -2.67287
3190 1183.35 755742 398.099 -2.68604
3200 1183.08 713173 398.605 -2.69315
3210 1267.09 699155 398.437 -2.69048
3220 1367.95 772668 397.553 -2.6774
3230 1427.63 880594 396.497 -2.65995
3240 1418.02 885769 396.011 -2.65148
3250 1194.96 907956 396.224 -2.65533
3260 1198.18 843664 397.216 -2.67233
3270 1360.92 699660 398.463 -2.69065
3280 1199.31 717644 399.057 -2.69836
3290 1292.97 661707 398.911 -2.69614
3300 1339.94 751913 397.803 -2.68052
3310 1228.97 942065 396.421 -2.65725
3320 1403.97 928322 396.017 -2.64913
3330 1621.94 838925 396.57 -2.65813
3340 1556.09 771814 397.428 -2.67207
3350 1272.59 761100 398.116 -2.68314
3360 1219.55 702623 398.438 -2.68849
3370 1135.3 743755 398.075 -2.68363
3380 1135.73 821525 397.31 -2.67164
3390 1288.05 836648 396.673 -2.66092
3400 1250.64 901974 396.382 -2.65549
3410 1269.78 876409 396.826 -2.66259
3420 1480.76 739261 397.777 -2.67691
3430 1567.76 688105 398.308 -2.68402
3440 1385.29 760561 398.048 -2.68051
3450 1310.51 796490 397.456 -2.67181
3460 1423.74 835269 396.854 -2.66275
3470 1420.67 886982 396.549 -2.65823
3480 1298.83 857280 396.878 -2.66451
3490 1102.12 788302 397.609 -2.67656
3500 1056.91 781689 398.31 -2.68728
3510 1366.79 687600 398.776 -2.6936
3520 1411.61 691583 398.434 -2.68851
3530 1369.42 795567 397.315 -2.67206
3540 1345.26 926043 396.227 -2.65366
3550 1556.64 869707 395.972 -2.6491
3560 1408.61 897417 396.352 -2.65614
3570 1278.72 818115 397.404 -2.67464
3580 1269.67 674325 398.538 -2.69157
3590 1162.4 692226 398.788 -2.69498
3600 1217.63 757738 398.228 -2.68676
3610 1328.59 814858 397.338 -2.67285
3620 1386.94 867312 396.589 -2.66015
3630 1419.46 856335 396.318 -2.6555
3640 1211.34 932126 396.588 -2.66043
3650 1320.86 756487 397.667 -2.6783
3660 1314.51 677800 398.479 -2.68925
3670 1265.04 753096 398.454 -2.68849
3680 1500.7 703923 397.933 -2.68117
3690 1221.37 883578 396.877 -2.66502
3700 1257.72 909926 396.359 -2.6557
3710 1472.95 868323 396.677 -2.66089
3720 1436.33 801540 397.492 -2.67441
3730 1194.53 730877 398.317 -2.68696
3740 1278.56 738402 398.648 -2.69172
3750 1415.67 712786 398.465 -2.6891
3760 1376.81 740419 397.636 -2.67776
3770 1231.31 935775 396.517 -2.65967
3780 1421.41 867681 396.237 -2.65457
3790 1298.1 855200 396.561 -2.66007
3800 1179.27 824063 397.296 -2.67236
3810 1250.54 736768 398.161 -2.68525
3820 1439.75 698382 398.574 -2.69083
3830 1560.27 682284 398.174 -2.68574
3840 1150.6 888521 397.069 -2.66896
3850 1267.45 844789 396.437 -2.65813
3860 1367.06 898833 396.285 -2.65557
3870 1212.2 901947 396.848 -2.66554
3880 1211.5 754748 398.1 -2.68572
3890 1317.79 665445 399.026 -2.69799
3900 1295.4 697433 398.972 -2.6967
3910 1280.56 787728 398.157 -2.68446
3920 1486.48 806655 397.196 -2.66881
3930 1539.69 896040 396.383 -2.65565
3940 1315.32 948593 396.292 -2.65457
3950 1251.78 822580 397.241 -2.67122
3960 1236.81 749178 398.387 -2.6886
3970 1061.78 746765 399.192 -2.7004
3980 1191.32 667731 399.488 -2.70413
3990 1312.21 696612 398.836 -2.69447
4000 1461.63 785828 397.41 -2.67346
4010 1424.39 943691 395.982 -2.64872
4020 1398.1 935307 395.56 -2.64086
4030 1222.69 915746 396.195 -2.65231
4040 1325.61 780298 397.638 -2.67625
4050 1326.84 654899 398.915 -2.69394
4060 1177.9 683482 399.156 -2.69676
4070 1262.69 713827 398.466 -2.68694
4080 1313.34 819072 397.178 -2.66729
4090 1272.68 932411 396.076 -2.64801
4100 1343.81 935087 395.938 -2.64499
4110 1457.01 849462 396.799 -2.65952
4120 1460.53 726686 398 -2.67782
4130 1235.23 735960 398.724 -2.68819
4140 1232.11 679656 398.871 -2.69042
4150 1308.04 715097 398.14 -2.68055
4160 1291.45 896253 396.884 -2.66043
4170 1487.74 893290 396.255 -2.64909
4180 1466.95 862709 396.349 -2.65078
4190 1399.96 848629 396.954 -2.66143
4200 1368.6 786385 397.892 -2.67692
4210 1239.74 714390 398.702 -2.68947
4220 1269.89 703651 398.882 -2.69224
4230 1420.35 721817 398.318 -2.68453
4240 1359.72 792409 397.194 -2.66845
4250 1202.1 933761 396.094 -2.65038
4260 1439.94 906398 395.928 -2.64741
4270 1499.91 826971 396.557 -2.65816
4280 1390.73 778439 397.417 -2.67244
4290 1301.81 733689 398.099 -2.68315
4300 1292.69 713749 398.267 -2.68618
4310 1208.68 767898 397.818 -2.68009
4320 1246.97 833409 397.133 -2.66938
4330 1365.96 819475 396.666 -2.66181
4340 1146.13 905112 396.45 -2.65823
4350 1208.62 843534 396.934 -2.66627
4360 1439.56 713417 397.706 -2.67738
4370 1280.09 768417 397.934 -2.68015
4380 1290.99 765547 397.874 -2.67892
4390 1413.67 748813 397.527 -2.67363
4400 1354.55 855051 396.885 -2.66342
4410 1331.06 892027 396.638 -2.65918
4420 1568.34 813524 397.037 -2.66588
4430 1670.36 714182 397.508 -2.67368
4440 1301.87 809191 397.466 -2.67421
4450 1214.71 795342 397.405 -2.6742
4460 1231.49 785046 397.316 -2.6735
4470 1282.97 817478 397.163 -2.67138
4480 1406.8 758089 397.057 -2.67012
4490 1157.6 855144 396.769 -2.66584
4500 1155.4 847928 396.831 -2.66686
4510 1192.43 780026 397.22 -2.67256
4520 1347.52 766372 397.503 -2.67623
4530 1537.46 744718 397.502 -2.67571
4540 1459.3 805018 397.146 -2.67025
4550 1428.57 795895 396.771 -2.66475
4560 1258.23 882815 396.459 -2.66027
4570 1206.58 877604 396.734 -2.66537
4580 1379.73 732655 397.496 -2.67725
4590 1379.47 756396 397.864 -2.6826
4600 1300.55 783639 397.882 -2.68303
4610 1386.37 745731 397.725 -2.68091
4620 1388.57 783471 397.207 -2.67357
4630 1189.46 923783 396.654 -2.66485
4640 1215.38 859310 396.922 -2.66947
4650 1429.7 714447 397.59 -2.67947
4660 1341.39 774466 397.743 -2.68153
4670 1215.92 817950 397.673 -2.68046
4680 1329.43 765302 397.687 -2.68052
4690 1424.09 746487 397.444 -2.67695
4700 1231.49 871825 396.915 -2.66858
4710 1325.29 845604 396.831 -2.66704
4720 1409.71 787477 397.097 -2.67111
4730 1381.59 774530 397.29 -2.67412
4740 1369.05 765704 397.288 -2.67434
4750 1251.45 798448 397.052 -2.67098
4760 1192.85 861422 396.837 -2.66761
4770 1282.22 807409 397.017 -2.6703
4780 1358.99 778826 397.276 -2.67399
4790 1351.24 782971 397.395 -2.67562
4800 1302.95 785206 397.377 -2.67523
4810 1215.01 817896 397.275 -2.67344
4820 1380.27 780040 397.257 -2.67288
4830 1502.18 792758 397.141 -2.6709
4840 1517.47 757396 396.914 -2.66782
4850 1199.02 863516 396.486 -2.6617
4860 1070.84 936141 396.533 -2.66297
4870 1210.92 796949 397.48 -2.67868
4880 1292.47 689555 398.431 -2.69189
4890 1393.74 669449 398.56 -2.6931
4900 1497.09 732769 397.724 -2.68133
4910 1368.43 889163 396.453 -2.66142
4920 1207.02 940204 395.819 -2.65019
4930 1215.26 903371 396.23 -2.65741
4940 1165.54 788794 397.389 -2.67635
4950 1269.13 673684 398.431 -2.69054
4960 1159 743521 398.627 -2.69232
4970 1202.53 739674 398.302 -2.68677
4980 1258.87 781210 397.561 -2.67472
4990 1432.9 840392 396.698 -2.65997
5000 1596.16 846473 396.121 -2.6497
5010 1316.59 943459 396.006 -2.64775
5020 1294.38 849601 396.85 -2.66271
5030 1366.25 714759 398.053 -2.68066
5040 1275.92 729816 398.688 -2.68953
5050 1235.2 719584 398.742 -2.69018
5060 1376.66 707791 398.157 -2.68192
5070 1426.99 818665 396.968 -2.66413
5080 1492.54 886551 395.9 -2.64647
5090 1465.52 949233 395.545 -2.64083
5100 1359.81 875052 396.233 -2.65377
5110 1197.09 802251 397.518 -2.67525
5120 1254.44 717609 398.799 -2.69483
5130 1445.93 599365 399.375 -2.70283
5140 1340.35 698480 398.537 -2.69245
5150 1245.76 851056 396.957 -2.6686
5160 1184.95 940835 395.757 -2.64798
5170 1141.77 989714 395.649 -2.64597
5180 1172.19 856174 396.889 -2.66775
5190 1264.74 677958 398.516 -2.69113
5200 1230.8 641438 399.273 -2.70001
5210 1340.56 671539 398.813 -2.69314
5220 1494.94 770748 397.409 -2.67245
5230 1539.93 895705 395.825 -2.64649
5240 1429.11 1.00973e+06 395.013 -2.63199
5250 1383.19 955931 395.718 -2.64596
5260 1428.94 731778 397.493 -2.67562
5270 1292.17 657036 398.838 -2.69422
5280 1220.21 668801 399.098 -2.698
5290 1290.27 700599 398.333 -2.68807
5300 1201.01 840822 396.892 -2.66648
5310 1248.77 923516 395.758 -2.64672
5320 1292.1 952047 395.568 -2.643
5330 1427.06 852336 396.468 -2.65859
5340 1425.26 701611 397.727 -2.67738
5350 1173.88 702234 398.319 -2.68543
5360 1318.46 690405 398.115 -2.68258
5370 1369.93 776139 397.135 -2.66847
5380 1287.4 908439 396.035 -2.6502
5390 1451.09 904854 395.685 -2.64389
5400 1547.71 860432 396.151 -2.65211
5410 1578.12 746561 397.008 -2.66626
5420 1287.44 759986 397.552 -2.67534
5430 1138.58 729965 397.728 -2.67876
5440 1177.21 775713 397.422 -2.67457
5450 1398.9 807668 396.925 -2.66682
5460 1499.23 797235 396.461 -2.65983
5470 1342.03 882957 396.073 -2.65406
5480 1275.99 905853 396.276 -2.65817
5490 1359.27 811861 397.23 -2.67463
5500 1456.73 664765 398.221 -2.68942
5510 1316.03 704526 398.276 -2.6906
5520 1234.24 808743 397.645 -2.68147
5530 1420.86 777620 396.967 -2.6714
5540 1239.77 927675 396.298 -2.66092
5550 1183.58 920505 396.505 -2.66486
5560 1323.93 747328 397.526 -2.68115
5570 1197.47 729206 398.246 -2.69115
5580 1089.37 737452 398.421 -2.69323
5590 1357.39 720819 398.082 -2.68774
5600 1589.89 739819 397.156 -2.6738
5610 1467.38 895074 395.885 -2.65393
5620 1357.95 1.00492e+06 395.353 -2.64456
5630 1439.21 843692 396.206 -2.65995
5640 1351.7 789897 397.488 -2.68062
5650 1332.04 692175 398.631 -2.69816
5660 1399.53 646631 398.952 -2.70298
5670 1185.05 752568 398.184 -2.69267
5680 1076.51 846890 397.039 -2.67512
5690 1154.37 922159 396.283 -2.66173
5700 1355.38 875033 396.401 -2.66302
5710 1441.65 810315 397.08 -2.6735
5720 1466.11 753724 397.865 -2.68541
5730 1365.75 696211 398.255 -2.69104
5740 1139.37 798291 397.956 -2.68666
5750 1168.94 815152 397.581 -2.6805
5760 1379.65 777418 397.297 -2.67562
5770 1385.25 841880 396.928 -2.66944
5780 1333.8 861184 396.846 -2.6679
5790 1339.1 811836 397.21 -2.67368
5800 1318.41 783201 397.671 -2.6807
5810 1207.31 792207 398.039 -2.68626
5820 1295.3 720365 398.256 -2.68929
5830 1189.73 786303 397.985 -2.68476
5840 1353.93 788561 397.536 -2.67736
5850 1421.53 835541 397.062 -2.66933
5860 1375.91 844759 396.836 -2.66542
5870 1264.16 863189 396.984 -2.66781
5880 1423.9 786323 397.555 -2.67695
5890 1468.17 712034 398.004 -2.68362
5900 1233.72 801905 397.904 -2.6823
5910 1272.05 778858 397.714 -2.67954
5920 1239.94 808006 397.419 -2.67499
5930 1223.85 847847 397.201 -2.67125
5940 1304.12 841127 397.326 -2.67291
5950 1364.63 798739 397.754 -2.67944
5960 1272.36 733344 398.139 -2.6849
5970 1025 834638 398.14 -2.68447
5980 1285.48 773692 398.281 -2.68596
5990 1613.58 679522 398.193 -2.68402
6000 1391.84 869150 397.383 -2.67163
6010 1278.89 877773 396.99 -2.66461
6020 1316.97 802585 397.152 -2.66708
6030 1218.84 849019 397.442 -2.67173
6040 1407.66 734812 397.971 -2.67967
6050 1352.65 758667 398.109 -2.68147
6060 1320.84 744933 397.877 -2.67802
6070 1338.27 813066 397.284 -2.66917
6080 1313.56 898390 396.842 -2.66172
6090 1464.74 788751 396.996 -2.66421
6100 1284.57 865766 397.245 -2.66845
6110 1389.29 760308 397.835 -2.6782
6120 1379.96 737474 398.183 -2.68349
6130 1103.68 835110 398.143 -2.68311
6140 1195.9 729627 398.207 -2.68403
6150 1310.11 763278 397.837 -2.67833
6160 1342.94 864448 397.247 -2.66838
6170 1586.46 791227 397.02 -2.66443
6180 1483.87 830297 396.848 -2.66202
6190 1289.28 827475 396.854 -2.66278
6200 1145.56 847420 397.125 -2.66761
6210 1331.86 736682 397.648 -2.67587
6220 1374.2 721938 397.747 -2.67731
6230 1136.96 853924 397.357 -2.6713
6240 1172.76 810512 397.245 -2.66913
6250 1458.92 770908 397.247 -2.66862
6260 1589.77 778972 397.048 -2.66539
6270 1412.24 841222 396.729 -2.66078
6280 1223.78 878019 396.734 -2.66138
6290 1361.61 761347 397.22 -2.66945
6300 1341.62 764334 397.504 -2.6739
6310 1207.57 792513 397.52 -2.67434
6320 1251.64 766406 397.439 -2.67317
6330 1188.39 809406 397.152 -2.66858
6340 1166.83 852042 396.952 -2.66491
6350 1340 818061 397.099 -2.6666
6360 1396.62 769833 397.386 -2.6704
6370 1388.68 762753 397.456 -2.67103
6380 1410.72 815265 397.302 -2.66839
6390 1702.74 717904 397.137 -2.66624
6400 1462.3 840626 396.515 -2.65798
6410 1013.36 932411 396.199 -2.65347
6420 1085.07 833960 396.776 -2.66341
6430 1275.43 767391 397.645 -2.67674
6440 1297.67 712940 398.249 -2.68505
6450 1225.8 735606 398.233 -2.68432
6460 1366.57 730711 397.677 -2.67589
6470 1444.87 842623 396.693 -2.66047
6480 1506.71 912958 396.03 -2.649
6490 1525.09 845297 396.143 -2.65122
6500 1269.05 878959 396.709 -2.66144
6510 1157.77 773538 397.763 -2.67917
6520 1145.6 709578 398.638 -2.69166
6530 1135.48 746868 398.875 -2.69468
6540 1257.24 718312 398.627 -2.69058
6550 1362.22 796496 397.833 -2.6781
6560 1512.84 826166 396.998 -2.66403
6570 1555.33 860601 396.374 -2.65398
6580 1337.21 942712 396.293 -2.65314
6590 1332.91 806338 397.137 -2.6678
6600 1128.67 790198 398.145 -2.68363
6610 1156.85 688706 398.973 -2.69583
6620 1148.25 689919 399.007 -2.69579
6630 1255.58 766870 398.23 -2.68382
6640 1378.24 812987 397.175 -2.66681
6650 1363.01 936631 396.328 -2.65181
6660 1508.63 862816 396.382 -2.65213
6670 1425.55 857492 397.009 -2.66248
6680 1427.62 773328 398.011 -2.67899
6690 1439.69 674667 398.776 -2.6903
6700 1153.93 760593 398.698 -2.68954
6710 1208.02 745119 398.226 -2.68269
6720 1330.06 791392 397.377 -2.67023
6730 1285.35 916610 396.558 -2.65638
6740 1322.22 867391 396.512 -2.6553
6750 1326.83 870954 397.051 -2.66432
6760 1391.34 767964 398.051 -2.68031
6770 1397.96 691104 398.813 -2.69119
6780 1254.46 765394 398.832 -2.69144
6790 1274.81 722114 398.462 -2.68613
6800 1166.1 839892 397.646 -2.6738
6810 1239.31 884723 397.086 -2.66379
6820 1488.43 832185 397.13 -2.66393
6830 1394.75 893659 397.53 -2.67056
6840 1483.32 712728 398.454 -2.68549
6850 1356.71 688967 398.813 -2.69061
6860 1182.18 808688 398.425 -2.68491
6870 1408.43 708413 397.902 -2.67763
6880 1216.46 912170 396.949 -2.66293
6890 1302.94 886931 396.682 -2.658
6900 1324.13 815565 397.078 -2.66426
6910 1206.17 848521 397.702 -2.67445
6920 1399.87 675239 398.495 -2.68616
6930 1244.07 772457 398.55 -2.68642
6940 1324.18 724478 398.232 -2.68153
6950 1304.78 817098 397.469 -2.67005
6960 1357.47 905206 396.852 -2.65927
6970 1491.36 803999 396.908 -2.65996
6980 1315.26 887339 397.174 -2.66459
6990 1361.95 774468 397.937 -2.67733
7000 1298.18 721227 398.554 -2.6864
7010 1207.82 753489 398.614 -2.68732
7020 1412.73 700460 398.231 -2.682
7030 1417.26 816405 397.22 -2.66724
7040 1468.92 867545 396.299 -2.65215
7050 1429.92 893138 395.902 -2.64618
7060 1206.14 911613 396.252 -2.65321
7070 1346.37 754979 397.315 -2.67068
7080 1199.64 757172 398.154 -2.68322
7090 1150.24 726313 398.607 -2.68989
7100 1307.23 717653 398.5 -2.68811
7110 1447.47 773400 397.798 -2.67752
7120 1504.95 832833 396.9 -2.66344
7130 1481.6 890322 396.303 -2.6538
7140 1452.6 845057 396.305 -2.65461
7150 1103.33 893242 396.774 -2.66342
7160 1267 759186 397.797 -2.68026
7170 1318.57 700703 398.564 -2.69123
7180 1230.89 722690 398.592 -2.6916
7190 1281.87 757279 398.036 -2.6833
7200 1403.17 782087 397.133 -2.66979
7210 1215.46 920481 396.214 -2.65453
7220 1272.19 896665 396.118 -2.6525
7230 1395.94 806306 396.726 -2.66213
7240 1190.26 799013 397.455 -2.67329
7250 1118.16 754949 398.128 -2.68314
7260 1199.95 710523 398.446 -2.68706
7270 1240.38 738492 398.111 -2.68138
7280 1330.41 805735 397.335 -2.66849
7290 1528.71 836549 396.586 -2.65564
7300 1522.29 890995 396.164 -2.64816
7310 1497.58 867063 396.403 -2.65242
7320 1401.42 800049 397.124 -2.66465
7330 1329.56 753724 397.868 -2.67663
7340 1293.84 712086 398.227 -2.68244
7350 1050.74 764602 397.982 -2.67903
7360 1328.51 765015 397.414 -2.67046
7370 1402.1 846774 396.649 -2.65838
7380 1217.56 922366 396.268 -2.65177
7390 1262.87 864920 396.738 -2.65965
7400 1419.58 767340 397.694 -2.67461
7410 1481.01 702939 398.404 -2.68463
7420 1400.4 726608 398.412 -2.68496
7430 1309.41 762672 397.847 -2.67718
7440 1302.33 827372 397.027 -2.66474
7450 1266.55 921360 396.48 -2.65578
7460 1389.2 849627 396.73 -2.66011
7470 1365.65 819371 397.43 -2.67157
7480 1347.96 737050 398.226 -2.68411
7490 1290.53 688114 398.541 -2.6888
7500 1214.72 759605 398.075 -2.68218
7510 1319.1 788266 397.255 -2.66975
7520 1385.72 872641 396.418 -2.65617
7530 1466.07 888969 396.106 -2.65086
7540 1437.82 859056 396.456 -2.65718
7550 1214.52 841535 397.288 -2.67156
7560 1215.25 722287 398.349 -2.68812
7570 1293.6 689187 398.855 -2.69501
7580 1326.38 750710 398.565 -2.69065
7590 1525.87 705608 397.789 -2.67975
7600 1283 886693 396.484 -2.6603
7610 1212.93 975234 395.803 -2.64803
7620 1383.84 861560 396.344 -2.65736
7630 1207.63 839144 397.45 -2.6757
7640 1250.54 694159 398.73 -2.69498
7650 1286.03 693015 399.289 -2.70199
7660 1265.02 714892 399.012 -2.69767
7670 1316.31 712727 398.039 -2.68405
7680 1211.61 953858 396.615 -2.66081
7690 1568.84 901165 396.159 -2.65156
7700 1585.96 864520 396.549 -2.65804
7710 1278.44 843764 397.449 -2.67391
7720 1212.39 710834 398.572 -2.69119
7730 1081.08 780200 399.172 -2.69979
7740 1322.56 653706 399.425 -2.70337
7750 1393.97 673758 398.649 -2.69329
7760 1200.51 930131 397.094 -2.6686
7770 1394.44 887240 396.306 -2.65388
7780 1252.27 962604 396.378 -2.65502
7790 1370.7 809865 397.49 -2.67407
7800 1417.74 690443 398.722 -2.69167
7810 1235.12 724893 399.193 -2.69795
7820 1272.55 688849 398.995 -2.69517
7830 1212.26 804270 398.051 -2.68142
7840 1166.72 916435 397.17 -2.66588
7850 1359.01 828752 397.046 -2.66293
7860 1301.21 874490 397.277 -2.66614
7870 1405.21 774809 397.964 -2.67675
7880 1447.97 715867 398.486 -2.68392
7890 1288.65 766655 398.424 -2.6829
7900 1262.29 757435 398.046 -2.67724
7910 1206.35 853718 397.44 -2.66758
7920 1315.9 879533 397.205 -2.66318
7930 1480.37 791022 397.509 -2.66767
7940 1354 819542 397.851 -2.67291
7950 1393.73 765407 398.26 -2.67941
7960 1356.35 765544 398.443 -2.68231
7970 1313.21 790675 398.381 -2.68157
7980 1423.22 738638 398.18 -2.6789
7990 1397.14 819272 397.617 -2.67079
8000 1296.34 864178 397.184 -2.66415
8010 1213.58 839098 397.211 -2.66485
8020 1428.09 788309 397.531 -2.67011
8030 1469.98 760699 397.767 -2.67399
8040 1288.45 817610 397.775 -2.67462
8050 1371.35 765500 397.82 -2.67583
8060 1248.64 818259 397.689 -2.67425
8070 1177.65 875812 397.729 -2.67519
8080 1423.78 726856 398.172 -2.68211
8090 1386.14 753041 398.19 -2.68242
8100 1232.95 834172 397.893 -2.67787
8110 1427.35 787979 397.75 -2.67573
8120 1339.28 843933 397.618 -2.67386
8130 1230.91 817439 397.767 -2.67644
8140 1409.22 751506 398.022 -2.68042
8150 1508.01 757357 397.954 -2.67964
8160 1396.09 793622 397.572 -2.67447
8170 1216.41 850677 397.172 -2.66868
8180 1163.88 857894 397.141 -2.66844
8190 1309.22 813316 397.529 -2.67471
8200 1436.53 741334 397.994 -2.68173
8210 1423.46 749426 398.051 -2.68271
8220 1269.43 833477 397.793 -2.67896
8230 1341.68 746888 397.638 -2.67687
8240 1189.52 851600 397.252 -2.67104
8250 1260.32 876057 397.196 -2.67003
8260 1394.86 820023 397.706 -2.67815
8270 1482.08 706508 398.294 -2.687
8280 1179.32 783280 398.302 -2.68716
8290 1012.8 860791 398.188 -2.68526
8300 1276.3 730347 398.382 -2.68771
8310 1330.72 759281 398.154 -2.68368
8320 1225.9 864973 397.7 -2.67561
8330 1498.24 749577 397.556 -2.67266
8340 1436.59 854915 397.224 -2.66712
8350 1399.92 837169 397.206 -2.66678
8360 1410.73 813636 397.5 -2.67163
8370 1371.57 782267 397.893 -2.67816
8380 1307.63 748155 398.129 -2.68207
8390 1266.1 797111 398.043 -2.68099
8400 1405.41 727872 397.823 -2.67804
8410 1343.11 819736 397.183 -2.66877
8420 1239.69 882376 396.693 -2.66077
8430 1419.04 809038 396.74 -2.66164
8440 1308.87 847958 396.952 -2.6653
8450 1099.95 833984 397.508 -2.67469
8460 1273.15 713647 398.235 -2.68545
8470 1388.27 714050 398.374 -2.68696
8480 1374.1 736523 397.844 -2.67919
8490 1262.74 861467 396.918 -2.66479
8500 1439.54 883941 396.401 -2.65573
8510 1445.23 875899 396.538 -2.65811
8520 1340.28 854056 397.259 -2.67075
8530 1387.11 731387 398.319 -2.68754
8540 1312.49 699499 398.891 -2.69592
8550 1142.12 750972 398.744 -2.69395
8560 1300.44 729690 398.136 -2.68529
8570 1228.57 876219 397.137 -2.66959
8580 1394.93 893216 396.653 -2.66076
8590 1461.89 828027 396.836 -2.66354
8600 1313.6 849566 397.317 -2.67167
8610 1302.13 788115 398.113 -2.68445
8620 1282.01 720297 398.814 -2.69496
8630 1298.6 669814 398.872 -2.69591
8640 1153.44 792984 398.064 -2.68396
8650 1282.93 832205 397.13 -2.66875
8660 1277.15 896649 396.502 -2.65773
8670 1247.52 881930 396.575 -2.65843
8680 1343.31 803029 397.243 -2.66873
8690 1423.44 728121 397.936 -2.67859
8700 1352.27 735091 398.105 -2.68068
8710 1310.86 784518 397.82 -2.67614
8720 1490.06 747488 397.336 -2.66901
8730 1325.55 881122 396.592 -2.6575
8740 1290.07 901241 396.41 -2.6545
8750 1440.53 803459 396.934 -2.66323
8760 1491.68 746874 397.513 -2.67245
8770 1278.77 759959 397.714 -2.67605
8780 954.12 837412 397.668 -2.67562
8790 1187.07 769403 397.795 -2.67736
8800 1354.37 774203 397.74 -2.6759
8810 1367.1 821714 397.523 -2.67194
8820 1409 797451 397.437 -2.67017
8830 1522.98 764005 397.305 -2.66818
8840 1400.49 846444 397.011 -2.66387
8850 1270.09 864283 397.023 -2.66455
8860 1265.66 789085 397.478 -2.67222
8870 1313.06 739895 397.857 -2.67794
8880 1284.89 810671 397.868 -2.6781
8890 1333.09 766949 397.855 -2.67794
8900 1167.58 779782 397.651 -2.67474
8910 1151.09 822488 397.305 -2.6691
8920 1194.21 844080 397.132 -2.66562
8930 1324.82 822060 397.28 -2.66714
8940 1452.22 781332 397.58 -2.67106
8950 1487.22 775991 397.773 -2.67351
8960 1446.15 768571 397.762 -2.67337
8970 1400.88 774157 397.526 -2.67012
8980 1356.87 836606 397.134 -2.66448
8990 1362.55 842008 396.998 -2.66269
9000 1289.34 802980 397.161 -2.66572
9010 1192.5 804088 397.382 -2.66948
9020 1266.23 807164 397.632 -2.6734
9030 1229.29 801056 397.933 -2.67799
9040 1320.47 734371 398.201 -2.68174
9050 1427.07 737239 397.99 -2.6785
9060 1440.31 828752 397.383 -2.66902
9070 1514.77 808075 396.904 -2.66172
9080 1281.39 884087 396.593 -2.65729
9090 1253.03 859710 396.859 -2.66228
9100 1382.58 762971 397.543 -2.67335
9110 1293.72 730449 397.981 -2.68002
9120 1155.99 757247 397.906 -2.67908
9130 1208.37 786136 397.51 -2.67286
9140 1368.76 807976 397.001 -2.66466
9150 1308.42 882608 396.612 -2.65796
9160 1386.77 830226 396.782 -2.6605
9170 1551.91 747906 397.161 -2.66626
9180 1418.02 802553 397.24 -2.66782
9190 1272.69 803763 397.298 -2.66929
9200 1252.69 764505 397.355 -2.67056
9210 1271.59 805807 397.205 -2.6684
9220 1462.97 789730 397.06 -2.66621
9230 1463.74 772574 396.833 -2.66322
9240 1199.03 884067 396.506 -2.65853
9250 1341.78 836831 396.716 -2.66236
9260 1526.68 748361 397.181 -2.66981
9270 1250.16 810711 397.375 -2.67329
9280 1205.11 787203 397.554 -2.67651
9290 1243.77 793777 397.681 -2.67856
9300 1367.32 747534 397.708 -2.67896
9310 1236.88 824392 397.429 -2.6746
9320 1310.87 823912 397.288 -2.67213
9330 1387.06 791887 397.307 -2.67223
9340 1267.83 841554 397.346 -2.67277
9350 1334.87 758566 397.598 -2.67659
9360 1378.5 754326 397.584 -2.67632
9370 1285.43 832271 397.288 -2.67166
9380 1283.39 821467 397.169 -2.66969
9390 1173.65 844669 397.269 -2.67112
9400 1323.31 752555 397.621 -2.67627
9410 1441.72 733932 397.658 -2.67641
9420 1353.32 838764 397.276 -2.67034
9430 1396.35 822664 397.111 -2.6676
9440 1454.18 789558 397.118 -2.66789
9450 1381.6 833070 397.106 -2.66815
9460 1356.88 804311 397.297 -2.67175
9470 1283.65 768076 397.526 -2.67572
9480 1302.43 763572 397.521 -2.676
9490 1311.13 802899 397.269 -2.67238
9500 1313.27 830809 397.04 -2.66889
9510 1270.3 816854 397.025 -2.66879
9520 999.514 835056 397.171 -2.67107
9530 879.946 818084 397.564 -2.67691
9540 1056.91 734891 398.05 -2.68317
9550 1362.24 681523 398.041 -2.68133
9560 1533.56 764243 397.21 -2.66775
9570 1600.27 844061 396.111 -2.64917
9580 1668.61 907961 395.361 -2.63638
9590 1444.39 970943 395.476 -2.63935
9600 1348.67 843624 396.77 -2.663
9610 1339.39 695552 398.382 -2.68792
9620 1286.74 627934 399.219 -2.69953
9630 1450.65 623747 398.729 -2.69426
9640 1383.56 788401 396.991 -2.67119
9650 1141.43 979306 395.22 -2.64134
9660 1216.78 1.03662e+06 394.782 -2.63317
9670 1394.83 879728 396.011 -2.65586
9680 1351.24 717102 397.862 -2.68453
9690 1324.3 623385 399.082 -2.70084
9700 1232.74 626224 398.963 -2.69953
9710 1097.96 783145 397.604 -2.68058
9720 1200.63 891357 396.097 -2.65522
9730 1243.13 968333 395.312 -2.64058
9740 1140.34 972589 395.802 -2.64927
9750 1339.17 758622 397.465 -2.67618
9760 1540.53 611954 398.83 -2.69343
9770 1433.71 684496 398.871 -2.69312
9780 1410.18 740255 397.974 -2.68039
9790 1394.24 865376 396.692 -2.66073
9800 1401.17 942356 395.92 -2.64729
9810 1581.65 865826 396.144 -2.65159
9820 1487.64 834296 396.929 -2.6657
9830 1302.3 726599 397.898 -2.68179
9840 1085.32 727714 398.379 -2.68931
9850 1131.78 714527 398.265 -2.68799
9860 1202.25 756290 397.525 -2.67741
9870 1156.57 906519 396.556 -2.66124
9880 1413.9 852924 396.26 -2.65533
9890 1361.47 867683 396.461 -2.65813
9900 1338.84 815374 397.129 -2.6689
9910 1600.28 688667 397.852 -2.67946
9920 1595.21 713542 397.815 -2.67939
9930 1315.33 815211 397.154 -2.67046
9940 1228.53 867687 396.598 -2.66206
9950 1349.27 832996 396.51 -2.66111
9960 1360.49 836761 396.72 -2.66502
9970 1349.08 806538 397.2 -2.67328
9980 1268.62 738694 397.679 -2.68097
9990 1224.61 786882 397.777 -2.68261
10000 1438.75 753269 397.704 -2.68162
