# Time-averaged data for fix 2
# TimeStep c_mytemp c_mypress v_vmyvol v_avgEtotal
10 1194.86 871009 396.004 -2.68943
20 1137.76 819358 396.604 -2.69939
30 1201.67 734529 397.349 -2.71072
40 1302.55 696519 397.533 -2.71346
50 1100.32 809633 396.947 -2.70497
60 1080.28 830129 396.366 -2.69564
70 1163.06 867417 396.09 -2.69108
80 1090.04 879586 396.391 -2.69617
90 1007.87 803377 397.317 -2.71095
100 1111.12 689107 398.223 -2.72386
110 1200.72 673072 398.216 -2.72315
120 1194.48 795264 397.216 -2.70796
130 1342.19 834705 396.116 -2.69
140 1278.84 925286 395.399 -2.678
150 1215.43 921067 395.716 -2.68409
160 1258.78 765243 396.961 -2.7047
170 1202.68 701616 397.963 -2.71945
180 1090.88 687377 398.116 -2.72201
190 924.721 754250 397.34 -2.71127
200 886.434 880479 396.239 -2.69336
210 1034.55 911658 395.782 -2.68462
220 1142.32 853509 396.248 -2.6915
230 1229.15 747583 397.129 -2.70405
240 1235.44 742785 397.634 -2.71044
250 1375.64 711404 397.59 -2.70933
260 1279.73 786582 396.862 -2.69872
270 1017.82 920697 396.1 -2.68617
280 1178.93 841371 396.211 -2.68782
290 1271.54 799108 396.737 -2.69599
300 1158.42 789654 397.269 -2.70429
310 1159.46 744546 397.674 -2.71047
320 1142.56 735304 397.616 -2.70966
330 1087.15 804801 397.055 -2.70112
340 1195.17 867581 396.554 -2.69269
350 1452.92 799780 396.544 -2.69236
360 1426.76 770598 396.563 -2.69328
370 1057.35 883938 396.465 -2.6927
380 1064.52 797911 396.922 -2.7008
390 1170.38 722470 397.372 -2.70772
400 1038.37 785662 397.256 -2.70606
410 1073.22 792402 396.962 -2.70143
420 1145.58 810042 396.626 -2.69587
430 1209.13 824360 396.38 -2.69159
440 1208.1 834450 396.36 -2.69099
450 1305.86 774190 396.578 -2.69435
460 1230.56 781095 396.63 -2.69528
470 1132.98 812304 396.542 -2.69416
480 1156.36 798019 396.521 -2.69399
490 1223.85 815173 396.523 -2.69413
500 1366.58 775511 396.604 -2.69569
510 1295.69 795827 396.527 -2.69516
520 1161.83 850892 396.453 -2.69483
530 1112.4 797911 396.727 -2.69988
540 1171.35 769086 397.022 -2.7048
550 1219.74 751062 397.029 -2.70536
560 1098.4 809963 396.691 -2.70054
570 1065.96 833248 396.406 -2.69616
580 1027.41 848145 396.423 -2.69635
590 1123.37 811803 396.821 -2.70248
600 1268.84 740360 397.293 -2.7092
610 1282.88 747274 397.296 -2.70903
620 1169.07 811968 396.891 -2.70282
630 1249.22 802990 396.537 -2.69729
640 1288.59 833032 396.246 -2.69302
650 1150.52 881554 396.292 -2.69427
660 1241.58 763980 396.886 -2.70416
670 1127.36 784353 397.3 -2.71068
680 1161.07 764501 397.52 -2.71434
690 1254.72 734347 397.429 -2.71331
700 1182.45 787795 396.822 -2.70476
710 992.171 903823 396.193 -2.69467
720 1075.87 850604 396.326 -2.69679
730 1079.03 798712 396.926 -2.70603
740 1090.96 766341 397.511 -2.71448
750 1115.31 744612 397.811 -2.71834
760 1134.34 714002 397.604 -2.71481
770 1063.73 826446 396.762 -2.70163
780 1029.61 934743 396.188 -2.69103
790 1249.88 800107 396.583 -2.69652
800 1223.66 763594 397.077 -2.70308
810 1286.82 760988 397.264 -2.70532
820 1422.95 746097 397.097 -2.70273
830 1295.91 829887 396.544 -2.69471
840 1173.47 887957 396.252 -2.69041
850 1264.46 804964 396.614 -2.69692
860 1119.17 801458 397.091 -2.70494
870 1011.93 769565 397.552 -2.71248
880 1147.02 709019 397.71 -2.71493
890 1132.95 786498 397.192 -2.70721
900 1137.47 851674 396.541 -2.6967
910 1167.93 871799 396.335 -2.69302
920 1189.56 810142 396.691 -2.69864
930 1064.59 788506 397.174 -2.70591
940 1024.9 779094 397.56 -2.7115
950 1201.07 723027 397.713 -2.71324
960 1378.31 749906 397.261 -2.70628
970 1344.81 845163 396.441 -2.69346
980 1268.12 880418 395.968 -2.68602
990 1078.13 909410 396.233 -2.69127
1000 1117.39 785602 397.309 -2.70928
1010 1227.07 682962 398.278 -2.72342
1020 1232.81 677150 398.27 -2.7236
1030 995.532 791251 397.282 -2.70951
1040 972.487 877909 396.217 -2.69201
1050 1052.07 899521 395.802 -2.68436
1060 1067.74 862694 396.218 -2.69075
1070 1087.33 779152 397.152 -2.70483
1080 1191.9 690382 397.871 -2.71429
1090 1233.96 731317 397.738 -2.71145
1100 1364.74 763812 396.983 -2.69975
1110 1367.06 850451 395.975 -2.68402
1120 1197.32 948670 395.454 -2.67538
1130 1205.25 862850 396.074 -2.68657
1140 1191.23 763932 397.245 -2.70552
1150 1150.1 688408 398.092 -2.71799
1160 1059.88 724208 398.04 -2.71739
1170 1081.09 785031 397.344 -2.70699
1180 1127.63 830765 396.507 -2.6937
1190 1150.47 919360 396.016 -2.68514
1200 1262.62 823855 396.409 -2.6914
1210 1104.33 802032 397.086 -2.70175
1220 1066.63 769037 397.762 -2.71211
1230 1265.39 670304 398.092 -2.71657
1240 1221.45 759626 397.441 -2.70716
1250 1152.1 858737 396.45 -2.69132
1260 1146.41 890318 395.943 -2.68262
1270 1204.96 870428 396.2 -2.68687
1280 1307.07 788236 397.017 -2.70004
1290 1240.3 726513 397.744 -2.71106
1300 1156.63 715985 397.853 -2.71295
1310 1063.31 794611 397.297 -2.70495
1320 1101.9 829769 396.667 -2.69487
1330 1154.04 851980 396.308 -2.68889
1340 1098.87 874234 396.406 -2.69038
1350 1228.38 793424 397.081 -2.70112
1360 1359.38 725097 397.698 -2.71002
1370 1181.47 774412 397.75 -2.7109
1380 1116.14 769108 397.526 -2.70774
1390 1202.84 785125 397.056 -2.70079
1400 1148.52 877189 396.537 -2.69256
1410 1147.17 864995 396.616 -2.69394
1420 1280.06 756732 397.187 -2.70297
1430 1234.92 754776 397.464 -2.7072
1440 1090.94 817999 397.4 -2.70647
1450 1167.68 753947 397.377 -2.70628
1460 1100.73 799358 397.056 -2.70152
1470 1075.38 856506 396.749 -2.69643
1480 1159.72 812233 396.857 -2.69784
1490 1215.65 775796 397.082 -2.70102
1500 1275.64 779235 397.128 -2.70157
1510 1095.25 809233 397.02 -2.69984
1520 1082.85 788649 396.943 -2.69858
1530 1097 824742 396.833 -2.69654
1540 1167.63 832867 396.918 -2.69752
1550 1305.57 745756 397.207 -2.70164
1560 1334.77 760381 397.11 -2.70018
1570 1231.54 844475 396.731 -2.69448
1580 1264.62 795578 396.628 -2.69327
1590 1141.49 825953 396.566 -2.69286
1600 1058.75 853259 396.743 -2.69619
1610 1260.2 745254 397.26 -2.70442
1620 1308 732732 397.381 -2.70648
1630 1174.31 797132 396.97 -2.70084
1640 1048.32 832641 396.521 -2.69406
1650 1126.77 825198 396.328 -2.69109
1660 1207.38 838710 396.393 -2.69216
1670 1236.05 788832 396.735 -2.69764
1680 1218.61 757989 396.999 -2.70185
1690 1174.51 786814 396.942 -2.70122
1700 1259.65 796457 396.76 -2.69862
1710 1404.1 759571 396.509 -2.6954
1720 1219.9 840336 396.007 -2.68864
1730 838.13 946892 395.906 -2.6878
1740 987.179 805302 396.872 -2.70432
1750 1207.23 683911 397.908 -2.71891
1760 1243.73 696076 398.008 -2.71987
1770 1130.21 765671 397.242 -2.70864
1780 1132.22 846428 396.19 -2.69202
1790 1225.51 920039 395.581 -2.68132
1800 1325.32 851960 395.896 -2.68653
1810 1131.85 812603 396.709 -2.69985
1820 1169.92 729108 397.576 -2.71311
1830 1349.82 690968 397.852 -2.71715
1840 1282.12 724368 397.217 -2.70891
1850 998.908 881822 396.035 -2.69118
1860 952.235 956153 395.535 -2.68239
1870 1255.31 803700 396.205 -2.69331
1880 1173.26 789286 397.039 -2.70587
1890 1175.09 713278 397.706 -2.71581
1900 1324.83 658334 397.611 -2.71478
1910 1076.47 839393 396.486 -2.69834
1920 1091.88 901996 395.613 -2.68337
1930 1170.21 872923 395.58 -2.68257
1940 1088.78 855869 396.208 -2.69296
1950 1151.73 758651 397.249 -2.70912
1960 1236.86 675784 397.924 -2.71833
1970 1241.67 714968 397.59 -2.71359
1980 1113.44 852792 396.613 -2.69846
1990 1252.17 858738 395.993 -2.68793
2000 1293.17 867775 395.911 -2.68667
2010 1122.85 869672 396.432 -2.69587
2020 1113 741117 397.441 -2.71192
2030 1149.74 674415 397.975 -2.7194
2040 1121.43 740670 397.504 -2.71273
2050 1033.26 826417 396.534 -2.6976
2060 979.092 890380 395.798 -2.68498
2070 1084.62 904281 395.834 -2.68492
2080 1240.09 804696 396.686 -2.69812
2090 1222.34 735159 397.601 -2.71108
2100 1255.04 705518 397.965 -2.71576
2110 1267.2 749403 397.546 -2.70956
2120 1241.94 830197 396.732 -2.69687
2130 1372.86 849382 396.141 -2.6875
2140 1279.2 878810 396.016 -2.68608
2150 1080.45 839449 396.521 -2.69522
2160 960.865 794151 397.368 -2.70906
2170 1030.66 731614 398.149 -2.72071
2180 1225.8 654152 398.281 -2.72242
2190 1147.54 785858 397.324 -2.70852
2200 1265.99 856500 396.192 -2.68987
2210 1439.15 875291 395.54 -2.67903
2220 1266.78 919282 395.594 -2.6807
2230 1070.27 822461 396.566 -2.69786
2240 999.266 720935 397.727 -2.71561
2250 1040.37 689328 398.235 -2.72259
2260 1058.39 720810 397.806 -2.7163
2270 1150.43 801074 396.733 -2.69973
2280 1232.77 885689 395.688 -2.68216
2290 1202.57 968588 395.428 -2.67732
2300 1290.51 816046 396.438 -2.6946
2310 1277.18 707223 397.628 -2.71203
2320 1133.61 721234 398.085 -2.71861
2330 1093.02 716357 397.817 -2.71502
2340 1057.3 811701 396.906 -2.70147
2350 1057.56 894021 396.115 -2.68792
2360 1175.59 878911 396.069 -2.68659
2370 1122.62 855789 396.731 -2.6974
2380 1135.04 735972 397.782 -2.71318
2390 1125.43 704299 398.339 -2.72045
2400 1216.27 697252 398.057 -2.71605
2410 1338.82 790834 396.953 -2.69981
2420 1380.99 939285 395.86 -2.68136
2430 1433.77 852028 395.785 -2.68043
2440 1049.83 885488 396.292 -2.68989
2450 851.906 813647 397.453 -2.71012
2460 1087.73 656535 398.648 -2.72706
2470 1104.68 664556 398.701 -2.72728
2480 1083.9 727290 397.587 -2.71172
2490 1097.35 882529 395.945 -2.68533
2500 1251.1 958656 394.987 -2.66756
2510 1263.43 927783 395.346 -2.67358
2520 1236.43 819712 396.772 -2.69766
2530 1298.41 649918 398.281 -2.71949
2540 1169.73 655917 398.602 -2.72363
2550 1118.99 748378 397.713 -2.71138
2560 1191.79 821662 396.366 -2.69084
2570 1157.24 952263 395.296 -2.6728
2580 1211.5 926511 395.443 -2.67548
2590 1299.43 793170 396.614 -2.69492
2600 1242.18 709240 397.752 -2.7121
2610 1187.71 672778 398.107 -2.71748
2620 1039.3 749465 397.433 -2.7084
2630 983.399 853499 396.353 -2.69152
2640 1036.07 890633 395.702 -2.68015
2650 1187.47 868137 395.824 -2.68166
2660 1329.28 788765 396.487 -2.69174
2670 1295.64 761167 397.093 -2.70076
2680 1215.16 733526 397.346 -2.70467
2690 1161.17 762462 397.057 -2.70071
2700 1148.14 837784 396.493 -2.69204
2710 1237.11 832426 396.196 -2.68733
2720 1219.95 846226 396.221 -2.68797
2730 1205.44 826449 396.618 -2.6948
2740 1111.9 770570 397.218 -2.70447
2750 1035.87 746076 397.583 -2.70999
2760 1136.6 731271 397.47 -2.70826
2770 1120.71 803710 396.83 -2.69848
2780 1117.2 861365 396.228 -2.68826
2790 1207.55 845046 396.109 -2.68587
2800 1166.49 852620 396.43 -2.6909
2810 1252.13 752780 397.102 -2.70116
2820 1256.86 729033 397.426 -2.70575
2830 1258.8 746409 397.15 -2.7019
2840 1265.18 812726 396.455 -2.69167
2850 1301.77 852562 395.862 -2.68255
2860 1247.49 854659 395.712 -2.68081
2870 1052.34 890483 396.087 -2.68798
2880 1018.73 787208 397.118 -2.70533
2890 1133.15 675718 398.033 -2.71849
2900 1144.42 674829 397.924 -2.71696
2910 1111.93 775358 396.796 -2.70075
2920 1165.36 900855 395.502 -2.67936
2930 1324.77 910283 395.015 -2.67045
2940 1234.74 881626 395.476 -2.67851
2950 1086.79 807373 396.612 -2.69749
2960 1209.86 689584 397.757 -2.71433
2970 1243.63 690023 398.018 -2.71787
2980 1262.46 742607 397.344 -2.70858
2990 1293.41 818688 396.196 -2.69163
3000 1142.12 925564 395.272 -2.67666
3010 1057.91 930550 395.372 -2.67895
3020 1025.34 826169 396.534 -2.69891
3030 1133.92 700210 397.887 -2.71886
3040 1145.96 661151 398.418 -2.72567
3050 1227.78 702729 397.774 -2.71681
3060 1272.85 833053 396.365 -2.69547
3070 1305.27 951517 395.267 -2.67672
3080 1307.62 934184 395.407 -2.67969
3090 1239.72 803723 396.619 -2.70062
3100 978.088 765151 397.948 -2.72144
3110 1093.13 641761 398.851 -2.7345
3120 1117.06 653877 398.466 -2.72968
3130 935.833 850748 396.955 -2.70716
3140 997.492 934773 395.823 -2.68671
3150 1233.37 880244 395.782 -2.68491
3160 1199.05 867327 396.489 -2.69604
3170 1242.93 759347 397.692 -2.71482
3180 1362.38 647034 398.521 -2.726
3190 1189.65 714363 398.132 -2.72075
3200 1108.87 829039 397.044 -2.70422
3210 1256.92 854839 396.155 -2.68966
3220 1180.12 909852 395.781 -2.68357
3230 960.371 926532 396.381 -2.69468
3240 1262.18 698246 397.846 -2.71765
3250 1282.04 645413 398.56 -2.72681
3260 1100.54 731940 398.005 -2.71918
3270 1191.06 802799 396.848 -2.70171
3280 1294.68 866470 395.734 -2.68378
3290 1132.37 976072 395.274 -2.6761
3300 1111.88 880930 396.185 -2.69277
3310 1174.68 689983 397.721 -2.7162
3320 1105.93 660348 398.398 -2.72497
3330 1038.76 722228 397.91 -2.71797
3340 1103.14 784518 396.734 -2.70038
3350 1128.79 913225 395.521 -2.67985
3360 1375.35 905691 395.2 -2.67351
3370 1430.32 844689 395.775 -2.68313
3380 1209.52 776074 396.723 -2.69864
3390 1109.06 741594 397.48 -2.71033
3400 1151.38 720053 397.726 -2.71422
3410 1155.94 715053 397.27 -2.7082
3420 950.14 870671 396.222 -2.6922
3430 1032.38 909342 395.717 -2.68299
3440 1353.7 817298 396.066 -2.68809
3450 1389.08 806549 396.644 -2.69703
3460 1346.58 751989 397.23 -2.70641
3470 1257.64 726565 397.41 -2.70981
3480 1098.06 778702 397.016 -2.7047
3490 1124.63 816111 396.412 -2.69589
3500 1071.86 876057 396.014 -2.68961
3510 977.249 843752 396.191 -2.69253
3520 982.766 809887 396.764 -2.70148
3530 1142.6 718241 397.365 -2.70985
3540 1107.49 715869 397.309 -2.70831
3550 1063.85 820002 396.615 -2.69699
3560 1375.52 835133 396.024 -2.68652
3570 1470.43 845528 395.762 -2.6818
3580 1290.92 865110 395.912 -2.6847
3590 1120.47 818408 396.582 -2.69628
3600 1159.95 736308 397.37 -2.70862
3610 1100.98 741648 397.671 -2.71315
3620 1144.62 735895 397.432 -2.70984
3630 1092.11 814478 396.717 -2.69905
3640 1151.27 866835 396.116 -2.68898
3650 1287.85 865140 396.076 -2.68811
3660 1227.53 805295 396.559 -2.69605
3670 1008.53 787053 397.123 -2.70479
3680 1094.9 751335 397.549 -2.71115
3690 1212.65 740931 397.57 -2.71109
3700 1254.4 774609 397.097 -2.7038
3710 1218.65 842401 396.449 -2.69363
3720 1112.55 891181 396.173 -2.68907
3730 1077.83 827576 396.61 -2.69625
3740 1100.61 772366 397.298 -2.70665
3750 1254.49 721146 397.732 -2.71269
3760 1312.58 732357 397.52 -2.70952
3770 1233.75 799284 396.764 -2.69828
3780 1123.29 873214 396.023 -2.68657
3790 1049.65 898035 395.9 -2.68457
3800 1114.3 817051 396.56 -2.69538
3810 1220.95 726435 397.348 -2.70696
3820 1217.77 724889 397.558 -2.70975
3830 1127.22 767275 397.136 -2.70352
3840 1045.14 847008 396.471 -2.69291
3850 1141.15 859953 396.177 -2.68763
3860 1308.21 822550 396.374 -2.69039
3870 1431.26 793899 396.785 -2.69683
3880 1326.55 770422 397.129 -2.70265
3890 1059.11 807084 397.28 -2.7057
3900 1053.53 754259 397.403 -2.70802
3910 1070.41 773570 397.19 -2.70495
3920 1067.86 832978 396.792 -2.69849
3930 1274.63 797480 396.6 -2.69511
3940 1372.44 832073 396.467 -2.69293
3950 1285.74 834141 396.574 -2.69509
3960 1096.67 814996 396.987 -2.70222
3970 1183.61 750634 397.477 -2.71012
3980 1066.97 776804 397.61 -2.71227
3990 915.665 830967 397.563 -2.71148
4000 1136 759848 397.685 -2.71297
4010 1296.17 738769 397.496 -2.70972
4020 1090.9 850590 396.887 -2.69995
4030 979.068 871481 396.674 -2.69591
4040 1353.43 768410 396.96 -2.6998
4050 1268.05 827051 397.137 -2.70208
4060 1302.07 776403 397.433 -2.70677
4070 1340.71 752293 397.562 -2.70902
4080 1108.91 812773 397.329 -2.70605
4090 927.613 854893 397.213 -2.70445
4100 1099.78 767061 397.463 -2.70824
4110 1126.34 783539 397.523 -2.70872
4120 1124.8 824289 397.46 -2.70729
4130 1320.82 742305 397.5 -2.70752
4140 1267.59 788140 397.14 -2.70215
4150 930.186 946335 396.808 -2.69676
4160 1187.14 773731 397.455 -2.70721
4170 1354.37 710768 397.985 -2.7144
4180 1314.09 765698 397.814 -2.7119
4190 1240.13 783270 397.305 -2.70466
4200 1124.48 848458 396.714 -2.69577
4210 1107.46 856694 396.493 -2.69241
4220 1032.91 891900 396.835 -2.6984
4230 1218.95 738543 397.794 -2.71366
4240 1252.26 694080 398.307 -2.72063
4250 1168.51 761621 397.976 -2.71579
4260 1215.91 763082 397.238 -2.705
4270 1000.74 915065 396.333 -2.69062
4280 962.863 944198 396.36 -2.69101
4290 1261.13 747284 397.443 -2.70801
4300 1220.69 720802 398.222 -2.71851
4310 1054.49 731604 398.299 -2.71928
4320 1003.42 788347 397.824 -2.71171
4330 1258.93 774663 397.197 -2.70132
4340 1431.45 796587 396.372 -2.68852
4350 1146.03 991062 395.722 -2.67758
4360 1380.09 815640 396.398 -2.68942
4370 1280.21 743877 397.32 -2.70357
4380 856.998 829233 397.889 -2.71287
4390 1084.29 674215 398.467 -2.72167
4400 1161.18 707131 398.105 -2.71654
4410 1044.36 864571 397.043 -2.69965
4420 1117.22 888196 396.435 -2.68879
4430 1282.99 823686 396.56 -2.6902
4440 1339.62 774561 396.9 -2.69511
4450 1159.5 836615 397.127 -2.69874
4460 1384.85 718787 397.499 -2.7047
4470 1355.44 747485 397.282 -2.7023
4480 1080.21 872127 396.71 -2.69394
4490 1052.57 814593 396.599 -2.69259
4500 941.589 847906 396.726 -2.69476
4510 1154.23 780833 397.182 -2.70184
4520 1333.51 704213 397.45 -2.70547
4530 1244.61 793856 397.024 -2.69913
4540 1284.05 833629 396.504 -2.69104
4550 1355.43 814748 396.24 -2.68736
4560 1066.19 862743 396.178 -2.68709
4570 988.535 849524 396.617 -2.69486
4580 1183.05 728710 397.4 -2.70699
4590 1150.26 698715 397.613 -2.70996
4600 948.921 820275 397.08 -2.7017
4610 1259.88 796022 396.582 -2.69336
4620 1374.65 837271 396.146 -2.68615
4630 1236.2 878673 396.037 -2.68452
4640 1322.04 798696 396.518 -2.69275
4650 1338.32 758033 397.022 -2.70102
4660 1142.11 782815 397.207 -2.70467
4670 1050.56 791123 397.227 -2.70562
4680 1105.83 771892 397.143 -2.70466
4690 1163.63 792730 396.859 -2.70047
4700 1140.55 825274 396.522 -2.6952
4710 1084.3 839806 396.401 -2.69322
4720 1113.5 843320 396.635 -2.69687
4730 1363.43 747184 397.154 -2.70475
4740 1320.25 744675 397.288 -2.70681
4750 1083.74 830168 397.011 -2.70289
4760 1085.66 802279 396.905 -2.70135
4770 1151.75 800809 396.855 -2.70054
4780 1266.8 800366 396.811 -2.69982
4790 1178.95 809605 396.785 -2.69951
4800 1071.46 831408 396.864 -2.7009
4810 1129.81 785432 397.155 -2.70538
4820 1143.17 777656 397.359 -2.70826
4830 1181.99 753046 397.342 -2.70779
4840 1192.56 789820 396.97 -2.70198
4850 1297.17 837579 396.527 -2.69482
4860 1352.32 834264 396.386 -2.69273
4870 1208.67 833754 396.538 -2.69576
4880 1015.55 864252 397.044 -2.70476
4890 1063.94 730629 397.946 -2.71898
4900 993.658 726350 398.353 -2.72446
4910 1088.95 723577 398.099 -2.72036
4920 1231.94 756686 397.192 -2.70696
4930 1129.3 941060 396.083 -2.68815
4940 1283.05 872763 395.982 -2.68565
4950 1249.12 842955 396.586 -2.69536
4960 1100.5 780772 397.528 -2.71043
4970 1106.25 691372 398.255 -2.72078
4980 1023.25 764828 398.178 -2.71919
4990 1134.74 756693 397.685 -2.71139
5000 1238.9 837595 396.936 -2.69912
5010 1340.68 837159 396.432 -2.69047
5020 1153.85 910626 396.351 -2.68923
5030 1039.08 862008 397.139 -2.703
5040 1113.02 690670 398.361 -2.72128
5050 1101.34 670157 398.733 -2.72576
5060 1164.79 730035 398.008 -2.71519
5070 1333.77 824234 396.719 -2.69517
5080 1317.41 906807 395.645 -2.67715
5090 1031.72 980084 395.536 -2.67561
5100 1100.55 854206 396.837 -2.69886
5110 1234.07 664324 398.55 -2.72403
5120 1173.94 629951 399.172 -2.73175
5130 1203.09 682646 398.342 -2.7209
5140 1198.08 831758 396.573 -2.69498
5150 1105.01 1.00303e+06 395.146 -2.66978
5160 1071.23 966858 395.341 -2.67329
5170 1071.38 819215 396.909 -2.69996
5180 1162.4 674243 398.632 -2.72473
5190 1341.41 601049 399.272 -2.73245
5200 1442.36 669313 398.259 -2.71975
5210 1294.42 840166 396.185 -2.69008
5220 989.892 1.05791e+06 394.576 -2.66152
5230 1058.87 979197 394.971 -2.66929
5240 969.58 815706 396.879 -2.70211
5250 901.825 667255 398.909 -2.73128
5260 1036.2 584340 399.787 -2.74139
5270 1346.73 615329 398.821 -2.72897
5280 1335.51 826616 396.4 -2.69426
5290 1319.95 1.03723e+06 394.268 -2.65548
5300 1331.2 1.05318e+06 394.083 -2.65194
5310 1264.9 883857 395.959 -2.68766
5320 1199.29 644226 398.483 -2.7259
5330 1221.36 556871 399.719 -2.74118
5340 1146.83 634285 398.908 -2.73205
5350 1052.17 806621 396.724 -2.70169
5360 922.716 1.0442e+06 394.713 -2.66638
5370 953.743 1.05373e+06 394.687 -2.66553
5380 1237.32 809778 396.661 -2.69978
5390 1330.33 647452 398.768 -2.729
5400 1269.91 589440 399.571 -2.73861
5410 1153.1 652414 398.59 -2.72661
5420 1135.96 809552 396.403 -2.69537
5430 1090.4 1.0392e+06 394.429 -2.66053
5440 1224.71 1.02624e+06 394.373 -2.65903
5450 1364.28 809432 396.119 -2.68938
5460 1218.6 696405 398.015 -2.7174
5470 1120.4 636776 399.003 -2.73078
5480 1171.09 639219 398.576 -2.72575
5490 1251.43 776590 396.856 -2.70224
5500 1128.21 974471 395.03 -2.67162
5510 1097.93 1.00977e+06 394.63 -2.66411
5520 1101.68 875722 395.929 -2.68762
5530 1144.66 699688 397.836 -2.7168
5540 1118.23 632229 398.917 -2.73058
5550 1057.98 677344 398.582 -2.7258
5560 1238.79 782758 397.222 -2.70591
5570 1437.9 896259 395.765 -2.68164
5580 1419.63 951263 395.122 -2.67069
5590 1187.55 936937 395.774 -2.6837
5600 1130.75 776941 397.489 -2.71292
5610 1096.71 640428 398.987 -2.73438
5620 1034.02 637634 399.164 -2.73678
5630 1043.74 725069 397.968 -2.72065
5640 1002.31 882282 396.201 -2.69286
5650 948.619 996791 395.174 -2.67358
5660 1153.25 906480 395.705 -2.68218
5670 1278.53 778152 397.143 -2.70463
5680 1191.82 681260 398.381 -2.72153
5690 1091.09 694852 398.644 -2.72442
5700 1296.7 717618 397.978 -2.71458
5710 1350.39 822533 396.674 -2.69496
5720 1214.34 954928 395.629 -2.67708
5730 1150.32 915559 395.817 -2.68061
5740 1105.86 808786 396.97 -2.69997
5750 1220.24 679883 398.144 -2.71719
5760 1129.07 700208 398.383 -2.72026
5770 1225.56 730779 397.727 -2.71105
5780 1189.51 823272 396.54 -2.69325
5790 957.383 943396 395.613 -2.6775
5800 975.55 919982 395.837 -2.68119
5810 1271.78 780983 397.021 -2.70009
5820 1387.47 677802 398.038 -2.71404
5830 1086.89 742090 398.111 -2.71475
5840 1050.31 786180 397.646 -2.70764
5850 1181.69 810432 397.067 -2.69826
5860 1298.92 842553 396.591 -2.69035
5870 1281.23 860369 396.501 -2.68883
5880 1188.75 855765 396.923 -2.69605
5890 1254.91 755463 397.745 -2.70951
5900 1204.72 710940 398.221 -2.7166
5910 1051.83 773892 397.986 -2.71342
5920 1082.2 779339 397.485 -2.70587
5930 1076.09 833894 396.848 -2.69586
5940 1147.54 862921 396.521 -2.69002
5950 1272.34 806756 396.667 -2.69196
5960 1270.75 802225 396.929 -2.69599
5970 1178.12 762874 397.17 -2.69979
5980 957.658 836520 397.182 -2.70001
5990 1080.72 799454 397.43 -2.70374
6000 1444.19 673563 397.586 -2.70576
6010 1357.42 789164 396.844 -2.69524
6020 1152.84 898965 396.014 -2.682
6030 1223.22 889987 395.96 -2.68153
6040 1157.8 859645 396.707 -2.69482
6050 1199.95 723523 397.859 -2.71299
6060 1203.86 689106 398.418 -2.72108
6070 1236.69 693827 398.014 -2.71608
6080 1171.21 816421 396.771 -2.69854
6090 1077 992415 395.779 -2.68159
6100 1220.89 849766 396.191 -2.68877
6110 1093.79 787698 397.129 -2.70358
6120 1139.57 737655 397.948 -2.71603
6130 1213.5 678020 398.189 -2.71943
6140 1135.58 790359 397.506 -2.70951
6150 1218.21 842069 396.694 -2.69635
6160 1351.48 842826 396.238 -2.68897
6170 1352.59 856080 396.171 -2.68841
6180 1165.78 854885 396.604 -2.69646
6190 1116.83 787708 397.445 -2.71053
6200 1156.25 717468 398.174 -2.72183
6210 1098.97 695843 398.192 -2.7225
6220 835.171 841251 397.45 -2.71128
6230 1026.28 831081 396.941 -2.70232
6240 1288.07 821802 396.721 -2.69801
6250 1102.62 886385 396.781 -2.69847
6260 1059.09 776222 397.436 -2.70842
6270 1254.19 725620 397.936 -2.71501
6280 1380.37 727463 397.81 -2.71268
6290 1266.02 790831 397.102 -2.70216
6300 1179.18 867901 396.347 -2.69013
6310 1265.09 873080 396.139 -2.68685
6320 1322.25 837278 396.552 -2.69419
6330 1225.07 758719 397.246 -2.70568
6340 1085.32 759966 397.644 -2.71216
6350 1046.22 783038 397.689 -2.71321
6360 982.118 786163 397.589 -2.71166
6370 1043.32 763817 397.326 -2.70747
6380 1087.58 866052 396.889 -2.69992
6390 1341.99 782947 396.855 -2.69861
6400 1320.28 814227 396.791 -2.69726
6410 1167.37 880974 396.893 -2.6991
6420 1275.68 770302 397.532 -2.70948
6430 1175.45 780549 398.044 -2.71738
6440 1219.71 697278 398.257 -2.72097
6450 1000.02 809142 397.76 -2.71385
6460 1126.56 804586 397.235 -2.70525
6470 1266.01 799707 396.77 -2.69803
6480 1178.54 900505 396.422 -2.69226
6490 1308.51 795258 396.756 -2.69778
6500 1155.86 829886 397.212 -2.70521
6510 1215.45 728993 397.765 -2.71406
6520 1158.63 748416 397.818 -2.71503
6530 1085.49 792407 397.426 -2.70925
6540 1090.35 805311 396.948 -2.70185
6550 1064.9 858596 396.576 -2.69563
6560 1146.69 817566 396.634 -2.69614
6570 1210.23 828867 396.908 -2.70009
6580 1285.94 775129 397.368 -2.70709
6590 1220.78 738572 397.623 -2.71083
6600 1038.8 810904 397.431 -2.70791
6610 1095.98 790144 397.254 -2.70491
6620 1302.87 778719 397.016 -2.70101
6630 1207.2 829917 396.641 -2.69507
6640 979.228 881850 396.545 -2.69349
6650 1152.4 824060 397.083 -2.70219
6660 1386.83 693053 397.759 -2.71197
6670 1233.66 739178 397.639 -2.71026
6680 1153.13 809941 397.01 -2.70077
6690 1193.13 828106 396.421 -2.69173
6700 1049.26 912776 396.179 -2.68786
6710 1145.74 811603 396.756 -2.69739
6720 1124.83 745548 397.462 -2.70785
6730 1064.54 758833 397.76 -2.7119
6740 1208.72 713069 397.617 -2.70957
6750 1167.29 810766 396.86 -2.69792
6760 1214.24 867463 396.156 -2.68607
6770 1277.24 873234 396.041 -2.6839
6780 1405.81 803141 396.491 -2.69137
6790 1286.59 783388 397.022 -2.70019
6800 1111.83 776793 397.402 -2.70671
6810 1130.99 746204 397.555 -2.70958
6820 1024.01 807671 397.325 -2.70639
6830 1024.24 816852 397.107 -2.70282
6840 1261.9 767861 397.005 -2.701
6850 1197.32 835860 396.725 -2.69648
6860 1101.45 842941 396.714 -2.69621
6870 1171.89 787732 397.038 -2.70108
6880 1298.79 754529 397.265 -2.70439
6890 1339.42 753778 397.122 -2.70242
6900 1280.86 815295 396.626 -2.69533
6910 1229.64 842994 396.252 -2.68993
6920 1252.1 833906 396.225 -2.69026
6930 1189.99 844199 396.539 -2.69625
6940 1114.11 756229 397.125 -2.7061
6950 901.432 792534 397.46 -2.7114
6960 1166.33 714730 397.603 -2.71356
6970 1286.13 733570 397.083 -2.70619
6980 1047.17 883911 396.11 -2.69077
6990 1042.4 891091 395.756 -2.6844
7000 1064.08 858784 396.192 -2.69132
7010 1180.09 761355 397.081 -2.70482
7020 1346.51 680608 397.632 -2.71209
7030 1264.02 740565 397.244 -2.70642
7040 1184.64 824406 396.359 -2.6929
7050 1187.09 890946 395.692 -2.682
7060 1268.38 875469 395.768 -2.68345
7070 1282.56 819124 396.481 -2.69545
7080 1124.92 764264 397.351 -2.70948
7090 1038.33 703907 397.895 -2.71764
7100 1096.06 711097 397.637 -2.71412
7110 1095.3 798668 396.671 -2.69965
7120 1069.91 900855 395.724 -2.68375
7130 1115.89 905896 395.598 -2.68102
7140 1074.02 848744 396.359 -2.69329
7150 1086.14 740126 397.493 -2.71036
7160 1182.18 661372 398.11 -2.71807
7170 1234.72 714768 397.607 -2.71044
7180 1353.38 811534 396.4 -2.69188
7190 1434.13 898946 395.308 -2.67381
7200 1324.1 935593 395.061 -2.67013
7210 1109.35 895782 395.949 -2.6868
7220 1023.83 772580 397.602 -2.71428
7230 1021.26 639470 398.974 -2.73352
7240 991.403 671130 399.05 -2.73411
7250 1035.57 736660 398.007 -2.71896
7260 1205 817812 396.431 -2.69463
7270 1210.36 1.00198e+06 395.151 -2.6717
7280 1221.57 962692 395.457 -2.67697
7290 1244.27 783820 397.081 -2.70395
7300 1246.03 671481 398.599 -2.72534
7310 1265.75 667819 399.043 -2.73116
7320 1253.14 707150 398.353 -2.722
7330 1183.04 769698 396.86 -2.70121
7340 927.86 999898 395.301 -2.67521
7350 1072.41 963640 395.271 -2.67424
7360 1186.24 803875 396.593 -2.69606
7370 1131.01 714121 397.986 -2.71633
7380 1107.54 663451 398.631 -2.72469
7390 1231.78 671660 398.108 -2.71743
7400 1324.4 789559 396.546 -2.69509
7410 1200.73 983556 395.012 -2.66877
7420 1233.5 968726 394.92 -2.66708
7430 1126.16 855388 396.235 -2.69041
7440 1088.82 729901 398.009 -2.71789
7450 1196.08 621311 399.15 -2.73321
7460 1305.76 624502 398.779 -2.72879
7470 1293.26 791476 397.004 -2.70438
7480 1213.89 968241 395.205 -2.67421
7490 1239.08 991500 394.78 -2.66666
7500 1111.46 913231 395.966 -2.68905
7510 1129.93 708666 398.011 -2.72205
7520 1143.83 593897 399.302 -2.73874
7530 1020.23 659955 398.895 -2.73351
7540 1077.33 771159 397.289 -2.71071
7550 1147.6 928629 395.499 -2.6811
7560 1128.68 1.02884e+06 394.86 -2.6687
7570 1240.1 856126 395.964 -2.68786
7580 1125.17 744608 397.626 -2.71346
7590 1180.05 648030 398.772 -2.72884
7600 1292.54 645992 398.636 -2.72687
7610 1344.42 746865 397.229 -2.70777
7620 1287.76 911667 395.435 -2.67938
7630 1165.47 1.04413e+06 394.656 -2.66564
7640 1207.33 879642 395.737 -2.68601
7650 1096.68 765876 397.58 -2.71559
7660 1064.52 640716 399.063 -2.73672
7670 1053.27 612281 399.197 -2.73843
7680 1018.17 744374 397.805 -2.71936
7690 1156.62 870728 395.931 -2.68944
7700 1220.1 1.03304e+06 394.791 -2.66822
7710 1361.15 898494 395.419 -2.6792
7720 1231.12 788926 396.946 -2.70386
7730 1134.7 714426 398.381 -2.72537
7740 1220.92 604536 398.994 -2.73381
7750 1128.77 700572 398.047 -2.7218
7760 1188.89 838302 396.279 -2.69484
7770 1248.01 954854 394.87 -2.67089
7780 1106.62 997517 394.794 -2.66981
7790 1145.29 830838 396.255 -2.69541
7800 1176.41 691227 398.002 -2.72154
7810 1152.51 599780 398.788 -2.73165
7820 1043.47 695721 397.952 -2.72073
7830 1138.75 817901 396.233 -2.69475
7840 1176.49 955545 394.728 -2.66889
7850 1088.12 1.01064e+06 394.554 -2.66541
7860 1240.29 844184 396.023 -2.6911
7870 1284.03 695508 397.89 -2.71889
7880 1298.99 598265 398.826 -2.73101
7890 1155.61 688838 398.137 -2.72226
7900 1195.12 812307 396.491 -2.69832
7910 1162.33 961927 395.032 -2.67361
7920 1089.08 975122 394.905 -2.67138
7930 1129.94 824993 396.17 -2.69326
7940 1212.9 692168 397.658 -2.71519
7950 1181.84 639049 398.224 -2.72261
7960 925.198 741834 397.498 -2.71251
7970 971.277 853779 396.286 -2.69306
7980 1174.8 910158 395.516 -2.67914
7990 1179.69 927289 395.725 -2.68213
8000 1251.31 761758 396.861 -2.69994
8010 1085.71 732743 397.788 -2.71275
8020 1191.6 686507 398.069 -2.71628
8030 1398.51 707072 397.413 -2.70697
8040 1339.42 845969 396.05 -2.68653
8050 1270.13 939527 395.093 -2.67032
8060 1182.11 921098 395.275 -2.6742
8070 1036.97 842968 396.47 -2.69533
8080 1159.57 712615 397.984 -2.71846
8090 1294.33 622665 398.729 -2.72863
8100 1276.74 684197 398.017 -2.71999
8110 1047.75 880251 396.426 -2.69599
8120 1107.37 928144 395.442 -2.6787
8130 1224.68 914524 395.554 -2.68074
8140 1164.62 848060 396.638 -2.69957
8150 1340.66 679605 398.028 -2.72053
8160 1309.07 647822 398.45 -2.72654
8170 1036.75 755033 397.638 -2.71582
8180 1094.02 849038 396.439 -2.69717
8190 1344.96 891317 395.655 -2.68414
8200 1259.18 910733 395.672 -2.68495
8210 1065.22 856018 396.605 -2.70158
8220 963.322 720636 397.937 -2.72233
8230 928.883 673475 398.632 -2.73156
8240 1115.41 686907 398.24 -2.72569
8250 1289.7 764530 396.912 -2.70612
8260 1225.45 933480 395.389 -2.6807
8270 1187.91 969650 394.955 -2.67231
8280 1253.87 866477 395.896 -2.68863
8290 1250.35 745182 397.394 -2.71227
8300 1184.22 657965 398.409 -2.7264
8310 1008.02 698255 398.258 -2.72439
8320 964.246 783400 397.257 -2.70955
8330 1049.15 866226 396.117 -2.69085
8340 1134.2 943596 395.611 -2.6812
8350 1264.83 833219 396.19 -2.69011
8360 1203.98 778889 397.115 -2.70396
8370 1198.84 704342 397.818 -2.7139
8380 1224.77 701924 397.721 -2.71234
8390 1173.44 810248 396.873 -2.69942
8400 1266.83 824300 396.033 -2.68596
8410 1185.15 915899 395.516 -2.67748
8420 1125.64 880622 395.906 -2.68441
8430 1184.08 767228 396.94 -2.7009
8440 1267.01 708199 397.714 -2.71214
8450 1234.05 719085 397.722 -2.71242
8460 1207.58 791634 397.075 -2.70315
8470 1160.07 846228 396.352 -2.69197
8480 1108.59 889688 396.051 -2.68718
8490 1202.96 846151 396.471 -2.69439
8500 1215.63 764738 397.253 -2.70678
8510 1071.17 747564 397.777 -2.71466
8520 1116.7 732307 397.832 -2.71545
8530 1206.94 747745 397.307 -2.7078
8540 1070.32 871368 396.439 -2.69402
8550 1062.86 896477 396.127 -2.68834
8560 1157.5 828841 396.596 -2.69565
8570 1267.17 753972 397.308 -2.7062
8580 1238.81 737278 397.653 -2.71091
8590 1263.33 765305 397.486 -2.70834
8600 1402.12 749908 396.968 -2.70105
8610 1138.17 875210 396.155 -2.68899
8620 972.929 932202 395.96 -2.68606
8630 1156.03 804627 396.774 -2.69972
8640 1251.48 717417 397.657 -2.71272
8650 1131.5 721707 397.871 -2.71577
8660 1010.06 772267 397.432 -2.70925
8670 1167.31 805369 396.746 -2.69835
8680 1263.52 855185 396.14 -2.68829
8690 1199.83 881759 396.01 -2.68598
8700 1170.13 817279 396.53 -2.6945
8710 1184.89 759490 397.199 -2.70471
8720 1164.14 738072 397.54 -2.70971
8730 1231.13 730913 397.332 -2.70679
8740 1276 788202 396.584 -2.69573
8750 1237 862365 395.767 -2.68306
8760 976.418 918161 395.492 -2.67873
8770 843.852 874790 396.187 -2.69082
8780 1091.83 712498 397.42 -2.70938
8790 1232.01 670013 397.969 -2.71584
8800 1252.57 732445 397.454 -2.70786
8810 1405.68 788377 396.338 -2.69101
8820 1300.92 944495 395.246 -2.67307
8830 1142.14 955422 395.308 -2.67473
8840 1075.04 811791 396.607 -2.69715
8850 1086.79 699074 398.031 -2.71822
8860 1228.5 641863 398.565 -2.72524
8870 1125.25 758277 397.863 -2.71524
8880 1240.24 790654 396.713 -2.69763
8890 1177.36 927653 395.612 -2.67974
8900 1113.4 962501 395.562 -2.67898
8910 1094.34 824440 396.798 -2.69996
8920 1060.39 712831 398.254 -2.72166
8930 1133.22 645222 398.955 -2.73062
8940 1248.38 685919 398.363 -2.72236
8950 1208.59 807941 396.841 -2.69983
8960 1098.9 957860 395.456 -2.67602
8970 1244.74 958096 395.344 -2.67362
8980 1384.8 819590 396.513 -2.69364
8990 1242.12 732446 397.89 -2.71456
9000 1151.58 669608 398.659 -2.7258
9010 1148.69 671153 398.317 -2.72179
9020 1103.72 814943 396.968 -2.70238
9030 1084.04 936180 395.754 -2.68184
9040 1135.62 941558 395.677 -2.6803
9050 1269.77 800565 396.711 -2.69743
9060 1207.63 742100 397.813 -2.71384
9070 1123.72 726229 398.423 -2.7227
9080 1152.63 698707 398.352 -2.72181
9090 1110.62 778455 397.494 -2.70925
9100 1289.12 831929 396.434 -2.69234
9110 1324.92 904464 395.695 -2.68018
9120 1112.09 949406 395.879 -2.68405
9130 1218.59 778907 397.174 -2.70608
9140 1190.53 689831 398.348 -2.72301
9150 1050.82 694083 398.601 -2.72662
9160 1133.42 720433 397.934 -2.71739
9170 1175.95 836685 396.653 -2.69799
9180 1127.56 928924 395.707 -2.68154
9190 1170.27 909367 395.823 -2.68335
9200 1251.69 805687 396.821 -2.69985
9210 1230.31 724180 397.88 -2.71558
9220 1215.65 683752 398.285 -2.7214
9230 1159.13 731542 397.731 -2.71398
9240 1122.31 857803 396.658 -2.69738
9250 1292.92 860651 396.006 -2.6864
9260 1232.66 864348 395.908 -2.68505
9270 1164.89 863098 396.379 -2.69344
9280 1208 748248 397.295 -2.70821
9290 1027.85 724002 397.824 -2.71598
9300 983.967 755825 397.725 -2.71442
9310 1234.04 744421 397.197 -2.70637
9320 1268.41 830297 396.282 -2.69212
9330 1188.42 904935 395.64 -2.68126
9340 1097.53 884285 395.853 -2.6849
9350 1163.45 814106 396.769 -2.69992
9360 1280.63 711205 397.763 -2.71463
9370 1281.85 692686 398.031 -2.71842
9380 1157.12 765065 397.428 -2.71002
9390 1130.58 849188 396.541 -2.69629
9400 1213.18 861585 396.035 -2.68801
9410 1107.5 882125 396.115 -2.68952
9420 1140.64 814864 396.827 -2.7013
9430 1152.23 730044 397.652 -2.7137
9440 1186.56 689998 397.878 -2.7168
9450 1174.14 784535 397.257 -2.70766
9460 1238.81 824164 396.453 -2.69488
9470 1168.09 879141 395.899 -2.68591
9480 1103.8 915335 396.052 -2.68879
9490 1289.86 759260 397.029 -2.70459
9500 1252.67 730134 397.764 -2.7153
9510 1109.18 722443 397.881 -2.71725
9520 1127.97 770836 397.357 -2.70986
9530 1110.96 856189 396.634 -2.69824
9540 1011.48 853043 396.327 -2.69301
9550 860.774 887200 396.552 -2.6965
9560 1175.63 739162 397.366 -2.70859
9570 1358.64 700208 397.741 -2.71274
9580 1353.42 745420 397.299 -2.70584
9590 1265.88 799810 396.381 -2.69218
9600 1072.61 935153 395.573 -2.67883
9610 1088.66 898061 395.801 -2.68282
9620 1071.95 807571 396.859 -2.70008
9630 1189.11 698477 397.952 -2.71591
9640 1351.4 646403 398.169 -2.71864
9650 1217.08 784908 397.205 -2.70501
9660 1222.46 872107 396.063 -2.68668
9670 1117.23 955785 395.601 -2.679
9680 990.465 887909 396.372 -2.69292
9690 1069.57 732527 397.834 -2.71562
9700 1152.49 680419 398.784 -2.72823
9710 1294.97 652605 398.659 -2.72629
9720 1237.92 767801 397.367 -2.70811
9730 1174.18 912295 395.833 -2.68309
9740 1179.31 977650 395.271 -2.67285
9750 1297.86 837633 396.077 -2.68683
9760 1156.28 774336 397.288 -2.7059
9770 1100.57 724997 398.267 -2.72056
9780 1277.76 648983 398.537 -2.72451
9790 1290.4 725083 397.602 -2.71226
9800 1158.3 891370 396.102 -2.6891
9810 1061.16 976608 395.374 -2.67634
9820 1111.18 885534 396.047 -2.68844
9830 1054.1 763662 397.447 -2.71072
9840 1006.16 701850 398.562 -2.72631
9850 1164.19 661629 398.801 -2.72904
9860 1292.65 708114 397.885 -2.71625
9870 1219.01 889745 396.294 -2.69129
9880 1277.97 963942 395.443 -2.6757
9890 1405.52 870529 395.893 -2.68362
9900 1312.46 807800 396.996 -2.70236
9910 1185.7 713108 398.117 -2.71998
9920 1086.47 690039 398.521 -2.72623
9930 1123.9 712456 397.979 -2.71925
9940 1101.51 818650 396.75 -2.70129
9950 1002.42 927043 395.72 -2.68381
9960 1026.19 918781 395.718 -2.68346
9970 1140.3 838376 396.708 -2.6999
9980 1291.29 697702 397.963 -2.71816
9990 1147.04 699467 398.428 -2.72399
10000 1034.93 725559 398.009 -2.71776
