# Time-averaged data for fix 2
# TimeStep c_mytemp c_mypress v_vmyvol v_avgEtotal
10 1567.22 16631.9 643.526 -2.78803
20 1522.32 17419.7 643.807 -2.78783
30 1805.3 8254.85 644.35 -2.78743
40 2046.51 -526.402 645.021 -2.78721
50 2028.29 -1698.29 645.689 -2.78781
60 1898.59 -655.961 646.326 -2.78914
70 1828.71 -222.204 646.946 -2.79073
80 1811.34 325.234 647.559 -2.7924
90 1772.86 223.426 648.17 -2.79407
100 1641.09 2118.82 648.782 -2.79557
110 1522.79 4320.37 649.423 -2.79665
120 1578.43 2569.13 650.123 -2.79726
130 1617.1 1757.4 650.858 -2.7975
140 1612.1 -655.697 651.612 -2.79749
150 1696.1 -5212.3 652.344 -2.79728
160 1697.97 -5482.53 652.991 -2.79701
170 1664.03 -4761.67 653.542 -2.79678
180 1667.55 -4523.04 654.01 -2.79653
190 1587.52 -1022.64 654.406 -2.79622
200 1507.1 3939.18 654.787 -2.79576
210 1609.95 1109.22 655.218 -2.79503
220 1721.85 -1764.63 655.665 -2.7941
230 1711.21 340.103 656.089 -2.79327
240 1770.38 -1126.81 656.512 -2.79264
250 1781.97 -1902.07 656.916 -2.7922
260 1754.58 -462.31 657.29 -2.79201
270 1748.73 -884.445 657.653 -2.792
280 1677.26 913.769 658.005 -2.79208
290 1572.94 2304.49 658.37 -2.79211
300 1505.77 3488.23 658.773 -2.79188
310 1531.75 3957.35 659.231 -2.79131
320 1670.79 352.282 659.746 -2.79046
330 1785.03 -2999.2 660.265 -2.78955
340 1824.03 -4982.56 660.733 -2.78888
350 1812.85 -6379.74 661.117 -2.78859
360 1833.67 -8269.23 661.392 -2.78862
370 1903.79 -9904.22 661.53 -2.78903
380 1856.05 -7970.27 661.51 -2.7899
390 1666.3 -3797.82 661.367 -2.79095
400 1485.31 -127.213 661.167 -2.79167
410 1486.99 -354.824 660.969 -2.79187
420 1631.89 -3421.68 660.769 -2.79163
430 1745.13 -5913.57 660.521 -2.79127
440 1689.44 -6454.79 660.187 -2.79104
450 1448.16 -1754.76 659.764 -2.79078
460 1329.39 2202.68 659.325 -2.79009
470 1537.28 306.741 658.925 -2.78885
480 1773.96 -1249.13 658.543 -2.78722
490 1801.6 2233.55 658.159 -2.78583
500 1650.2 9290.75 657.831 -2.7848
510 1605.8 11234.5 657.661 -2.7839
520 1682.97 8492.74 657.679 -2.78297
530 1728.75 7297.06 657.847 -2.7821
540 1764.7 1468.58 658.132 -2.7814
550 1777.42 -3947.21 658.443 -2.7809
560 1786.73 -5328.73 658.695 -2.78066
570 1797.21 -5630.66 658.862 -2.78064
580 1857.66 -8313.91 658.934 -2.78092
590 1829.23 -6498.06 658.88 -2.78153
600 1736.86 -2315.59 658.727 -2.78234
610 1681.17 -484.879 658.541 -2.78313
620 1621.31 4394.55 658.362 -2.78368
630 1855.57 -131.352 658.249 -2.78411
640 2123.54 -8228.18 658.136 -2.78503
650 2086.81 -8432.91 657.909 -2.78698
660 1924.43 -9041.5 657.549 -2.78966
670 1654.23 -5541.12 657.059 -2.79229
680 1445.03 -2885.68 656.49 -2.79408
690 1616.79 -7319.99 655.877 -2.79521
700 1877.56 -12959 655.157 -2.79623
710 2060.7 -15416.8 654.248 -2.79783
720 2040.02 -14487.2 653.111 -2.80034
730 1844.87 -8240.8 651.774 -2.80319
740 1787.19 -4254.7 650.328 -2.80584
750 1778.9 -1723.56 648.844 -2.80824
760 1725.12 1473.14 647.366 -2.8104
770 1634.53 3646.65 645.943 -2.81209
780 1723.89 2497.63 644.606 -2.81343
790 1860.23 -667.81 643.335 -2.8148
800 1884.72 -804.221 642.086 -2.81647
810 1802.43 2584.06 640.859 -2.81825
820 1760.49 3723.24 639.696 -2.81993
830 1780.99 4683.18 638.618 -2.82152
840 1808.99 5277.98 637.639 -2.82308
850 1829.3 6487.48 636.764 -2.82471
860 1844.6 8785.18 636.015 -2.8264
870 1871 6877.37 635.413 -2.82827
880 1841.96 7343.82 634.939 -2.8303
890 1765.74 7560.27 634.592 -2.83235
900 1666.02 7534.75 634.372 -2.83417
910 1586.75 6511.72 634.276 -2.83562
920 1467.77 7357.14 634.292 -2.83653
930 1444.03 6893.27 634.422 -2.83686
940 1508.57 5224.65 634.661 -2.83665
950 1738.99 -1571.16 634.975 -2.83608
960 2012.33 -10398.5 635.262 -2.83559
970 2040.66 -11315.6 635.401 -2.83594
980 1768.11 -6045.37 635.376 -2.83702
990 1561.9 -1142.56 635.264 -2.83799
1000 1647.48 -1936.52 635.134 -2.83861
1010 1715.5 -1802.88 634.983 -2.83902
1020 1741.91 -3032.77 634.81 -2.83941
1030 1701.1 -3535.39 634.599 -2.83984
1040 1596.33 -249.979 634.347 -2.84019
1050 1443.85 3555.21 634.101 -2.84025
1060 1247.33 7882.36 633.92 -2.83976
1070 1381.92 6286.39 633.86 -2.83865
1080 1709.66 -1907.47 633.892 -2.83686
1090 1883.81 -5315.73 633.906 -2.83505
1100 1797.07 -598.913 633.856 -2.83384
1110 1541.29 5822.06 633.805 -2.83308
1120 1386.59 10340 633.847 -2.8322
1130 1600.17 6380.82 634.041 -2.83094
1140 1839.19 3391.06 634.338 -2.82942
1150 1882.19 2924.8 634.693 -2.82829
1160 1742.29 3470.3 635.093 -2.82775
1170 1526.04 7895.78 635.554 -2.82743
1180 1470.67 7333.93 636.129 -2.82693
1190 1570.53 4252.52 636.811 -2.82602
1200 1757.25 -966.028 637.552 -2.82487
1210 1814.34 -4834.11 638.275 -2.82383
1220 1677.42 -3112.63 638.926 -2.82315
1230 1483.11 -1243.57 639.524 -2.82258
1240 1372.77 -462.968 640.098 -2.82175
1250 1309.86 1656.71 640.662 -2.82049
1260 1289.95 2824.45 641.249 -2.81877
1270 1428.75 -934.716 641.868 -2.8165
1280 1508.06 -474.284 642.475 -2.81375
1290 1564.28 676.216 643.072 -2.81093
1300 1642.74 -324.017 643.673 -2.80813
1310 1667.08 -1186.54 644.266 -2.8055
1320 1642.28 -1633.05 644.839 -2.80316
1330 1643.78 -2708.09 645.382 -2.80106
1340 1639.69 -863.78 645.884 -2.79914
1350 1652.86 268.201 646.368 -2.79738
1360 1660.36 971.778 646.855 -2.79576
1370 1721.96 -2009.96 647.351 -2.79428
1380 1747.46 -612.134 647.821 -2.79297
1390 1813.64 735.679 648.278 -2.79199
1400 1850.97 2094.63 648.747 -2.79143
1410 1599.56 7921.06 649.256 -2.79125
1420 1394.59 12003.3 649.89 -2.79102
1430 1574.96 7903.75 650.703 -2.79038
1440 1823.88 3297.46 651.638 -2.78939
1450 1773.41 3750.51 652.628 -2.78866
1460 1561.21 8032.45 653.678 -2.78827
1470 1568.44 4912.64 654.84 -2.78779
1480 1812.55 -1281.84 656.069 -2.78702
1490 1871.75 -1404.47 657.276 -2.78641
1500 1815.05 -18.0234 658.452 -2.7863
1510 1759.41 -1331.25 659.614 -2.78652
1520 1608.91 1105.95 660.752 -2.78679
1530 1577.45 -2621.35 661.888 -2.78684
1540 1722.84 -9040.38 662.967 -2.78655
1550 1848.57 -12450.8 663.89 -2.78623
1560 1900.18 -15742.9 664.594 -2.7863
1570 1869.66 -16515.8 665.031 -2.78688
1580 1801.8 -13804.3 665.193 -2.78786
1590 1719.35 -9367.75 665.127 -2.78896
1600 1610 -2174.32 664.912 -2.78992
1610 1522.68 2957.43 664.666 -2.79047
1620 1531.02 4289.61 664.474 -2.79059
1630 1607.08 4888.36 664.362 -2.79034
1640 1709.31 2132.31 664.336 -2.78992
1650 1804.57 -3897.92 664.346 -2.78955
1660 1907.87 -9392.43 664.297 -2.78952
1670 1916.9 -9837.6 664.104 -2.79003
1680 1842.01 -7949.34 663.756 -2.79102
1690 1715.7 -4679.56 663.288 -2.79215
1700 1727.99 -3463.65 662.751 -2.79317
1710 1844.55 -7534.8 662.16 -2.79421
1720 1855.79 -10213.1 661.461 -2.79556
1730 1727.9 -8101.05 660.616 -2.79708
1740 1557.79 -3195.71 659.655 -2.79834
1750 1400.81 3093.25 658.666 -2.79891
1760 1473.29 1145.08 657.736 -2.79883
1770 1565.95 105.879 656.847 -2.79832
1780 1536.16 1068.34 655.982 -2.79754
1790 1523.21 -858.127 655.15 -2.79655
1800 1584.7 -4048.95 654.32 -2.79536
1810 1708.15 -8211.03 653.44 -2.79409
1820 1867.04 -12199 652.445 -2.79305
1830 1964.81 -12306.1 651.28 -2.7926
1840 1943.33 -8651.64 649.945 -2.7929
1850 1854.73 -2510.98 648.502 -2.79369
1860 1783.77 4701.77 647.05 -2.79455
1870 1785.11 9330.74 645.701 -2.79537
1880 1706.95 12355.7 644.528 -2.79614
1890 1615.57 13020.5 643.573 -2.79674
1900 1597.66 12953.6 642.845 -2.7971
1910 1656.21 13850.6 642.342 -2.79723
1920 1760.59 13905.4 642.069 -2.79733
1930 1758.02 15549.8 642.029 -2.79758
1940 1678.4 18149.4 642.244 -2.79798
1950 1731.26 12920.6 642.737 -2.79841
1960 1879.93 6298.19 643.433 -2.7989
1970 1954.22 2227.62 644.229 -2.79976
1980 1869.04 1506.45 645.062 -2.8011
1990 1630.69 5925.05 645.919 -2.80257
2000 1371.89 11174.5 646.869 -2.8036
2010 1386.1 8205.7 647.977 -2.80398
2020 1465.83 4530.47 649.207 -2.80362
2030 1641.55 -684.201 650.498 -2.80278
2040 1771.63 -5932.74 651.767 -2.80166
2050 1814.72 -8858.28 652.931 -2.80072
2060 1862.89 -9755.64 653.944 -2.80014
2070 1923.54 -10926.1 654.788 -2.80005
2080 1984.42 -12383.4 655.447 -2.80058
2090 1976.54 -10620.8 655.904 -2.80181
2100 1931.53 -8575.28 656.185 -2.80364
2110 1817.22 -7379.77 656.325 -2.80575
2120 1677.46 -5006.75 656.351 -2.8077
2130 1698.86 -7292.64 656.291 -2.80934
2140 1759.97 -9998.74 656.117 -2.81083
2150 1724.33 -8921.61 655.791 -2.81228
2160 1622.73 -7201.39 655.329 -2.81353
2170 1567.44 -5110.73 654.761 -2.8144
2180 1580.67 -3457.04 654.123 -2.81488
2190 1592.87 -783.064 653.445 -2.81503
2200 1555.68 2364.36 652.77 -2.81486
2210 1649.28 2545.18 652.147 -2.81441
2220 1806.7 -1861.46 651.572 -2.81394
2230 1724.57 -245.417 650.992 -2.81371
2240 1500.71 5385.22 650.427 -2.81349
2250 1485.44 8771.38 649.96 -2.81294
2260 1694.82 6871.52 649.64 -2.81203
2270 1865.71 7260.97 649.446 -2.81114
2280 1851.7 10250.9 649.383 -2.81072
2290 1738.77 12509.3 649.491 -2.81074
2300 1642.96 14331.5 649.806 -2.81092
2310 1648.56 13636 650.351 -2.81105
2320 1747.47 11086 651.114 -2.81112
2330 1836.11 7598.3 652.052 -2.81131
2340 1851.32 4126.89 653.108 -2.81177
2350 1814.09 847.385 654.224 -2.81249
2360 1688.73 780.719 655.351 -2.81331
2370 1506.83 1675.55 656.483 -2.81392
2380 1426.41 2643.67 657.635 -2.81408
2390 1493.76 -1577.13 658.813 -2.81367
2400 1662.95 -9490.93 659.947 -2.81274
2410 1718.8 -12053.6 660.923 -2.81165
2420 1648.21 -11820.6 661.692 -2.81072
2430 1522.71 -8605.15 662.262 -2.80987
2440 1445.94 -3424.84 662.686 -2.80888
2450 1466.75 -1433.71 663.048 -2.80758
2460 1595.95 -3068.95 663.38 -2.80595
2470 1676.34 -4202.71 663.662 -2.80417
2480 1687.23 -5879.92 663.873 -2.80253
2490 1567.22 -2417.92 663.995 -2.80108
2500 1540.68 323.202 664.079 -2.79966
2510 1715.85 -4714.86 664.159 -2.79808
2520 1881.68 -7626.73 664.169 -2.7966
2530 1931.14 -8445.44 664.058 -2.79571
2540 1858.37 -7051.73 663.816 -2.79553
2550 1716.26 -5040.39 663.465 -2.79574
2560 1704.05 -5912.24 663.035 -2.79601
2570 1797.39 -9081.03 662.514 -2.79632
2580 1860.01 -12580.2 661.854 -2.79691
2590 1842.21 -13234.1 661.004 -2.7979
2600 1743.53 -9582.8 659.956 -2.79912
2610 1583.22 -4116.69 658.775 -2.80013
2620 1494.93 -2266.5 657.544 -2.80066
2630 1493.32 -746.044 656.301 -2.80068
2640 1542.14 839.868 655.07 -2.80023
2650 1665.96 736.275 653.876 -2.7995
2660 1665.98 3979.77 652.724 -2.79868
2670 1572.66 9366.37 651.665 -2.7978
2680 1523.03 10772.4 650.773 -2.79676
2690 1492.66 12876.6 650.079 -2.7955
2700 1521.24 12513.8 649.605 -2.79402
2710 1582.29 10180.6 649.343 -2.79238
2720 1591.63 9442.51 649.259 -2.79069
2730 1593.49 6250.05 649.33 -2.78902
2740 1612.67 3708.8 649.509 -2.78735
2750 1642.63 163.631 649.747 -2.78569
2760 1658.61 -2773.87 649.992 -2.78411
2770 1582.79 -1632.33 650.2 -2.78263
2780 1508.62 338.562 650.384 -2.78118
2790 1538.77 -401.716 650.572 -2.77958
2800 1592.76 -26.1659 650.759 -2.77783
2810 1599.06 -945.65 650.944 -2.77603
2820 1632.43 -1141.38 651.12 -2.77426
2830 1629.47 -2334.8 651.277 -2.77254
2840 1667.12 -4236.89 651.399 -2.77092
2850 1658.25 -3722.09 651.458 -2.76942
2860 1592.59 1627.96 651.469 -2.76803
2870 1696.3 3729.68 651.507 -2.76667
2880 1877.74 1759.46 651.604 -2.76542
2890 1802.13 5100.21 651.744 -2.76463
2900 1699.09 7144.19 651.969 -2.76426
2910 1787.77 3111.59 652.304 -2.76403
2920 1871.48 -976.726 652.692 -2.76398
2930 1893.09 -2738.5 653.068 -2.76436
2940 1923.61 -4236.76 653.401 -2.76517
2950 2019.56 -6263.75 653.665 -2.76654
2960 2078.78 -5987.31 653.833 -2.76866
2970 2036.37 -2422.38 653.911 -2.77154
2980 1948.83 1785.48 653.956 -2.77485
2990 1850.81 4453.62 654.034 -2.77821
3000 1735.1 7515.48 654.191 -2.78131
3010 1675.59 10006.1 654.476 -2.78392
3020 1754.72 2634.99 654.911 -2.78621
3030 1710.51 -1287.39 655.397 -2.78824
3040 1617.98 -5752.78 655.859 -2.78983
3050 1726.05 -14156.7 656.22 -2.79106
3060 1886.41 -21925.9 656.347 -2.7923
3070 1993.71 -25119.4 656.122 -2.79407
3080 2032.95 -24903 655.497 -2.79665
3090 1955 -21500 654.481 -2.79994
3100 1750.71 -12590.5 653.142 -2.80322
3110 1583.7 -5426.23 651.623 -2.80573
3120 1644.18 -5058.69 650.036 -2.80757
3130 1793.73 -8155.02 648.394 -2.80924
3140 1871.41 -8460.63 646.658 -2.81107
3150 1858.96 -6108.47 644.827 -2.81309
3160 1773.69 -3218.28 642.935 -2.81514
3170 1564.53 3782.08 641.039 -2.81671
3180 1446.92 6552.38 639.233 -2.81748
3190 1450.89 7225.25 637.565 -2.81759
3200 1483.04 5726.93 636.04 -2.81717
3210 1542.38 2579.42 634.632 -2.81643
3220 1617.72 1790.49 633.296 -2.81547
3230 1730.52 2221.54 632.017 -2.81441
3240 1906.11 1181.43 630.797 -2.81354
3250 2016.29 591.012 629.622 -2.81328
3260 1973.11 5909.62 628.49 -2.81384
3270 1797.69 13523.4 627.477 -2.81477
3280 1721.15 16333.4 626.683 -2.81573
3290 1709.86 17398.5 626.152 -2.81663
3300 1691.91 20163.5 625.9 -2.81746
3310 1837.6 15094.6 625.95 -2.81834
3320 2070.32 4729.09 626.224 -2.81965
3330 2102.82 1240.69 626.583 -2.82182
3340 1943 2139.87 626.966 -2.82469
3350 1698.44 6109.19 627.388 -2.82751
3360 1644.08 7410.48 627.898 -2.82979
3370 1757.58 3553.09 628.511 -2.83175
3380 1748.45 2798.13 629.179 -2.83355
3390 1676.69 5275.37 629.892 -2.83518
3400 1694.15 6003.27 630.677 -2.83657
3410 1783.48 4930.01 631.547 -2.83785
3420 1768.48 4949.9 632.489 -2.83915
3430 1736.8 2706.15 633.497 -2.8404
3440 1782.01 -690.5 634.537 -2.84156
3450 1858.58 -3547.78 635.559 -2.84275
3460 1815.06 -2929.24 636.525 -2.84414
3470 1667.49 -1859.31 637.436 -2.84551
3480 1530.64 -82.2282 638.314 -2.84655
3490 1532.77 -1681.49 639.179 -2.84709
3500 1579.48 -4809.44 640.008 -2.84717
3510 1673.73 -7022.15 640.759 -2.84695
3520 1869.73 -11868.5 641.387 -2.84668
3530 2009.99 -12759.3 641.833 -2.84688
3540 1990.25 -11677.6 642.079 -2.84789
3550 1778.63 -4425.32 642.151 -2.84944
3560 1494.21 5162.11 642.161 -2.85077
3570 1347.42 12103.3 642.254 -2.85141
3580 1388.59 12245.9 642.533 -2.85138
3590 1517.65 8334.3 643.002 -2.85077
3600 1625 4302.71 643.601 -2.8498
3610 1584.13 2722.53 644.27 -2.8487
3620 1539.31 758.498 644.977 -2.84754
3630 1457.69 1566.42 645.695 -2.84623
3640 1333.46 3527.84 646.436 -2.84472
3650 1377.67 1308.81 647.222 -2.84286
3660 1438.23 -903.417 648.023 -2.8405
3670 1442.5 -2281.81 648.804 -2.83789
3680 1390.44 -3081.46 649.544 -2.83515
3690 1376.2 -5003.72 650.227 -2.8323
3700 1461.93 -7602.81 650.823 -2.82917
3710 1667.45 -10971.3 651.291 -2.82578
3720 1900.68 -14610.9 651.577 -2.82244
3730 1962.77 -14166.7 651.634 -2.81988
3740 1807.18 -8184.81 651.473 -2.8184
3750 1700.1 -3491.78 651.185 -2.81751
3760 1783.08 -3985.36 650.843 -2.81685
3770 1738.88 -3295.21 650.449 -2.81641
3780 1553.68 -145.983 650.017 -2.81609
3790 1464.56 424.515 649.59 -2.81557
3800 1475.25 -1440.76 649.177 -2.81467
3810 1489.99 -1274.14 648.757 -2.81344
3820 1519.33 -2344.04 648.325 -2.81195
3830 1593.4 -4932.4 647.864 -2.81027
3840 1690.13 -6109.64 647.337 -2.80854
3850 1714.03 -4721.28 646.731 -2.80696
3860 1633.05 -1466.61 646.065 -2.80561
3870 1565.83 3242.18 645.394 -2.80431
3880 1678.79 1243.22 644.781 -2.80292
3890 1733.59 2340.94 644.207 -2.80159
3900 1671.29 8394.71 643.692 -2.80045
3910 1628.71 12929.7 643.322 -2.79942
3920 1596.59 12307.3 643.16 -2.79841
3930 1531.39 14587.4 643.207 -2.79738
3940 1518.63 16114 643.49 -2.79626
3950 1603.9 14250.4 644.024 -2.79499
3960 1688.35 15319.5 644.79 -2.79369
3970 1680.55 16307.2 645.794 -2.79261
3980 1561.16 20163.4 647.059 -2.79183
3990 1461.35 21605.3 648.633 -2.79122
4000 1579.34 16218.4 650.535 -2.79042
4010 1850.64 6410.14 652.679 -2.78917
4020 2011.94 -889.804 654.912 -2.78796
4030 1922.12 -3426.79 657.119 -2.78746
4040 1774.08 -6064.24 659.249 -2.78748
4050 1735.22 -9942.53 661.256 -2.78758
4060 1737.42 -12326.2 663.081 -2.78762
4070 1808.85 -15149.9 664.679 -2.78768
4080 1918.06 -18910.5 666.003 -2.788
4090 1814.33 -18635.4 667 -2.78877
4100 1495.27 -10032.6 667.683 -2.78962
4110 1458.47 -6717.72 668.182 -2.79
4120 1727.69 -11186 668.55 -2.78996
4130 1735.01 -11149.8 668.735 -2.78987
4140 1673.69 -11002.5 668.731 -2.78993
4150 1651.55 -11702.7 668.543 -2.78995
4160 1731.64 -14021.3 668.16 -2.78995
4170 1842.04 -18471.7 667.545 -2.79017
4180 1793.89 -18810.8 666.636 -2.79083
4190 1556.26 -13478.9 665.436 -2.79162
4200 1395.11 -9997.79 664.03 -2.79195
4210 1547.48 -11742.2 662.476 -2.79177
4220 1759.51 -13445.9 660.756 -2.79135
4230 1881.81 -13378.1 658.851 -2.79118
4240 1875.19 -11560.9 656.767 -2.79152
4250 1806.72 -9181.66 654.535 -2.79226
4260 1731.97 -6005.86 652.203 -2.79308
4270 1792.42 -4739.09 649.82 -2.79386
4280 1906.82 -4225.11 647.411 -2.79479
4290 2017.64 -4589.46 644.986 -2.79623
4300 1984.88 -3351.36 642.544 -2.79835
4310 1752.31 1294.22 640.108 -2.80062
4320 1577.64 4078.76 637.743 -2.80224
4330 1715.84 2004.67 635.487 -2.80349
4340 1752.04 4561.73 633.319 -2.80461
4350 1702.78 6356.88 631.267 -2.80556
4360 1605.81 13000.1 629.365 -2.80621
4370 1555.74 16722.4 627.697 -2.80625
4380 1768.74 12505.7 626.307 -2.80617
4390 1814.72 14066.7 625.148 -2.80625
4400 1803.22 13732.5 624.222 -2.8066
4410 1825.82 9997.75 623.518 -2.80723
4420 1867.73 9663.14 622.988 -2.80816
4430 1886.64 10368.7 622.616 -2.80942
4440 1882.87 9426.2 622.409 -2.81101
4450 1812.04 10425.1 622.355 -2.81283
4460 1738.83 12705.1 622.464 -2.81462
4470 1753.53 10964.2 622.76 -2.81635
4480 1644.99 12572.7 623.226 -2.81792
4490 1500.72 15583.7 623.879 -2.81912
4500 1521.51 14974.7 624.755 -2.81989
4510 1614.88 12464.8 625.846 -2.82023
4520 1772.11 9060.2 627.112 -2.82042
4530 1824.08 6793.31 628.506 -2.82067
4540 1813.77 4510.31 629.988 -2.82119
4550 1745.06 2600.51 631.526 -2.82184
4560 1648.84 2048.13 633.09 -2.82248
4570 1539.71 3139.45 634.672 -2.82287
4580 1565.56 2231.29 636.282 -2.82295
4590 1626.8 1427.81 637.911 -2.8227
4600 1647.32 2290.02 639.548 -2.82232
4610 1571.56 2891.21 641.202 -2.82189
4620 1427.57 5752.34 642.889 -2.82132
4630 1490.08 2114.08 644.639 -2.82042
4640 1732.92 -6781.63 646.397 -2.8189
4650 1865.72 -11092.2 648.034 -2.81725
4660 1791.32 -8599.32 649.485 -2.81613
4670 1699.72 -7943.47 650.778 -2.81546
4680 1628.27 -6859.99 651.929 -2.81491
4690 1509.52 -1476.03 652.965 -2.81434
4700 1412.15 -157.887 653.959 -2.81358
4710 1289.59 841.729 654.94 -2.81245
4720 1173.72 2094.72 655.926 -2.81089
4730 1246.77 -3521.21 656.924 -2.80873
4740 1337.33 -6433.9 657.86 -2.80579
4750 1511.69 -8209.46 658.678 -2.80237
4760 1619.08 -8574.2 659.356 -2.79872
4770 1501.78 -5640.26 659.89 -2.7954
4780 1169.39 3777.84 660.337 -2.79263
4790 1081.07 8107.1 660.835 -2.79009
4800 1346.42 3296.72 661.452 -2.78681
4810 1492.84 2586.04 662.127 -2.78276
4820 1475.81 4428.82 662.844 -2.77883
4830 1534.04 2893.12 663.624 -2.77517
4840 1717.65 604.299 664.447 -2.77154
4850 1902.21 -5862.13 665.267 -2.76816
4860 1882.04 -8645.69 665.987 -2.76557
4870 1782.66 -7645.25 666.561 -2.76391
4880 1803.54 -7780.09 667 -2.76281
4890 1821.23 -4564.83 667.311 -2.76214
4900 1754 41.5478 667.547 -2.76186
4910 1704.84 1780.01 667.782 -2.76178
4920 1673.16 2594.78 668.049 -2.76173
4930 1758.01 -983.987 668.355 -2.76165
4940 1967.05 -7326.88 668.641 -2.76175
4950 2107.77 -11187.8 668.808 -2.76256
4960 2051.53 -9331.64 668.795 -2.76442
4970 1786.98 -617.495 668.64 -2.76672
4980 1659.53 2677.88 668.475 -2.76871
4990 1737.21 2963.79 668.359 -2.77038
5000 1779.75 5063.5 668.306 -2.77195
5010 1679.87 9798.26 668.35 -2.77348
5020 1535.4 13814.5 668.567 -2.77462
5030 1651.74 11909.7 669.012 -2.77544
5040 1639.66 12394.1 669.668 -2.77604
5050 1577.82 10775.1 670.527 -2.77646
5060 1609.81 7491.86 671.565 -2.77662
5070 1662.1 4192.61 672.725 -2.77651
5080 1791.82 157.149 673.946 -2.7763
5090 1927.15 -7223.67 675.154 -2.77621
5100 1938.78 -11082.6 676.231 -2.77656
5110 1905.23 -12067.9 677.109 -2.77746
5120 1906.28 -14012.2 677.767 -2.77877
5130 1918.71 -16468.9 678.175 -2.7805
5140 1868 -20240.3 678.288 -2.78258
5150 1777.31 -17894.5 678.06 -2.78481
5160 1813.12 -17388.7 677.521 -2.78703
5170 1889.88 -16650.9 676.692 -2.78948
5180 1758.38 -10678 675.599 -2.79199
5190 1575.17 -7217.51 674.339 -2.79406
5200 1462.36 -6297.21 672.977 -2.79543
5210 1543.17 -9651.31 671.527 -2.79622
5220 1733.89 -14629.8 669.938 -2.79683
5230 1860.51 -17622.4 668.135 -2.79768
5240 1859.54 -18867.4 666.071 -2.79907
5250 1721 -14178.7 663.739 -2.80069
5260 1610.93 -7104.81 661.222 -2.80197
5270 1471.74 849.397 658.64 -2.80254
5280 1352.54 8911.92 656.129 -2.80216
5290 1402.14 11268.3 653.809 -2.80097
5300 1528.56 10240.9 651.719 -2.79928
5310 1646.11 9923.6 649.842 -2.79736
5320 1743 8123.83 648.164 -2.79551
5330 1788.17 6573.79 646.655 -2.79399
5340 1795.2 4677.96 645.284 -2.79288
5350 1879.3 922.841 644.015 -2.79227
5360 1908.96 1482.49 642.796 -2.79219
5370 1878.52 2818.7 641.629 -2.79262
5380 1747.61 7551.03 640.539 -2.79332
5390 1670.19 12097.3 639.593 -2.79389
5400 1761.96 12136.7 638.851 -2.79437
5410 1857.78 10646.5 638.317 -2.79499
5420 1938.35 5088 637.957 -2.79605
5430 1827.99 5418.69 637.699 -2.79751
5440 1772.09 4487.1 637.534 -2.79904
5450 1864.55 -1280.15 637.44 -2.80064
5460 1891.3 -4322.58 637.337 -2.80248
5470 1847.66 -6121.77 637.178 -2.80452
5480 1845.14 -8510.48 636.929 -2.8067
5490 1796.08 -8107.64 636.562 -2.8089
5500 1738.9 -6147.7 636.082 -2.81102
5510 1583.23 64.4998 635.527 -2.81273
5520 1557.65 6181.47 634.987 -2.81384
5530 1639.2 6573.31 634.547 -2.81452
5540 1624.44 9786.42 634.227 -2.81495
5550 1581.95 11692.3 634.067 -2.81514
5560 1644.42 10050.4 634.089 -2.81514
5570 1610.03 13048.3 634.279 -2.815
5580 1570.35 14929.6 634.671 -2.81478
5590 1553.07 15756.3 635.293 -2.81442
5600 1509.6 17970 636.158 -2.81392
5610 1536.84 15771.2 637.288 -2.81325
5620 1670.57 9103.9 638.65 -2.81231
5630 1756.37 3301.17 640.144 -2.8112
5640 1747.05 463.162 641.677 -2.81023
5650 1701.31 -1042.07 643.206 -2.80947
5660 1668.12 -4134.14 644.702 -2.80877
5670 1701.49 -8587.06 646.116 -2.808
5680 1794.15 -12466.9 647.379 -2.80722
5690 1900.83 -14200.3 648.432 -2.80671
5700 1973.31 -14125.5 649.249 -2.8068
5710 1938.78 -9170.88 649.84 -2.80764
5720 1840.13 -4667.87 650.278 -2.80898
5730 1787.04 -3668.26 650.635 -2.81051
5740 1654.89 428.696 650.939 -2.81193
5750 1573.64 2859.53 651.248 -2.81301
5760 1585.45 1145.59 651.597 -2.8137
5770 1491.34 4075.18 651.974 -2.81398
5780 1564.38 693.035 652.406 -2.81387
5790 1705.01 -6422.13 652.843 -2.81343
5800 1721.39 -7868.82 653.184 -2.81297
5810 1714.53 -11384.4 653.391 -2.81263
5820 1676.41 -11677.3 653.42 -2.81239
5830 1642.83 -8503.32 653.268 -2.81216
5840 1627.1 -6414.24 652.982 -2.81187
5850 1642.75 -5259.97 652.6 -2.81146
5860 1712.31 -5061.17 652.142 -2.81099
5870 1732.91 -5339.76 651.614 -2.81058
5880 1739.75 -5966.2 651.012 -2.81033
5890 1772.33 -5989.23 650.33 -2.81023
5900 1830.66 -6262.89 649.566 -2.81036
5910 1819.75 -2717.23 648.725 -2.81078
5920 1739.47 1396.29 647.861 -2.81133
5930 1699.01 939.533 647.033 -2.81189
5940 1590.78 1101.23 646.239 -2.8123
5950 1584.67 275.473 645.48 -2.81246
5960 1622.72 384.664 644.744 -2.81235
5970 1653.91 2507.31 644.035 -2.81205
5980 1696.15 2653.93 643.379 -2.81169
5990 1623.49 4989.68 642.784 -2.81132
6000 1455.18 9549.66 642.287 -2.8108
6010 1357.16 13258.9 641.953 -2.80992
6020 1467.67 10566 641.829 -2.80856
6030 1777.51 2956.6 641.872 -2.80681
6040 1980.33 -2355.57 641.972 -2.8052
6050 1863.02 -824.348 642.048 -2.80441
6060 1659.51 1188.18 642.117 -2.80411
6070 1850.04 -4786.3 642.197 -2.80396
6080 1951.33 -8687.79 642.209 -2.80413
6090 1895.58 -7234.65 642.098 -2.80491
6100 1852.03 -6032.41 641.879 -2.80609
6110 1804.8 -5369.15 641.571 -2.80749
6120 1640.34 3350.05 641.204 -2.80882
6130 1547.08 7846.06 640.893 -2.80969
6140 1610.46 5295.66 640.706 -2.81021
6150 1522.85 8608.27 640.62 -2.81037
6160 1572.89 8887.28 640.671 -2.81023
6170 1651.91 5248.74 640.86 -2.80983
6180 1646.84 5862.56 641.144 -2.80935
6190 1663.54 3363.32 641.515 -2.80883
6200 1757.1 -2797.45 641.934 -2.8083
6210 1724.71 -3881.85 642.318 -2.80789
6220 1629.07 -1499.63 642.644 -2.80757
6230 1693.78 -2702.1 642.942 -2.80722
6240 1721.11 -4919.26 643.197 -2.80684
6250 1659.23 -3330.56 643.381 -2.80655
6260 1612.53 -1473.26 643.516 -2.80623
6270 1627.31 -39.7416 643.629 -2.80578
6280 1677.95 2354.89 643.747 -2.80524
6290 1672.75 4566.72 643.906 -2.80469
6300 1734.22 5845.87 644.141 -2.80419
6310 1845.96 3420.8 644.465 -2.80384
6320 1882.19 1785.36 644.848 -2.80387
6330 1848.46 1051.02 645.261 -2.80433
6340 1834.23 -670.3 645.689 -2.8051
6350 1804.81 -1467.72 646.109 -2.80611
6360 1673.33 -734.401 646.507 -2.80711
6370 1702.21 -4157.45 646.888 -2.80794
6380 1849.54 -5764.68 647.205 -2.80871
6390 1996.14 -7274.91 647.43 -2.80987
6400 1966.4 -6279.08 647.546 -2.81165
6410 1779.7 -2502.64 647.569 -2.81375
6420 1625.65 -575.09 647.555 -2.81555
6430 1702.32 -5866.27 647.527 -2.81699
6440 1823.33 -8592.41 647.415 -2.81835
6450 1822.44 -7496.7 647.176 -2.81987
6460 1645.7 -3491.71 646.831 -2.82136
6470 1460.69 -820.664 646.437 -2.82236
6480 1479.42 -1875.03 646.037 -2.82274
6490 1594.48 -5001.26 645.615 -2.82266
6500 1708.84 -8009.63 645.124 -2.82239
6510 1776.32 -8694.46 644.521 -2.82219
6520 1779.76 -9607.76 643.794 -2.82223
6530 1739.1 -8130.04 642.935 -2.82249
6540 1681.61 -5430.88 641.967 -2.82279
6550 1654.02 -3801.28 640.933 -2.82298
6560 1668.98 -6099.65 639.855 -2.82308
6570 1692.75 -5539.35 638.708 -2.82315
6580 1671.38 -4155.12 637.498 -2.82316
6590 1681.54 -3205.46 636.249 -2.8231
6600 1731.67 -2879.66 634.974 -2.82303
6610 1752.59 -2665.26 633.68 -2.82302
6620 1783.56 -3128.57 632.373 -2.82315
6630 1853.56 -3412.35 631.045 -2.82354
6640 1846.29 -909.013 629.695 -2.82421
6650 1805.53 3703.41 628.364 -2.82505
6660 1782.38 3889.52 627.11 -2.82594
6670 1769.4 6317.36 625.944 -2.82693
6680 1631.06 11826 624.902 -2.82777
6690 1426.45 19889.7 624.063 -2.82816
6700 1331.65 26248 623.538 -2.82791
6710 1484.93 22293.2 623.403 -2.82719
6720 1720.29 17498.3 623.608 -2.82617
6730 1869.7 14206.3 624.077 -2.82528
6740 1871.23 13339.9 624.763 -2.82493
6750 1764.9 14181.8 625.648 -2.82511
6760 1677.63 14199.1 626.739 -2.82555
6770 1581.15 17077.6 628.041 -2.82598
6780 1527.05 18830.7 629.589 -2.82634
6790 1513.45 16030 631.405 -2.82643
6800 1563.99 11471.5 633.449 -2.82615
6810 1643.25 6289.26 635.651 -2.82548
6820 1774.89 303.746 637.929 -2.82457
6830 1793.3 -3287.72 640.194 -2.82366
6840 1650.14 -1099.86 642.394 -2.82304
6850 1469.36 4033.67 644.561 -2.8226
6860 1452.82 3978.11 646.764 -2.82197
6870 1541.23 966.965 649.006 -2.82086
6880 1591.83 -2913.86 651.239 -2.81935
6890 1578.62 -4626.9 653.407 -2.81766
6900 1607.4 -8265.83 655.472 -2.81585
6910 1608.83 -9231.04 657.384 -2.81392
6920 1548.41 -4331.65 659.133 -2.81211
6930 1600.39 -2973.33 660.786 -2.8104
6940 1680.93 -3423.51 662.368 -2.80862
6950 1625.04 -321.616 663.883 -2.80703
6960 1505.2 2304.12 665.377 -2.80562
6970 1514.84 1599.1 666.89 -2.80416
6980 1636.23 -2480.02 668.409 -2.80239
6990 1605 -2284.31 669.878 -2.80054
7000 1550.98 -3904.36 671.288 -2.79879
7010 1648.1 -6592.77 672.616 -2.79693
7020 1783.32 -9188.96 673.816 -2.79503
7030 1861.66 -10970.9 674.844 -2.79345
7040 1818.34 -10380 675.676 -2.79244
7050 1714.95 -8103.47 676.323 -2.7919
7060 1658.18 -8329.24 676.819 -2.79153
7070 1669.29 -11425.5 677.162 -2.79114
7080 1694.6 -14318.6 677.305 -2.79075
7090 1707.54 -14453.8 677.204 -2.79044
7100 1708.24 -13721 676.857 -2.79027
7110 1649.74 -11994.6 676.281 -2.79019
7120 1500.7 -8203.26 675.514 -2.79002
7130 1390.55 -7123.43 674.616 -2.78952
7140 1311.4 -4373.45 673.618 -2.78855
7150 1251.65 -724.342 672.567 -2.78703
7160 1330.32 -1001.86 671.518 -2.78492
7170 1505.66 -3700.35 670.473 -2.78226
7180 1673.68 -6591.38 669.385 -2.77934
7190 1756.11 -7633.22 668.212 -2.77661
7200 1740.86 -8298.93 666.935 -2.7744
7210 1737.94 -8640.04 665.546 -2.77269
7220 1815.79 -10960.5 664.037 -2.77139
7230 1969.74 -13475.3 662.376 -2.7707
7240 2090.59 -14606.6 660.526 -2.77091
7250 2166.36 -14933.5 658.476 -2.77239
7260 1985.3 -11826 656.227 -2.77497
7270 1630.51 -1450.69 653.847 -2.77733
7280 1666.57 -993.545 651.479 -2.77889
7290 1934.13 -5572.94 649.139 -2.78056
7300 1977.13 -5068.43 646.77 -2.78277
7310 1788.29 222.629 644.379 -2.78519
7320 1433.05 10329 642.054 -2.78675
7330 1315.65 16755.8 639.938 -2.78701
7340 1562.15 11135.8 638.113 -2.7866
7350 1765.24 6989.08 636.504 -2.78611
7360 1805.7 9633.24 635.051 -2.78577
7370 1893.57 8573.39 633.774 -2.78576
7380 1934.87 8011 632.66 -2.78627
7390 1868.59 12096 631.701 -2.78728
7400 1706.5 18523.1 630.955 -2.78834
7410 1811.95 14990.7 630.496 -2.78941
7420 1893.52 7713.14 630.274 -2.79078
7430 1751.72 7114.14 630.189 -2.79236
7440 1671.04 7054.75 630.221 -2.79379
7450 1823.65 3004.9 630.359 -2.79505
7460 2011.58 -1699.77 630.545 -2.79662
7470 1976.68 -337.478 630.719 -2.79879
7480 1802.67 3122.71 630.892 -2.80124
7490 1625.54 5848.05 631.115 -2.8034
7500 1579.66 6127.96 631.427 -2.805
7510 1743.3 2694.92 631.828 -2.80624
7520 1877.6 2156.74 632.273 -2.80752
7530 1786.08 5653.07 632.757 -2.80902
7540 1624.61 9208.22 633.326 -2.81044
7550 1606.82 9564.53 634.028 -2.81154
7560 1659.81 9980.09 634.874 -2.81236
7570 1681.04 10408.1 635.868 -2.81305
7580 1651.76 12691.5 637.018 -2.81366
7590 1661.74 11814.3 638.35 -2.81421
7600 1701.06 9652.37 639.853 -2.81464
7610 1669.17 10152.9 641.497 -2.81503
7620 1559.98 11776.2 643.286 -2.8154
7630 1421.63 13372.7 645.244 -2.81559
7640 1373.17 12043.7 647.393 -2.81538
7650 1481.79 5237.3 649.704 -2.81452
7660 1633.24 -2152.39 652.076 -2.81293
7670 1735.26 -9579.68 654.387 -2.81095
7680 1759 -15039.6 656.518 -2.80897
7690 1755.86 -17723.8 658.381 -2.80723
7700 1743.38 -16808 659.934 -2.80585
7710 1743.39 -15387.1 661.189 -2.80483
7720 1748.69 -12321.2 662.176 -2.80413
7730 1729.19 -11632.4 662.942 -2.8037
7740 1618.53 -10041.6 663.507 -2.8034
7750 1445.56 -5857.91 663.904 -2.80301
7760 1369.05 -4774.94 664.195 -2.80225
7770 1422.75 -7190.14 664.401 -2.801
7780 1504.63 -9728.3 664.486 -2.79931
7790 1576.75 -11794.4 664.41 -2.7974
7800 1590.75 -10194.3 664.147 -2.79545
7810 1630.74 -10244.2 663.718 -2.79356
7820 1760.55 -11770.9 663.126 -2.79177
7830 1832.87 -10389.6 662.357 -2.79031
7840 1795.03 -6167.36 661.437 -2.78935
7850 1657.15 -128.639 660.438 -2.78866
7860 1725.91 -2599.45 659.447 -2.78803
7870 1914 -8093.98 658.432 -2.78763
7880 1973.21 -9220.94 657.313 -2.78786
7890 2041.63 -10855.8 656.066 -2.78892
7900 2095.33 -9661.68 654.673 -2.7909
7910 2043.63 -7125.87 653.155 -2.79371
7920 1853.03 -2086.96 651.56 -2.79678
7930 1668.96 926.181 649.963 -2.79943
7940 1628.29 1695.78 648.413 -2.80143
7950 1821.22 -2703.32 646.917 -2.80318
7960 2043.92 -7250.87 645.41 -2.80541
7970 2053.98 -4010.94 643.835 -2.80834
7980 1978.21 -3760.08 642.226 -2.81172
7990 1916.43 -317.979 640.599 -2.81523
8000 1894.38 2816.18 639.003 -2.81863
8010 1882.31 2833.49 637.483 -2.82196
8020 1854.11 2533.7 636.041 -2.82521
8030 1856.13 1207.09 634.67 -2.82835
8040 1835.38 -1524.33 633.345 -2.83148
8050 1703.31 833.457 632.036 -2.83432
8060 1621.21 1615.11 630.766 -2.83652
8070 1666.48 -1190.91 629.544 -2.83828
8080 1633.46 250.851 628.338 -2.83971
8090 1573.83 2351.98 627.163 -2.84067
8100 1681.3 182.574 626.043 -2.84127
8110 1844.19 -2529.42 624.951 -2.84187
8120 1876.13 -1290.66 623.852 -2.84278
8130 1760.48 3601.77 622.765 -2.84386
8140 1631.31 8279.14 621.754 -2.84477
8150 1559.77 11176.1 620.888 -2.84531
8160 1504.29 14000 620.208 -2.84543
8170 1431.42 17685.2 619.752 -2.84513
8180 1465.39 14988.3 619.561 -2.8444
8190 1697.58 5801.8 619.59 -2.84336
8200 1845.66 -61.4448 619.714 -2.8423
8210 1800.6 1450.25 619.849 -2.84165
8220 1760 4423.42 620.011 -2.84139
8230 1727.92 9288.67 620.245 -2.84132
8240 1749.23 10969.3 620.612 -2.84138
8250 1821.02 12422.1 621.143 -2.84165
8260 1800.14 15134.8 621.858 -2.84224
8270 1676.12 18016.9 622.793 -2.84308
8280 1552.42 20668.5 623.989 -2.84392
8290 1507.51 19414.8 625.478 -2.84455
8300 1543.75 14791.5 627.24 -2.84478
8310 1525.78 10900.9 629.209 -2.84462
8320 1393.35 10584.3 631.33 -2.84413
8330 1469.87 4278.34 633.581 -2.84318
8340 1571.88 1384.87 635.88 -2.84158
8350 1608.18 3972.94 638.185 -2.83987
8360 1657.57 3426.43 640.522 -2.83826
8370 1667.55 3893.16 642.892 -2.83671
8380 1670.09 4801.02 645.3 -2.83539
8390 1672.6 3851.26 647.755 -2.83422
8400 1592.35 4601.06 650.25 -2.83317
8410 1354.26 6583.43 652.794 -2.83221
8420 1143.1 8131.7 655.418 -2.83114
8430 1149.49 5190.82 658.138 -2.82955
8440 1396.36 -1839.84 660.909 -2.82687
8450 1580.7 -8694.08 663.616 -2.82311
8460 1610.07 -12427.1 666.149 -2.81913
8470 1559.01 -15397.7 668.442 -2.81542
8480 1537.32 -17196.1 670.444 -2.81194
8490 1572.21 -17030.6 672.128 -2.80865
8500 1617.06 -18784.5 673.492 -2.80553
8510 1507.95 -15827.8 674.521 -2.80272
8520 1455.63 -12722.1 675.263 -2.80023
8530 1542.76 -13506.3 675.768 -2.79767
8540 1585.12 -11376.2 676.038 -2.79508
8550 1527.93 -5962.1 676.114 -2.79267
8560 1386.31 -706.421 676.088 -2.79043
8570 1211.13 4841.01 676.058 -2.78816
8580 1322.98 4221.92 676.107 -2.78557
8590 1386.64 1614.19 676.231 -2.78241
8600 1413.22 -273.451 676.388 -2.7791
8610 1481.74 -5632.05 676.536 -2.77568
8620 1635.83 -11605.3 676.587 -2.77216
8630 1757.95 -14748.6 676.444 -2.76882
8640 1788.54 -15508.8 676.053 -2.76609
8650 1788.04 -16040.5 675.404 -2.76408
8660 1896.13 -18317.5 674.489 -2.76274
8670 2035.11 -18900.5 673.28 -2.76225
8680 1983 -14656.3 671.781 -2.76277
8690 1739.79 -9544.61 670.062 -2.76381
8700 1567.28 -5941.92 668.217 -2.76468
8710 1645.11 -5728.38 666.308 -2.76513
8720 1879 -10752 664.335 -2.76563
8730 1936.61 -10578.7 662.234 -2.76668
8740 1771.83 -4426.18 660.012 -2.76802
8750 1547.51 4092.85 657.77 -2.76897
8760 1412.52 9818.01 655.643 -2.76905
8770 1558.63 7234.33 653.714 -2.76856
8780 1733.62 5082.78 651.947 -2.76789
8790 1840.18 6778.43 650.308 -2.76733
8800 1957.62 9079.88 648.82 -2.76713
8810 2020.98 9647.34 647.509 -2.76765
8820 1801.87 16383.7 646.394 -2.76875
8830 1534.08 22864.3 645.568 -2.76964
8840 1582.82 20870.3 645.115 -2.77014
8850 1875.25 11909.1 645 -2.7706
8860 1985.55 5849.96 645.087 -2.77152
8870 1778.73 8471.2 645.285 -2.77294
8880 1511.96 11523.6 645.622 -2.77421
8890 1532.19 8411.74 646.133 -2.77495
8900 1741.79 3159.02 646.773 -2.77529
8910 1834.18 1237.06 647.464 -2.77566
8920 1701.54 5763.9 648.181 -2.77624
8930 1604.17 9238.44 648.984 -2.77681
8940 1768.79 4703.53 649.918 -2.77719
8950 2030.77 -2616.56 650.916 -2.77769
8960 2114.26 -7194.16 651.867 -2.77892
8970 2075.48 -10741 652.694 -2.78109
8980 1962.01 -10129.2 653.345 -2.78389
8990 1843.6 -4418.99 653.834 -2.78687
9000 1817.96 -233.667 654.246 -2.78977
9010 1772.69 4046.27 654.655 -2.79255
9020 1512.51 11621.3 655.136 -2.79491
9030 1374.85 14806.5 655.8 -2.79637
9040 1700.83 6880.29 656.686 -2.79725
9050 1955.35 -286.994 657.682 -2.79797
9060 1990.92 -2990.17 658.669 -2.79918
9070 1864.73 -2660.06 659.603 -2.80093
9080 1577.09 1624.87 660.493 -2.8026
9090 1524.64 -209.297 661.392 -2.80373
9100 1663.18 -5655.23 662.273 -2.80433
9110 1731.8 -8253.69 663.057 -2.80472
9120 1683.68 -8634.84 663.7 -2.80507
9130 1666.05 -10222.3 664.189 -2.80535
9140 1769.03 -13654.5 664.5 -2.80557
9150 1845.27 -16112.5 664.582 -2.80597
9160 1805.35 -14415.6 664.403 -2.80672
9170 1709.03 -12946.5 663.988 -2.80765
9180 1651.48 -12731.1 663.365 -2.8085
9190 1671.75 -15082.6 662.539 -2.80924
9200 1655.02 -15024.2 661.482 -2.80991
9210 1619.49 -13457.1 660.198 -2.81048
9220 1581.07 -9163.13 658.723 -2.8108
9230 1572.18 -6152.68 657.126 -2.81077
9240 1567.73 -4932.2 655.458 -2.81046
9250 1590.05 -4757.81 653.743 -2.80988
9260 1748.25 -7984.35 651.981 -2.80924
9270 1839.49 -7799.61 650.135 -2.80882
9280 1823.14 -4702.36 648.205 -2.80875
9290 1700.26 -1389.91 646.243 -2.80887
9300 1504.45 4078.87 644.304 -2.80883
9310 1325.7 9851.26 642.473 -2.80818
9320 1297.23 10158.1 640.829 -2.80692
9330 1294.21 10531.9 639.38 -2.80509
9340 1392.86 11002.7 638.127 -2.80272
9350 1717.98 3347.64 637.061 -2.79991
9360 2035.07 -2291.03 636.076 -2.79719
9370 2119.61 -2455.23 635.085 -2.79552
9380 1957.71 2571.72 634.089 -2.79514
9390 1933.2 4551.73 633.151 -2.79547
9400 2094.94 469.782 632.297 -2.79655
9410 2105.09 1687.27 631.482 -2.79858
9420 2041.42 2563.45 630.71 -2.80143
9430 1925.67 4904 630.001 -2.80463
9440 1849.34 6667.64 629.383 -2.80781
9450 1842.14 7269.18 628.882 -2.81085
9460 1869.26 5172.71 628.502 -2.81387
9470 1819.84 5426.9 628.216 -2.81683
9480 1750.78 7076.21 628.024 -2.81957
9490 1671.35 8260.51 627.947 -2.82193
9500 1571.44 9235.93 628.002 -2.82379
9510 1457.13 11538.1 628.203 -2.82503
9520 1391.47 14458.3 628.581 -2.82564
9530 1436.32 15729.3 629.176 -2.82567
9540 1635.46 13190.1 630.001 -2.82526
9550 1846.63 10790.8 631.021 -2.82473
9560 1900.88 10966.7 632.202 -2.82461
9570 1805.01 11155.5 633.541 -2.82504
9580 1679.9 10332.7 635.038 -2.82571
9590 1600.68 8554.13 636.681 -2.82629
9600 1603.34 3453.66 638.435 -2.82652
9610 1612.29 1519.71 640.231 -2.8264
9620 1630.68 1406.55 642.035 -2.8261
9630 1675.6 2221.27 643.845 -2.8257
9640 1684.05 3134.68 645.672 -2.82532
9650 1698.18 501.997 647.525 -2.82497
9660 1575.21 1827.09 649.374 -2.82457
9670 1465.91 3443.57 651.234 -2.8241
9680 1355.36 3628.59 653.127 -2.82331
9690 1366.72 3255.71 655.06 -2.82207
9700 1435.61 1447.41 657.023 -2.8203
9710 1489.76 -1179.61 658.987 -2.8181
9720 1555.26 -4689.4 660.91 -2.81559
9730 1619.02 -9057.82 662.731 -2.81287
9740 1615.98 -10593.4 664.385 -2.81019
9750 1670.18 -12143.2 665.841 -2.80766
9760 1723.39 -13355.3 667.075 -2.80532
9770 1746.05 -15804.7 668.066 -2.80333
9780 1613.28 -14151.7 668.784 -2.8017
9790 1520.1 -13425.7 669.252 -2.80031
9800 1608.23 -17939 669.478 -2.79883
9810 1698.3 -16989 669.406 -2.79733
9820 1729.83 -15439.3 669.05 -2.79607
9830 1660.81 -12863.5 668.442 -2.79512
9840 1470.4 -6984.66 667.635 -2.79424
9850 1442.71 -4363.21 666.722 -2.79311
9860 1636.5 -5949 665.749 -2.79162
9870 1761.83 -6602.64 664.698 -2.79005
9880 1706.08 -3132.46 663.568 -2.78874
9890 1628.68 -626.157 662.408 -2.78764
9900 1655.92 680.487 661.262 -2.78653
9910 1766.77 -131.089 660.15 -2.78547
9920 1659.33 4928.87 659.071 -2.78459
9930 1564.52 8556.86 658.096 -2.78366
9940 1755.53 4395.83 657.272 -2.78268
9950 1799.17 3281.1 656.548 -2.78182
9960 1857.69 2719.9 655.896 -2.78137
9970 1965.66 1896.38 655.306 -2.7814
9980 2084.44 301.603 654.762 -2.78221
9990 2023.7 3437.48 654.246 -2.78394
10000 1756.22 14300.2 653.815 -2.78599
