# Time-averaged data for fix 2
# TimeStep c_mytemp c_mypress v_vmyvol v_avgEtotal
10 2117.38 2634.09 648.685 -2.73963
20 2141.03 3014.14 648.733 -2.74045
30 2160.75 2699.67 648.831 -2.74197
40 2164.62 2942.89 648.974 -2.74417
50 2117.45 3225.52 649.166 -2.74689
60 2017.48 5225.14 649.413 -2.74986
70 1943.55 5274.62 649.736 -2.75273
80 1924.33 2611.81 650.135 -2.75541
90 1927.27 75.6168 650.574 -2.75789
100 1878.62 -1064.85 651.012 -2.76021
110 1710.68 5308.97 651.442 -2.76214
120 1697.99 6768.77 651.944 -2.76354
130 1939.28 1871.08 652.537 -2.7646
140 2096.64 -1530.09 653.156 -2.76584
150 2043.33 -3023.05 653.748 -2.76754
160 1962.04 -6886.46 654.288 -2.76947
170 1883.21 -6470.83 654.725 -2.77138
180 1828.65 -4966.62 655.061 -2.77311
190 1806.27 -4174.55 655.32 -2.7746
200 1754.79 -4732.06 655.515 -2.7758
210 1711.19 -3538.84 655.641 -2.77665
220 1717.15 -4585.24 655.713 -2.77714
230 1800.52 -8223.57 655.716 -2.77736
240 1867.41 -10155.1 655.599 -2.77753
250 1844.67 -8921.37 655.338 -2.77777
260 1763.88 -5756.81 654.954 -2.77803
270 1674.39 -5164.94 654.49 -2.77808
280 1760.22 -5441.6 653.961 -2.77788
290 1942.77 -8440.09 653.36 -2.77757
300 2174.66 -12562.9 652.646 -2.77771
310 2241.06 -10690.3 651.769 -2.77883
320 2113.63 -4901.8 650.758 -2.78085
330 1922.66 3204.8 649.704 -2.78307
340 1833.29 5486 648.714 -2.78501
350 1822.89 7219.41 647.832 -2.78667
360 1785.08 10249.8 647.082 -2.78801
370 1747.6 12219.5 646.503 -2.78905
380 1711.43 16255.5 646.126 -2.78977
390 1703.18 15593.3 645.996 -2.79018
400 1716.49 13076.3 646.105 -2.79034
410 1719.36 14106.7 646.417 -2.7903
420 1728.7 13526.5 646.937 -2.79012
430 1662.63 13830.3 647.658 -2.78979
440 1571.15 15796.9 648.584 -2.7893
450 1593.5 12230.1 649.729 -2.7885
460 1657.1 8408.34 651.047 -2.7873
470 1607.55 8949.02 652.484 -2.78586
480 1635.27 4528.03 654.034 -2.78425
490 1801.88 -4897.43 655.629 -2.78219
500 1922.38 -10360.5 657.136 -2.77995
510 1921.84 -9818.18 658.474 -2.77811
520 1773.84 -6037.85 659.649 -2.7768
530 1632.67 -3499.92 660.716 -2.77573
540 1603.48 -4084.46 661.713 -2.77448
550 1731.39 -9070.88 662.629 -2.77291
560 1756.55 -8693.56 663.403 -2.77117
570 1705.67 -5496.57 664.035 -2.76957
580 1681.58 -2735.31 664.575 -2.768
590 1720.08 962.518 665.07 -2.76638
600 1784.99 2826.92 665.576 -2.76472
610 1849.09 2211.63 666.121 -2.76317
620 1942.89 -105.986 666.696 -2.76184
630 1933.74 -20.6495 667.269 -2.7609
640 1873.85 3175.8 667.843 -2.76037
650 1842.91 5970.62 668.465 -2.7601
660 1780.38 9595.36 669.18 -2.75998
670 1671.78 10814.1 670.039 -2.75983
680 1680.31 11021.2 671.064 -2.75951
690 1809.52 7407.9 672.251 -2.75893
700 1999.34 1837.89 673.544 -2.75829
710 2107.77 -3290.61 674.854 -2.758
720 2108.77 -5794.68 676.102 -2.75837
730 2076.69 -7816.34 677.245 -2.75938
740 2029.35 -10485.2 678.247 -2.76087
750 1828.46 -9016.7 679.075 -2.7625
760 1628.41 -8494.89 679.745 -2.76379
770 1531.4 -9699.37 680.267 -2.76441
780 1559.21 -10355.8 680.626 -2.76441
790 1613.83 -11018.7 680.812 -2.7639
800 1626.89 -9937.81 680.822 -2.76302
810 1636.57 -9528.63 680.669 -2.76188
820 1628.24 -7899.56 680.37 -2.76051
830 1587 -6265.56 679.949 -2.75896
840 1569.92 -3337.4 679.439 -2.75716
850 1641.18 -577.42 678.888 -2.75508
860 1779.16 1310.82 678.34 -2.75276
870 1849.1 3073.07 677.828 -2.75048
880 1875.06 4779.75 677.382 -2.74853
890 1787.28 5999.63 677.025 -2.74693
900 1620.29 8690.24 676.782 -2.74555
910 1594.29 10506.7 676.69 -2.74407
920 1738.32 7037.57 676.769 -2.74234
930 1851.31 3524.01 676.966 -2.74051
940 1843.06 3281.34 677.23 -2.73892
950 1835.21 -155.628 677.544 -2.73761
960 1824.58 -2581.86 677.86 -2.73648
970 1857.38 -5077.38 678.132 -2.73552
980 1858.88 -5015.71 678.328 -2.73473
990 1830.84 -3718.44 678.445 -2.73414
1000 1781.68 -2943.47 678.505 -2.73365
1010 1696.58 -1127.67 678.524 -2.73315
1020 1744.99 -3450.23 678.522 -2.73245
1030 2014.16 -8895.83 678.465 -2.73172
1040 2140.42 -13307.7 678.27 -2.73147
1050 2053.51 -11610.6 677.874 -2.73212
1060 1855.45 -3945.69 677.309 -2.73313
1070 1872.99 -2243.28 676.686 -2.73409
1080 1983.06 -2846 676.039 -2.73511
1090 1940.86 276.431 675.369 -2.73633
1100 1819.6 5493.73 674.722 -2.73755
1110 1750.35 9575.23 674.179 -2.73848
1120 1908.55 9774.89 673.802 -2.73922
1130 1980.42 9540.7 673.596 -2.74014
1140 1868.87 7060.32 673.551 -2.74122
1150 1852.1 1639.38 673.621 -2.74231
1160 1837.28 -1914.08 673.728 -2.74327
1170 1879.45 -8541.11 673.802 -2.74417
1180 1895.38 -11988.6 673.746 -2.7451
1190 1854.87 -11133.7 673.509 -2.7461
1200 1795.89 -10892.2 673.1 -2.74704
1210 1729.4 -8914.71 672.529 -2.7478
1220 1713.95 -4389.7 671.832 -2.74821
1230 1812.73 -4584.44 671.074 -2.74838
1240 1811.81 -2850.46 670.264 -2.74847
1250 1683.17 2340.12 669.431 -2.74841
1260 1639.3 6603.75 668.654 -2.74803
1270 1700.37 6664.72 667.993 -2.7473
1280 1754.65 5584.25 667.455 -2.74637
1290 1822.87 2634 667.016 -2.74541
1300 1942.9 -1949.74 666.629 -2.74457
1310 2042.59 -8788.54 666.221 -2.74416
1320 2028.42 -9871.01 665.693 -2.74439
1330 1888.15 -5361.04 665.033 -2.74505
1340 1779.27 -2851.47 664.299 -2.74572
1350 1752.66 620.259 663.541 -2.74616
1360 1833.73 1044.98 662.806 -2.74637
1370 1998.69 969.864 662.103 -2.74664
1380 2031.78 3987.07 661.438 -2.74729
1390 1836.66 11689.5 660.858 -2.74817
1400 1720.26 14944.4 660.47 -2.74889
1410 1800.26 10470.3 660.315 -2.74938
1420 1888.73 6770.44 660.335 -2.74979
1430 1986.81 1089.56 660.462 -2.75036
1440 1983.45 -2474.77 660.614 -2.75123
1450 1906.89 -2923.58 660.735 -2.75233
1460 1899.36 -5244.49 660.812 -2.75349
1470 1864.21 -4667.54 660.815 -2.75465
1480 1766.19 -43.4068 660.757 -2.7557
1490 1693.47 658.034 660.699 -2.75644
1500 1682.89 -148.427 660.657 -2.75678
1510 1851.5 -5422.3 660.612 -2.75683
1520 2047.04 -11166.2 660.487 -2.75698
1530 2067.66 -13082.6 660.202 -2.7577
1540 1910.14 -11140.6 659.728 -2.75891
1550 1697.31 -5211.4 659.1 -2.76007
1560 1611.04 -2047.01 658.402 -2.76066
1570 1835.72 -7286.01 657.677 -2.76086
1580 2120.66 -11106.5 656.859 -2.7612
1590 2262.33 -9633.74 655.896 -2.76239
1600 2133.21 -4400.69 654.811 -2.76453
1610 1810.02 6325.35 653.691 -2.76677
1620 1557.88 15230.2 652.689 -2.76817
1630 1601.83 16194.7 651.931 -2.76877
1640 1799.33 12555.6 651.428 -2.76898
1650 1882.1 11193.6 651.134 -2.76914
1660 1873.75 8706.02 651.018 -2.76945
1670 1794.35 6325.25 651.041 -2.76983
1680 1700.63 7785.82 651.171 -2.77007
1690 1797.29 5133.22 651.418 -2.77006
1700 2100.58 -3289.21 651.736 -2.77006
1710 2238.62 -8142.28 652.011 -2.77073
1720 2114.24 -7122.02 652.173 -2.77238
1730 1844.77 -2306.39 652.235 -2.77437
1740 1743.56 194.419 652.265 -2.77599
1750 1813.98 -2119.98 652.295 -2.77727
1760 1806.93 -3954.9 652.299 -2.77835
1770 1761.39 -2792.05 652.254 -2.7792
1780 1831.57 -3462.72 652.169 -2.77984
1790 1911.74 -5522.63 652.036 -2.78046
1800 1820.35 -2411.22 651.835 -2.78115
1810 1679.27 1194.38 651.606 -2.78165
1820 1699.66 -1328.16 651.394 -2.78183
1830 1708.85 -3901.79 651.173 -2.78168
1840 1782.3 -7150.97 650.898 -2.78135
1850 1944.99 -8823.1 650.527 -2.781
1860 2076.25 -10466.9 650.034 -2.78103
1870 2005.29 -10532.3 649.398 -2.78168
1880 1749.89 -5427.35 648.628 -2.78259
1890 1632.99 -1963.75 647.79 -2.78311
1900 1804.9 -2326.17 646.935 -2.78326
1910 1870 1647.18 646.072 -2.78324
1920 1950.52 483.623 645.244 -2.78333
1930 1982.51 -806.705 644.442 -2.78375
1940 1885.06 2611.62 643.654 -2.78444
1950 1749.34 8675.88 642.925 -2.78505
1960 1694.58 9429.96 642.334 -2.78537
1970 1681.21 7383.64 641.893 -2.78538
1980 1729.09 6479.35 641.575 -2.7851
1990 1868.15 2026.56 641.357 -2.7847
2000 1889.18 765.333 641.182 -2.78442
2010 1697.81 8010.24 641.037 -2.78426
2020 1547.86 16390.9 641.02 -2.78387
2030 1718.51 16239.5 641.237 -2.78315
2040 1832.02 13582.9 641.692 -2.78223
2050 1757.11 15846.9 642.355 -2.78148
2060 1676.57 15030.4 643.243 -2.78083
2070 1711.29 12575.2 644.347 -2.78006
2080 1778.75 10889 645.63 -2.77916
2090 1734.27 11858.1 647.069 -2.77827
2100 1733.85 12509.4 648.675 -2.77748
2110 1886.58 6354.38 650.446 -2.7766
2120 1920.68 4213.55 652.304 -2.77575
2130 1822.12 3359.88 654.212 -2.77522
2140 1784.49 -792.016 656.15 -2.77474
2150 1703.36 -3427.39 658.062 -2.77408
2160 1767.5 -9896.93 659.897 -2.77316
2170 1830.07 -12978.8 661.565 -2.77199
2180 1832.28 -13895.2 663.017 -2.77093
2190 1843.04 -16297.9 664.236 -2.77
2200 1923.71 -19016.3 665.186 -2.76923
2210 2054.71 -19572.7 665.831 -2.76884
2220 2148.51 -19279.2 666.162 -2.76921
2230 2052.67 -14910.3 666.196 -2.77043
2240 1834.02 -8970.59 666.001 -2.77195
2250 1754.42 -6309.49 665.668 -2.77325
2260 1762.43 -5750.66 665.243 -2.77425
2270 1720.06 -5649.36 664.739 -2.77492
2280 1767.75 -8897.1 664.154 -2.77536
2290 1804.51 -11663.4 663.445 -2.77565
2300 1804.35 -14774.7 662.566 -2.77599
2310 1728.01 -12436.7 661.485 -2.77627
2320 1733.2 -10694.8 660.231 -2.77636
2330 1855.17 -10199.4 658.835 -2.77629
2340 2026.08 -11594.8 657.309 -2.77638
2350 2102.62 -11352.1 655.637 -2.77705
2360 2044.24 -7036.6 653.833 -2.77832
2370 1916.8 -3481.28 651.959 -2.77979
2380 1889.04 -2581.43 650.067 -2.78123
2390 1935.63 33.4915 648.179 -2.78261
2400 2024.24 1292.83 646.33 -2.78408
2410 1968.67 3860.11 644.54 -2.78581
2420 1659.89 11876.3 642.855 -2.78719
2430 1536.98 15264.6 641.373 -2.78773
2440 1617.35 12712.5 640.138 -2.78768
2450 1595.38 14653.7 639.122 -2.7872
2460 1627.48 16012.3 638.342 -2.7863
2470 1910.04 11505 637.805 -2.78521
2480 2027.31 9483.62 637.453 -2.78437
2490 1917.62 12631.7 637.258 -2.78409
2500 1862.26 12075.8 637.249 -2.78414
2510 1916.63 9526.7 637.419 -2.78435
2520 1958.31 9300.81 637.734 -2.78478
2530 1956.44 7935.92 638.185 -2.78552
2540 1873.74 7514.02 638.752 -2.78646
2550 1806.88 5331.87 639.424 -2.78737
2560 1836.86 557.005 640.166 -2.78811
2570 1858.34 -889.365 640.917 -2.78873
2580 1890.43 -3570.95 641.648 -2.78934
2590 1919.44 -4990.83 642.324 -2.79001
2600 1972.16 -7344.52 642.921 -2.79082
2610 2022.99 -7692.74 643.41 -2.79191
2620 2020.72 -6048.8 643.786 -2.79338
2630 1994.25 -5574.47 644.072 -2.79514
2640 1935.87 -5316.48 644.276 -2.79707
2650 1827.26 -4356.76 644.405 -2.79889
2660 1806.45 -5688.88 644.47 -2.80046
2670 1800.42 -6327.97 644.456 -2.80177
2680 1739.25 -3525.6 644.359 -2.80282
2690 1625.08 -989.542 644.216 -2.80348
2700 1536.24 1031.2 644.064 -2.8036
2710 1604.9 874.266 643.932 -2.80317
2720 1745.64 -2782.23 643.815 -2.80232
2730 1838.6 -5643.46 643.666 -2.80136
2740 1799.76 -5658.45 643.442 -2.80054
2750 1584.16 2766.68 643.157 -2.79973
2760 1540.5 7102.42 642.915 -2.79866
2770 1690.68 5186.45 642.778 -2.79714
2780 1826.26 5741.56 642.73 -2.79542
2790 1845.21 3958.4 642.769 -2.79385
2800 1702.23 5662.42 642.878 -2.79253
2810 1621.81 3976.33 643.068 -2.79127
2820 1603.95 2898.29 643.321 -2.78979
2830 1556.31 5033.63 643.623 -2.78811
2840 1525.23 3789.28 643.994 -2.78616
2850 1621.75 4163.74 644.424 -2.78391
2860 1757.57 2934.93 644.914 -2.78138
2870 1913.71 51.8558 645.442 -2.77888
2880 1948.87 840.423 645.975 -2.77678
2890 1871.36 2255.52 646.52 -2.77529
2900 1798.49 4595.44 647.099 -2.77419
2910 1868.16 1257.64 647.736 -2.77327
2920 1844.89 1943.89 648.396 -2.77248
2930 1807.98 1817.82 649.078 -2.77189
2940 1704.5 4610.72 649.791 -2.77136
2950 1575.11 8589.31 650.57 -2.77073
2960 1613.21 7561.54 651.466 -2.76981
2970 1772.47 4326.29 652.468 -2.76852
2980 1834.34 2078.02 653.531 -2.76713
2990 1847.75 1480.39 654.619 -2.7659
3000 1880.95 1355.42 655.723 -2.76489
3010 1918.35 1684.01 656.839 -2.76415
3020 1948.83 541.864 657.97 -2.76375
3030 1714.79 5722.56 659.112 -2.76363
3040 1582.75 8127.75 660.33 -2.76346
3050 1885.57 -2589.93 661.644 -2.76286
3060 2119.78 -11644.8 662.91 -2.76207
3070 2202.07 -15921.4 663.99 -2.76201
3080 2176.73 -18738.9 664.812 -2.76295
3090 2131.99 -19179.8 665.337 -2.76475
3100 2069.91 -18333.7 665.558 -2.76717
3110 1885.87 -10997.7 665.501 -2.76983
3120 1593.13 -895.733 665.28 -2.77192
3130 1457.1 5098.59 665.048 -2.77307
3140 1489.45 6066.92 664.899 -2.77333
3150 1672.42 3254.46 664.847 -2.77297
3160 1797.2 2274.18 664.855 -2.77227
3170 1820.18 2882.22 664.907 -2.77156
3180 1785.15 3017.24 665.009 -2.77094
3190 1658.75 4706.5 665.164 -2.77033
3200 1412.55 9986.99 665.403 -2.76952
3210 1405.44 9720.95 665.795 -2.76826
3220 1690.6 2174.36 666.327 -2.7663
3230 1828.32 267.498 666.902 -2.76393
3240 1858.78 622.765 667.483 -2.76179
3250 1852.94 -1748.4 668.067 -2.76001
3260 1751.9 -1411.88 668.624 -2.75854
3270 1529.72 2490.49 669.162 -2.75722
3280 1393.36 3741.01 669.734 -2.75573
3290 1481.67 35.5969 670.356 -2.75373
3300 1619.78 -3055.98 670.975 -2.75113
3310 1767.41 -3283.64 671.547 -2.74826
3320 1874.26 -4315.47 672.061 -2.74546
3330 1818.16 -814.196 672.512 -2.7431
3340 1734.62 3535.13 672.95 -2.74119
3350 1678.54 5610.8 673.442 -2.73944
3360 1968.02 1531.65 674.014 -2.73767
3370 2173.26 2010.77 674.618 -2.7362
3380 2191.16 3831.73 675.254 -2.73582
3390 2096.8 4762.05 675.95 -2.73649
3400 1952.38 6881.13 676.723 -2.73776
3410 1865.61 7376.94 677.603 -2.73917
3420 1837.36 6012.19 678.597 -2.74049
3430 1811.61 5727.66 679.685 -2.74164
3440 1816.17 2112.22 680.854 -2.74261
3450 1820.44 -2008.81 682.05 -2.74332
3460 1898.9 -4819.9 683.204 -2.7439
3470 2046.24 -8928.45 684.266 -2.74458
3480 2127.68 -10901.9 685.176 -2.74574
3490 2076.36 -9261.62 685.901 -2.7475
3500 2007.96 -4861.25 686.472 -2.74967
3510 2007.16 -4779.56 686.953 -2.75203
3520 2015.38 -6823.12 687.349 -2.75454
3530 1959.2 -6092.65 687.637 -2.75713
3540 1917.29 -7980.29 687.819 -2.75964
3550 1900.73 -11200.9 687.867 -2.76202
3560 1763.52 -8437.52 687.741 -2.76417
3570 1630.33 -5035.97 687.48 -2.7657
3580 1755.29 -8593.45 687.133 -2.76672
3590 1864.98 -10854.2 686.655 -2.76752
3600 1883.34 -11911.4 686.006 -2.76839
3610 1782.18 -10488.4 685.179 -2.76927
3620 1693.46 -9593.09 684.193 -2.76995
3630 1633.25 -8162.38 683.068 -2.7703
3640 1573.14 -5980 681.832 -2.77017
3650 1653.24 -6235.93 680.517 -2.76958
3660 1762.18 -8019.38 679.124 -2.76873
3670 1827.03 -8426.55 677.63 -2.76786
3680 1848.43 -9030.2 676.028 -2.76715
3690 1843.3 -9861.01 674.31 -2.76664
3700 1905.5 -10492.2 672.468 -2.76637
3710 1922.25 -9514.39 670.498 -2.76636
3720 1862.7 -8327.31 668.414 -2.7666
3730 1801.52 -5994.4 666.244 -2.76687
3740 1867.61 -6441.58 664.019 -2.76711
3750 1908.9 -5086.57 661.742 -2.76741
3760 1942 -3589.43 659.435 -2.76785
3770 1950.6 -4939.37 657.115 -2.76855
3780 1874.61 -919.811 654.778 -2.76941
3790 1813.2 1626.91 652.474 -2.77007
3800 1819.86 2300.38 650.242 -2.77057
3810 1865.96 1803.03 648.091 -2.77099
3820 1886.48 1492.72 646.013 -2.7715
3830 1851.54 3542.24 644.007 -2.77197
3840 1906.56 1824.24 642.091 -2.77249
3850 1938.11 1811.53 640.246 -2.77316
3860 1967.19 2555.09 638.469 -2.77401
3870 1946.25 3217.39 636.767 -2.77508
3880 1824.67 11757.6 635.162 -2.7761
3890 1695.5 20452.5 633.76 -2.77662
3900 1764.8 21764.6 632.673 -2.77674
3910 2012.38 15730.9 631.913 -2.77694
3920 2104.22 12715.2 631.4 -2.7777
3930 2023.95 11105 631.085 -2.77907
3940 2003.4 8344.43 630.938 -2.78081
3950 2026.01 10262.7 630.923 -2.78281
3960 1999.21 14553.7 631.065 -2.78508
3970 1987.69 13490.3 631.411 -2.78751
3980 2001.72 10044.6 631.947 -2.79011
3990 1915.66 11029.2 632.631 -2.79271
4000 1868.85 11639.7 633.468 -2.7952
4010 1817.41 12077 634.465 -2.79746
4020 1773.08 14834.1 635.631 -2.79944
4030 1855.74 13733.4 636.996 -2.8012
4040 1962.32 10415 638.545 -2.80292
4050 1882.43 11851.5 640.239 -2.80472
4060 1729.61 12366.1 642.088 -2.80645
4070 1566.4 14504.8 644.103 -2.80779
4080 1497.75 14703.7 646.311 -2.8086
4090 1594.39 11639.3 648.712 -2.80876
4100 1798.2 6366.84 651.26 -2.8083
4110 1930.33 2183.68 653.881 -2.80757
4120 1969.75 -2089.14 656.508 -2.80698
4130 1952.45 -6581.71 659.076 -2.80657
4140 1975.83 -11344.4 661.513 -2.80633
4150 1991.16 -13822.7 663.75 -2.80632
4160 1928.44 -13253.8 665.747 -2.80664
4170 1810.53 -10833.6 667.516 -2.80716
4180 1760.83 -9144.39 669.092 -2.80762
4190 1709.76 -6075.42 670.505 -2.80788
4200 1657.35 -4114.66 671.802 -2.80793
4210 1596.66 -1312.4 673.022 -2.80765
4220 1628.88 -1790.94 674.202 -2.80699
4230 1796.42 -7962.63 675.331 -2.80593
4240 1897.88 -10560.1 676.326 -2.80475
4250 1920.89 -14277.6 677.135 -2.80383
4260 1850.96 -16021.8 677.707 -2.80325
4270 1736.05 -14724.5 678.017 -2.80284
4280 1717 -15279.6 678.083 -2.80241
4290 1713.5 -16143.3 677.902 -2.80185
4300 1773.93 -18451.6 677.461 -2.80125
4310 1797.33 -20466.2 676.732 -2.80072
4320 1778.69 -19942.2 675.691 -2.80036
4330 1784.47 -19287.9 674.348 -2.8001
4340 1877.69 -19085.6 672.722 -2.79996
4350 1897.88 -16256.1 670.83 -2.80004
4360 1798.33 -11767.6 668.719 -2.80029
4370 1645.81 -4941.69 666.473 -2.80026
4380 1681.12 -4874.3 664.188 -2.79985
4390 1714.08 -7146.7 661.875 -2.79924
4400 1632.1 -5425.07 659.508 -2.79852
4410 1520.43 -3373.24 657.11 -2.79749
4420 1487.6 -3223.73 654.712 -2.79607
4430 1542.51 -2335.83 652.32 -2.79419
4440 1633.52 -2663.63 649.945 -2.79193
4450 1671.26 249.782 647.589 -2.78943
4460 1721.69 1389.48 645.288 -2.7868
4470 1878.66 1644.93 643.06 -2.78422
4480 1994.02 2802.9 640.91 -2.78188
4490 1928.86 7283.26 638.855 -2.78013
4500 1723.91 17349.5 636.962 -2.77861
4510 1681.82 20563.8 635.355 -2.77699
4520 1720.91 19718 634.077 -2.77531
4530 1763.47 17610 633.109 -2.77369
4540 1729.07 16913.6 632.42 -2.77221
4550 1634.07 20255.8 631.996 -2.77079
4560 1661.6 19681.3 631.868 -2.76932
4570 1769.39 16471.9 632.024 -2.76777
4580 1745.22 19147.5 632.427 -2.76631
4590 1699.16 20270 633.1 -2.76505
4600 1794.24 16726.9 634.052 -2.76384
4610 1989.28 11134.9 635.232 -2.76266
4620 2116.95 7579.45 636.565 -2.76191
4630 2072.94 6776.86 637.997 -2.76196
4640 1852.45 10577.9 639.518 -2.76267
4650 1580.58 17657.9 641.183 -2.76351
4660 1592.16 17983.4 643.08 -2.76409
4670 1797.08 10961.7 645.211 -2.76412
4680 1900.05 8179.36 647.487 -2.76389
4690 1887.99 9233.9 649.865 -2.76389
4700 1816.66 12823.2 652.361 -2.76423
4710 1873.44 9508.89 655.013 -2.76469
4720 1954.3 5177.23 657.781 -2.76509
4730 1857.34 4206.43 660.602 -2.76559
4740 1758.51 4160.3 663.459 -2.7661
4750 1865.52 -1029.95 666.338 -2.76637
4760 2033.93 -6417.16 669.167 -2.76644
4770 2004.48 -5804.72 671.869 -2.76682
4780 1863.62 -4270.67 674.444 -2.76758
4790 1688.97 -52.3781 676.922 -2.76836
4800 1543.96 3893.74 679.368 -2.76888
4810 1539.22 3381.04 681.84 -2.76891
4820 1664.08 -1327.69 684.33 -2.76827
4830 1762.75 -5853.18 686.766 -2.76708
4840 1765.06 -8913.29 689.072 -2.76568
4850 1734.56 -10311.7 691.201 -2.76423
4860 1636.5 -7311.81 693.131 -2.76279
4870 1567.05 -4987.3 694.91 -2.76132
4880 1657.6 -7989.33 696.569 -2.75953
4890 1687.02 -8391.76 698.073 -2.75744
4900 1716.68 -9222.12 699.409 -2.75535
4910 1663.03 -10196.5 700.567 -2.75325
4920 1495.39 -5747.78 701.541 -2.75123
4930 1429.4 -5342.35 702.395 -2.7491
4940 1586.19 -11362.8 703.136 -2.74646
4950 1765.85 -14513.8 703.672 -2.74339
4960 1804.96 -13380.9 703.955 -2.74045
4970 1767.04 -12381.4 704 -2.73794
4980 1740.43 -9713.09 703.835 -2.73575
4990 1816.27 -9934.89 703.502 -2.73375
5000 1831.44 -10000.2 703.006 -2.73198
5010 1712.44 -5378.57 702.357 -2.73048
5020 1652.38 -2056.9 701.628 -2.72903
5030 1679.63 -1591.43 700.878 -2.72742
5040 1791.66 -2824.61 700.117 -2.7257
5050 1846.58 -2399.72 699.331 -2.72405
5060 1935.84 -2719.92 698.522 -2.72266
5070 2058.73 -3638.68 697.686 -2.72173
5080 2006.39 -676.422 696.814 -2.72143
5090 1796.25 3360.3 695.957 -2.72154
5100 1554.35 6693.87 695.178 -2.72148
5110 1561.28 5121.37 694.527 -2.72093
5120 1786.29 -1473.31 693.974 -2.71998
5130 1936.55 -5667.17 693.416 -2.719
5140 1980.58 -7045.69 692.78 -2.71841
5150 1864 -3552.56 692.05 -2.71825
5160 1724.99 -216.665 691.276 -2.71816
5170 1670.97 2967.97 690.519 -2.71786
5180 1733.9 3525.89 689.828 -2.71724
5190 1942.04 1529.37 689.211 -2.71654
5200 2049.21 635.654 688.64 -2.71615
5210 1953.65 958.135 688.098 -2.71633
5220 1815.04 2467.7 687.59 -2.71674
5230 1823.84 2509 687.135 -2.71712
5240 1860.57 1395.57 686.736 -2.71744
5250 1865.71 -45.4616 686.372 -2.71787
5260 1650.62 4196.12 686.03 -2.71817
5270 1714.45 3857.92 685.762 -2.71812
5280 2004.45 -2665.75 685.56 -2.71792
5290 2020.42 -4924.95 685.329 -2.71812
5300 1778.82 -801.986 685.035 -2.71866
5310 1644.14 104.083 684.734 -2.71901
5320 1704.71 -3941 684.437 -2.71898
5330 1796.53 -5217.96 684.09 -2.71871
5340 1863.87 -5805.1 683.668 -2.7184
5350 1920.25 -9117.15 683.158 -2.71827
5360 1882.68 -9303.44 682.516 -2.71838
5370 1865.28 -8560.07 681.737 -2.71868
5380 1797.1 -7971.53 680.835 -2.71904
5390 1700.6 -4983.69 679.826 -2.71925
5400 1777.71 -6483.58 678.752 -2.7192
5410 1936.02 -10438.9 677.592 -2.71919
5420 1939.93 -10329.8 676.294 -2.71946
5430 1946.46 -9117.46 674.858 -2.72002
5440 2019.62 -9991.5 673.303 -2.72093
5450 2005.04 -7457.3 671.626 -2.72222
5460 1977.64 -4817.89 669.868 -2.7237
5470 2083.67 -5246.95 668.065 -2.72547
5480 2143.36 -2915.12 666.225 -2.72774
5490 2086.91 1725.29 664.384 -2.73041
5500 1986.84 4423.64 662.607 -2.73317
5510 1904 7285.57 660.939 -2.73572
5520 1929.24 9211.07 659.423 -2.73801
5530 2002.67 8329.74 658.079 -2.74031
5540 2022.91 7667.3 656.896 -2.74279
5550 1974.85 6103.26 655.857 -2.74541
5560 1871.88 5796.55 654.939 -2.74793
5570 1753.29 6068.11 654.131 -2.75004
5580 1788.01 5292.4 653.436 -2.75166
5590 2003.14 -142.552 652.831 -2.75319
5600 2155.89 -2418.08 652.245 -2.75514
5610 2196.08 -2400.56 651.643 -2.75777
5620 2162.24 -1440.92 651.022 -2.76107
5630 2017.2 2931.79 650.401 -2.7646
5640 1835.95 5949.02 649.839 -2.76779
5650 1664.32 6519.15 649.378 -2.77029
5660 1497.08 8712.11 649.033 -2.77184
5670 1630.07 3011.19 648.817 -2.77259
5680 1944.27 -7017.78 648.649 -2.77299
5690 2109.32 -10345.7 648.394 -2.77369
5700 2091.01 -9873.38 647.998 -2.77506
5710 1955.57 -6466.31 647.472 -2.77685
5720 1853.81 -4121.1 646.862 -2.77864
5730 1797.1 -2278.67 646.204 -2.78015
5740 1820.61 -2148.93 645.528 -2.7814
5750 1790.92 -1098.55 644.837 -2.7825
5760 1549.54 7216.52 644.157 -2.78314
5770 1432.28 11966 643.595 -2.78309
5780 1507.98 8725.76 643.213 -2.78234
5790 1661.99 3361.61 642.969 -2.78107
5800 1780.48 1889.38 642.79 -2.77952
5810 1913.94 -403.667 642.645 -2.77801
5820 2027.92 -2839.9 642.501 -2.77685
5830 2021.34 -3555 642.326 -2.77632
5840 1843.54 -327.902 642.113 -2.77631
5850 1634.09 5514.35 641.907 -2.77631
5860 1620.29 8828.55 641.789 -2.77596
5870 1793.92 6381.49 641.798 -2.77526
5880 1860.07 6960.98 641.911 -2.7745
5890 1796.82 10571.3 642.136 -2.77393
5900 1762.82 12334.9 642.516 -2.77344
5910 1866.42 10779 643.074 -2.77298
5920 1943.69 9228.08 643.789 -2.77266
5930 1949.16 8042.29 644.639 -2.77268
5940 1890.65 6037.71 645.601 -2.77298
5950 1822.44 6179.4 646.648 -2.77342
5960 1779.7 8313.65 647.783 -2.77383
5970 1793.45 6252.64 649.026 -2.77415
5980 1862.06 2560.13 650.352 -2.77432
5990 2013.99 -2333.8 651.704 -2.77451
6000 2121.36 -7111.15 653.008 -2.77504
6010 2097.63 -10655.4 654.193 -2.77619
6020 1932.63 -9971.41 655.213 -2.77772
6030 1858.79 -10418.1 656.069 -2.77927
6040 1859.07 -11510.7 656.757 -2.78069
6050 1889 -10819 657.267 -2.78203
6060 1832.11 -8883.77 657.609 -2.78335
6070 1664.35 -4553.03 657.817 -2.78442
6080 1536.8 -1139.92 657.956 -2.78496
6090 1539.38 -1136.59 658.076 -2.78488
6100 1625 -4087.46 658.177 -2.78423
6110 1763.46 -7533.1 658.219 -2.78322
6120 1843.12 -9521.04 658.15 -2.78215
6130 1858.47 -10130.2 657.942 -2.78125
6140 1872 -8410.92 657.589 -2.78058
6150 1894.24 -6593.19 657.118 -2.78012
6160 1957.91 -6598.88 656.555 -2.77991
6170 2020.8 -6748.02 655.906 -2.78009
6180 1997.6 -2494.98 655.176 -2.78072
6190 1941.33 599.357 654.423 -2.78162
6200 1839.55 1262.59 653.693 -2.78263
6210 1688.54 7537.43 653.009 -2.78339
6220 1679.35 9494.64 652.449 -2.78371
6230 1781.11 9390.79 652.046 -2.78373
6240 1843.92 11385.6 651.8 -2.78364
6250 1840.14 14005.6 651.737 -2.78364
6260 1754.28 17951.4 651.896 -2.7837
6270 1654.72 22914.8 652.333 -2.78375
6280 1558.94 24086.4 653.112 -2.78366
6290 1510.08 21057.1 654.25 -2.78328
6300 1582.75 12441.2 655.693 -2.78238
6310 1747.13 1950.69 657.313 -2.78085
6320 1876.2 -5952.64 658.95 -2.77891
6330 1898.16 -6594.33 660.491 -2.77713
6340 1933.92 -8358.64 661.914 -2.77577
6350 1857.75 -9598.66 663.191 -2.77474
6360 1616.61 -1128.59 664.323 -2.77401
6370 1485.6 3685.98 665.421 -2.77322
6380 1523.77 4017.8 666.561 -2.77201
6390 1515.67 5720.93 667.759 -2.77035
6400 1690.17 655.184 669.027 -2.7683
6410 1823.47 -6794.39 670.29 -2.76583
6420 1856.28 -11499.3 671.437 -2.76345
6430 1886.36 -13894.1 672.392 -2.76139
6440 2010.79 -16551.1 673.115 -2.75976
6450 2039.45 -15101.4 673.571 -2.75877
6460 1896.33 -9539.36 673.788 -2.7585
6470 1677.12 -3884.16 673.853 -2.75845
6480 1558.75 -1422.5 673.855 -2.75814
6490 1652.23 -3040.55 673.832 -2.7574
6500 1760.15 -5789.76 673.765 -2.75632
6510 1780.93 -8690.48 673.609 -2.75521
6520 1691.58 -7541.31 673.327 -2.75416
6530 1676.13 -7175.4 672.931 -2.75304
6540 1752.7 -7190.89 672.429 -2.75177
6550 1858.07 -3006.7 671.832 -2.75046
6560 1907.88 -1460.07 671.196 -2.74932
6570 1780.66 2471.41 670.556 -2.74845
6580 1655.2 4905.87 669.97 -2.74762
6590 1728.36 1895.82 669.469 -2.74661
6600 1865.02 -3144.03 669.009 -2.74549
6610 1953.12 -5637.49 668.516 -2.7446
6620 2026.05 -8185.5 667.945 -2.74415
6630 2127.54 -10168.2 667.261 -2.74437
6640 2076.14 -7619.85 666.439 -2.74535
6650 1918.78 -2453.77 665.517 -2.74669
6660 1897.72 92.225 664.576 -2.74805
6670 1861.99 1067.93 663.653 -2.74936
6680 1710.91 7130.69 662.776 -2.75039
6690 1735.16 6309.34 662.021 -2.75099
6700 1965.67 -2988.48 661.37 -2.75148
6710 2144.51 -8998.86 660.693 -2.75244
6720 2114.87 -8849.81 659.902 -2.75417
6730 1928.49 -6422.04 658.996 -2.75628
6740 1783.14 -2208.44 658.012 -2.75822
6750 1703.99 609.83 657.014 -2.7596
6760 1831.12 -501.254 656.041 -2.76061
6770 1968.44 -2281.26 655.082 -2.76159
6780 2005.5 -1204.89 654.112 -2.76285
6790 1874.43 1831.04 653.148 -2.76426
6800 1716.2 5136.53 652.234 -2.76543
6810 1600.9 7157.57 651.416 -2.76612
6820 1455.31 11601.3 650.729 -2.76615
6830 1499 9936.49 650.224 -2.76552
6840 1720.08 4871.9 649.878 -2.76436
6850 1781.75 2102.06 649.619 -2.763
6860 1658.92 3641.73 649.406 -2.76172
6870 1486.63 6229.87 649.257 -2.76036
6880 1564.56 6032.89 649.207 -2.75865
6890 1790.75 3318.12 649.249 -2.7565
6900 1952.62 2885.1 649.35 -2.75433
6910 1981.39 2236.6 649.499 -2.75266
6920 1843.28 4819.76 649.689 -2.7516
6930 1681.68 8289.4 649.957 -2.7508
6940 1778.91 5200.37 650.343 -2.74994
6950 1848.54 2942.05 650.809 -2.749
6960 1835.01 5624.44 651.326 -2.74822
6970 1859.31 7622.02 651.926 -2.74763
6980 1900.97 7007.84 652.634 -2.74724
6990 1738.03 11673.9 653.455 -2.74708
7000 1545.42 15914.4 654.448 -2.74693
7010 1589.31 13838.4 655.67 -2.74646
7020 1725.81 10165.7 657.093 -2.74552
7030 1805.04 5929.81 658.659 -2.74436
7040 1911.14 1246.88 660.305 -2.74319
7050 1937.29 30.705 661.96 -2.74222
7060 1937.24 -1294.95 663.602 -2.74163
7070 1968.03 -4316.26 665.206 -2.74135
7080 1827.24 -2455.44 666.736 -2.74132
7090 1751.67 -1688.82 668.21 -2.74139
7100 1800.2 -1380.29 669.645 -2.74132
7110 1783.89 -1434.61 671.045 -2.74119
7120 1656.46 616.186 672.412 -2.74096
7130 1614.61 202.855 673.773 -2.74049
7140 1755.07 -6304.41 675.115 -2.73958
7150 1855.82 -8283.31 676.351 -2.73844
7160 1856.83 -11213.1 677.438 -2.73743
7170 1693.9 -7958.43 678.343 -2.7366
7180 1601.55 -6426.96 679.106 -2.73572
7190 1711.62 -9881.11 679.749 -2.73455
7200 1751.03 -8745.41 680.234 -2.73319
7210 1729.51 -5786.18 680.574 -2.73184
7220 1781.57 -4476.52 680.815 -2.73053
7230 1793.09 820.279 680.993 -2.72925
7240 1747.37 6482.45 681.187 -2.72809
7250 1751.99 6902.41 681.484 -2.72697
7260 1887 1330.42 681.888 -2.72582
7270 2032.03 -1512.83 682.32 -2.72489
7280 2018.36 -4086.15 682.726 -2.72452
7290 1834.88 -1765.36 683.072 -2.72465
7300 1590.68 1645.35 683.392 -2.72477
7310 1447.46 2968.27 683.737 -2.72445
7320 1592.51 -1197.8 684.122 -2.72349
7330 1914.65 -6147.5 684.487 -2.72204
7340 2133.84 -9930.11 684.751 -2.72077
7350 2122.6 -11288.7 684.854 -2.72041
7360 1930.77 -9061.29 684.78 -2.72084
7370 1750.25 -5924 684.562 -2.72144
7380 1709 -6312.27 684.248 -2.72183
7390 1796.8 -8605.58 683.836 -2.72195
7400 1963.13 -10737.7 683.293 -2.72207
7410 2073.31 -12708 682.586 -2.7226
7420 2004.85 -10599.7 681.69 -2.72374
7430 1831.61 -5915.49 680.643 -2.725
7440 2019.07 -10188.1 679.507 -2.7263
7450 2192.67 -11110.8 678.234 -2.7282
7460 1975.69 -4638.52 676.815 -2.73067
7470 1637.07 1916.22 675.352 -2.73259
7480 1639.31 1377.36 673.94 -2.73377
7490 1779.42 -916.007 672.575 -2.73447
7500 1947.23 -2769.45 671.225 -2.73512
7510 2026.49 -3275.81 669.863 -2.73603
7520 2015.69 -5223.88 668.473 -2.73738
7530 1913.49 -2929.49 667.037 -2.73897
7540 1807.61 375.214 665.586 -2.74041
7550 1737.36 2922.89 664.171 -2.7415
7560 1724.7 4646.17 662.829 -2.74217
7570 1721.42 5316.63 661.587 -2.74251
7580 1698.68 6028.11 660.455 -2.74253
7590 1728.71 3148.25 659.436 -2.7423
7600 1754.44 249.419 658.487 -2.74195
7610 1772.67 1175.66 657.57 -2.74146
7620 1902.39 -3560.03 656.682 -2.74099
7630 1978.24 -5242.82 655.764 -2.74081
7640 1945.8 -700.225 654.796 -2.74098
7650 1833.93 2708.49 653.835 -2.74134
7660 1547.75 14143.2 652.95 -2.74148
7670 1370.74 22073.7 652.295 -2.7409
7680 1717.1 15233.9 651.971 -2.73975
7690 2041.69 9315.29 651.889 -2.73834
7700 2000.45 14728.9 651.973 -2.73752
7710 1797.7 17912.8 652.282 -2.73732
7720 1715.52 15504.1 652.858 -2.73726
7730 1670.05 13451.2 653.67 -2.73703
7740 1722.16 10192.8 654.679 -2.7366
7750 1763.78 6502.07 655.837 -2.7359
7760 1959.68 758.039 657.082 -2.73515
7770 2017.79 -2439.98 658.331 -2.7346
7780 1845.57 1073.12 659.544 -2.73454
7790 1774.76 1461.75 660.758 -2.73462
7800 1948.12 -1824.66 661.98 -2.73463
7810 2140.48 -6598.16 663.161 -2.73486
7820 2283.51 -10319.7 664.23 -2.73589
7830 2238.18 -10029.2 665.135 -2.73804
7840 2022.56 -6793.68 665.878 -2.74088
7850 1739.86 1991.09 666.52 -2.74355
7860 1733.72 3348.41 667.179 -2.74559
7870 1935.87 372.756 667.88 -2.74731
7880 2067.16 -659.814 668.588 -2.74916
7890 2031.01 202.376 669.285 -2.75138
7900 1882.36 2730.68 669.984 -2.7537
7910 1824.67 1767.74 670.718 -2.75575
7920 1880.25 -250.495 671.475 -2.75754
7930 1939.06 -1406.38 672.225 -2.75924
7940 1996.51 -5357.23 672.943 -2.76101
7950 1985.06 -6869.6 673.576 -2.76292
7960 1912.95 -7484.8 674.095 -2.76491
7970 1793.6 -5541.79 674.495 -2.76673
7980 1689.12 -1438.38 674.808 -2.76815
7990 1639.94 699.053 675.095 -2.76909
8000 1525.94 3273.71 675.395 -2.76944
8010 1572.4 4306.52 675.748 -2.76923
8020 1743.41 -1.49435 676.164 -2.76852
8030 1879.05 -3203.21 676.581 -2.76763
8040 1863.58 -2805.18 676.951 -2.76688
8050 1840.82 -4745.18 677.272 -2.76636
8060 1736.98 -4266.5 677.52 -2.76593
8070 1590.39 -1732.94 677.703 -2.76537
8080 1642.21 -2646.32 677.855 -2.76451
8090 1701.12 -737.498 677.971 -2.76332
8100 1760.06 1011.71 678.078 -2.76198
8110 1907.61 -360.147 678.202 -2.76066
8120 1983.71 -2021.97 678.323 -2.75961
8130 1930.86 -2449.99 678.418 -2.75904
8140 1850.73 -3686.03 678.476 -2.75883
8150 1790.41 -3331.06 678.482 -2.7587
8160 1829.48 -5137.34 678.434 -2.75856
8170 1907.59 -7380.64 678.307 -2.75847
8180 1847.78 -4892.07 678.074 -2.75856
8190 1673.26 -351.453 677.773 -2.75861
8200 1722.08 -1795.24 677.467 -2.75842
8210 1825.12 -3391.6 677.142 -2.75801
8220 1866.28 -2819.93 676.775 -2.75764
8230 1868.84 -3394.69 676.371 -2.75741
8240 1772.03 -2305.24 675.927 -2.75729
8250 1657.63 103.992 675.46 -2.75707
8260 1643.88 1043.56 675.004 -2.75654
8270 1750.36 -1550.91 674.572 -2.75571
8280 1848.38 -2786.42 674.13 -2.75479
8290 1863.06 -2264.73 673.655 -2.75402
8300 1702.72 4213.81 673.167 -2.75338
8310 1538.47 13063.8 672.763 -2.75256
8320 1612.63 14193.5 672.57 -2.75138
8330 1705.16 12988.4 672.613 -2.74988
8340 1800.79 7927.64 672.865 -2.74831
8350 1816.32 2800.31 673.249 -2.74681
8360 1794.82 -1428.78 673.68 -2.74545
8370 1887.93 -8881.19 674.082 -2.74422
8380 1909 -9254.97 674.351 -2.74319
8390 1871.96 -7305.4 674.474 -2.74257
8400 1751.99 -2439.68 674.486 -2.74209
8410 1844.09 731.785 674.461 -2.74162
8420 1946.27 -532.832 674.449 -2.74122
8430 1871.49 1336.4 674.439 -2.74112
8440 1681.92 4808.16 674.46 -2.7411
8450 1682.7 2071.52 674.555 -2.74084
8460 1805.23 -2607.55 674.685 -2.7403
8470 1970.11 -10471.4 674.772 -2.73976
8480 2124.73 -16522.1 674.696 -2.73969
8490 2015.13 -13217.2 674.372 -2.74042
8500 1684.17 -4649.62 673.852 -2.74132
8510 1679.89 -3288 673.258 -2.74182
8520 1837.8 -4371.84 672.621 -2.742
8530 1896.73 -1769.03 671.936 -2.74215
8540 1903.69 2149.54 671.239 -2.74241
8550 1932.86 6744.98 670.596 -2.74277
8560 1974.23 8511.17 670.072 -2.74338
8570 1808.09 13816.1 669.705 -2.74414
8580 1664.58 16023.2 669.567 -2.74471
8590 1856.96 9451.17 669.681 -2.74504
8600 2057.1 475.256 669.946 -2.74545
8610 1962.15 -413.273 670.235 -2.74628
8620 1814.01 414.761 670.523 -2.74725
8630 1883.61 -6395.26 670.806 -2.74812
8640 2016.77 -9913.67 670.995 -2.74906
8650 2087.2 -12275.6 671.028 -2.75041
8660 2136.11 -12649.2 670.872 -2.75237
8670 2127.84 -10016.3 670.525 -2.75497
8680 2003.11 -5670.96 670.032 -2.75792
8690 1748.09 2713.73 669.468 -2.76057
8700 1628.73 6982.56 668.955 -2.76237
8710 1760.2 3980.8 668.556 -2.76361
8720 1808.45 4033.82 668.238 -2.76457
8730 1744.18 7039.12 667.998 -2.76531
8740 1721.98 7384.67 667.875 -2.76578
8750 1760.84 7403.36 667.879 -2.76598
8760 1877.24 6864.76 668.005 -2.76606
8770 1986.63 5519.68 668.243 -2.76628
8780 2038.1 3209.25 668.572 -2.76688
8790 2011.46 1071.59 668.954 -2.76792
8800 1960.82 1519.25 669.359 -2.76926
8810 1934.71 776.393 669.785 -2.77076
8820 1869.67 2680.13 670.23 -2.77227
8830 1793.88 4782.67 670.718 -2.77368
8840 1686.54 7596.5 671.283 -2.77477
8850 1634.09 8309.28 671.966 -2.77546
8860 1575.69 7699.17 672.778 -2.77568
8870 1490.08 7630.63 673.712 -2.77542
8880 1481.45 3448.86 674.756 -2.77456
8890 1671.03 -4355.57 675.842 -2.77304
8900 1795.54 -8572.79 676.855 -2.77106
8910 1894.29 -12947.9 677.719 -2.76915
8920 1891.03 -15900.4 678.366 -2.76756
8930 1783.23 -15500.4 678.755 -2.76639
8940 1770.81 -17413.4 678.884 -2.76542
8950 1818.24 -19147 678.73 -2.76455
8960 1771.19 -17753 678.273 -2.76385
8970 1734.22 -16719.8 677.536 -2.76325
8980 1840.65 -20418.4 676.534 -2.76271
8990 1946.17 -20545.9 675.226 -2.76244
9000 2022.04 -17902.4 673.613 -2.76262
9010 2033.2 -14386.9 671.743 -2.76334
9020 1874.98 -4872.8 669.691 -2.76429
9030 1670.55 868.251 667.596 -2.76486
9040 1689.38 285.717 665.548 -2.76499
9050 1834.22 -402.288 663.546 -2.76487
9060 1902 -1200.15 661.578 -2.76479
9070 1822.57 1722.77 659.635 -2.76485
9080 1680.15 7841.98 657.767 -2.76465
9090 1764.19 7665.9 656.047 -2.76413
9100 1980.49 3764.94 654.476 -2.76361
9110 2018.85 2673.83 653 -2.76356
9120 1851.68 5286.94 651.6 -2.76389
9130 1603.87 11511.6 650.315 -2.76408
9140 1391.97 18436.3 649.231 -2.76364
9150 1364.37 22092.1 648.445 -2.7625
9160 1593.34 16338 647.994 -2.76074
9170 1911.47 10078.7 647.8 -2.75858
9180 2054.81 7556.75 647.772 -2.75666
9190 2062.77 4719.95 647.863 -2.75556
9200 1829.68 9399.89 648.04 -2.75519
9210 1614.27 15963.4 648.365 -2.75495
9220 1792.18 12746.8 648.915 -2.75455
9230 1844.67 13241.5 649.664 -2.75402
9240 1839.86 11943.4 650.605 -2.75371
9250 1840.37 8827.29 651.717 -2.75348
9260 1835.95 9352.85 652.96 -2.75335
9270 1906.44 6103.64 654.331 -2.75333
9280 1873.01 2440.31 655.781 -2.75337
9290 1776.8 4632.52 657.266 -2.7535
9300 1866.04 4204.75 658.804 -2.75363
9310 1940.46 6576.11 660.4 -2.75387
9320 2001.14 5905.78 662.078 -2.75446
9330 1974.78 7450.85 663.838 -2.75542
9340 1896.26 10506.8 665.703 -2.75673
9350 1852.62 11571.7 667.715 -2.75818
9360 1837.77 11477.2 669.892 -2.75963
9370 1793.69 7054.63 672.226 -2.76088
9380 1610.41 7323.38 674.66 -2.76177
9390 1465.11 7513.06 677.189 -2.76219
9400 1434.88 5394.25 679.812 -2.7619
9410 1647.82 281.408 682.494 -2.76081
9420 1856.11 -5502.84 685.152 -2.759
9430 1849.51 -8783.61 687.694 -2.75714
9440 1706.95 -8098.45 690.067 -2.75551
9450 1540.17 -5925.98 692.279 -2.75401
9460 1532.9 -7427.04 694.359 -2.75227
9470 1567.67 -9596.8 696.287 -2.75006
9480 1590.78 -12326.1 698.026 -2.74753
9490 1656.58 -14937.7 699.531 -2.74473
9500 1722.39 -15027.5 700.761 -2.74186
9510 1835.58 -13909.4 701.717 -2.73912
9520 1973.05 -13755.8 702.419 -2.7367
9530 1973.11 -12668.2 702.873 -2.73491
9540 1813.76 -7042 703.111 -2.7338
9550 1692.08 -4373.33 703.222 -2.73292
9560 1719.08 -4936.73 703.255 -2.73196
9570 1791.07 -6416.17 703.204 -2.73088
9580 1820.11 -7743.84 703.046 -2.72984
9590 1825.27 -7943.32 702.762 -2.72895
9600 1830.38 -7679.2 702.349 -2.7282
9610 1842.34 -7519.21 701.814 -2.7276
9620 1765.63 -4278.43 701.167 -2.72711
9630 1585.4 1149.56 700.464 -2.72653
9640 1485.11 4390.65 699.795 -2.72555
9650 1690.47 842.79 699.21 -2.72407
9660 1981.6 -7374.73 698.647 -2.72236
9670 2090.94 -12736.2 697.975 -2.72117
9680 2023.23 -12184.3 697.111 -2.72087
9690 2023.32 -13698.6 696.052 -2.72123
9700 2091.03 -14618 694.781 -2.72225
9710 1987.64 -10999.2 693.297 -2.72374
9720 2015.57 -12722.6 691.647 -2.72555
9730 2052.54 -12716.3 689.82 -2.7278
9740 2016.7 -11670.1 687.818 -2.73033
9750 2025.31 -15829.3 685.656 -2.73321
9760 1997.27 -14616.6 683.286 -2.73639
9770 2072.39 -13975.6 680.722 -2.73969
9780 2195.16 -13856.1 677.985 -2.74353
9790 2132.55 -8373.23 675.091 -2.74787
9800 1822.32 2553 672.135 -2.75153
9810 1724.49 7978.38 669.281 -2.75394
9820 1747.32 10573.4 666.614 -2.75557
9830 1776.13 13826.8 664.177 -2.75663
9840 1807.25 14590.7 662.01 -2.75733
9850 1883.59 11977.9 660.116 -2.75798
9860 1891.16 11480.9 658.456 -2.75874
9870 1789.86 11404.3 657.011 -2.75949
9880 1679.83 11778.8 655.775 -2.76001
9890 1559.15 14525.5 654.753 -2.76009
9900 1558.6 16759.2 653.976 -2.75961
9910 1836.42 9833.74 653.462 -2.75875
9920 2152.01 1847.94 653.112 -2.75806
9930 2172.38 995.266 652.811 -2.75823
9940 1973.74 5373.11 652.545 -2.75919
9950 1892.78 7480.14 652.368 -2.76036
9960 1982.44 3533.72 652.305 -2.7616
9970 2085.17 1325.19 652.307 -2.76317
9980 2062.9 1221.47 652.337 -2.76521
9990 1892.12 1809.07 652.392 -2.76745
10000 1637.12 7132.75 652.487 -2.7693
