# Time-averaged data for fix 4
# TimeStep c_mytemp c_mypress v_vmyvol v_avgEtotal
10 1657.29 17420.5 653.618 -2.78776
20 1689.46 15197.8 653.708 -2.78929
30 1610 15652.3 654.057 -2.79062
40 1547.29 14721.3 654.661 -2.7916
50 1625.26 10076.5 655.499 -2.79223
60 1717.33 4487.11 656.496 -2.79257
70 1762.74 -269.782 657.56 -2.79285
80 1726.29 -3711.09 658.612 -2.79312
90 1742.97 -5090.42 659.596 -2.79337
100 1910.51 -7480.65 660.486 -2.79375
110 2074.5 -7458.42 661.248 -2.79467
120 2120.8 -6203.09 661.88 -2.79659
130 1944.83 -147.884 662.413 -2.79934
140 1578.94 10355.2 662.95 -2.80199
150 1372.01 15635.6 663.653 -2.80382
160 1449.22 13435.3 664.603 -2.8049
170 1559.32 9437.49 665.771 -2.80537
180 1651.83 4382.16 667.087 -2.80545
190 1591.88 3704.81 668.474 -2.8053
200 1531.78 2774.69 669.91 -2.80499
210 1494.73 -582.431 671.376 -2.80432
220 1456.71 -3884.6 672.818 -2.80327
230 1417.71 -7012.65 674.179 -2.8018
240 1484.31 -12428 675.399 -2.7999
250 1511.4 -14301.2 676.395 -2.79767
260 1537.55 -16021.8 677.131 -2.79536
270 1502.49 -16375.8 677.581 -2.79304
280 1494.72 -15712.7 677.742 -2.79078
290 1591.88 -15747.5 677.628 -2.78844
300 1789.57 -16621.5 677.241 -2.78614
310 1899.09 -15250.4 676.578 -2.78426
320 1797.91 -10373.6 675.671 -2.7831
330 1685.57 -8114.19 674.598 -2.78242
340 1661.71 -6811.94 673.407 -2.78187
350 1730.12 -4600.62 672.125 -2.78131
360 1810.96 -4009.26 670.787 -2.78088
370 1747.99 703.239 669.417 -2.78067
380 1601.45 4535.19 668.088 -2.78048
390 1518.52 3083.13 666.856 -2.78007
400 1644.05 -918.93 665.699 -2.77947
410 1766.29 -1763.32 664.557 -2.77879
420 1816.78 -648.861 663.413 -2.77836
430 1763.68 2967.01 662.288 -2.77815
440 1744.22 6954.18 661.239 -2.77808
450 1723.84 9043.33 660.327 -2.77808
460 1622.88 13469.9 659.591 -2.77806
470 1585.23 15998.4 659.095 -2.77786
480 1746.74 10309.2 658.867 -2.77756
490 1885.51 3975.02 658.82 -2.77742
500 1930.72 0.451629 658.849 -2.77778
510 1873.96 -2673.92 658.886 -2.77864
520 1843.3 -5502.26 658.884 -2.77985
530 1809.37 -5250.9 658.802 -2.78119
540 1936.48 -10502.3 658.629 -2.78277
550 2042.9 -14085.5 658.294 -2.78494
560 1969.85 -11623.9 657.746 -2.78777
570 1811.13 -8028.34 657.02 -2.79075
580 1670.77 -1684.65 656.185 -2.79335
590 1596.4 1618.5 655.336 -2.79531
600 1658.66 2477.36 654.53 -2.79677
610 1757.62 2119.67 653.782 -2.798
620 1830.91 2196.17 653.087 -2.79925
630 1867.78 1770.91 652.444 -2.8007
640 1767.14 4218.05 651.85 -2.80227
650 1635.81 7231.68 651.342 -2.80366
660 1577.25 8651.62 650.963 -2.80465
670 1568.72 9167.95 650.734 -2.80524
680 1570.89 8899.68 650.662 -2.8055
690 1532.09 9181.24 650.744 -2.80547
700 1439.03 9270.9 650.976 -2.80511
710 1437.83 8891.22 651.362 -2.80434
720 1709.85 1529.25 651.881 -2.80315
730 1989.47 -7934.04 652.42 -2.80186
740 2043.73 -11049.2 652.839 -2.80132
750 1927.22 -10984.6 653.081 -2.80175
760 1781.65 -8859.77 653.15 -2.8027
770 1712.32 -9919.09 653.072 -2.80371
780 1724.97 -10318 652.84 -2.80465
790 1765.86 -10224.7 652.45 -2.80558
800 1722.46 -8145.22 651.906 -2.8066
810 1479.53 340.432 651.254 -2.80729
820 1449.96 194.592 650.609 -2.80746
830 1454.44 -193.889 649.984 -2.80708
840 1576.08 -2467.48 649.367 -2.80627
850 1867.74 -9815.07 648.716 -2.80533
860 2058 -11181.2 647.933 -2.80491
870 2014.8 -8049.68 646.994 -2.80548
880 1749.01 -77.8825 645.955 -2.80663
890 1430.12 7905.39 644.936 -2.80741
900 1232.56 13038.8 644.061 -2.8074
910 1226.37 13530.9 643.407 -2.80659
920 1419.6 9776.59 642.974 -2.80511
930 1528.82 7265.84 642.711 -2.80309
940 1572.12 6459.38 642.575 -2.80093
950 1645.02 4615.32 642.546 -2.79875
960 1837.7 -676.166 642.592 -2.79665
970 1941.27 -4170.89 642.635 -2.795
980 1849.9 -1950.25 642.625 -2.79412
990 1715.95 869.033 642.592 -2.79378
1000 1662.58 1786.05 642.576 -2.79355
1010 1720.36 711.45 642.591 -2.79331
1020 1765.26 1913.62 642.626 -2.79314
1030 1761.39 2522.06 642.695 -2.79313
1040 1702.33 4137.06 642.811 -2.79325
1050 1694.43 5602.27 642.997 -2.79339
1060 1723.13 5150.49 643.271 -2.79353
1070 1699.46 6729.97 643.633 -2.79371
1080 1665.89 7173.32 644.1 -2.79387
1090 1672.28 7202.09 644.681 -2.79398
1100 1702.24 5226.6 645.371 -2.79403
1110 1723.92 3821.32 646.143 -2.79409
1120 1627.49 6472.08 646.977 -2.79418
1130 1454.17 11981.9 647.916 -2.79417
1140 1565.83 6592.93 649.024 -2.79383
1150 1789.02 -2415.31 650.225 -2.79304
1160 1776.19 -2371.49 651.393 -2.79233
1170 1784.93 -2165.4 652.511 -2.79193
1180 2008.47 -6147.95 653.579 -2.79187
1190 1992.1 -4724.77 654.548 -2.7925
1200 1788.55 -336.119 655.435 -2.79376
1210 1649.49 4090.47 656.313 -2.79504
1220 1708.86 2438.47 657.243 -2.79611
1230 1754.93 666.227 658.208 -2.79705
1240 1706.5 -1018.52 659.177 -2.79794
1250 1694.69 -7762.75 660.114 -2.79864
1260 1742.31 -12610.6 660.918 -2.79916
1270 1840.69 -16741.6 661.506 -2.79973
1280 1949.63 -20573.3 661.811 -2.80069
1290 1956.05 -21273.4 661.777 -2.80227
1300 1903.26 -21441.3 661.391 -2.80445
1310 1773.1 -18710.4 660.662 -2.80687
1320 1591.27 -12895.1 659.642 -2.80901
1330 1541.66 -9948.48 658.424 -2.81052
1340 1632.48 -10160.7 657.06 -2.8116
1350 1667.77 -6453.78 655.563 -2.81238
1360 1679.94 -3102.89 653.99 -2.81291
1370 1713.06 -1985.22 652.394 -2.81329
1380 1798.84 -2115.16 650.798 -2.81366
1390 1935.57 -5702.76 649.195 -2.81434
1400 2031.71 -9813.52 647.533 -2.81576
1410 1998.39 -11505.7 645.753 -2.81803
1420 1890.24 -8802.66 643.832 -2.82076
1430 1793.92 -3246.16 641.817 -2.82336
1440 1808.44 -1974 639.786 -2.8257
1450 1844.63 -2463.25 637.765 -2.82805
1460 1893.1 -2287.38 635.749 -2.83048
1470 1966.89 -1946.47 633.741 -2.8332
1480 1914.96 1995.54 631.751 -2.83615
1490 1697.9 8320.92 629.838 -2.8388
1500 1471.3 12837.7 628.089 -2.84051
1510 1436.11 13001.1 626.566 -2.84134
1520 1585.17 11870.8 625.269 -2.84162
1530 1755.42 7857.57 624.173 -2.84171
1540 1867.33 5843.12 623.223 -2.84201
1550 1878.86 6709.72 622.385 -2.84268
1560 1863.17 7820.15 621.667 -2.84371
1570 1770.47 7171.84 621.081 -2.84494
1580 1660.73 6676.26 620.616 -2.84611
1590 1645.19 5983.1 620.263 -2.84702
1600 1719.58 3925.6 620.007 -2.84774
1610 1799.1 3072.1 619.821 -2.84844
1620 1833.22 497.986 619.686 -2.84933
1630 1747.59 1100.58 619.57 -2.85038
1640 1561.92 5366.95 619.483 -2.8513
1650 1436.27 7614.6 619.478 -2.85174
1660 1491.38 5081.02 619.584 -2.85165
1670 1598.02 2692.1 619.769 -2.85112
1680 1696.93 1578.6 619.996 -2.85042
1690 1681.36 4559.71 620.256 -2.84973
1700 1722.91 6132.87 620.582 -2.84916
1710 1830.07 4460.86 620.994 -2.84874
1720 1860.45 3885.83 621.476 -2.84865
1730 1824.44 2421.97 622.012 -2.84897
1740 1740.14 1637.6 622.583 -2.84951
1750 1705.14 1180.18 623.177 -2.85008
1760 1725.8 -29.3403 623.784 -2.85058
1770 1750.29 -665.785 624.387 -2.85109
1780 1711.48 2519.21 624.984 -2.85162
1790 1696.03 5051.5 625.615 -2.85216
1800 1705.04 5596.69 626.315 -2.85266
1810 1642.33 9843.08 627.101 -2.85314
1820 1519.89 14855.8 628.032 -2.85352
1830 1412.9 15758.9 629.175 -2.85366
1840 1275.02 17274.4 630.549 -2.85337
1850 1159.12 20256.1 632.175 -2.85273
1860 1061.74 19364.5 634.093 -2.85166
1870 1236.64 10204.9 636.278 -2.84979
1880 1594.12 -1635.12 638.597 -2.84642
1890 1867.49 -9404.72 640.874 -2.84218
1900 1956.57 -13560.2 642.985 -2.83835
1910 1848.45 -12902.5 644.867 -2.83563
1920 1603.48 -7739.95 646.531 -2.8339
1930 1286.36 216.314 648.059 -2.83258
1940 1226.66 295.017 649.562 -2.83112
1950 1385.11 -3480.75 651.048 -2.8289
1960 1443.7 -3688.22 652.468 -2.82615
1970 1443.55 -4381.34 653.812 -2.82324
1980 1443.82 -4096.17 655.071 -2.82026
1990 1433.2 -2878.13 656.252 -2.81724
2000 1408.25 -2362.85 657.373 -2.81423
2010 1483.76 -4631.12 658.437 -2.81108
2020 1567.53 -3849.24 659.421 -2.80779
2030 1735.45 -5294.29 660.329 -2.80457
2040 1886.05 -9949.14 661.133 -2.80162
2050 1692.36 -5382.74 661.781 -2.79943
2060 1468.8 819.21 662.337 -2.79787
2070 1606.07 -2416.7 662.887 -2.79624
2080 1687.69 -4462.63 663.397 -2.79443
2090 1701.48 -2939.17 663.836 -2.79282
2100 1739.28 -4073.98 664.219 -2.79145
2110 1752.55 -5601.98 664.533 -2.79034
2120 1689.25 -5952.64 664.755 -2.78949
2130 1681.63 -7867.52 664.876 -2.78879
2140 1689.37 -5491.83 664.875 -2.78816
2150 1725.35 -4210.32 664.783 -2.78759
2160 1783.08 -4735 664.625 -2.78718
2170 1680.66 -4030.15 664.397 -2.78697
2180 1525.46 -3677.99 664.109 -2.78675
2190 1494.57 -4211.23 663.767 -2.78626
2200 1579.4 -6333.77 663.362 -2.78543
2210 1708.09 -9795.7 662.86 -2.78444
2220 1850.01 -15282.7 662.203 -2.78363
2230 1951.21 -18578.7 661.31 -2.7834
2240 2036.88 -18929.7 660.129 -2.78408
2250 1992.34 -13433.6 658.669 -2.78562
2260 1836.03 -7057.31 657.019 -2.78756
2270 1620.55 -236.298 655.287 -2.78927
2280 1416.04 6892.49 653.589 -2.79014
2290 1481.13 5972.13 652.027 -2.79025
2300 1724.1 -663.839 650.586 -2.79005
2310 1920.83 -6393.18 649.168 -2.7901
2320 1987.07 -7598.07 647.685 -2.79079
2330 2044.54 -10301.8 646.109 -2.79229
2340 2107.7 -11767 644.405 -2.79478
2350 2021.96 -9191.02 642.558 -2.79805
2360 1931.53 -7977.89 640.604 -2.80159
2370 1901.52 -8031.69 638.565 -2.80527
2380 1767.26 -3333.57 636.452 -2.80873
2390 1656.75 1165.82 634.332 -2.81145
2400 1708.98 1924.97 632.272 -2.81357
2410 1864.26 3317.51 630.287 -2.81555
2420 1886.19 4900 628.395 -2.81768
2430 1762.33 10751 626.627 -2.81967
2440 1714.63 13084.3 625.054 -2.82132
2450 1777.11 12136.7 623.707 -2.82277
2460 1955.34 9077.67 622.569 -2.82441
2470 2089.48 4349.03 621.591 -2.82675
2480 2111.28 848.042 620.702 -2.82998
2490 2008.55 -770.41 619.85 -2.83387
2500 1738.09 1913.64 619.015 -2.8376
2510 1506.21 7106.66 618.23 -2.84035
2520 1497.32 7668.8 617.562 -2.8421
2530 1655.36 4387.15 617.016 -2.84332
2540 1822.62 5762.45 616.556 -2.84438
2550 1980.49 3366.54 616.189 -2.84572
2560 1978.54 1462 615.882 -2.84766
2570 1773.62 7683.22 615.62 -2.84985
2580 1607.36 11198.3 615.475 -2.85172
2590 1526.54 11940.2 615.497 -2.85305
2600 1569.34 12603.9 615.698 -2.85387
2610 1672.52 12694.9 616.083 -2.85442
2620 1684.89 12734.6 616.653 -2.85487
2630 1560.49 13137.7 617.406 -2.85526
2640 1374.27 13581.3 618.347 -2.85535
2650 1362.06 8673.53 619.471 -2.85493
2660 1483.71 4325.93 620.713 -2.85384
2670 1593.01 2057.71 622.009 -2.8523
2680 1619.91 1429.9 623.326 -2.85061
2690 1612.89 5294.02 624.657 -2.84903
2700 1537.65 8222.81 626.053 -2.8476
2710 1530.63 8177.05 627.556 -2.8462
2720 1527.46 6454.53 629.165 -2.84464
2730 1512.8 5851.12 630.858 -2.84295
2740 1538.87 2646.4 632.619 -2.84111
2750 1585.8 -1640.67 634.401 -2.83901
2760 1593.11 -3822.54 636.143 -2.83682
2770 1600.2 -6405.57 637.806 -2.83463
2780 1571.31 -5047.97 639.358 -2.83249
2790 1563.57 -3524.39 640.815 -2.83045
2800 1727.35 -9253.1 642.19 -2.82832
2810 1907.53 -12869.4 643.409 -2.82624
2820 1936.09 -10476.7 644.42 -2.82486
2830 1787.32 -7801.92 645.255 -2.82429
2840 1653.9 -6495.55 645.956 -2.82409
2850 1533.31 -3856.85 646.551 -2.82383
2860 1561.86 -4156.11 647.077 -2.82332
2870 1729.71 -9204.07 647.525 -2.82256
2880 1794.42 -10207 647.83 -2.82188
2890 1679.74 -8578.02 647.976 -2.8215
2900 1491.76 -6355 647.988 -2.82114
2910 1460.65 -8642.28 647.894 -2.82052
2920 1554.67 -9573.31 647.672 -2.8195
2930 1730.92 -12374.6 647.299 -2.8183
2940 1791.75 -11451.9 646.745 -2.81727
2950 1680.64 -5532.91 646.03 -2.81657
2960 1557.88 -1101.84 645.241 -2.8159
2970 1601.56 -2042.43 644.444 -2.81509
2980 1601.5 83.0116 643.639 -2.81409
2990 1657.86 1011.63 642.852 -2.81302
3000 1678.23 378.832 642.097 -2.81194
3010 1706.16 -214.513 641.367 -2.81097
3020 1759.81 -1473.22 640.651 -2.81014
3030 1787.35 -1257.85 639.931 -2.80956
3040 1790.29 134.547 639.211 -2.80924
3050 1783 -543.983 638.507 -2.80918
3060 1703.54 183.264 637.814 -2.80932
3070 1551.97 4134.2 637.146 -2.80938
3080 1392.09 8065.97 636.558 -2.80911
3090 1304.09 11605.2 636.109 -2.80828
3100 1492.5 9875.38 635.845 -2.80687
3110 1757.83 5035.22 635.739 -2.80504
3120 1965.17 -807.983 635.716 -2.80337
3130 2052.05 -3339.42 635.692 -2.80253
3140 1967.04 -2257.9 635.629 -2.80271
3150 1761.05 2706.44 635.543 -2.80351
3160 1574.6 7454.93 635.505 -2.80425
3170 1519.07 11058.7 635.588 -2.80465
3180 1527.19 12664.9 635.844 -2.80464
3190 1615.59 11606.8 636.293 -2.80436
3200 1637.68 11858.2 636.926 -2.80393
3210 1636.72 12393.9 637.738 -2.8035
3220 1586.14 14342.7 638.741 -2.80306
3230 1607.59 11426.6 639.955 -2.80257
3240 1650.13 7703.29 641.337 -2.80191
3250 1629.18 5818.95 642.831 -2.80118
3260 1617.61 2393.19 644.402 -2.80036
3270 1671.36 -533.364 645.997 -2.7994
3280 1722.55 -1395.21 647.572 -2.79839
3290 1954.18 -7173.49 649.102 -2.79753
3300 1990.82 -8554.23 650.509 -2.79718
3310 1800.52 -3515.34 651.773 -2.79763
3320 1586.75 1882.68 652.971 -2.7983
3330 1503.65 4910.99 654.184 -2.79873
3340 1474.09 7418.11 655.466 -2.79878
3350 1508.5 7819.94 656.857 -2.79845
3360 1723.01 2355.85 658.355 -2.79774
3370 1828.44 -1576.87 659.882 -2.79693
3380 1698.92 -905.208 661.374 -2.79644
3390 1432.63 3071.84 662.843 -2.79609
3400 1401.06 2034.54 664.341 -2.79543
3410 1519.63 -1850.41 665.855 -2.79419
3420 1583.51 -5812.37 667.322 -2.79252
3430 1517.17 -6976.61 668.68 -2.79073
3440 1386.28 -5586.23 669.908 -2.78889
3450 1413.07 -7783.46 671.021 -2.78683
3460 1524.96 -9049.48 671.991 -2.78433
3470 1672.18 -11207.6 672.795 -2.78165
3480 1684.45 -11683.1 673.4 -2.77909
3490 1592.41 -9269.18 673.802 -2.77693
3500 1589.37 -8939.27 674.039 -2.77498
3510 1590.57 -7513.98 674.125 -2.77307
3520 1600.83 -7929.2 674.079 -2.77122
3530 1591.11 -7610.26 673.903 -2.76943
3540 1585.29 -7318.63 673.603 -2.7677
3550 1546.76 -8824.06 673.181 -2.766
3560 1484.15 -7488.16 672.623 -2.7643
3570 1505.06 -7200.02 671.948 -2.76246
3580 1719.77 -10599.3 671.159 -2.76045
3590 1908.94 -14466.7 670.203 -2.75863
3600 1958.2 -13631.6 669.029 -2.75758
3610 1948.72 -11253.7 667.649 -2.75741
3620 1886.33 -7653.26 666.108 -2.75791
3630 1814.74 -4725.29 664.47 -2.75871
3640 1848.67 -5296.13 662.783 -2.75972
3650 1839.95 -5868.2 661.042 -2.76104
3660 1672.16 -4162.6 659.243 -2.76239
3670 1641.58 -4507.53 657.411 -2.76345
3680 1787.86 -6443.52 655.54 -2.76442
3690 1899.77 -5589.23 653.608 -2.76555
3700 1919.21 -5691.24 651.625 -2.76709
3710 1832.04 -3767.7 649.596 -2.76891
3720 1837.78 -2260.88 647.55 -2.77072
3730 2007.69 -6418.51 645.503 -2.77288
3740 2075.8 -6519.13 643.405 -2.77586
3750 1862.54 1975.91 641.263 -2.77914
3760 1560.33 13142.2 639.203 -2.78147
3770 1530.1 17206.3 637.381 -2.78275
3780 1673.1 18245 635.866 -2.78352
3790 1776.97 17284.9 634.662 -2.78425
3800 1807.73 16625.9 633.753 -2.78513
3810 1789.83 15590.3 633.122 -2.78622
3820 1745.34 17143.2 632.751 -2.7874
3830 1709.23 17302.6 632.653 -2.78856
3840 1736.46 15658 632.825 -2.78969
3850 1772.46 15973.9 633.245 -2.79085
3860 1811.9 17055.3 633.911 -2.79216
3870 1830.76 15184.2 634.832 -2.79371
3880 1713.81 14742.8 635.984 -2.79535
3890 1636.4 12762.4 637.352 -2.79684
3900 1694.03 6454.19 638.9 -2.79798
3910 1780.84 3051.48 640.539 -2.79889
3920 1926.07 -2785.11 642.205 -2.79983
3930 2034.96 -6428.65 643.816 -2.80117
3940 1974.75 -6670.97 645.312 -2.80313
3950 1821.57 -4713.54 646.69 -2.80541
3960 1730.51 -6936.88 647.973 -2.80756
3970 1677.56 -7899.61 649.134 -2.80934
3980 1727.16 -8028.07 650.157 -2.81083
3990 1834.26 -9507.66 651.038 -2.81229
4000 1774.58 -7293.63 651.763 -2.81384
4010 1626.61 -1924.32 652.369 -2.81528
4020 1584.86 -215.723 652.934 -2.81636
4030 1577.24 -599.732 653.488 -2.81705
4040 1512.12 1562.21 654.035 -2.81733
4050 1607.57 -2473.58 654.595 -2.81724
4060 1759.7 -9092.04 655.107 -2.8169
4070 1736.95 -9709.16 655.477 -2.81667
4080 1547.47 -7845.11 655.689 -2.81654
4090 1403.89 -7232.94 655.772 -2.81614
4100 1617.56 -11810.3 655.732 -2.81532
4110 1871.36 -16640.1 655.504 -2.81435
4120 1896.44 -17771.6 655.014 -2.81393
4130 1673.73 -14819.9 654.253 -2.81406
4140 1576.11 -13700.7 653.263 -2.81424
4150 1640.7 -12836.3 652.071 -2.81423
4160 1680.63 -10396.7 650.698 -2.81412
4170 1578.67 -4922.82 649.191 -2.8139
4180 1470.25 962.301 647.637 -2.81334
4190 1506.04 3068.29 646.126 -2.81232
4200 1625.3 2318.65 644.691 -2.81097
4210 1710.88 3052.09 643.327 -2.80955
4220 1674.95 7476.05 642.047 -2.80824
4230 1569.2 12310.5 640.913 -2.80695
4240 1525.83 15821.1 639.997 -2.80557
4250 1519.92 17462.2 639.347 -2.80404
4260 1564.74 16373.8 638.983 -2.80241
4270 1500.55 17087.4 638.89 -2.80077
4280 1500.38 16822.4 639.07 -2.79907
4290 1759.56 9944.13 639.506 -2.7972
4300 1778.14 8359.02 640.107 -2.79544
4310 1708.81 7062.2 640.835 -2.79418
4320 1674.23 6084.82 641.671 -2.79317
4330 1709.85 6083.61 642.598 -2.7923
4340 1705.94 7353.58 643.617 -2.79158
4350 1653.13 7857.84 644.742 -2.79103
4360 1518.5 11152 645.989 -2.79053
4370 1539.12 9845.82 647.395 -2.7899
4380 1733.3 3385.68 648.94 -2.78895
4390 1809.45 -1530.05 650.526 -2.78789
4400 1767.7 -3153.46 652.079 -2.78713
4410 1792.71 -7853.53 653.559 -2.78658
4420 1890.91 -12745.2 654.897 -2.78621
4430 1965.02 -13869.6 656.019 -2.78633
4440 2019.82 -15196.7 656.9 -2.78715
4450 2116.02 -18865.7 657.521 -2.78885
4460 2154.46 -20893 657.828 -2.79163
4470 2093.15 -18162 657.798 -2.79541
4480 1931.27 -13131.8 657.475 -2.79963
4490 1709.01 -3184.39 656.955 -2.80346
4500 1523.92 5517.41 656.393 -2.80629
4510 1442.65 11455 655.934 -2.80811
4520 1467.94 15297.8 655.674 -2.80911
4530 1620.58 13655.5 655.667 -2.80966
4540 1669.72 14072.8 655.894 -2.81001
4550 1616.96 14852.8 656.357 -2.8103
4560 1574.71 14437.9 657.063 -2.81047
4570 1507.18 15645.8 658.005 -2.81045
4580 1409.94 18254.4 659.204 -2.8102
4590 1513.99 12318.2 660.684 -2.80959
4600 1765.56 2657.66 662.351 -2.80841
4610 1892.52 -1482.67 664.056 -2.80718
4620 1805.21 -2628.14 665.724 -2.80645
4630 1598.35 -2000.77 667.334 -2.80607
4640 1404.24 -66.9879 668.896 -2.80562
4650 1418.65 -3159.84 670.435 -2.80471
4660 1573.11 -9928.85 671.898 -2.80318
4670 1704.6 -16096.4 673.174 -2.8013
4680 1671.33 -17747.9 674.166 -2.79951
4690 1616.39 -19094.5 674.839 -2.79801
4700 1568.16 -21027.1 675.173 -2.79663
4710 1525.17 -21113.3 675.141 -2.79532
4720 1500.03 -19026.5 674.75 -2.794
4730 1497.85 -15948.6 674.038 -2.79257
4740 1511.45 -12246.1 673.066 -2.79098
4750 1520.31 -9648.56 671.901 -2.78922
4760 1531.78 -6311.82 670.595 -2.78732
4770 1569.53 -3670.76 669.208 -2.78525
4780 1640.22 -5542.62 667.78 -2.78315
4790 1664.02 -8323.75 666.287 -2.78123
4800 1661.23 -10426.2 664.684 -2.77963
4810 1598.17 -8366.82 662.946 -2.77823
4820 1553 -4861.98 661.107 -2.77682
4830 1671.6 -6587.57 659.216 -2.77531
4840 1913.57 -8549.97 657.255 -2.77396
4850 2031.59 -6519.91 655.203 -2.77321
4860 1999.53 -3599.47 653.089 -2.77336
4870 1935.07 -1186.52 650.962 -2.77419
4880 1904.51 1743.02 648.864 -2.77544
4890 1919.27 8297.28 646.846 -2.77686
4900 2000.35 11885.9 645.001 -2.77851
4910 2052.41 11638.1 643.381 -2.78085
4920 1733 17762.2 641.992 -2.78345
4930 1375.91 26689.1 640.92 -2.78505
4940 1516.37 22466 640.271 -2.78587
4950 1758.69 17398.3 639.992 -2.7865
4960 1835.88 18085.4 640.005 -2.78733
4970 1726.95 21253.7 640.31 -2.78843
4980 1567.87 25324.6 640.954 -2.78954
4990 1619.48 20959.8 641.982 -2.79047
5000 1754.5 14298.7 643.328 -2.79118
5010 1794.09 10110.9 644.894 -2.7919
5020 1791.25 5142.84 646.605 -2.79266
5030 1872.18 -524.972 648.38 -2.79347
5040 1930.23 -906.604 650.137 -2.79453
5050 1828.31 1356.46 651.866 -2.79603
5060 1642.21 4866.76 653.602 -2.7976
5070 1535.25 6756.55 655.398 -2.79885
5080 1625.67 2773.98 657.278 -2.79964
5090 1738.31 -3429.54 659.181 -2.80001
5100 1815.59 -8674.31 661.008 -2.80025
5110 1760.3 -10025.5 662.677 -2.80056
5120 1763.93 -13007.3 664.156 -2.80095
5130 1691.7 -12289 665.404 -2.80137
5140 1517.49 -9632.66 666.434 -2.80169
5150 1372.91 -7183.41 667.289 -2.80161
5160 1436.36 -7711.6 668.009 -2.80098
5170 1716.5 -12546.3 668.584 -2.79985
5180 1920.18 -15208.7 668.944 -2.79875
5190 1879.92 -12874.6 669.051 -2.7983
5200 1718.11 -10174.9 668.942 -2.79839
5210 1567.23 -7600.75 668.665 -2.79854
5220 1500.9 -5410.28 668.268 -2.79841
5230 1492.31 -2406.04 667.79 -2.79791
5240 1499.09 1439.24 667.287 -2.797
5250 1593.06 643.865 666.814 -2.79578
5260 1698.09 -1546.9 666.364 -2.79443
5270 1745 -3639.79 665.9 -2.79322
5280 1699.54 -1561.97 665.395 -2.79224
5290 1742.84 -2251.66 664.873 -2.79142
5300 1875.31 -4177.55 664.325 -2.79087
5310 1791.45 -475.924 663.731 -2.79068
5320 1762.2 255.528 663.14 -2.79078
5330 1786.25 -1169.39 662.565 -2.79103
5340 1767.27 -863.473 661.99 -2.79144
5350 1727.37 -1213.81 661.413 -2.79196
5360 1708.78 -938.261 660.834 -2.79245
5370 1792.79 -4346.75 660.247 -2.79298
5380 1806.66 -6129.65 659.607 -2.7937
5390 1719.11 -3151.26 658.888 -2.79453
5400 1670.15 -2055.56 658.131 -2.79526
5410 1619.62 -2475.1 657.356 -2.79583
5420 1461.48 784.908 656.564 -2.79606
5430 1391.59 2995.19 655.8 -2.79577
5440 1482.7 1709.01 655.099 -2.79492
5450 1727.14 -2819.58 654.438 -2.79371
5460 1952.46 -6118.77 653.749 -2.79264
5470 1985.86 -6480.9 652.982 -2.7923
5480 1828.44 -4515.77 652.13 -2.79272
5490 1647.2 769.019 651.231 -2.79328
5500 1620.07 829.91 650.357 -2.79365
5510 1622.27 43.5451 649.515 -2.79377
5520 1686.92 -2824.8 648.69 -2.79375
5530 1769.56 -3453.12 647.843 -2.79375
5540 1835.78 -2792.88 646.962 -2.79391
5550 1925.99 -4092.65 646.052 -2.79445
5560 1898.07 -2615.52 645.103 -2.79547
5570 1826.09 687.044 644.136 -2.79682
5580 1650.74 7562.34 643.208 -2.79807
5590 1501.79 12839.6 642.419 -2.79885
5600 1482.68 12570.1 641.842 -2.79909
5610 1618.5 9240.46 641.475 -2.79891
5620 1949.58 625.726 641.259 -2.79869
5630 2217.2 -8794.54 641.06 -2.79922
5640 2239.96 -12249.2 640.74 -2.80127
5650 2043.02 -9193.83 640.25 -2.8045
5660 1820.46 -3519.12 639.632 -2.8079
5670 1720.88 112.899 638.972 -2.81083
5680 1730.13 751.586 638.326 -2.81336
5690 1756.28 1971.29 637.709 -2.8156
5700 1792.58 2867.39 637.137 -2.81771
5710 1731.64 6105.85 636.628 -2.81969
5720 1595.45 7392.79 636.226 -2.82129
5730 1575.35 3190.58 635.942 -2.82243
5740 1568.45 501.397 635.719 -2.82315
5750 1596.06 285.237 635.515 -2.8235
5760 1642.11 1147.09 635.326 -2.8236
5770 1574.02 5798.43 635.169 -2.82351
5780 1467.67 7794.85 635.105 -2.82317
5790 1408.13 10782 635.17 -2.82245
5800 1501.44 8294.31 635.398 -2.82134
5810 1651.32 1076.12 635.749 -2.81986
5820 1649.72 300.585 636.128 -2.81833
5830 1582.45 1097.58 636.512 -2.81692
5840 1630.11 -1543.43 636.908 -2.8155
5850 1690.29 242.815 637.287 -2.81405
5860 1747.68 757.749 637.667 -2.81276
5870 1700.19 2171.03 638.059 -2.81173
5880 1509.61 8897.31 638.494 -2.81089
5890 1361.33 14729.5 639.067 -2.81001
5900 1308.89 16214.6 639.862 -2.80882
5910 1457.52 11169.3 640.896 -2.80715
5920 1646.8 4653.12 642.097 -2.80491
5930 1787.48 -605.191 643.364 -2.80252
5940 1915.71 -5877.08 644.609 -2.80044
5950 1944.16 -7339.99 645.757 -2.799
5960 1897.73 -6712.06 646.78 -2.7984
5970 1729.63 -226.041 647.698 -2.7984
5980 1583.8 4147.02 648.602 -2.79857
5990 1533.23 6679.02 649.563 -2.79855
6000 1557.4 7454.13 650.623 -2.79826
6010 1680.92 3377.95 651.789 -2.79772
6020 1731.57 2268.92 653.006 -2.79708
6030 1722.96 1149.68 654.249 -2.79658
6040 1697.91 -969.286 655.499 -2.79618
6050 1627.45 -182.609 656.727 -2.7958
6060 1524.35 112.991 657.941 -2.79535
6070 1421.83 1408.33 659.149 -2.79463
6080 1416.21 -739.972 660.362 -2.79353
6090 1510.77 -2322.81 661.555 -2.79194
6100 1695.25 -7534.51 662.692 -2.78999
6110 1827.68 -10966.4 663.694 -2.78801
6120 1837.15 -10040.2 664.51 -2.78652
6130 1806.92 -9065.68 665.15 -2.78561
6140 1695.48 -6112.51 665.638 -2.7851
6150 1655.86 -5066.1 666.017 -2.7847
6160 1743.86 -7248.42 666.304 -2.78432
6170 1718.9 -5748.97 666.477 -2.78403
6180 1560.41 -4257.92 666.553 -2.78382
6190 1463.99 -4925.09 666.558 -2.78336
6200 1687.36 -11892.8 666.474 -2.78257
6210 1876.45 -16766.6 666.197 -2.7818
6220 1898.61 -17687.2 665.651 -2.7816
6230 1894.52 -15807 664.824 -2.78206
6240 1829.11 -12971.1 663.748 -2.783
6250 1712.3 -7061.13 662.481 -2.78405
6260 1654.12 -799.258 661.124 -2.78487
6270 1658.85 4076.49 659.78 -2.78532
6280 1731.91 5683.08 658.527 -2.78559
6290 1711.07 7539.35 657.394 -2.78584
6300 1565.38 11694.3 656.416 -2.78595
6310 1549.93 12403.2 655.647 -2.78578
6320 1625.46 10906.4 655.097 -2.78534
6330 1669.35 9780.36 654.741 -2.78483
6340 1572.51 13076.3 654.564 -2.78429
6350 1559.79 13850.2 654.606 -2.78365
6360 1655.64 11575 654.878 -2.78287
6370 1762.67 7768.11 655.339 -2.78204
6380 1876.57 5766.36 655.931 -2.78148
6390 1840.57 5652.79 656.621 -2.78135
6400 1887.41 -1043.31 657.388 -2.78162
6410 2004.36 -5502.57 658.139 -2.78232
6420 2005.07 -6125.91 658.8 -2.78371
6430 1896.68 -6197.88 659.357 -2.78564
6440 1826.55 -4989.6 659.813 -2.78771
6450 1979.6 -9952.09 660.173 -2.78998
6460 2091.78 -12750.2 660.373 -2.79286
6470 2036.71 -11885.8 660.368 -2.79646
6480 1836.51 -8954.58 660.173 -2.80022
6490 1629.46 -4080.24 659.842 -2.80343
6500 1574.3 -4543.23 659.444 -2.80579
6510 1711.64 -8212.78 658.977 -2.80771
6520 1762.5 -9114.31 658.39 -2.8095
6530 1665.93 -6346.91 657.672 -2.81113
6540 1579.74 -4944.79 656.863 -2.81235
6550 1608.7 -7440.19 655.984 -2.81319
6560 1670.19 -8587.43 655.005 -2.81381
6570 1669.68 -7519.13 653.908 -2.81431
6580 1590.91 -4777.77 652.714 -2.81462
6590 1504.72 -4261.9 651.463 -2.81464
6600 1409.25 -1942.35 650.17 -2.81427
6610 1358.3 3183.55 648.878 -2.81332
6620 1511.41 3115.1 647.654 -2.8118
6630 1768.7 489.804 646.502 -2.80994
6640 1873.09 119.834 645.386 -2.80832
6650 1760.42 2982.99 644.301 -2.80724
6660 1675.03 3751.16 643.284 -2.80648
6670 1650.73 1376.66 642.344 -2.80581
6680 1645.31 588.247 641.449 -2.80514
6690 1766.85 -2647.31 640.579 -2.80449
6700 1906.39 -5360.31 639.688 -2.80414
6710 1931.59 -2731.88 638.74 -2.80433
6720 1839.91 2382.62 637.775 -2.80497
6730 1811.53 3949.54 636.864 -2.8058
6740 1965.65 924.055 636.028 -2.80693
6750 2012.2 270.076 635.231 -2.80869
6760 1856.9 2931.82 634.461 -2.81091
6770 1677.18 9263.62 633.759 -2.81295
6780 1623.68 12736.2 633.213 -2.81451
6790 1672.64 11453.2 632.87 -2.81575
6800 1655.68 12419 632.717 -2.81678
6810 1652.92 12138.1 632.762 -2.8176
6820 1650.81 9043.28 632.994 -2.81829
6830 1406.2 13740.7 633.379 -2.8187
6840 1189.78 17841.7 633.974 -2.81861
6850 1294.91 12482.7 634.827 -2.81786
6860 1449.54 8104.25 635.868 -2.8163
6870 1484.89 10544.6 637.038 -2.81436
6880 1586.67 7111.96 638.352 -2.81227
6890 1744.09 3045.19 639.765 -2.80996
6900 1873.27 1490.39 641.22 -2.80788
6910 1898.66 -559.499 642.683 -2.80637
6920 1785.14 1346.84 644.132 -2.80556
6930 1654.15 2631.77 645.588 -2.80517
6940 1516 5446.79 647.077 -2.80483
6950 1395.48 7312.25 648.637 -2.80429
6960 1459.5 6022.49 650.298 -2.80338
6970 1584.31 3672.46 652.039 -2.80195
6980 1681.8 3733.53 653.828 -2.80037
6990 1768.5 1551.08 655.657 -2.79887
7000 1827.01 -607.731 657.496 -2.79762
7010 1820.09 -69.1488 659.313 -2.79679
7020 1734.69 894.902 661.112 -2.79639
7030 1731.77 -1522.41 662.904 -2.79616
7040 1767.78 -3653.67 664.654 -2.79594
7050 1789.88 -6875.42 666.324 -2.79583
7060 1805.64 -10382.4 667.861 -2.79584
7070 1789.1 -12141.4 669.207 -2.79604
7080 1705.98 -11167.9 670.336 -2.79637
7090 1647.06 -9304.64 671.263 -2.79672
7100 1565.83 -7645.51 672.02 -2.79691
7110 1394.06 -3782.92 672.645 -2.79678
7120 1345.27 -5499.37 673.191 -2.79617
7130 1437.14 -10890.4 673.631 -2.79493
7140 1570.63 -15223.9 673.882 -2.79325
7150 1650.35 -17861.3 673.871 -2.79145
7160 1661.72 -15561.5 673.562 -2.78982
7170 1607.07 -12540.9 672.994 -2.78839
7180 1508.67 -10107.9 672.22 -2.78707
7190 1406.09 -4972.76 671.296 -2.78559
7200 1499.33 -5121.54 670.295 -2.7838
7210 1634.53 -4276.42 669.231 -2.7817
7220 1749.1 -5475.89 668.114 -2.7796
7230 1860.52 -7705.82 666.926 -2.77788
7240 1925.51 -9399.11 665.634 -2.77678
7250 1991.75 -11560.8 664.21 -2.77654
7260 1992.85 -12196.1 662.625 -2.7772
7270 1885.68 -10576.3 660.872 -2.77858
7280 1729.93 -4368.82 658.988 -2.78008
7290 1696.28 -1564.05 657.065 -2.78126
7300 1810.16 -3772.82 655.15 -2.78235
7310 1938.64 -5293.75 653.216 -2.78374
7320 1976.73 -4625.73 651.24 -2.78567
7330 1800.48 2322.25 649.243 -2.78783
7340 1550.13 9058.74 647.324 -2.78939
7350 1491.46 11792.2 645.587 -2.79013
7360 1683.58 8440.48 644.067 -2.79043
7370 1974.69 3491.21 642.712 -2.7909
7380 2133.13 1927.12 641.448 -2.79219
7390 2095.07 3274.08 640.247 -2.79453
7400 1886.37 9375.07 639.133 -2.79735
7410 1697.06 15269.9 638.191 -2.79985
7420 1703.31 15968.6 637.502 -2.80187
7430 1898.6 12354.9 637.074 -2.8039
7440 1960.06 9656.76 636.853 -2.80631
7450 1903.51 8895 636.795 -2.80905
7460 1813.27 7993.87 636.882 -2.81184
7470 1755.76 6817.55 637.098 -2.81445
7480 1736.15 4961.65 637.421 -2.81675
7490 1756.33 3589.74 637.824 -2.81888
7500 1665.23 2670.22 638.283 -2.82072
7510 1519.54 2758.26 638.783 -2.82217
7520 1281.11 8687.61 639.333 -2.82288
7530 1345.73 8232.79 640.006 -2.82286
7540 1549.57 3941.47 640.799 -2.82214
7550 1600.51 4520.88 641.654 -2.82107
7560 1500.91 10090.1 642.581 -2.81999
7570 1466.62 11470.9 643.654 -2.81887
7580 1513.23 9263.6 644.896 -2.81748
7590 1597.67 6613.34 646.273 -2.81584
7600 1689.76 4119.66 647.744 -2.81406
7610 1768.31 2228.36 649.268 -2.8124
7620 1777.24 439.352 650.815 -2.81104
7630 1696.33 -3360.17 652.35 -2.80997
7640 1585.29 -5144.71 653.82 -2.80899
7650 1592.73 -7564.92 655.189 -2.8079
7660 1692.41 -10956.2 656.417 -2.80664
7670 1755.25 -11149 657.458 -2.80543
7680 1749.09 -8753.6 658.309 -2.80452
7690 1739.03 -6928.04 659.006 -2.80389
7700 1782.38 -7991.73 659.58 -2.80346
7710 1831.5 -10246.8 660.015 -2.80328
7720 1876.16 -10016.6 660.283 -2.80347
7730 1937.43 -11110.7 660.383 -2.80413
7740 1993.5 -13639.1 660.299 -2.80541
7750 1973.54 -14914.1 659.998 -2.80736
7760 1899.84 -15438.1 659.459 -2.8098
7770 1778.37 -13642.5 658.682 -2.81237
7780 1725.68 -13906.3 657.692 -2.81476
7790 1694.56 -11590.1 656.499 -2.81693
7800 1599.51 -8554.13 655.141 -2.81872
7810 1417.92 -4413.05 653.672 -2.81989
7820 1300.77 2621.07 652.167 -2.8201
7830 1504.97 -2328.4 650.717 -2.81959
7840 1806.29 -7775.2 649.261 -2.81882
7850 1976.43 -10671.2 647.713 -2.81844
7860 1976.11 -10624.5 646.033 -2.8189
7870 1844.68 -6005.01 644.225 -2.81997
7880 1654.09 171.235 642.363 -2.821
7890 1569.13 3082.98 640.54 -2.82158
7900 1630.5 2744.49 638.799 -2.82181
7910 1660.11 3682.96 637.141 -2.82182
7920 1636.07 5622.2 635.577 -2.82167
7930 1572.66 6803.28 634.131 -2.82134
7940 1500.58 10452.9 632.826 -2.82075
7950 1459.42 15141.8 631.711 -2.81973
7960 1555.85 15057.6 630.845 -2.81838
7970 1646.21 13193.2 630.226 -2.81687
7980 1652.72 13211.9 629.828 -2.81542
7990 1652 12495.9 629.64 -2.81412
8000 1645.23 15025.6 629.657 -2.81292
8010 1700.39 16805.4 629.906 -2.81186
8020 1773 15645 630.408 -2.81099
8030 1791.87 14816.4 631.149 -2.81046
8040 1727.28 13726.4 632.112 -2.81029
8050 1654.17 12347.3 633.278 -2.81029
8060 1702.19 6967.25 634.618 -2.81022
8070 1754.88 2069.82 636.055 -2.81006
8080 1754.86 -803.101 637.513 -2.80993
8090 1756.8 -2767.43 638.945 -2.8099
8100 1758.92 -3689.36 640.321 -2.80997
8110 1688.37 -19.987 641.632 -2.81017
8120 1572.46 4367.02 642.932 -2.8104
8130 1480.64 6846.75 644.287 -2.81044
8140 1431.73 8267.75 645.735 -2.81012
8150 1494.47 6997.57 647.298 -2.8094
8160 1650.43 1837.07 648.953 -2.80823
8170 1715.76 -2352.7 650.621 -2.80685
8180 1495.98 1340.95 652.247 -2.80566
8190 1420.37 -243.209 653.87 -2.80445
8200 1617.87 -6829.01 655.464 -2.80269
8210 1683.31 -9301.79 656.936 -2.80065
8220 1720.26 -9375.53 658.241 -2.79877
8230 1767.64 -8253.42 659.38 -2.7972
8240 1793.37 -7321.57 660.37 -2.79597
8250 1785.87 -4411.67 661.232 -2.79517
8260 1711.84 747.266 662.017 -2.79473
8270 1609.27 3732.6 662.805 -2.79445
8280 1610.04 4466.68 663.648 -2.7941
8290 1582.97 5131.7 664.559 -2.79359
8300 1627.63 1052.08 665.542 -2.79292
8310 1682.64 -3163.32 666.534 -2.79208
8320 1641.81 -2712.36 667.472 -2.79123
8330 1635.06 -3836.94 668.352 -2.7904
8340 1649.93 -5702.04 669.158 -2.78949
8350 1671.52 -5886.41 669.863 -2.78859
8360 1659.7 -6267.02 670.461 -2.78773
8370 1612.72 -7891.61 670.946 -2.78688
8380 1633.89 -11854.2 671.289 -2.78598
8390 1715.04 -14822.8 671.429 -2.78506
8400 1765.43 -15256.7 671.319 -2.78432
8410 1770.08 -13436.6 670.957 -2.78388
8420 1789.87 -12224.7 670.373 -2.78373
8430 1841.43 -10416.7 669.595 -2.78389
8440 1813.55 -5694.11 668.661 -2.78435
8450 1701.08 -582.853 667.652 -2.78491
8460 1593.49 754.843 666.65 -2.78529
8470 1651.16 69.1832 665.682 -2.78544
8480 1702.89 -1597.08 664.735 -2.78548
8490 1600.18 12.0198 663.787 -2.78549
8500 1436.8 3371.29 662.863 -2.78521
8510 1421 3083.37 662.011 -2.78448
8520 1559.67 1807.55 661.229 -2.78331
8530 1674.91 -297.444 660.493 -2.78189
8540 1769.79 -2118.13 659.771 -2.78056
8550 1850.42 -1441.56 659.034 -2.77955
8560 1847.31 1904.19 658.296 -2.77898
8570 1768.23 4940.21 657.607 -2.77879
8580 1733.73 7166.13 657.017 -2.77878
8590 1651.34 7056.17 656.557 -2.77881
8600 1549.33 6262.54 656.225 -2.77875
8610 1545.84 4795.29 656.007 -2.77839
8620 1745.12 -1107.31 655.872 -2.77781
8630 1931.43 -5691.71 655.727 -2.77738
8640 1988.1 -5154.03 655.505 -2.77754
8650 2074.2 -6480.78 655.204 -2.77858
8660 1929.41 -744.604 654.819 -2.78041
8670 1772.07 3577.35 654.431 -2.78235
8680 1772.52 4686.82 654.109 -2.78423
8690 1638.2 10932.7 653.885 -2.78586
8700 1603.6 11862.8 653.84 -2.78707
8710 1836.97 7647.73 653.988 -2.78813
8720 1984.74 5132.42 654.269 -2.78946
8730 1978.82 4544.43 654.639 -2.79141
8740 1839.61 5503.28 655.088 -2.79373
8750 1666.79 6381.47 655.627 -2.79589
8760 1653.2 5141.73 656.267 -2.79765
8770 1742.2 1786.56 656.986 -2.79909
8780 1870.94 -4756.75 657.726 -2.80048
8790 1964.84 -10102.5 658.385 -2.80212
8800 1961.3 -11218.7 658.878 -2.80424
8810 1808.28 -8648.6 659.189 -2.80666
8820 1534.93 -4481.32 659.359 -2.80874
8830 1320.91 603.708 659.46 -2.80994
8840 1392.63 -1400.53 659.563 -2.81028
8850 1578.46 -6837.08 659.64 -2.81002
8860 1593.51 -7213.12 659.615 -2.80946
8870 1465.8 -6245.57 659.477 -2.80876
8880 1388.54 -7456.82 659.238 -2.80778
8890 1439.42 -8159.04 658.884 -2.80639
8900 1643.38 -11164.7 658.401 -2.80462
8910 1864.32 -15238.6 657.743 -2.80284
8920 1864.63 -14666.1 656.856 -2.80165
8930 1666.79 -8036.79 655.754 -2.80104
8940 1480.74 -612.611 654.545 -2.80042
8950 1459.39 1469.1 653.343 -2.79943
8960 1526.21 2277.54 652.187 -2.79805
8970 1571.87 2785.2 651.093 -2.79643
8980 1500.67 3753.12 650.066 -2.79472
8990 1403.09 6600.19 649.126 -2.79289
9000 1483.9 5337.05 648.307 -2.79078
9010 1682.4 2522.4 647.589 -2.78839
9020 1860.93 3259.85 646.934 -2.78604
9030 1932.36 4700.48 646.349 -2.78426
9040 1840.07 8551.99 645.857 -2.78327
9050 1672.84 14690.6 645.52 -2.78276
9060 1627.66 18137.5 645.426 -2.78233
9070 1795.82 16217.3 645.62 -2.78199
9080 1756.11 16678.9 646.081 -2.78191
9090 1450.88 24135.7 646.82 -2.78208
9100 1326.75 23944 647.932 -2.7821
9110 1644.82 12992.9 649.404 -2.78151
9120 1979.55 4411.68 651.08 -2.78046
9130 2166.09 -3396.91 652.814 -2.77993
9140 2143.74 -6872.73 654.484 -2.78056
9150 2010.3 -5570.72 656.034 -2.78225
9160 1902.13 -3530.55 657.48 -2.78451
9170 1813.55 -16.3032 658.859 -2.78694
9180 1714.44 773.994 660.221 -2.78924
9190 1680.1 -1356.51 661.58 -2.79118
9200 1702.64 -3618.31 662.905 -2.79274
9210 1760.43 -7124.83 664.155 -2.79408
9220 1791.32 -11304.7 665.272 -2.79531
9230 1773.6 -12852.2 666.192 -2.79653
9240 1751.58 -14483 666.886 -2.79775
9250 1721.37 -15789.8 667.328 -2.79894
9260 1649.59 -13713 667.506 -2.80002
9270 1606.72 -12869.3 667.449 -2.80088
9280 1601.41 -12015.4 667.179 -2.80145
9290 1670.2 -12555 666.711 -2.80182
9300 1690.36 -12842.2 666.041 -2.80213
9310 1662.79 -10320.5 665.175 -2.80239
9320 1735.86 -12844.4 664.144 -2.80265
9330 1783.52 -11751.8 662.925 -2.80305
9340 1816.31 -8375.55 661.537 -2.80359
9350 1871.89 -6517.69 660.035 -2.80438
9360 1745.7 -634.533 658.464 -2.80535
9370 1504.55 6463.69 656.916 -2.80598
9380 1395.51 8200.72 655.499 -2.80596
9390 1516.38 2933.33 654.236 -2.80543
9400 1703.72 -657.456 653.051 -2.80465
9410 1831.25 -5318.02 651.878 -2.804
9420 1783.23 -5191.38 650.652 -2.80376
9430 1683.78 -3515.48 649.371 -2.80373
9440 1684.39 -3555.79 648.057 -2.80372
9450 1681.11 -1690.95 646.717 -2.80366
9460 1609.44 442.294 645.377 -2.80353
9470 1399.06 6908.79 644.08 -2.80305
9480 1401.05 6974.58 642.91 -2.80207
9490 1518.7 4503.74 641.871 -2.80064
9500 1631.8 5041.73 640.931 -2.7989
9510 1920.71 932.268 640.085 -2.79719
9520 2093.69 1341.37 639.28 -2.79611
9530 1964.21 9738.11 638.526 -2.7961
9540 1624.57 19539.8 637.945 -2.79656
9550 1422.43 27896.7 637.683 -2.79679
9560 1495.53 28761.8 637.854 -2.79669
9570 1592.95 26682.1 638.474 -2.7964
9580 1704.95 23571.1 639.509 -2.79609
9590 1854.32 15040.9 640.898 -2.79591
9600 1803.37 11065 642.52 -2.79597
9610 1641.04 12818 644.311 -2.79634
9620 1640.26 9250.97 646.283 -2.79666
9630 1775.62 1284.28 648.379 -2.79668
9640 1848.33 -3712.04 650.48 -2.79659
9650 1836.5 -5674.04 652.505 -2.79674
9660 1797.7 -8611.92 654.415 -2.7971
9670 1708.02 -7075.23 656.173 -2.79758
9680 1543.22 -2888.96 657.799 -2.79798
9690 1512.47 218.357 659.36 -2.79814
9700 1680.23 -3362.98 660.899 -2.79791
9710 1786.2 -4224.66 662.37 -2.79754
9720 1755.53 -2709.02 663.761 -2.79741
9730 1652.89 -1615.98 665.091 -2.79743
9740 1514.71 -437.147 666.381 -2.79736
9750 1379.98 2286.56 667.654 -2.79699
9760 1300.61 2967.44 668.95 -2.79617
9770 1269.71 2734.84 670.283 -2.7948
9780 1284.35 2154.3 671.649 -2.7929
9790 1389.22 -1529.9 673.031 -2.79039
9800 1471.01 -2637.84 674.379 -2.78739
9810 1603.7 -6839.32 675.661 -2.78413
9820 1798.21 -12229.4 676.809 -2.78075
9830 1991.29 -15914.7 677.734 -2.77776
9840 2064.43 -16387.5 678.375 -2.77581
9850 1979.76 -13395.4 678.73 -2.77517
9860 1804.63 -8576.73 678.853 -2.77541
9870 1694.4 -5256.03 678.827 -2.77584
9880 1875.57 -10830.5 678.699 -2.77639
9890 1862.46 -11686.7 678.396 -2.77727
9900 1682.49 -7150.19 677.906 -2.77837
9910 1556.19 -4533.84 677.3 -2.77919
9920 1590.4 -6468.45 676.624 -2.77964
9930 1675.84 -8891.02 675.849 -2.77985
9940 1761.03 -11373.1 674.936 -2.78008
9950 1775.35 -11020.9 673.851 -2.78048
9960 1737.3 -7046.82 672.605 -2.781
9970 1751.39 -5779.11 671.259 -2.78151
9980 1839.92 -6630.01 669.839 -2.78216
9990 1897.03 -6633.34 668.338 -2.78313
10000 1867.67 -2907.97 666.763 -2.78445
