# Time-averaged data for fix 2
# TimeStep c_mytemp c_mypress v_vmyvol v_avgEtotal
10 945.896 798898 396.646 -2.74145
20 969.918 777535 396.611 -2.74083
30 901.098 800358 396.398 -2.73736
40 927.362 829488 396.197 -2.73385
50 988.355 817644 396.274 -2.73465
60 1013.85 779468 396.501 -2.73775
70 979.938 792219 396.57 -2.73845
80 1039.11 796693 396.555 -2.73791
90 1045.1 790443 396.488 -2.7367
100 929.723 845781 396.403 -2.73525
110 986.851 806001 396.692 -2.73976
120 1083.69 731648 397.01 -2.74441
130 1072.97 782338 396.741 -2.74043
140 1060.79 834517 396.298 -2.73356
150 973.351 825828 396.167 -2.73172
160 811.878 834126 396.328 -2.73445
170 881.326 794063 396.785 -2.74153
180 998.344 747735 397.176 -2.74702
190 913.363 742282 397.058 -2.74487
200 744.455 820856 396.431 -2.73478
210 926.182 860646 396.002 -2.72688
220 1248.28 791528 396.096 -2.72722
230 1247.36 799568 396.182 -2.72803
240 988.623 847170 396.308 -2.73027
250 846.773 797089 396.821 -2.73865
260 900.342 745192 397.298 -2.74569
270 1014.29 745018 397.258 -2.74472
280 1152.73 765811 396.662 -2.7357
290 1048.82 869257 395.826 -2.7225
300 972.072 879922 395.613 -2.71901
310 1022.53 834019 396.185 -2.72862
320 1036.89 769868 397.086 -2.7429
330 1015.57 702819 397.655 -2.75137
340 1021.31 739883 397.31 -2.74672
350 956.657 829366 396.409 -2.733
360 929.945 871361 395.783 -2.72277
370 936.183 864770 395.86 -2.724
380 964.926 807557 396.552 -2.73502
390 998.832 745337 397.324 -2.74657
400 1107.74 670468 397.486 -2.74886
410 1010.47 788345 396.51 -2.73494
420 994.99 906458 395.434 -2.71714
430 1143.14 876575 395.324 -2.71526
440 969.788 836865 396.008 -2.72692
450 860.346 771221 397.035 -2.74329
460 958.701 687244 397.726 -2.75324
470 998.799 708620 397.35 -2.74793
480 978.213 823110 396.118 -2.72939
490 953.686 930818 395.16 -2.71289
500 1053.85 880064 395.404 -2.71681
510 1125.08 781704 396.421 -2.73307
520 1049.34 733467 397.298 -2.74622
530 1042.78 707330 397.476 -2.74912
540 939.287 785339 396.813 -2.73965
550 912.852 858365 395.996 -2.72674
560 980.499 872584 395.754 -2.72259
570 1034.46 824804 396.201 -2.72982
580 965.492 770953 396.895 -2.74063
590 944.597 730763 397.29 -2.74636
600 1000.19 760488 397.037 -2.74244
610 1127.66 788230 396.378 -2.73231
620 1121.96 849547 395.645 -2.72087
630 1057.18 897689 395.438 -2.71783
640 1085.95 822099 396.107 -2.7295
650 977.082 750520 397.011 -2.74402
660 873.283 709707 397.414 -2.75023
670 858.354 774375 396.984 -2.74405
680 904.308 826151 396.29 -2.73291
690 1004.02 837036 395.829 -2.72515
700 1029.39 874629 395.818 -2.72467
710 1096.55 773221 396.404 -2.7338
720 935.079 784244 396.847 -2.74039
730 995.64 761416 397.076 -2.7438
740 1135.33 734665 396.901 -2.74125
750 1068.5 821255 396.175 -2.73047
760 890.458 885533 395.653 -2.7221
770 796.87 885213 395.977 -2.72776
780 898.249 775539 397.05 -2.74482
790 981.655 699957 397.908 -2.75666
800 1056.25 696780 397.775 -2.75432
810 1072.87 783915 396.67 -2.73787
820 1039.74 909951 395.455 -2.71792
830 1011.85 941822 395.326 -2.71563
840 1087.9 779536 396.439 -2.73401
850 925.616 739523 397.48 -2.74946
860 974.915 691981 397.847 -2.75477
870 1010.48 726339 397.178 -2.74548
880 967.08 866524 395.866 -2.7252
890 937.684 949773 395.214 -2.71366
900 1031.79 855337 395.944 -2.72616
910 1080.91 714374 397.179 -2.74487
920 988.155 728441 397.682 -2.75183
930 964.291 747759 397.423 -2.74809
940 1008.71 789539 396.66 -2.73665
950 981.597 887712 395.862 -2.72374
960 986.984 882864 395.891 -2.72419
970 992.859 785365 396.676 -2.73667
980 983.462 742935 397.361 -2.74686
990 1066.39 739975 397.484 -2.74853
1000 1128.59 776599 397.021 -2.7417
1010 1115.71 822610 396.344 -2.73154
1020 1015.09 867773 395.895 -2.72485
1030 815.94 910420 396.206 -2.73092
1040 894.611 729596 397.371 -2.74947
1050 873.186 724773 398.006 -2.75811
1060 972.317 749024 397.863 -2.75557
1070 1091.32 759818 397.181 -2.74508
1080 1019.41 858526 396.198 -2.72949
1090 998.771 890370 395.755 -2.72177
1100 969.579 895101 396.27 -2.73063
1110 1171.05 707672 397.518 -2.75033
1120 1100.34 686239 397.984 -2.75673
1130 951.842 804807 397.41 -2.74844
1140 1049.43 779456 396.734 -2.73829
1150 903.72 864192 395.982 -2.72685
1160 766.568 906551 395.878 -2.72517
1170 1007.01 780733 396.698 -2.73805
1180 1124.62 739388 397.397 -2.74804
1190 1092.1 726957 397.487 -2.74927
1200 1025.18 769047 396.867 -2.74042
1210 933.198 882201 396.031 -2.72717
1220 982.884 868465 395.908 -2.72509
1230 964.734 823402 396.501 -2.73482
1240 982.092 739311 397.257 -2.74623
1250 849.677 792233 397.537 -2.75011
1260 1020.04 739676 397.612 -2.75096
1270 1142.83 724945 397.105 -2.74362
1280 914.465 892014 396.017 -2.72655
1290 992.82 903278 395.751 -2.72166
1300 1166.38 783757 396.417 -2.73221
1310 1013.2 805868 397.066 -2.7424
1320 1039.93 732069 397.655 -2.75169
1330 1066.89 714977 397.592 -2.75124
1340 898.216 827897 396.79 -2.73938
1350 927.91 866639 396.206 -2.72987
1360 965.69 851457 396.291 -2.73122
1370 1039.92 772868 396.827 -2.73954
1380 1003.21 787166 397.178 -2.74479
1390 946.868 777283 397.371 -2.74772
1400 997.868 742972 397.295 -2.74657
1410 992.22 823273 396.758 -2.73823
1420 1039.08 846774 396.406 -2.73236
1430 1067.34 833002 396.526 -2.73427
1440 1156.76 762316 396.916 -2.74061
1450 1052.86 779822 397.012 -2.74249
1460 945.299 813871 396.915 -2.74148
1470 972.66 773333 396.885 -2.74139
1480 936.308 801991 396.662 -2.73817
1490 924.726 834919 396.464 -2.73509
1500 872.783 843133 396.613 -2.73742
1510 951.022 759766 397.115 -2.745
1520 898.889 768263 397.286 -2.747
1530 917.662 806776 397.169 -2.74458
1540 1132.89 752183 397.018 -2.7417
1550 1079.62 818630 396.512 -2.73351
1560 1043.86 867731 396.19 -2.72814
1570 1195.18 786310 396.436 -2.73217
1580 1050.89 793453 396.641 -2.73572
1590 856.304 833541 396.813 -2.73892
1600 1015.02 754849 397.201 -2.74513
1610 1024.15 754858 397.213 -2.74542
1620 927.913 796757 396.783 -2.7391
1630 905.483 846305 396.357 -2.73221
1640 1025.59 817886 396.333 -2.73161
1650 993.246 820942 396.526 -2.73451
1660 910.728 810140 396.929 -2.74081
1670 963.636 749273 397.38 -2.74741
1680 1011.81 737913 397.35 -2.74666
1690 997.016 810862 396.768 -2.73754
1700 1034.47 854480 396.274 -2.72925
1710 1090.68 822844 396.291 -2.72934
1720 1080.22 804663 396.55 -2.73349
1730 1045.04 804263 396.885 -2.73908
1740 954.323 761574 397.21 -2.74435
1750 844.261 782478 397.203 -2.74435
1760 939.608 794591 397.017 -2.74129
1770 1115.08 776230 396.73 -2.73671
1780 1028.38 850365 396.327 -2.73025
1790 1036.97 819496 396.32 -2.7302
1800 990.694 804763 396.558 -2.73405
1810 1016.29 792272 396.835 -2.73848
1820 1079.92 755845 397.002 -2.7412
1830 1039.15 791772 396.8 -2.73841
1840 984.573 819045 396.494 -2.73393
1850 896.307 846719 396.413 -2.73285
1860 1019.39 783465 396.709 -2.73761
1870 1118.76 764419 396.893 -2.74045
1880 985.797 817023 396.763 -2.73871
1890 906.013 823887 396.801 -2.73951
1900 1002.89 743607 396.961 -2.74205
1910 898.481 835129 396.748 -2.73864
1920 974.941 816281 396.763 -2.73869
1930 1004.14 778235 396.945 -2.74128
1940 928.54 789784 396.964 -2.74128
1950 922.882 793457 396.844 -2.73912
1960 894.613 816858 396.708 -2.7365
1970 951.091 789175 396.681 -2.73548
1980 973.416 811213 396.611 -2.73372
1990 1052.54 800704 396.612 -2.73309
2000 1070.42 814218 396.662 -2.73339
2010 1086.42 802683 396.832 -2.73583
2020 1158.97 764569 397.002 -2.73851
2030 1070.58 795109 396.882 -2.73705
2040 975.873 814854 396.699 -2.73461
2050 1017 808218 396.652 -2.73426
2060 1017.54 800275 396.698 -2.73534
2070 976.335 784368 396.73 -2.7362
2080 889.4 822594 396.678 -2.73555
2090 1042.37 775200 396.75 -2.73673
2100 967.443 814064 396.681 -2.73565
2110 970.755 803809 396.69 -2.73579
2120 1017.14 798006 396.765 -2.73687
2130 1099.36 788905 396.805 -2.73751
2140 1055.07 805523 396.767 -2.73709
2150 1036.45 813601 396.778 -2.73758
2160 1064.9 794415 396.907 -2.73999
2170 984.166 796462 396.994 -2.74177
2180 861.9 835121 397.103 -2.74381
2190 1004.3 731799 397.416 -2.74873
2200 1004.13 767501 397.161 -2.74506
2210 832.944 880718 396.676 -2.73715
2220 950.989 801173 396.805 -2.73889
2230 965.916 810378 397.077 -2.74271
2240 1025.49 776015 397.385 -2.74704
2250 1011.82 780526 397.49 -2.74827
2260 987.643 782119 397.4 -2.7466
2270 1021.71 784579 397.105 -2.74194
2280 984.685 873987 396.79 -2.73665
2290 1145.72 776759 397.015 -2.74007
2300 1081.8 797373 397.15 -2.74224
2310 1046.63 792651 397.22 -2.7437
2320 1031.77 752653 397.182 -2.7436
2330 900.151 830276 396.772 -2.73771
2340 850.396 879152 396.673 -2.73623
2350 984.297 760709 397.203 -2.74446
2360 969.738 781277 397.492 -2.74846
2370 1056.95 746177 397.505 -2.74846
2380 1052.38 786327 397.043 -2.74155
2390 970.626 854959 396.485 -2.7325
2400 976.853 847036 396.423 -2.73145
2410 897.29 855929 396.884 -2.73908
2420 1038.96 725738 397.77 -2.75264
2430 1067.7 706588 397.98 -2.75538
2440 965.941 808180 397.369 -2.74599
2450 1038.1 788162 396.679 -2.73541
2460 856.638 941603 396.116 -2.72614
2470 1025.29 828005 396.721 -2.73628
2480 1092.3 717849 397.624 -2.74947
2490 928.324 768428 397.844 -2.7525
2500 988.779 747012 397.625 -2.74925
2510 1007.9 832644 397.011 -2.73958
2520 1108.85 809230 396.597 -2.73286
2530 936.509 883713 396.421 -2.73015
2540 996.628 827706 396.972 -2.73949
2550 1164.85 705234 397.741 -2.75103
2560 1006.56 776848 397.72 -2.75087
2570 990.683 769789 397.364 -2.74574
2580 955.617 825599 396.787 -2.7372
2590 959.471 849373 396.438 -2.73155
2600 951.433 837123 396.582 -2.73388
2610 868.342 824869 397.121 -2.74263
2620 917.018 722631 397.804 -2.75267
2630 874.686 771940 397.844 -2.7526
2640 1060.19 766368 397.526 -2.74711
2650 1151.72 790350 396.903 -2.73728
2660 1098.69 880556 396.263 -2.72674
2670 1067.21 863657 396.354 -2.7284
2680 1046.22 801088 397.067 -2.74026
2690 968.19 766773 397.828 -2.75219
2700 984.15 688371 398.152 -2.75729
2710 850.019 797531 397.548 -2.74847
2720 1022.43 794772 396.771 -2.73609
2730 987.051 888181 396.079 -2.72498
2740 799.046 931455 396.266 -2.72841
2750 958.193 728016 397.548 -2.74852
2760 986.524 742706 398.309 -2.75841
2770 1077.21 725242 398.421 -2.75956
2780 1171.13 701006 397.734 -2.75019
2790 978.688 921584 396.318 -2.72784
2800 1063.15 906401 395.902 -2.72033
2810 1038.11 868234 396.606 -2.73256
2820 972.833 749724 397.92 -2.75383
2830 875.209 677888 398.734 -2.76522
2840 801.551 760046 398.447 -2.76074
2850 1120.51 707797 397.573 -2.74796
2860 1149.58 881245 396.014 -2.72413
2870 1045.17 996535 395.272 -2.71081
2880 1059.29 822378 396.251 -2.7278
2890 894.598 785464 397.629 -2.74949
2900 974.972 682501 398.742 -2.76589
2910 1058.98 659028 398.704 -2.76553
2920 1014.98 768660 397.337 -2.74635
2930 934.989 921666 395.693 -2.71991
2940 873.609 1.00991e+06 395.321 -2.71319
2950 1196.82 756725 396.728 -2.73662
2960 1071.95 727261 397.929 -2.75364
2970 879.597 735132 398.382 -2.76044
2980 952.908 695665 398.097 -2.75671
2990 993.029 817032 396.912 -2.7391
3000 1033.35 921791 395.902 -2.72199
3010 1074.14 899421 396.058 -2.7247
3020 1174.09 740336 397.073 -2.74107
3030 867.18 787247 397.7 -2.75054
3040 805.68 747967 398.077 -2.75649
3050 1028.86 679840 397.886 -2.75392
3060 996.698 826496 396.678 -2.73593
3070 1002.24 914270 395.694 -2.71898
3080 1130.35 882435 395.806 -2.72075
3090 1120.44 788307 396.696 -2.73534
3100 826.284 784748 397.557 -2.74871
3110 836.775 734617 398.197 -2.75838
3120 1121.46 667982 398.123 -2.75736
3130 1130 822075 396.919 -2.73974
3140 1102.73 896249 395.866 -2.72217
3150 960.066 916158 395.796 -2.7214
3160 1027.66 827792 396.812 -2.73911
3170 1070.87 698367 398.065 -2.75806
3180 920.34 698933 398.379 -2.76266
3190 940.711 727984 397.66 -2.75277
3200 990.634 823260 396.262 -2.73196
3210 906.428 971688 395.224 -2.714
3220 899.133 894731 395.715 -2.72243
3230 942.525 766468 397.14 -2.74515
3240 958.414 689526 398.255 -2.76047
3250 1019.94 687788 398.268 -2.76017
3260 1124.1 766276 397.211 -2.74464
3270 1253.9 835489 395.792 -2.72257
3280 946.573 1.01302e+06 394.917 -2.70804
3290 864.853 889243 395.908 -2.72665
3300 913.74 697752 397.77 -2.75502
3310 875.417 667627 398.701 -2.76715
3320 956.703 681060 398.271 -2.76107
3330 1047.31 781205 396.709 -2.73834
3340 1009.57 931044 395.029 -2.7102
3350 963.322 1.01397e+06 394.687 -2.70386
3360 1119.53 804754 396.232 -2.7307
3370 1094.69 671140 397.895 -2.75425
3380 927.089 713682 398.381 -2.76075
3390 1031.38 690654 397.869 -2.75393
3400 1017.27 827307 396.412 -2.73276
3410 943.616 961276 395.27 -2.71295
3420 1051.63 893414 395.601 -2.7187
3430 1002.7 797616 396.88 -2.73981
3440 897.801 699163 398.093 -2.7576
3450 779.872 720822 398.384 -2.76133
3460 1019.12 689110 397.771 -2.75252
3470 1062.58 835792 396.208 -2.72926
3480 981.143 1.00031e+06 395.085 -2.70896
3490 1133.55 861500 395.709 -2.71948
3500 1004.48 810442 397.086 -2.74166
3510 1047.85 683082 398.443 -2.76199
3520 1053.02 670857 398.701 -2.76549
3530 1031.3 741562 397.671 -2.75136
3540 943.369 913178 396.188 -2.72805
3550 1012.36 928028 395.719 -2.71966
3560 959.947 855591 396.531 -2.73363
3570 968.216 735179 397.823 -2.75373
3580 930.673 704062 398.542 -2.76377
3590 1009.03 686553 398.245 -2.75968
3600 1096.09 777866 396.891 -2.74026
3610 1028.85 954178 395.431 -2.71605
3620 1054.38 924461 395.367 -2.71487
3630 979.615 843487 396.56 -2.73523
3640 960.591 713457 398.127 -2.75969
3650 1057.31 632417 398.817 -2.76894
3660 1002.72 729061 397.933 -2.75699
3670 988.393 857268 396.366 -2.73297
3680 1076.27 933556 395.352 -2.71557
3690 1078.98 894872 395.65 -2.72112
3700 976.275 782839 396.843 -2.74072
3710 764.824 756204 397.925 -2.75716
3720 763.725 696665 398.501 -2.76532
3730 976.38 668590 398.024 -2.75858
3740 1074 810916 396.363 -2.73402
3750 1050.24 968365 394.869 -2.70776
3760 1088.86 966517 394.992 -2.70982
3770 1073.33 805476 396.647 -2.73803
3780 899.001 698826 398.41 -2.76396
3790 953.202 625244 399.109 -2.77322
3800 1050.57 675097 398.104 -2.76028
3810 1010.58 873548 395.965 -2.72818
3820 993.315 1.02659e+06 394.615 -2.70334
3830 1110.77 894194 395.302 -2.71559
3840 944.181 771813 396.989 -2.74301
3850 904.632 660605 398.35 -2.76227
3860 882.538 658517 398.357 -2.76219
3870 914.767 754187 396.978 -2.74284
3880 979.996 929800 395.258 -2.71417
3890 1119.69 958880 394.749 -2.70433
3900 1091.8 876466 395.79 -2.72259
3910 1072.09 713952 397.51 -2.74934
3920 972.069 669987 398.434 -2.76194
3930 956.25 707191 398.077 -2.75706
3940 1125.96 769713 396.776 -2.73855
3950 1184.05 904812 395.284 -2.7146
3960 1139.99 934374 394.787 -2.70654
3970 897.943 907143 395.64 -2.7227
3980 905.083 737349 397.429 -2.75214
3990 918.897 633410 398.611 -2.76823
4000 800.285 681879 398.193 -2.76261
4010 971.757 773421 396.587 -2.73957
4020 1080.11 959585 394.862 -2.71037
4030 1138.57 961494 394.618 -2.7055
4040 1059.42 838633 395.921 -2.72812
4050 929.516 718322 397.607 -2.75407
4060 890.826 648512 398.46 -2.76563
4070 944.067 696874 397.843 -2.75725
4080 998.588 828686 396.256 -2.73337
4090 1007.61 954435 394.997 -2.71148
4100 1027.08 913883 395.195 -2.71476
4110 976.737 797631 396.48 -2.73566
4120 845.168 734881 397.784 -2.75513
4130 971.781 662889 398.367 -2.76287
4140 1058.22 702894 397.634 -2.75256
4150 1022.62 853770 396.022 -2.72795
4160 1060.14 952403 394.957 -2.70898
4170 1163.21 860554 395.279 -2.7144
4180 905.596 843559 396.319 -2.73175
4190 821.656 725941 397.674 -2.75303
4200 961.155 626601 398.256 -2.76072
4210 922.529 757325 397.271 -2.74667
4220 1047.26 858557 395.817 -2.72318
4230 1090.75 946769 395.01 -2.70891
4240 1079.75 881034 395.566 -2.71865
4250 1023.55 764869 396.902 -2.7399
4260 964.064 703816 397.906 -2.75458
4270 1002.72 693572 397.95 -2.75525
4280 1118.13 748361 396.95 -2.74121
4290 1117.23 869975 395.512 -2.71907
4300 856.09 999513 394.835 -2.70775
4310 745.717 903733 396 -2.72954
4320 977.831 664135 398.074 -2.76088
4330 1100.09 604837 398.882 -2.77049
4340 987.927 723422 397.82 -2.75606
4350 1102.95 836489 395.978 -2.7277
4360 1139.45 970603 394.587 -2.70393
4370 934.842 977777 394.851 -2.70948
4380 834.15 791208 396.747 -2.74195
4390 901.391 644220 398.56 -2.76731
4400 1006.95 615316 398.834 -2.77043
4410 1027.1 733492 397.326 -2.75011
4420 1061.79 907684 395.226 -2.71626
4430 979.889 1.03537e+06 394.24 -2.69817
4440 875.57 933753 395.461 -2.72153
4450 913.851 686634 397.889 -2.75913
4460 918.235 620215 399.286 -2.77641
4470 983.256 653171 398.873 -2.77052
4480 1134.38 740828 396.996 -2.74437
4490 1110.82 960034 394.693 -2.70679
4500 995.166 1.06868e+06 393.975 -2.6931
4510 998.152 881778 395.739 -2.72619
4520 1002.9 651649 398.268 -2.76384
4530 919.009 593924 399.375 -2.77736
4540 854.724 686506 398.462 -2.76543
4550 932.654 818157 396.429 -2.73506
4560 924.454 985383 394.678 -2.70441
4570 934.606 994117 394.722 -2.70475
4580 1083.47 766699 396.512 -2.73429
4590 1074.28 664418 398.058 -2.75519
4600 998.207 679916 398.28 -2.75775
4610 1087.89 715859 397.268 -2.7438
4620 1121.28 865749 395.529 -2.71743
4630 986.103 1.00045e+06 394.512 -2.69949
4640 1022.93 890059 395.308 -2.71405
4650 1006.29 770182 397.03 -2.74202
4660 990.702 650306 398.396 -2.76153
4670 890.337 649868 398.301 -2.76052
4680 823.256 792375 396.793 -2.73904
4690 964.583 938677 395.257 -2.71283
4700 1171.22 924811 395.024 -2.70799
4710 1122.08 815304 395.977 -2.72383
4720 873.105 775177 397.159 -2.74225
4730 971.227 703081 398.013 -2.75474
4740 1183.21 664106 397.882 -2.75311
4750 1136.65 792279 396.519 -2.73417
4760 992.802 957692 395.145 -2.7115
4770 981.573 941940 395.254 -2.71396
4780 1063.66 770034 396.659 -2.73758
4790 981.176 703596 397.84 -2.75486
4800 818.542 717497 398.077 -2.75837
4810 900.362 720624 397.438 -2.7494
4820 1033.67 824331 396.105 -2.72918
4830 1106.88 925545 395.049 -2.71109
4840 1035.77 914166 395.202 -2.71384
4850 1027.75 797184 396.42 -2.73427
4860 970.466 701874 397.611 -2.75182
4870 951.575 688843 397.843 -2.7551
4880 992.981 741717 396.984 -2.74306
4890 1028.95 882806 395.636 -2.72186
4900 1053.15 942676 395.099 -2.7124
4910 1117.86 831637 395.856 -2.72543
4920 1010.73 779676 397.013 -2.74392
4930 999.259 713314 397.897 -2.75727
4940 951.391 725630 397.965 -2.75846
4950 988.904 763982 397.271 -2.7486
4960 980.076 859660 396.303 -2.73335
4970 1049.87 882281 395.887 -2.72641
4980 988.275 848138 396.267 -2.73293
4990 794.325 824881 397.177 -2.74784
5000 985.662 680652 398.183 -2.76272
5010 1081.75 678699 398.086 -2.76111
5020 1041.8 822213 396.88 -2.74304
5030 1106.31 874257 395.833 -2.72568
5040 992.397 913013 395.584 -2.72166
5050 958.698 850498 396.392 -2.73576
5060 969.683 732169 397.656 -2.7553
5070 943.792 690923 398.273 -2.76387
5080 927.372 725265 397.817 -2.75738
5090 953.414 832197 396.674 -2.73978
5100 1064.67 886255 395.836 -2.72537
5110 1046.79 873521 395.853 -2.72543
5120 1044.43 815320 396.579 -2.73735
5130 1053.8 726351 397.414 -2.75005
5140 941.201 740643 397.588 -2.75261
5150 944.975 779139 397.161 -2.74626
5160 918.069 827370 396.544 -2.73653
5170 881.224 855353 396.207 -2.73073
5180 990.317 819689 396.387 -2.73321
5190 1040.49 794211 396.777 -2.73882
5200 990.381 791213 397.135 -2.74403
5210 1038.39 732837 397.33 -2.74675
5220 934.485 793788 396.952 -2.74093
5230 877.136 869340 396.538 -2.73391
5240 1071.12 806083 396.716 -2.7363
5250 1225.45 750181 396.958 -2.73971
5260 1033.84 814654 396.813 -2.73765
5270 920.975 812815 396.739 -2.73677
5280 808.534 823218 396.843 -2.73844
5290 919.513 784733 397.12 -2.74251
5300 1083.63 763652 397.264 -2.74421
5310 1192.9 754194 397.037 -2.74063
5320 1177.59 804161 396.409 -2.73139
5330 1034.88 870990 395.85 -2.72295
5340 897.449 869837 395.973 -2.72562
5350 796.044 816535 396.775 -2.73899
5360 854.155 727393 397.685 -2.75261
5370 935.878 703950 397.908 -2.7553
5380 1060.18 741013 397.18 -2.7445
5390 1084.34 855691 395.941 -2.72483
5400 1061.01 926047 395.264 -2.713
5410 1051.04 863916 395.767 -2.72169
5420 1064.83 748919 396.869 -2.73913
5430 1026.28 719033 397.515 -2.74859
5440 1075.75 714709 397.33 -2.74633
5450 1110.91 790284 396.354 -2.73262
5460 952.624 911337 395.342 -2.71655
5470 842.76 927068 395.402 -2.71808
5480 909.963 784188 396.606 -2.73811
5490 1007.81 677764 397.671 -2.75317
5500 960.951 714115 397.591 -2.75178
5510 926.166 787287 396.658 -2.73773
5520 1033.88 864287 395.621 -2.72085
5530 1057.45 919675 395.254 -2.71434
5540 1071.62 843400 395.989 -2.72681
5550 1013.26 755656 397.16 -2.74508
5560 975.994 695823 397.875 -2.75546
5570 940.708 729806 397.594 -2.75155
5580 941.844 807835 396.64 -2.73697
5590 1096.4 847590 395.745 -2.72242
5600 1078.22 910644 395.395 -2.7166
5610 1022.4 857043 396.071 -2.72847
5620 955.871 741941 397.264 -2.74722
5630 864.936 706102 397.926 -2.75667
5640 895.507 710191 397.631 -2.75243
5650 1001.79 807162 396.517 -2.73552
5660 1106.85 878903 395.461 -2.71785
5670 903.465 953138 395.265 -2.71446
5680 873.183 851539 396.467 -2.73547
5690 1038.31 657594 398.084 -2.75887
5700 968.665 684974 398.433 -2.76272
5710 1001.53 744060 397.603 -2.75047
5720 1163.31 814526 396.217 -2.72938
5730 1178.29 941151 395.088 -2.71028
5740 1050.49 922537 395.277 -2.71417
5750 800.448 826204 396.658 -2.73806
5760 860.97 668342 398.225 -2.76129
5770 914.82 634895 398.52 -2.76482
5780 925.572 752901 397.252 -2.7468
5790 998.941 875876 395.51 -2.71885
5800 980.697 1.00296e+06 394.626 -2.70253
5810 1133.28 868527 395.554 -2.71863
5820 1082.98 723088 397.179 -2.74352
5830 909.715 684494 398.091 -2.75605
5840 988.791 697767 397.83 -2.75245
5850 1033.39 781147 396.591 -2.73439
5860 999.453 926885 395.249 -2.71234
5870 986.562 941811 395.114 -2.70985
5880 1048.3 810804 396.292 -2.7296
5890 972.521 731914 397.626 -2.74971
5900 880.19 690748 398.258 -2.75851
5910 864.555 742126 397.849 -2.7524
5920 1053.45 779439 396.828 -2.73667
5930 1126.43 879190 395.678 -2.71804
5940 1084.13 928460 395.342 -2.71211
5950 1053.35 815282 396.149 -2.72563
5960 845.785 798843 397.225 -2.74281
5970 958.767 682685 398.148 -2.7564
5980 1056.87 678347 397.966 -2.75386
5990 1093.18 787893 396.636 -2.73465
6000 1046.44 904562 395.21 -2.71151
6010 857.185 986229 394.878 -2.70594
6020 835.742 833553 396.212 -2.72935
6030 861.155 692881 397.901 -2.7539
6040 948.684 656495 398.549 -2.76189
6050 1132.17 681838 397.753 -2.75078
6060 1135.14 831592 395.872 -2.72285
6070 931.02 1.0318e+06 394.421 -2.69712
6080 935.505 955273 395.091 -2.70983
6090 937.339 750193 397.238 -2.74474
6100 972.311 615949 398.893 -2.76674
6110 988.607 633854 398.757 -2.76461
6120 979.815 766217 397.004 -2.74007
6130 1018.69 943788 394.998 -2.70658
6140 950.207 1.01882e+06 394.407 -2.69529
6150 992.644 889726 395.881 -2.72227
6160 1175.61 652322 398.145 -2.7561
6170 1147.7 585553 399.003 -2.76672
6180 901.714 720890 397.816 -2.75147
6190 884.476 869522 395.84 -2.7209
6200 889.813 1.00714e+06 394.644 -2.69941
6210 1018.47 895669 395.316 -2.71123
6220 994.986 765222 396.98 -2.73753
6230 1057.45 644361 398.242 -2.75508
6240 1057.29 659300 398.008 -2.752
6250 958.727 817763 396.463 -2.72956
6260 973.782 933881 395.096 -2.70626
6270 990.043 937258 395.029 -2.70496
6280 962.811 822135 396.26 -2.72585
6290 1138.73 686896 397.676 -2.74663
6300 1177.97 659749 398.004 -2.75121
6310 992.673 758189 396.989 -2.73767
6320 814.091 915274 395.638 -2.71601
6330 901.213 931567 395.36 -2.71102
6340 1018.33 824222 396.323 -2.72714
6350 1141.94 712315 397.523 -2.74499
6360 1185.09 675214 397.854 -2.74982
6370 949.578 784739 397.042 -2.73865
6380 867.504 880319 396.074 -2.72321
6390 936.43 900456 395.891 -2.72013
6400 1005.84 810978 396.629 -2.73232
6410 1009.22 729740 397.494 -2.74517
6420 1014.24 726176 397.685 -2.74783
6430 1029.2 769493 397.154 -2.74
6440 1040.52 832639 396.349 -2.72749
6450 979.466 866171 395.862 -2.71957
6460 919.776 878163 396.069 -2.72321
6470 1064.14 756699 396.925 -2.7368
6480 1128.84 712505 397.409 -2.7438
6490 1056.87 766847 397.08 -2.73927
6500 977.189 809211 396.393 -2.72914
6510 837.881 880574 395.866 -2.7208
6520 826.609 858229 396.068 -2.72413
6530 821.333 822808 396.88 -2.737
6540 991.731 714367 397.83 -2.75072
6550 1159.21 665363 397.939 -2.75162
6560 1074.29 782966 396.815 -2.73533
6570 1034.74 912409 395.555 -2.7144
6580 1085.82 910137 395.351 -2.71077
6590 1008.52 842278 396.226 -2.72581
6600 1003.82 736705 397.482 -2.74543
6610 1018.75 681392 398.116 -2.75449
6620 1007.78 717281 397.594 -2.74754
6630 976.786 836831 396.319 -2.72835
6640 1064.89 900088 395.389 -2.71279
6650 947.118 912786 395.475 -2.71458
6660 817.521 801860 396.587 -2.73323
6670 822.614 703049 397.721 -2.74956
6680 966.397 690763 397.916 -2.75164
6690 1253.52 722697 397.017 -2.7386
6700 1171.15 864812 395.449 -2.71454
6710 959.11 989483 394.574 -2.69935
6720 1027.32 891442 395.439 -2.71528
6730 1117.58 718779 397.157 -2.74242
6740 1050.97 664188 398.131 -2.75611
6750 951.851 695756 397.75 -2.75154
6760 900.045 819259 396.404 -2.73185
6770 1018.13 920548 395.253 -2.71264
6780 1087.67 919174 395.286 -2.7134
6790 1031.53 791542 396.399 -2.73198
6800 864.352 740126 397.508 -2.74886
6810 960.615 690716 397.96 -2.75531
6820 1021.43 734221 397.369 -2.74692
6830 1030.41 849144 396.198 -2.72878
6840 986.482 899459 395.468 -2.71645
6850 897.765 909361 395.773 -2.72189
6860 1050.47 756681 397.016 -2.74188
6870 1069.76 696442 397.896 -2.75418
6880 887.944 749240 397.798 -2.75268
6890 871.045 771866 397.144 -2.74272
6900 1019.02 831903 396.251 -2.72853
6910 1118.41 887199 395.717 -2.71921
6920 1090.68 849276 395.992 -2.72374
6930 967.485 796269 396.758 -2.73622
6940 898.42 757053 397.497 -2.74741
6950 923.614 739656 397.794 -2.75163
6960 1074.83 719400 397.461 -2.74669
6970 1048.41 805869 396.407 -2.73107
6980 966.6 929603 395.482 -2.7155
6990 1013.39 875896 395.73 -2.7197
7000 946.692 781401 396.72 -2.7355
7010 877.201 743459 397.564 -2.7479
7020 1011.06 696991 397.798 -2.75097
7030 1181.9 715088 397.02 -2.74012
7040 1125.13 881600 395.538 -2.71733
7050 1053.73 971932 394.855 -2.70559
7060 1030.59 846095 395.725 -2.72122
7070 782.807 760975 397.121 -2.74325
7080 791.592 684749 398.083 -2.75702
7090 914.012 674008 397.907 -2.7543
7100 1020.38 775678 396.533 -2.73423
7110 1109.46 919042 394.987 -2.70824
7120 1049.66 965646 394.603 -2.70106
7130 1004.66 863955 395.779 -2.72182
7140 1060.61 713263 397.55 -2.74899
7150 1020.49 662973 398.496 -2.76179
7160 1070.96 675365 398.062 -2.75622
7170 1161.87 777896 396.426 -2.73364
7180 1010.28 984943 394.727 -2.70544
7190 969.469 974153 394.724 -2.70586
7200 917.599 822683 396.386 -2.73505
7210 835.405 692875 398.277 -2.76306
7220 800.723 638883 399.097 -2.77368
7230 909.729 681609 398.322 -2.76309
7240 1069.66 809641 396.412 -2.73456
7250 1086.89 1.00596e+06 394.727 -2.70492
7260 1050.46 998036 394.984 -2.70974
7270 1097.41 759793 397.048 -2.74461
7280 986.027 638745 398.781 -2.76813
7290 885.364 660877 398.953 -2.77022
7300 1037.91 699020 397.672 -2.7532
7310 1126.69 872263 395.522 -2.72048
7320 983.847 1.06868e+06 394.205 -2.69667
7330 1026.42 916014 395.29 -2.71745
7340 1013.86 699844 397.518 -2.7522
7350 868.714 643497 398.814 -2.76927
7360 794.851 677383 398.557 -2.76564
7370 998.671 721137 397.024 -2.74445
7380 1021.47 955588 394.922 -2.71035
7390 1042.89 1.03299e+06 394.31 -2.69822
7400 1076.52 838903 395.821 -2.72476
7410 886.899 714967 397.791 -2.75433
7420 911.069 639040 398.878 -2.76872
7430 989.805 674559 398.389 -2.76194
7440 1082.18 774011 396.666 -2.73702
7450 1065.66 956218 394.805 -2.70617
7460 1021.76 1.01552e+06 394.482 -2.70016
7470 1114.27 808085 396.096 -2.7283
7480 950.495 691719 397.865 -2.75424
7490 768.442 676911 398.577 -2.76385
7500 778.134 703802 398.033 -2.75618
7510 939.258 787823 396.568 -2.73409
7520 1083.85 928190 395.064 -2.70854
7530 1096.66 983464 394.844 -2.70403
7540 1150.95 822519 396.292 -2.72882
7550 1061.39 683841 397.969 -2.75358
7560 951.451 674648 398.538 -2.76123
7570 975.128 732782 397.861 -2.75182
7580 1085.91 800196 396.516 -2.73182
7590 1042.08 911986 395.249 -2.71117
7600 906.851 972397 395.129 -2.70948
7610 916.714 814370 396.549 -2.73408
7620 895.205 674539 398.119 -2.75669
7630 764.693 691060 398.513 -2.76141
7640 812.604 743222 397.803 -2.7506
7650 1102.58 779334 396.504 -2.73033
7660 1282.4 893960 395.107 -2.70694
7670 1189.53 976431 394.686 -2.69944
7680 1118.81 850755 395.864 -2.7207
7690 1031.98 715887 397.548 -2.74692
7700 926.582 674126 398.42 -2.75938
7710 948.732 692957 398.026 -2.75444
7720 1010.74 788443 396.605 -2.73416
7730 1021.16 954588 395.192 -2.71065
7740 1150.41 927064 395.188 -2.71074
7750 1104.73 792892 396.394 -2.73129
7760 901.626 739190 397.591 -2.74968
7770 860.549 704882 398.156 -2.7581
7780 1031.92 693342 397.737 -2.75262
7790 1070.58 813497 396.365 -2.73249
7800 978.47 934770 395.165 -2.71245
7810 930.662 939030 395.264 -2.71446
7820 944.126 801389 396.654 -2.73791
7830 934 695200 398.059 -2.75815
7840 919.784 689934 398.466 -2.76338
7850 994.337 700090 397.713 -2.75296
7860 930.456 886529 396.148 -2.72845
7870 1050.26 935924 395.357 -2.71384
7880 1171.56 854395 395.86 -2.72208
7890 1057.55 788876 396.948 -2.73958
7900 1025.42 684541 397.837 -2.75283
7910 917.974 737747 397.691 -2.75087
7920 987.618 804567 396.906 -2.73899
7930 987.086 864093 396.188 -2.72743
7940 940.783 897937 396.131 -2.72648
7950 1072.91 784115 396.921 -2.7393
7960 1005.58 769568 397.662 -2.75034
7970 1050.58 703102 397.997 -2.75545
7980 1014.8 749209 397.448 -2.74795
7990 912.734 877136 396.471 -2.73242
8000 981.897 876133 396.184 -2.72746
8010 1005.23 833533 396.647 -2.73504
8020 1062.4 762733 397.437 -2.74735
8030 1106.69 711730 397.833 -2.75321
8040 977.346 748295 397.399 -2.74723
8050 891.26 842410 396.507 -2.73364
8060 1013.52 879703 395.999 -2.72511
8070 1060.82 853812 396.297 -2.73011
8080 1130.33 739316 397.018 -2.74149
8090 1008.49 779823 397.293 -2.74582
8100 995.247 778955 397.294 -2.74621
8110 1035.94 762334 397.066 -2.7432
8120 823.036 841649 396.559 -2.73559
8130 852.821 866327 396.443 -2.73361
8140 1082.58 765870 396.884 -2.74024
8150 1091.88 754117 397.063 -2.74265
8160 1041.04 793005 396.815 -2.73891
8170 1026.29 822389 396.489 -2.73395
8180 1024.65 831079 396.39 -2.73252
8190 1092.69 803711 396.576 -2.73575
8200 1004.08 805970 396.839 -2.74026
8210 951.897 772706 397.117 -2.74491
8220 966.878 760456 397.141 -2.74544
8230 1083.26 786227 396.79 -2.74033
8240 1027.49 836555 396.322 -2.73323
8250 830.37 876675 396.257 -2.73243
8260 861.461 794379 396.845 -2.74188
8270 1005.97 736499 397.408 -2.74993
8280 1100.66 732517 397.343 -2.7487
8290 977.552 820720 396.696 -2.73865
8300 949.845 832285 396.176 -2.73014
8310 971.743 863097 396.044 -2.72779
8320 1062.96 814447 396.482 -2.73473
8330 1074.48 751726 397.048 -2.74327
8340 999.076 766250 397.194 -2.74547
8350 1019.06 765075 396.96 -2.7421
8360 1019.66 828279 396.451 -2.73433
8370 934.893 866556 396.212 -2.73055
8380 922.423 814278 396.584 -2.73661
8390 1044.13 758551 397.099 -2.74432
8400 1104.87 752028 397.222 -2.74609
8410 972.206 788119 396.895 -2.74132
8420 850.184 818000 396.448 -2.73432
8430 941.991 824041 396.169 -2.72967
8440 965.115 868457 396.197 -2.72986
8450 1022.56 777390 396.79 -2.73909
8460 1051.78 718899 397.172 -2.74437
8470 951.484 804008 396.873 -2.73959
8480 1072.42 789693 396.499 -2.73359
8490 1147.93 825782 396.094 -2.72726
8500 1035.21 878713 395.983 -2.72579
8510 1030.11 830577 396.584 -2.73622
8520 973.477 713830 397.431 -2.7495
8530 792.979 732805 397.496 -2.75054
8540 743.782 845594 396.991 -2.74238
8550 1035.24 759337 396.732 -2.73769
8560 1112.88 820717 396.235 -2.72944
8570 1076.34 887322 395.96 -2.72461
8580 1094.71 810126 396.447 -2.73259
8590 996.898 770977 397.082 -2.74239
8600 948.578 769279 397.437 -2.74787
8610 1118.95 747295 397.465 -2.74836
8620 1229.83 725117 396.927 -2.74119
8630 959.392 902785 395.839 -2.72507
8640 802.03 973084 395.736 -2.72394
8650 1052.05 743290 397.105 -2.74662
8660 996.968 686852 398.06 -2.75986
8670 792.72 751466 397.933 -2.75795
8680 817.945 790382 397.293 -2.74793
8690 947.175 805728 396.52 -2.73543
8700 948.664 922101 395.959 -2.72543
8710 1169.35 826892 396.428 -2.73258
8720 1209.09 734082 397.196 -2.74386
8730 1028.15 753255 397.367 -2.74646
8740 945.844 799664 397.102 -2.7426
8750 1037.7 788568 396.755 -2.73746
8760 962.884 864700 396.413 -2.73214
8770 914.601 834287 396.62 -2.73561
8780 910.788 789593 397.197 -2.74464
8790 1093.04 695144 397.584 -2.75019
8800 953.062 767173 397.058 -2.7425
8810 846.65 858988 396.225 -2.72899
8820 993.347 837618 395.888 -2.723
8830 928.671 883630 396.043 -2.72519
8840 1019.24 781900 396.897 -2.7387
8850 1159.39 675741 397.552 -2.74771
8860 1048.04 760352 397.109 -2.74124
8870 993.133 833101 396.233 -2.72765
8880 1010.26 881570 395.72 -2.7192
8890 1020.71 846108 395.957 -2.72324
8900 933.895 809830 396.682 -2.73501
8910 1008.37 722660 397.444 -2.74654
8920 1041.84 702858 397.46 -2.74682
8930 955.667 809819 396.6 -2.73407
8940 1009.07 866298 395.812 -2.7211
8950 1080.99 861588 395.654 -2.71846
8960 1019.52 861410 396.162 -2.72726
8970 1047.09 737169 397.155 -2.74301
8980 1010.78 711809 397.594 -2.74947
8990 948.698 771579 397.195 -2.74381
9000 1022.68 811495 396.489 -2.73304
9010 976.249 872582 395.949 -2.72439
9020 1003.33 842989 396.066 -2.72642
9030 1005.78 797697 396.628 -2.73539
9040 1008.21 761264 397.157 -2.74356
9050 1031.33 736619 397.304 -2.74583
9060 980.571 756573 396.821 -2.73902
9070 839.662 862778 396.006 -2.72614
9080 1054.37 855092 395.731 -2.72126
9090 1264.02 803694 395.991 -2.72535
9100 1126.09 792408 396.332 -2.73119
9110 874.272 788573 396.59 -2.7358
9120 804.161 805198 396.764 -2.73879
9130 883.264 776627 396.935 -2.74133
9140 955.649 761188 396.885 -2.74021
9150 1082.59 781959 396.469 -2.73355
9160 1147.9 829138 395.903 -2.72445
9170 1064.66 860487 395.638 -2.72025
9180 981.789 844506 395.954 -2.72578
9190 995.7 778624 396.684 -2.73758
9200 1097.28 714671 397.181 -2.74513
9210 951.245 773570 396.911 -2.74147
9220 813.066 863476 396.416 -2.73368
9230 1075.15 791483 396.412 -2.73342
9240 1167.94 774046 396.39 -2.73308
9250 920.359 849360 396.193 -2.73027
9260 790.043 841879 396.43 -2.73427
9270 932.879 753279 397.017 -2.74316
9280 1100.03 717200 397.169 -2.74495
9290 1064.57 789696 396.57 -2.73587
9300 997.727 864533 395.882 -2.72471
9310 1060.73 845527 395.773 -2.72287
9320 996.718 844138 396.169 -2.72945
9330 1031.51 765974 396.94 -2.74185
9340 1102.18 688463 397.341 -2.74788
9350 886.377 797364 396.783 -2.7399
9360 889.573 843090 396.13 -2.72945
9370 1004.92 848896 395.912 -2.72568
9380 1094.68 800575 396.141 -2.72922
9390 955.502 796955 396.424 -2.73361
9400 848.318 802173 396.689 -2.73772
9410 1057.26 736131 396.893 -2.74057
9420 1079.51 793930 396.569 -2.73548
9430 1036.13 841918 396.179 -2.7292
9440 1088.03 808985 396.146 -2.72877
9450 1076.35 809562 396.247 -2.73069
9460 953.129 826947 396.467 -2.7346
9470 900.256 791441 396.915 -2.74194
9480 936.776 731435 397.24 -2.74684
9490 1001.82 755789 396.944 -2.74239
9500 1048.6 809115 396.217 -2.73119
9510 948.234 879594 395.626 -2.72148
9520 1011.19 852138 395.765 -2.72371
9530 1052.63 792932 396.42 -2.73407
9540 1017.19 743313 396.998 -2.74282
9550 1022.94 733217 397.023 -2.74331
9560 1008.61 798986 396.433 -2.73462
9570 937.807 877136 395.864 -2.72545
9580 1053.08 835219 395.976 -2.72727
9590 1062.88 794241 396.465 -2.73508
9600 950.048 771460 396.898 -2.74192
9610 914.373 766911 397.058 -2.74439
9620 962.801 764304 396.873 -2.74152
9630 1029.17 820154 396.385 -2.73385
9640 1130.09 830151 396.075 -2.72871
9650 1185.65 786612 396.024 -2.72818
9660 1002.36 845341 395.947 -2.7276
9670 886.331 837246 396.277 -2.73356
9680 930.499 739119 396.894 -2.74329
9690 918.029 737191 396.977 -2.74447
9700 894.984 807800 396.476 -2.73671
9710 952.221 843026 396.039 -2.72928
9720 1093.52 807510 395.98 -2.72789
9730 1038.14 837142 396.066 -2.72908
9740 930.12 847719 396.538 -2.73689
9750 1019.24 713692 397.329 -2.74884
9760 929.429 731954 397.39 -2.74942
9770 936.583 787803 396.772 -2.73989
9780 1112.82 830100 396.034 -2.7279
9790 1245.67 838561 395.582 -2.72051
9800 997.561 889624 395.588 -2.7212
9810 822.235 847460 396.426 -2.73589
9820 980.354 698597 397.641 -2.75435
9830 997.227 663035 397.901 -2.75779
9840 892.835 776751 396.884 -2.74322
9850 900.158 877574 395.632 -2.72265
9860 1014.2 918997 395.147 -2.71385
9870 1058.87 860546 395.801 -2.72478
9880 1066.39 733013 396.998 -2.74306
9890 943.983 724258 397.62 -2.75173
9900 925.434 724159 397.43 -2.74896
9910 877.708 845272 396.612 -2.73613
9920 1147.82 825005 396.106 -2.72726
9930 1199.08 830348 395.92 -2.72416
9940 928.454 881703 396.101 -2.72756
9950 932.023 763946 396.938 -2.74119
9960 968.683 720690 397.488 -2.74904
9970 1022.98 740950 397.26 -2.74566
9980 1046.25 803326 396.47 -2.73376
9990 1014.84 878854 395.748 -2.72203
10000 974.702 871384 395.771 -2.72246
