# Time-averaged data for fix 4
# TimeStep c_mytemp c_mypress v_vmyvol v_avgEtotal
10 1368.49 821942 396.949 -2.66852
20 1226.36 858014 397.406 -2.67614
30 1434.45 729019 398.181 -2.68838
40 1458.84 667089 398.437 -2.69227
50 1248.95 767086 397.757 -2.6831
60 1151.98 837700 396.785 -2.66831
70 1064.25 949142 396.188 -2.65811
80 1188.71 880965 396.641 -2.66567
90 1361.79 760635 397.695 -2.68165
100 1402.2 719163 398.492 -2.6927
110 1345.63 674264 398.614 -2.69427
120 1209.17 799562 397.879 -2.68351
130 1410.37 802387 397.04 -2.66993
140 1435.87 852774 396.285 -2.65814
150 1198.96 950461 396.014 -2.65379
160 1325.22 821008 396.752 -2.66645
170 1409.77 745381 397.704 -2.681
180 1327.02 742610 398.255 -2.68934
190 1129.25 760976 398.371 -2.69126
200 1300.91 700594 398.099 -2.68756
210 1303.21 774385 397.153 -2.67398
220 1360.65 904624 396.069 -2.65617
230 1523.07 869523 395.7 -2.6498
240 1311.81 880795 395.928 -2.65427
250 998.34 887126 396.812 -2.67027
260 1286.54 673612 398.188 -2.69126
270 1447.07 629176 398.682 -2.69735
280 1348.96 722569 397.898 -2.6869
290 1297.36 835512 396.527 -2.66621
300 1323.44 941762 395.463 -2.64824
310 1222.16 995211 395.51 -2.64958
320 1324.48 822091 396.923 -2.67462
330 1421.39 667804 398.52 -2.69771
340 1387.44 644873 399.134 -2.70595
350 1415.19 663317 398.525 -2.69871
360 1386.91 780891 396.907 -2.67687
370 1232.38 1.00464e+06 395.261 -2.64947
380 1282.17 1.03166e+06 395.119 -2.64729
390 1327.1 835714 396.629 -2.67461
400 1149.68 709606 398.485 -2.70298
410 1154.84 613803 399.591 -2.71746
420 1051 690169 399.33 -2.71353
430 1221.88 739333 398.163 -2.69635
440 1371.97 838767 396.577 -2.67142
450 1396.71 963605 395.364 -2.64946
460 1373.41 936001 395.338 -2.6485
470 1375.43 865305 396.374 -2.66661
480 1414.37 710076 397.842 -2.68933
490 1321.43 656448 398.652 -2.70045
500 1244.65 707758 398.386 -2.69704
510 1366.37 752665 397.379 -2.68285
520 1399.84 854697 396.062 -2.66276
530 1251.03 964147 395.214 -2.64837
540 1106.69 959641 395.608 -2.65611
550 1125.9 801102 397.115 -2.68156
560 970.495 730501 398.709 -2.70485
570 1045.17 630583 399.688 -2.71724
580 1336.98 601562 399.347 -2.71192
590 1345.92 738825 397.542 -2.687
600 1221.26 983955 395.384 -2.64987
610 1463.53 1.03135e+06 394.573 -2.63284
620 1561.21 914485 395.475 -2.6488
630 1464.88 774307 397.257 -2.67821
640 1249.1 670457 398.839 -2.70094
650 1030.38 644939 399.419 -2.70861
660 1218.86 652102 398.767 -2.70013
670 1460.75 784862 397.041 -2.67579
680 1390.8 975209 395.291 -2.64564
690 1321.79 1.01267e+06 394.836 -2.63711
700 1102.63 929903 395.981 -2.65883
710 943.04 773505 398.092 -2.69348
720 1108.8 614864 399.956 -2.71831
730 1282.75 554431 400.369 -2.72203
740 1257.46 708748 398.971 -2.70318
750 1460.39 829047 396.836 -2.66951
760 1425.76 989126 395.024 -2.63757
770 1186.37 1.0907e+06 394.704 -2.63123
780 1415.17 860532 396.426 -2.66325
790 1300.48 689916 398.657 -2.69588
800 1197.86 641960 400.064 -2.71427
810 1333.34 580684 400.156 -2.71541
820 1345.87 667410 398.602 -2.69626
830 1362.72 898925 396.137 -2.65879
840 1444.1 1.06643e+06 394.474 -2.62727
850 1467.6 1.00803e+06 394.765 -2.63333
860 1246.36 865186 396.642 -2.66802
870 1115.78 688964 398.974 -2.70377
880 1158.35 599583 400.445 -2.72244
890 1148.23 603772 400.346 -2.72096
900 1154.81 699906 398.741 -2.6999
910 1274.65 881873 396.441 -2.66384
920 1406.4 1.04378e+06 394.847 -2.6334
930 1654.99 970679 395.015 -2.63594
940 1444.32 858893 396.516 -2.66269
950 1257.72 727809 398.44 -2.69334
960 1308.22 615808 399.767 -2.71146
970 1302.02 619653 399.683 -2.71089
980 1260.96 726712 398.221 -2.69213
990 1182.08 929012 396.309 -2.66137
1000 1342.93 975436 395.317 -2.64308
1010 1163.64 1.03148e+06 395.781 -2.65257
1020 1260.74 768294 397.792 -2.68782
1030 1415.34 598364 399.611 -2.71142
1040 1284.36 641876 399.933 -2.71497
1050 1224.03 690840 398.981 -2.70233
1060 1304.44 799832 397.229 -2.67692
1070 1245.19 979565 395.576 -2.64842
1080 1174.67 1.03536e+06 395.29 -2.64273
1090 1382.07 848417 396.687 -2.66773
1100 1490.06 673629 398.458 -2.69337
1110 1374.43 656754 399.301 -2.70444
1120 1311.32 679491 399.02 -2.70099
1130 1445.37 705168 397.763 -2.68473
1140 1292.46 949314 395.989 -2.65703
1150 1424.87 960518 395.22 -2.64302
1160 1289.24 951014 395.757 -2.65365
1170 1111.81 854002 397.401 -2.68336
1180 1096.07 651823 399.368 -2.71258
1190 1126.81 603965 400.232 -2.72273
1200 1215.11 653468 399.574 -2.71375
1210 1310.18 782396 397.814 -2.68862
1220 1475.73 937095 395.989 -2.65707
1230 1451.63 999427 395.22 -2.64262
1240 1321.74 973600 395.991 -2.6578
1250 1401.3 736070 397.946 -2.69049
1260 1193.65 670162 399.498 -2.7116
1270 1059.87 696048 400.056 -2.71911
1280 1337.15 611055 399.664 -2.71421
1290 1399.98 730447 397.938 -2.69158
1300 1284.46 967057 395.792 -2.65617
1310 1352.45 1.03857e+06 394.887 -2.63849
1320 1505.68 931808 395.764 -2.65525
1330 1299.49 802656 397.647 -2.68696
1340 1115.77 683762 399.528 -2.71516
1350 1311.29 548807 400.429 -2.72655
1360 1334.63 633550 399.444 -2.71527
1370 1128.88 900327 397.324 -2.68295
1380 1286.81 923596 395.828 -2.65594
1390 1186.34 1.00487e+06 395.437 -2.64857
1400 1227.13 896811 396.499 -2.66776
1410 1252.95 706678 398.269 -2.69483
1420 1366.73 599407 399.313 -2.70764
1430 1328.67 686745 398.881 -2.70146
1440 1299.91 796868 397.575 -2.68192
1450 1497.06 845107 396.223 -2.66019
1460 1402.38 981828 395.341 -2.64519
1470 1251.11 975549 395.816 -2.65493
1480 1321.43 742609 397.486 -2.68279
1490 1411.58 651091 398.791 -2.70082
1500 1362.74 648728 398.934 -2.70318
1510 1078.89 757627 397.955 -2.6901
1520 1027.03 865151 396.663 -2.66953
1530 1060.89 965488 395.927 -2.6562
1540 1122.14 897021 396.373 -2.66334
1550 1041.16 791419 397.575 -2.68166
1560 1164.76 685750 398.666 -2.69612
1570 1470.67 674367 398.915 -2.69761
1580 1664.4 679933 398.15 -2.68617
1590 1481.68 842678 396.58 -2.66285
1600 1284.6 1.00579e+06 395.395 -2.64182
1610 1465.54 911316 395.657 -2.64666
1620 1403.86 819301 396.813 -2.66646
1630 1205.9 736439 398.097 -2.68669
1640 1146.89 699387 398.896 -2.69824
1650 1108.05 693556 398.889 -2.69816
1660 1135.55 749224 398.09 -2.68645
1670 1304.72 805999 396.899 -2.6677
1680 1391.81 906115 395.834 -2.64938
1690 1482.41 922622 395.555 -2.64406
1700 1459.7 872278 396.216 -2.6557
1710 1429.51 761891 397.39 -2.6749
1720 1320.1 700302 398.278 -2.68828
1730 1222.46 702235 398.404 -2.69061
1740 1242.93 738204 397.774 -2.68212
1750 1258.15 818990 396.706 -2.6661
1760 1229.9 917435 395.826 -2.65147
1770 1256.4 933286 395.84 -2.65171
1780 1311.26 813856 396.809 -2.66791
1790 1283.72 734259 397.895 -2.68399
1800 1373.47 698757 398.478 -2.69216
1810 1472.86 697936 398.27 -2.68945
1820 1315.43 803038 397.333 -2.67609
1830 1056.46 899059 396.441 -2.6616
1840 1280.81 880822 396.267 -2.65841
1850 1527.87 810467 396.704 -2.66537
1860 1451.5 769199 397.237 -2.6739
1870 1321.56 768923 397.559 -2.67935
1880 1398.94 716475 397.576 -2.68041
1890 1218.3 794679 397.039 -2.67323
1900 1110.26 892196 396.491 -2.6646
1910 1297.68 818174 396.552 -2.66552
1920 1443.21 781162 396.793 -2.66924
1930 1345.41 807845 396.934 -2.67169
1940 1369.22 767670 397.076 -2.67432
1950 1295.05 804651 397.034 -2.67412
1960 1235.39 804000 396.99 -2.6738
1970 1232.65 812037 397.004 -2.67419
1980 1399.34 779113 397.077 -2.67542
1990 1424.67 772366 397.007 -2.67463
2000 1329.57 839177 396.778 -2.67156
2010 1207.42 843513 396.822 -2.67277
2020 1056.89 799968 397.174 -2.67852
2030 1127.7 787033 397.56 -2.68423
2040 1526.94 698649 397.763 -2.68673
2050 1536.53 764080 397.279 -2.67974
2060 1303.24 879081 396.572 -2.66869
2070 1289.15 855159 396.383 -2.66589
2080 1207.47 880284 396.703 -2.67166
2090 1232.27 756115 397.52 -2.68488
2100 1137.69 733739 398.068 -2.69255
2110 1274.94 742641 398.105 -2.69269
2120 1511.62 711076 397.644 -2.68595
2130 1348.22 837266 396.612 -2.67049
2140 1106.08 944875 395.896 -2.6582
2150 1217.85 885855 396.194 -2.6632
2160 1227.06 814247 397.19 -2.67936
2170 1288.76 691042 398.227 -2.69409
2180 1252.1 729208 398.512 -2.69735
2190 1312.61 726842 398.19 -2.69222
2200 1244.24 768114 397.32 -2.67936
2210 1110.17 958551 396.359 -2.66284
2220 1397.4 864965 396.417 -2.66284
2230 1503.01 824074 397.072 -2.67288
2240 1458.34 767340 397.884 -2.68557
2250 1407.72 692458 398.41 -2.69358
2260 1235.63 754894 398.179 -2.69075
2270 1238.17 790924 397.574 -2.68176
2280 1195.7 847733 396.915 -2.6717
2290 1061.96 927382 396.697 -2.66785
2300 1357.38 766871 397.284 -2.67685
2310 1262.02 810670 397.785 -2.68388
2320 1264.52 736833 398.254 -2.69078
2330 1274.57 707822 398.254 -2.69035
2340 1315.8 803100 397.626 -2.6804
2350 1419.2 803206 396.942 -2.66944
2360 1330.87 881173 396.386 -2.66023
2370 1406.75 846660 396.379 -2.66016
2380 1272.69 847563 396.783 -2.66701
2390 1180.46 812737 397.548 -2.67971
2400 1319.51 672366 398.301 -2.69071
2410 1175.87 733411 398.195 -2.68895
2420 1235.23 784745 397.545 -2.67886
2430 1424.69 799235 396.761 -2.66646
2440 1379.71 885117 396.054 -2.65478
2450 1515.95 860068 395.938 -2.65293
2460 1434.55 841963 396.32 -2.65982
2470 1229.36 807909 397.014 -2.67184
2480 1198.31 751292 397.751 -2.68355
2490 1257.93 727763 398.113 -2.68904
2500 1281.04 733278 397.919 -2.68637
2510 1292.48 785260 397.231 -2.67628
2520 1302.81 864722 396.473 -2.66404
2530 1426.01 867669 396.162 -2.65895
2540 1292.74 902454 396.459 -2.66451
2550 1290.91 767130 397.407 -2.6801
2560 1314 728858 398.177 -2.69148
2570 1400.51 687832 398.353 -2.6943
2580 1313.66 724903 397.693 -2.68567
2590 1200.98 846582 396.516 -2.66791
2600 1223.71 936449 395.711 -2.65419
2610 1202.62 921361 395.922 -2.65796
2620 1072.06 829025 397.04 -2.67658
2630 1247 694124 398.344 -2.69559
2640 1463.81 630699 398.833 -2.70123
2650 1387.71 728200 398.086 -2.69067
2660 1349.37 819905 396.775 -2.67065
2670 1307.86 926746 395.666 -2.65211
2680 1226.51 962795 395.525 -2.64966
2690 1223.02 864516 396.58 -2.66818
2700 1264.13 735957 398.113 -2.69183
2710 1368.91 654047 399.153 -2.70577
2720 1387.14 661123 399.063 -2.70453
2730 1273.95 732228 397.925 -2.68876
2740 1272.2 871765 396.309 -2.6642
2750 1253.22 1.02855e+06 395.334 -2.64622
2760 1402.06 903549 395.949 -2.65724
2770 1257.53 814268 397.422 -2.68174
2780 1148.4 692903 398.963 -2.70469
2790 1254.61 608354 399.645 -2.71325
2800 1283.12 682614 398.901 -2.70324
2810 1368.22 798307 397.262 -2.67905
2820 1507.8 930565 395.662 -2.65217
2830 1476.73 981869 395.077 -2.64166
2840 1331.82 901496 395.82 -2.65571
2850 1062.78 850623 397.412 -2.68366
2860 976.705 665249 399.258 -2.71125
2870 1004.68 623276 400.123 -2.72145
2880 1264.44 634544 399.577 -2.71367
2890 1303.89 772992 397.811 -2.68853
2900 1295.3 986251 395.953 -2.65543
2910 1657.13 928035 395.374 -2.6434
2920 1597.58 916664 395.877 -2.65237
2930 1295.36 835160 397.243 -2.67662
2940 1279.37 661504 398.794 -2.70002
2950 1274.19 656226 399.349 -2.70746
2960 1219.71 735313 398.797 -2.70009
2970 1211.94 806477 397.74 -2.68421
2980 1308.88 848575 396.738 -2.66798
2990 1271.55 894379 396.143 -2.65791
3000 1162.01 931566 396.322 -2.66109
3010 1349.17 770079 397.37 -2.67812
3020 1418.85 701557 398.25 -2.69035
3030 1200.53 748972 398.42 -2.69262
3040 1148.11 732275 398.121 -2.68817
3050 1187.87 807002 397.371 -2.67658
3060 1284.69 875266 396.685 -2.66461
3070 1408.13 844333 396.543 -2.66154
3080 1390.67 802454 396.745 -2.66439
3090 1288.99 826004 397.024 -2.66871
3100 1363.47 763375 397.434 -2.67512
3110 1447.52 728777 397.572 -2.67729
3120 1381.02 786173 397.217 -2.67238
3130 1272.65 842449 396.758 -2.66569
3140 1157.49 864075 396.617 -2.66369
3150 1184.2 858374 396.979 -2.66979
3160 1400.35 749782 397.722 -2.68145
3170 1374.45 699908 398.1 -2.68673
3180 1317.06 752281 397.746 -2.6818
3190 1249.32 834353 397.057 -2.6713
3200 1431.15 844496 396.59 -2.66373
3210 1534.11 842596 396.489 -2.66252
3220 1430.64 836439 396.724 -2.66732
3230 1339.74 793467 397.219 -2.6763
3240 1131.6 778753 397.693 -2.68445
3250 1042.35 747239 397.954 -2.68876
3260 946.223 804288 397.881 -2.68741
3270 1303.39 753585 397.757 -2.68478
3280 1562.2 760355 397.301 -2.67739
3290 1417.28 891998 396.671 -2.66692
3300 1508.18 815671 396.578 -2.66556
3310 1357.1 855450 396.751 -2.66897
3320 1421.21 771999 397.243 -2.67759
3330 1346.89 753657 397.568 -2.68329
3340 1092.05 790144 397.563 -2.6839
3350 1080.17 769687 397.432 -2.68214
3360 1223.23 793459 397.107 -2.67699
3370 1391.07 807275 396.72 -2.67057
3380 1270.23 863913 396.443 -2.66589
3390 1190 884906 396.653 -2.66935
3400 1297.44 793499 397.454 -2.68209
3410 1484.13 703001 398.189 -2.69251
3420 1387.25 736432 398.248 -2.6933
3430 1269.89 743428 397.757 -2.68651
3440 1177.48 857757 396.932 -2.67385
3450 1286.14 884007 396.507 -2.66648
3460 1385.47 827501 396.696 -2.66943
3470 1325.27 820476 397.146 -2.6767
3480 1298.56 748855 397.7 -2.68541
3490 1218.89 769346 397.918 -2.6886
3500 1205.09 789629 397.89 -2.68805
3510 1319.49 751656 397.728 -2.68547
3520 1189.22 859712 397.317 -2.67871
3530 1351.94 817778 397.266 -2.67744
3540 1425.17 776918 397.35 -2.67853
3550 1124.21 849414 397.371 -2.67881
3560 1201.04 758871 397.631 -2.68261
3570 1434.68 771760 397.665 -2.68263
3580 1462.04 775591 397.456 -2.67928
3590 1274.97 829550 397.092 -2.67388
3600 1110.34 883556 397.001 -2.67248
3610 1320.42 784016 397.42 -2.67899
3620 1253.87 839541 397.878 -2.68599
3630 1389.9 708466 398.465 -2.69479
3640 1328.68 710999 398.428 -2.69422
3650 1161.19 861267 397.806 -2.68454
3660 1351.22 797911 397.508 -2.67932
3670 1414.8 781629 397.243 -2.67524
3680 1338.65 859689 396.919 -2.67012
3690 1345.2 834084 396.99 -2.6715
3700 1247.08 811113 397.346 -2.6775
3710 1224.58 741913 397.743 -2.68365
3720 1228.64 784081 397.767 -2.68391
3730 1267.61 795499 397.642 -2.68173
3740 1343.58 748347 397.429 -2.67839
3750 1193.78 872537 396.96 -2.67088
3760 1334.17 842088 396.951 -2.67037
3770 1533.99 768014 397.242 -2.67469
3780 1339.71 852239 397.422 -2.67783
3790 1380.07 771345 397.863 -2.6853
3800 1289.98 748692 398.145 -2.68995
3810 1238.98 742296 398 -2.68835
3820 1059.24 873993 397.531 -2.68111
3830 1259.22 791681 397.478 -2.6799
3840 1342.28 769267 397.415 -2.67862
3850 1253.84 863615 397.22 -2.67518
3860 1382.28 788674 397.381 -2.67746
3870 1254.56 809295 397.549 -2.67991
3880 1326 762036 397.717 -2.68237
3890 1390.36 796274 397.666 -2.68147
3900 1409.35 798532 397.551 -2.67981
3910 1270.1 822701 397.448 -2.67854
3920 1188.31 825973 397.533 -2.68012
3930 1364.43 730306 397.722 -2.68311
3940 1202.73 825582 397.534 -2.68019
3950 1216.11 829879 397.46 -2.6789
3960 1337.28 775924 397.595 -2.68075
3970 1411.18 767856 397.571 -2.68024
3980 1293.68 844980 397.37 -2.67709
3990 1413.84 783420 397.411 -2.67788
4000 1460.65 757656 397.365 -2.67759
4010 1378.58 818983 397.042 -2.67334
4020 1349.93 843436 396.863 -2.67115
4030 1367.05 770559 396.944 -2.67331
4040 1021.48 844707 396.926 -2.67365
4050 1125.41 786988 397.15 -2.67734
4060 1434.58 726344 397.272 -2.67894
4070 1357.45 832830 396.942 -2.67382
4080 1273.04 842694 396.8 -2.67158
4090 1326.45 784896 396.955 -2.67413
4100 1288.2 788102 397.044 -2.67557
4110 1233.62 797516 397.031 -2.67545
4120 1200.83 822762 397.031 -2.67533
4130 1338.17 779560 397.145 -2.67688
4140 1354.11 811960 397.174 -2.67712
4150 1353 785957 397.246 -2.67824
4160 1269.99 773121 397.221 -2.67792
4170 1205.35 815112 397.03 -2.67493
4180 1284.88 807969 396.914 -2.67298
4190 1119.46 825396 396.912 -2.67264
4200 1270.66 764668 397.029 -2.674
4210 1385.57 799668 396.956 -2.67228
4220 1382.76 811263 396.86 -2.6704
4230 1434.6 796677 396.838 -2.67
4240 1331.65 833668 396.839 -2.67026
4250 1211.1 804620 397.052 -2.67391
4260 1222.65 810946 397.344 -2.67851
4270 1428.8 736257 397.647 -2.68314
4280 1481.46 731959 397.493 -2.68126
4290 1309.72 847880 396.915 -2.67268
4300 1320.01 801039 396.57 -2.66774
4310 992.058 931208 396.421 -2.66576
4320 1193.08 802441 397.081 -2.67687
4330 1446.48 696007 397.799 -2.68678
4340 1482.74 727528 397.782 -2.68636
4350 1411.64 744650 397.162 -2.6779
4360 1231 884766 396.228 -2.66367
4370 1359.72 884282 395.862 -2.6576
4380 1438.37 843188 396.15 -2.66283
4390 1327.11 817736 396.801 -2.67418
4400 1237.78 722119 397.517 -2.68558
4410 1072.51 773081 397.734 -2.68893
4420 1197.02 743934 397.66 -2.68776
4430 1288.72 771720 397.19 -2.68061
4440 1300.98 850849 396.549 -2.66998
4450 1349.9 849965 396.259 -2.66489
4460 1352.18 854468 396.388 -2.66686
4470 1552.82 763504 396.867 -2.67454
4480 1377.52 781939 397.143 -2.6792
4490 1115.07 790680 397.265 -2.68167
4500 1199.6 758901 397.28 -2.68212
4510 1296.99 807202 397.041 -2.67837
4520 1320.38 801514 396.816 -2.67474
4530 1310.51 819665 396.63 -2.67179
4540 1299.65 837359 396.613 -2.67153
4550 1307.61 796714 396.841 -2.67515
4560 1357.92 770978 397.064 -2.67862
4570 1338.88 775940 397.074 -2.67892
4580 1218.56 833819 396.941 -2.677
4590 1244.9 802165 397.006 -2.67804
4600 1346.73 775096 397.108 -2.67952
4610 1339.6 772530 397.017 -2.67816
4620 1250.69 818752 396.762 -2.67422
4630 1335.64 808494 396.61 -2.67181
4640 1364.71 806020 396.541 -2.67079
4650 1254.4 838868 396.559 -2.67125
4660 1193.58 795627 396.818 -2.67543
4670 1243.47 783159 397.074 -2.67919
4680 1243.16 797313 397.213 -2.68104
4690 1268.62 768308 397.3 -2.68201
4700 1390.69 747520 397.141 -2.67933
4710 1420.24 801457 396.628 -2.67145
4720 1276.62 875637 396.154 -2.66383
4730 1257.82 853743 396.213 -2.6649
4740 1204.64 817765 396.695 -2.67262
4750 1145.13 807127 397.337 -2.68261
4760 1243.8 727416 397.978 -2.69182
4770 1412.24 663472 398.038 -2.69226
4780 1381.31 761390 397.141 -2.67939
4790 1377.99 875392 395.953 -2.66037
4800 1327.98 954893 395.374 -2.65033
4810 1283.69 892904 395.916 -2.66016
4820 1199.82 807236 397.18 -2.68103
4830 1178.79 712313 398.481 -2.70039
4840 1261.91 641291 399.079 -2.70808
4850 1303.44 703192 398.501 -2.69996
4860 1313.31 804278 397.19 -2.68014
4870 1410.9 891299 395.92 -2.65907
4880 1321.45 1.00507e+06 395.435 -2.65048
4890 1227.91 905665 396.413 -2.66869
4900 1424.1 699796 398.145 -2.69568
4910 1294.96 647534 399.167 -2.70908
4920 1017.29 740347 399.073 -2.70755
4930 1221.84 714036 398.396 -2.69755
4940 1296.79 790758 397.137 -2.67881
4950 1155.99 965803 395.902 -2.65732
4960 1246.1 969496 395.882 -2.65626
4970 1517.54 761700 397.029 -2.67453
4980 1395.04 753775 398.034 -2.68864
4990 1251.86 732328 398.629 -2.69747
5000 1298.23 690683 398.674 -2.6981
5010 1434.88 735078 397.903 -2.68737
5020 1378.83 868273 396.698 -2.66894
5030 1280.87 932528 396.006 -2.65711
5040 1252.59 906096 396.33 -2.66314
5050 1260.88 787191 397.402 -2.68096
5060 1088.58 751351 398.448 -2.69648
5070 1247.42 663735 399.021 -2.70433
5080 1376.24 695112 398.608 -2.69833
5090 1313.23 816514 397.42 -2.68047
5100 1306.1 898491 396.367 -2.66254
5110 1365.95 901378 396.066 -2.6571
5120 1381.61 847119 396.51 -2.66462
5130 1213.99 827558 397.383 -2.67904
5140 1321.12 694787 398.35 -2.69359
5150 1261.42 684011 398.574 -2.69657
5160 1184.58 740470 397.911 -2.68718
5170 1144.49 831206 396.816 -2.6701
5180 1255.18 919548 395.997 -2.65564
5190 1525.09 867307 396.023 -2.65537
5200 1443.61 849473 396.621 -2.66516
5210 1111.64 833359 397.614 -2.68183
5220 1196.38 691331 398.751 -2.69881
5230 1238.42 708277 399.141 -2.70354
5240 1318.05 730051 398.776 -2.69787
5250 1371.4 791311 397.913 -2.68469
5260 1458.06 843102 396.967 -2.66952
5270 1371.95 915387 396.42 -2.66044
5280 1254.02 915962 396.736 -2.66644
5290 1249.59 794413 397.89 -2.68608
5300 1295.05 675062 398.979 -2.70161
5310 1237.37 715450 399.194 -2.7044
5320 1325.98 698027 398.647 -2.69702
5330 1186.48 856081 397.473 -2.67901
5340 1273.88 853056 396.604 -2.66416
5350 1209.37 940398 396.277 -2.65836
5360 1207.75 915956 396.982 -2.67094
5370 1304.05 726288 398.472 -2.69405
5380 1348.11 640997 399.44 -2.70652
5390 1364.83 662841 399.193 -2.70296
5400 1314.33 779831 397.923 -2.68479
5410 1402.93 896127 396.521 -2.66179
5420 1426.76 939457 395.86 -2.65017
5430 1429.75 900205 396.252 -2.6576
5440 1350.73 820933 397.414 -2.67776
5450 1258.01 712861 398.7 -2.69772
5460 1227.58 665522 399.321 -2.70665
5470 1080.67 731704 398.94 -2.70152
5480 1243.14 750142 397.975 -2.68715
5490 1300.82 872329 396.729 -2.6676
5500 1271.11 980738 396.058 -2.65527
5510 1387.25 909125 396.727 -2.66722
5520 1494.49 722490 398.133 -2.68927
5530 1165.3 727937 399.076 -2.70268
5540 1148.78 734336 399.422 -2.70762
5550 1471.21 652674 399.156 -2.70404
5560 1395.64 776963 397.881 -2.68675
5570 1251.42 969415 396.509 -2.66345
5580 1378.15 911914 396.315 -2.65984
5590 1302.74 851110 397.006 -2.67181
5600 1125.67 806379 398.143 -2.69071
5610 1241.57 652301 399.193 -2.70562
5620 1179.09 698143 399.22 -2.70548
5630 1200.38 751169 398.417 -2.69363
5640 1404.54 810804 397.265 -2.67527
5650 1472.34 886538 396.222 -2.65801
5660 1311.96 985058 395.916 -2.65275
5670 1261.98 887593 396.942 -2.67147
5680 1327.76 695009 398.566 -2.69656
5690 1231.16 652354 399.457 -2.70819
5700 1228.68 704171 399.207 -2.70467
5710 1315.33 748510 398.197 -2.6899
5720 1302.28 825454 396.81 -2.66886
5730 1191.46 1.00744e+06 395.776 -2.65047
5740 1421.59 877651 396.113 -2.65596
5750 1283.5 837124 397.174 -2.67336
5760 1162.99 758761 398.479 -2.69378
5770 1330.65 621558 399.382 -2.70599
5780 1364.04 673115 398.986 -2.70067
5790 1253.43 817930 397.662 -2.68083
5800 1321.12 898337 396.447 -2.66064
5810 1232.21 993910 396.074 -2.65389
5820 1452.17 824861 397.019 -2.67025
5830 1464.14 742298 398.244 -2.68879
5840 1210.25 694230 399.001 -2.7
5850 1123.78 703724 398.936 -2.69936
5860 1069.33 842911 398.233 -2.6883
5870 1449.17 776000 397.694 -2.67917
5880 1466.34 863984 397.13 -2.66998
5890 1341.42 901598 397.026 -2.66837
5900 1256.37 814904 397.643 -2.67881
5910 1158.24 792719 398.445 -2.69135
5920 1355.94 695870 399.094 -2.70085
5930 1355.05 727916 399.029 -2.6997
5940 1509.07 698973 398.303 -2.68978
5950 1284.6 843677 396.945 -2.67027
5960 1025.88 1.0078e+06 395.98 -2.65334
5970 1305.13 890802 396.464 -2.66187
5980 1407.5 745595 397.639 -2.68007
5990 1142.04 774186 398.507 -2.69275
6000 1136.97 712757 399.082 -2.70108
6010 1323.88 665196 398.963 -2.6991
6020 1336.71 776512 397.883 -2.68331
6030 1331.44 895398 396.659 -2.66286
6040 1427.49 924003 396.133 -2.65343
6050 1423.3 895855 396.576 -2.66145
6060 1290.39 820713 397.735 -2.68085
6070 1257.09 737955 399.045 -2.70144
6080 1308.75 649642 399.827 -2.71226
6090 1139.35 709270 399.504 -2.70788
6100 1174.57 787447 398.482 -2.69261
6110 1367.74 805969 397.319 -2.67416
6120 1245.55 930397 396.331 -2.65742
6130 1173.14 962184 396.321 -2.65701
6140 1398.89 788966 397.437 -2.6754
6150 1329.38 722243 398.549 -2.69112
6160 1349.58 702150 399.051 -2.69802
6170 1430.68 705403 398.778 -2.6943
6180 1404.15 769601 397.798 -2.68039
6190 1268.32 924061 396.672 -2.66264
6200 1285.33 948998 396.459 -2.65907
6210 1303.09 816522 397.312 -2.67362
6220 1091.9 805231 398.39 -2.69073
6230 1175.18 694883 399.411 -2.70586
6240 1382.21 619211 399.603 -2.70809
6250 1454.45 737132 398.494 -2.69292
6260 1468.45 860090 396.887 -2.66806
6270 1319.86 1.01839e+06 395.857 -2.6501
6280 1354.33 901895 396.339 -2.6593
6290 1302.01 796442 397.655 -2.6812
6300 1098.2 753256 398.97 -2.70157
6310 1184.18 630850 399.823 -2.71349
6320 1230.5 653965 399.412 -2.7082
6330 1062.8 812160 397.965 -2.68642
6340 1280.72 855007 396.518 -2.66247
6350 1310.03 1.00437e+06 395.667 -2.64651
6360 1523.81 896469 396.221 -2.65579
6370 1497.61 794712 397.563 -2.67755
6380 1357.34 695107 398.839 -2.69663
6390 1332.77 623956 399.271 -2.70289
6400 1201.53 761670 398.454 -2.69211
6410 1243.41 821013 397.276 -2.67362
6420 1218.63 887111 396.312 -2.65797
6430 1220.02 968479 396.069 -2.65367
6440 1323.59 829954 396.999 -2.66954
6450 1320.68 734715 398.191 -2.68717
6460 1307.49 724749 398.921 -2.69752
6470 1400.16 668122 398.975 -2.69837
6480 1300.5 775027 398.128 -2.6863
6490 1282.35 851386 397.058 -2.66949
6500 1348.44 912046 396.411 -2.65854
6510 1353.17 899269 396.632 -2.66262
6520 1361.64 760654 397.516 -2.67708
6530 1204.31 793491 398.233 -2.68805
6540 1269.87 744906 398.817 -2.69717
6550 1391.21 638469 398.902 -2.69872
6560 1270.48 759208 397.877 -2.68489
6570 1296.96 880730 396.545 -2.66347
6580 1315.1 922280 395.822 -2.65101
6590 1225.95 923126 396.059 -2.65541
6600 1150.75 824186 397.193 -2.67452
6610 1276.98 686635 398.474 -2.69329
6620 1363.82 639655 398.9 -2.69845
6630 1432.25 709901 398.124 -2.68789
6640 1409.38 839413 396.698 -2.66645
6650 1375 910965 395.55 -2.64735
6660 1220.35 990701 395.35 -2.64434
6670 1360.08 837028 396.455 -2.66416
6680 1392.09 702208 397.871 -2.68567
6690 1329.28 684884 398.574 -2.69563
6700 1296.96 701558 398.364 -2.69327
6710 1313.07 764259 397.417 -2.68014
6720 1340.53 866322 396.231 -2.66185
6730 1248.69 946680 395.585 -2.65096
6740 1295.68 876906 395.999 -2.65849
6750 1327.36 780170 397.001 -2.67474
6760 1295.35 735027 397.873 -2.68791
6770 1355.74 686458 398.208 -2.6929
6780 1342.9 722975 397.694 -2.68621
6790 1260.23 846863 396.651 -2.67051
6800 1277.03 912925 395.964 -2.65899
6810 1299.44 861498 396.091 -2.66122
6820 1231.75 808592 396.711 -2.67135
6830 1155.06 759480 397.392 -2.68173
6840 1218.32 729972 397.755 -2.68669
6850 1295.9 749712 397.597 -2.68389
6860 1336.63 796508 397.061 -2.67535
6870 1370.15 838962 396.51 -2.66621
6880 1442.06 840586 396.25 -2.66187
6890 1314.1 868809 396.34 -2.66359
6900 1347.46 819028 396.926 -2.67362
6910 1436.43 708400 397.598 -2.68404
6920 1086.63 785411 397.688 -2.68565
6930 977.782 794419 397.598 -2.68425
6940 1130.24 771124 397.449 -2.68147
6950 1187.03 830910 397.152 -2.67588
6960 1402.55 779091 396.998 -2.67239
6970 1396.07 832228 396.786 -2.66824
6980 1357.15 851135 396.802 -2.66803
6990 1508.35 778730 397.162 -2.67353
7000 1523.21 763987 397.399 -2.67741
7010 1386.03 747692 397.336 -2.67729
7020 1170.78 846765 396.955 -2.67225
7030 1133.57 860363 396.892 -2.67156
7040 1307.09 759421 397.22 -2.67671
7050 1296.24 805650 397.349 -2.67864
7060 1253.94 798684 397.465 -2.68047
7070 1116.42 822305 397.609 -2.68257
7080 1193.3 771023 397.87 -2.68627
7090 1271.67 744771 397.916 -2.68633
7100 1271.28 796847 397.596 -2.68074
7110 1346.84 806947 397.201 -2.67406
7120 1285.99 886026 396.958 -2.66956
7130 1538.78 761343 397.225 -2.67349
7140 1410.88 775135 397.295 -2.67466
7150 1134.27 882510 397.257 -2.67443
7160 1397.98 745548 397.667 -2.68107
7170 1438.85 740050 397.762 -2.68264
7180 1335.13 824691 397.437 -2.67814
7190 1302.6 834371 397.264 -2.67583
7200 1298.73 785689 397.325 -2.67725
7210 1293.83 814564 397.342 -2.67789
7220 1338.87 823482 397.452 -2.68004
7230 1234.81 782064 397.72 -2.68457
7240 1219.57 746838 397.848 -2.68665
7250 1300.37 789662 397.606 -2.68303
7260 1342.14 829872 397.302 -2.6781
7270 1520.45 772568 397.148 -2.67592
7280 1296.35 860980 396.915 -2.67278
7290 1132.26 858051 397.083 -2.67604
7300 1251.05 802752 397.701 -2.68612
7310 1497.8 693608 398.273 -2.69462
7320 1376.75 755186 398.119 -2.69275
7330 1250.46 824838 397.64 -2.68558
7340 1366.51 756538 397.235 -2.67993
7350 1126.63 919951 396.698 -2.67169
7360 1232.87 856249 396.938 -2.67585
7370 1389.72 728900 397.573 -2.68539
7380 1075.27 814962 397.828 -2.68905
7390 1163.08 758494 398.048 -2.69215
7400 1327.61 769906 398.026 -2.69112
7410 1437.1 738485 397.704 -2.68593
7420 1276.09 867903 397.037 -2.67535
7430 1286.08 893600 396.861 -2.67208
7440 1513.1 737967 397.258 -2.67817
7450 1226.59 904171 397.461 -2.68163
7460 1323.09 748472 398.192 -2.69387
7470 1334.47 680948 398.599 -2.69962
7480 1085.34 823285 398.22 -2.69389
7490 1224.79 763006 397.855 -2.68797
7500 1387.47 787870 397.287 -2.67911
7510 1410.56 855357 396.666 -2.66886
7520 1323.11 898363 396.47 -2.6657
7530 1266.61 845612 397.002 -2.67503
7540 1323.17 705522 397.816 -2.68728
7550 1146.77 788293 398.047 -2.69047
7560 1139.93 780480 398.107 -2.69116
7570 1319.04 713797 397.969 -2.68877
7580 1319.61 826054 397.289 -2.67809
7590 1413.94 840728 396.746 -2.66871
7600 1330.86 866050 396.561 -2.66559
7610 1306.36 826701 396.841 -2.67031
7620 1262.92 807251 397.365 -2.67846
7630 1318.66 790657 397.94 -2.68756
7640 1403.53 700013 398.376 -2.69402
7650 1228.75 739667 398.11 -2.6904
7660 1203.74 795839 397.383 -2.6794
7670 1282.36 839371 396.614 -2.66719
7680 1227.81 932741 396.244 -2.66067
7690 1340.5 810916 396.745 -2.66872
7700 1326.63 784342 397.412 -2.67867
7710 1355.05 770761 397.964 -2.68708
7720 1517.07 688356 398.208 -2.69083
7730 1293.31 778632 397.711 -2.68406
7740 1136.73 823404 396.995 -2.67321
7750 1123.94 917719 396.543 -2.66571
7760 1270.28 848785 396.899 -2.67149
7770 1381.85 741866 397.616 -2.68208
7780 1263.51 775344 397.975 -2.68707
7790 1302.79 730171 398.061 -2.68821
7800 1346.3 775922 397.668 -2.68232
7810 1391.35 869091 397.136 -2.67362
7820 1568.82 793247 397.021 -2.67197
7830 1330.71 819630 396.95 -2.67164
7840 1055.32 840951 397.032 -2.67358
7850 1062.53 832949 397.414 -2.67984
7860 1185.68 778693 398.029 -2.68928
7870 1262.36 707087 398.456 -2.69481
7880 1355.28 726837 398.198 -2.69052
7890 1410.62 797065 397.409 -2.67826
7900 1438.28 851709 396.581 -2.66488
7910 1418.32 909480 396.223 -2.65895
7920 1446.44 830286 396.594 -2.66561
7930 1188.64 831757 397.294 -2.67767
7940 1178.6 769179 398.195 -2.69208
7950 1296.21 681317 398.803 -2.70093
7960 1183.61 738190 398.575 -2.69764
7970 1187.19 796187 397.85 -2.6864
7980 1296.9 847927 397.122 -2.67434
7990 1424.59 854404 396.729 -2.66746
8000 1422.64 850526 396.796 -2.66847
8010 1384.46 831945 397.248 -2.67602
8020 1258.86 804710 397.949 -2.68771
8030 1281.92 687378 398.604 -2.69764
8040 1263.99 733404 398.48 -2.69601
8050 1289.92 798137 397.844 -2.68633
8060 1327.36 817697 397.16 -2.67581
8070 1157.4 907111 396.705 -2.66824
8080 1144.91 874446 397.004 -2.67312
8090 1329.38 761063 397.842 -2.68614
8100 1388.11 686358 398.386 -2.69336
8110 1231.28 766431 398.136 -2.68941
8120 1369 770730 397.561 -2.68045
8130 1378.23 820934 396.799 -2.66874
8140 1112.6 968433 396.312 -2.66053
8150 1266.57 859263 396.95 -2.67151
8160 1443.26 727850 398.068 -2.6884
8170 1357.47 684643 398.635 -2.69616
8180 1041.29 817776 398.439 -2.69306
8190 1321.3 732061 398.187 -2.68894
8200 1496.13 771516 397.517 -2.67902
8210 1354.62 901351 396.707 -2.66579
8220 1369.54 848387 396.558 -2.66342
8230 1239.26 867642 396.885 -2.6692
8240 1198.77 804656 397.661 -2.68207
8250 1216.7 745693 398.492 -2.69457
8260 1371.52 644084 398.825 -2.69922
8270 1311.46 738179 398.068 -2.68892
8280 1331.8 887396 396.875 -2.66972
8290 1527.71 837379 396.23 -2.6589
8300 1222.35 928608 396.041 -2.65633
8310 1105.41 857247 396.717 -2.6685
8320 1114.16 745217 397.836 -2.68567
8330 1132.64 696357 398.544 -2.69516
8340 1312.46 685792 398.438 -2.693
8350 1416.78 790933 397.522 -2.67899
8360 1573.5 815784 396.476 -2.66199
8370 1404.27 923922 395.654 -2.64881
8380 1314.82 947681 395.771 -2.6516
8390 1487.86 777543 396.895 -2.67064
8400 1227.93 776542 397.978 -2.68774
8410 1171.17 694728 398.785 -2.70011
8420 1313.77 660799 398.775 -2.70035
8430 1236.63 810724 397.801 -2.6864
8440 1154.41 883279 396.864 -2.67078
8450 1215.01 901852 396.572 -2.6655
8460 1326.78 855777 397.056 -2.67343
8470 1290.29 757625 397.933 -2.68666
8480 1291.78 742752 398.526 -2.69505
8490 1352.2 734593 398.664 -2.69673
8500 1427.53 762316 398.299 -2.69133
8510 1346.58 806737 397.667 -2.68168
8520 1304.94 806537 397.048 -2.67234
8530 1142.58 950686 396.638 -2.66577
8540 1334.65 818191 397.189 -2.67515
8550 1401.98 724631 397.934 -2.68609
8560 1207.3 759628 398.163 -2.68946
8570 1112.38 770634 398.041 -2.68757
8580 1316.9 769536 397.689 -2.68186
8590 1477.1 786576 397.108 -2.67282
8600 1309.79 900773 396.516 -2.66319
8610 1323.65 864419 396.624 -2.6651
8620 1454.98 767305 397.19 -2.67417
8630 1437.8 786136 397.598 -2.68086
8640 1445.32 719341 397.807 -2.68488
8650 1202.37 779513 397.476 -2.68096
8660 1103.19 861435 397.014 -2.674
8670 1321.95 793703 396.921 -2.67264
8680 1197.79 848227 396.901 -2.67236
8690 1249.27 803278 397.162 -2.6765
8700 1339.17 789361 397.503 -2.68152
8710 1474.32 727302 397.701 -2.68448
8720 1407.61 763580 397.392 -2.68037
8730 1230.08 871295 396.884 -2.67262
8740 1233.97 803626 396.778 -2.67117
8750 1087.3 888428 396.865 -2.67273
8760 1178.2 800180 397.489 -2.68271
8770 1262.1 737435 398.157 -2.69212
8780 1375.33 690879 398.314 -2.69382
8790 1354.59 745312 397.674 -2.68447
8800 1238.42 869415 396.68 -2.66846
8810 1265.12 878176 396.148 -2.65911
8820 1296.25 894011 396.28 -2.66107
8830 1471.06 785893 397.047 -2.67334
8840 1496.7 728389 397.739 -2.68363
8850 1358.89 739346 397.91 -2.68662
8860 1202.36 731667 397.564 -2.68232
8870 1058.57 863829 396.812 -2.6709
8880 1286.57 836110 396.435 -2.66432
8890 1226.59 875554 396.432 -2.66397
8900 1216.58 826291 396.947 -2.67231
8910 1306.29 737556 397.643 -2.68226
8920 1293.73 766133 397.933 -2.686
8930 1414.2 713075 397.869 -2.68481
8940 1373.22 786496 397.23 -2.67534
8950 1387.08 859712 396.488 -2.66346
8960 1433.61 864551 396.181 -2.65862
8970 1384.45 887689 396.423 -2.6634
8980 1406.25 771116 397.238 -2.67742
8990 1208.96 758734 397.909 -2.68798
9000 1067.93 754876 398.242 -2.69342
9010 1079.32 731499 398.194 -2.69272
9020 1138.36 799112 397.682 -2.68446
9030 1340.07 819218 397.129 -2.67495
9040 1370.97 862005 396.76 -2.66821
9050 1476.16 826261 396.841 -2.66912
9060 1366.4 795298 397.132 -2.67362
9070 1214.42 811401 397.424 -2.67837
9080 1386.51 733503 397.723 -2.68299
9090 1303.42 791173 397.605 -2.68132
9100 1299 816763 397.399 -2.67814
9110 1567.41 734842 397.236 -2.67608
9120 1467.49 841974 396.724 -2.66907
9130 1267.59 892240 396.497 -2.66629
9140 1101.57 849931 396.95 -2.67467
9150 1016.23 775573 397.772 -2.68787
9160 1225.97 724308 398.402 -2.69679
9170 1375.43 736461 398.479 -2.69733
9180 1325.51 742009 398.033 -2.69056
9190 1224.57 852482 397.213 -2.67776
9200 1260.02 900001 396.804 -2.67031
9210 1540.4 777849 397.035 -2.67366
9220 1293.05 875424 397.298 -2.67803
9230 1255.16 783000 397.979 -2.68933
9240 1298.61 721853 398.566 -2.69794
9250 1386.06 732938 398.57 -2.69806
9260 1354.38 731631 398.019 -2.69043
9270 1231.09 853793 397.057 -2.67591
9280 1314.6 880885 396.429 -2.66545
9290 1154.51 926049 396.506 -2.66698
9300 1106.7 835484 397.465 -2.68329
9310 1272.87 694831 398.67 -2.70082
9320 1394.57 685511 399.111 -2.70603
9330 1440.31 731725 398.685 -2.69955
9340 1577.47 724218 397.65 -2.68543
9350 1311.45 953931 396.256 -2.66353
9360 1330.09 946665 395.896 -2.65729
9370 1346.38 853089 396.651 -2.67089
9380 1127.39 808750 397.882 -2.69152
9390 1108.38 674502 399.068 -2.7089
9400 1162.89 671596 399.358 -2.7124
9410 1320.13 670116 398.592 -2.70199
9420 1300.92 836999 396.946 -2.67752
9430 1334.91 974404 395.6 -2.65334
9440 1446.51 903431 395.499 -2.65095
9450 1327.08 903480 396.297 -2.66489
9460 1301.75 758337 397.769 -2.68945
9470 1238.14 653137 398.942 -2.70548
9480 1122.21 697774 399.029 -2.70641
9490 1248.07 737694 398.295 -2.69568
9500 1462.25 785589 397.076 -2.67727
9510 1257.65 940224 395.865 -2.65705
9520 1132.36 975933 395.682 -2.65357
9530 1326.95 847202 396.796 -2.67292
9540 1470.63 683639 398.229 -2.69369
9550 1316.98 714006 398.87 -2.70223
9560 1258.11 743203 398.815 -2.70145
9570 1379.93 690997 398.227 -2.6935
9580 1135.01 861402 396.97 -2.67489
9590 1133.91 991262 396.196 -2.66082
9600 1395.97 822204 396.719 -2.66921
9610 1226.3 785385 397.522 -2.68104
9620 1148.84 786129 398.238 -2.6919
9630 1490.62 645394 398.696 -2.69802
9640 1255.01 786023 398.164 -2.69
9650 1263.67 798386 397.398 -2.67768
9660 1434.82 868462 396.702 -2.66638
9670 1532.57 892717 396.536 -2.66359
9680 1488.18 778608 396.987 -2.67143
9690 1119.22 869912 397.449 -2.67969
9700 1141.84 751042 398.279 -2.69349
9710 1272.87 657778 398.737 -2.69988
9720 1153.05 774636 398.225 -2.6923
9730 1239.69 768512 397.4 -2.67943
9740 1250.24 856773 396.433 -2.66391
9750 1262.03 904065 395.903 -2.65421
9760 1279.84 876225 396.149 -2.6578
9770 1270.41 829373 396.995 -2.67156
9780 1469.5 670353 397.964 -2.68537
9790 1375.47 751250 398.082 -2.68659
9800 1319.76 785487 397.773 -2.68187
9810 1481.57 743150 397.284 -2.6751
9820 1354.69 898772 396.532 -2.66364
9830 1311.85 891852 396.437 -2.66254
9840 1268.44 811245 397.028 -2.67278
9850 1216.39 757881 397.724 -2.68382
9860 1101.41 762594 398.121 -2.68975
9870 1237.93 727441 398.185 -2.69049
9880 1394.15 731452 397.691 -2.6833
9890 1118.68 920328 396.823 -2.66913
9900 1189.56 869491 396.725 -2.6668
9910 1300.38 809301 397.19 -2.67353
9920 1182.28 834968 397.794 -2.68265
9930 1281.98 729316 398.571 -2.69396
9940 1457.86 639411 398.778 -2.69625
9950 1291.84 769808 397.867 -2.68327
9960 1152.39 915236 396.749 -2.6645
9970 1331.26 874144 396.426 -2.65822
9980 1334.81 846351 396.701 -2.66228
9990 1265.46 850010 397.402 -2.67382
10000 1529.02 670742 398.315 -2.68725
