# Time-averaged data for fix 4
# TimeStep c_mytemp c_mypress v_vmyvol v_avgEtotal
10 1099.94 879144 396.273 -2.70004
20 1006.27 930444 396.141 -2.69752
30 1132.06 805397 397.035 -2.71198
40 1287.7 717747 398.024 -2.7263
50 1314.3 697811 398.288 -2.72994
60 1187.54 749417 397.666 -2.72147
70 1093.09 842505 396.63 -2.706
80 1063.71 918230 396 -2.69558
90 1106.82 855088 396.334 -2.7014
100 1162.94 774713 397.169 -2.71479
110 1235.44 709372 397.765 -2.72369
120 1140.89 768107 397.637 -2.72213
130 1185.92 763898 397.151 -2.71523
140 1078.53 832065 396.407 -2.70444
150 863.873 950015 396.057 -2.69872
160 1188.13 775187 396.779 -2.71036
170 1212.91 752040 397.438 -2.71991
180 1115.76 750743 397.638 -2.72292
190 1034.04 789357 397.446 -2.71996
200 1225.84 749434 397.073 -2.71433
210 1196.13 849190 396.37 -2.70369
220 1046.99 919558 396.129 -2.69977
230 1120.43 780404 396.775 -2.7103
240 995.365 788739 397.4 -2.71975
250 1162.49 733908 397.829 -2.72602
260 1290.45 726866 397.707 -2.72412
270 1299.5 763978 396.932 -2.7133
280 996.314 931500 395.982 -2.69834
290 1044.82 907594 396.077 -2.70022
300 1274.35 746015 397.035 -2.71558
310 1126.53 759797 397.657 -2.72483
320 1095.53 734164 397.846 -2.72798
330 1152.61 750114 397.475 -2.72291
340 1080.54 868435 396.748 -2.71166
350 1113.55 834816 396.508 -2.70769
360 1025.74 858595 396.679 -2.71053
370 1108.4 797131 397.297 -2.7205
380 1286.2 702973 397.85 -2.72851
390 1140.67 765000 397.661 -2.72582
400 1018.03 783203 397.08 -2.71731
410 856.195 911640 396.502 -2.7078
420 1150.42 794441 396.693 -2.71036
430 1193.8 800955 396.98 -2.71408
440 1147.65 833708 397.295 -2.7189
450 1334.75 703766 397.759 -2.72586
460 1234.83 758709 397.504 -2.72251
470 1078.34 856413 396.93 -2.71377
480 1153.04 804919 396.72 -2.71078
490 973.764 870357 396.703 -2.71085
500 958.373 798228 397.181 -2.7186
510 996.402 776305 397.712 -2.72632
520 1162.08 707296 397.963 -2.72953
530 1223.46 737355 397.437 -2.72179
540 1110.25 893698 396.486 -2.70627
550 1217.95 829588 396.182 -2.70085
560 1062 879020 396.289 -2.70265
570 1040.14 819652 397.014 -2.71474
580 1303.02 676023 397.838 -2.72668
590 1260.72 726770 397.689 -2.72466
600 1087.26 808112 396.875 -2.71281
610 875.783 944614 396.238 -2.70244
620 1027.25 822801 396.666 -2.70945
630 1074.24 758869 397.394 -2.71997
640 1006.9 746831 397.761 -2.7249
650 976.443 748499 397.652 -2.72263
660 1116.94 781896 397.099 -2.71348
670 1255.24 824665 396.397 -2.70162
680 1205.43 904804 395.981 -2.6942
690 1263.21 828413 396.382 -2.70074
700 1246.22 764065 397.064 -2.71132
710 1179.53 784195 397.484 -2.71804
720 1300.73 723854 397.678 -2.72159
730 1228.74 746583 397.241 -2.71637
740 982.662 870640 396.431 -2.70433
750 975.215 876876 396.153 -2.70005
760 1036 840224 396.579 -2.70732
770 1135.77 728053 397.287 -2.71799
780 1066.4 764236 397.465 -2.72033
790 1162.49 769633 397.283 -2.71739
800 1255.97 748954 396.799 -2.71027
810 1138.24 865023 395.982 -2.69776
820 1090.38 909792 395.717 -2.69339
830 1174.73 831855 396.356 -2.7042
840 1098.53 750447 397.284 -2.71879
850 1041.99 701226 397.764 -2.72572
860 1011.35 762380 397.436 -2.7208
870 1111.89 789587 396.727 -2.70975
880 1161.8 865212 395.992 -2.69767
890 1293.7 853358 395.782 -2.69393
900 1259.26 832571 396.068 -2.6988
910 1025.84 829021 396.671 -2.7091
920 995.58 734859 397.444 -2.72115
930 1114.98 712203 397.68 -2.72442
940 1174.88 762253 397.164 -2.71685
950 1096.87 856905 396.359 -2.70412
960 1138.88 861972 395.999 -2.69801
970 1123.44 859643 396.227 -2.70179
980 1151.79 804716 396.952 -2.7136
990 1240.1 698866 397.667 -2.7243
1000 1219.07 706176 397.538 -2.72289
1010 1025.71 848154 396.675 -2.71017
1020 997.898 871758 396.15 -2.70145
1030 1059.04 857715 396.283 -2.70355
1040 1093.5 807222 396.908 -2.71346
1050 1134.68 742701 397.581 -2.72336
1060 1197.4 714834 397.754 -2.72564
1070 1201.58 746502 397.187 -2.71757
1080 1158.49 852998 396.209 -2.70247
1090 1124.96 916505 395.703 -2.69401
1100 1071.15 874998 396.177 -2.70239
1110 1026.38 786974 397.309 -2.72076
1120 1066.12 689705 398.28 -2.73464
1130 1055.81 706526 398.34 -2.73505
1140 1182.19 742584 397.538 -2.72336
1150 1217.32 840045 396.283 -2.70373
1160 1175.75 948326 395.435 -2.68923
1170 1133.37 899268 395.818 -2.69619
1180 1144.57 761855 397.035 -2.71581
1190 1074.27 703631 397.956 -2.72913
1200 1039 713232 398.037 -2.73021
1210 1122.71 752959 397.333 -2.71997
1220 1088.66 869829 396.289 -2.70341
1230 1037.99 918559 395.849 -2.6955
1240 1214.98 838834 396.384 -2.70417
1250 1285.82 758862 397.283 -2.71809
1260 1228.15 727706 397.832 -2.72626
1270 1111.77 756226 397.762 -2.72562
1280 1099.52 760674 397.258 -2.7186
1290 959.599 875898 396.519 -2.70711
1300 1123.82 871476 396.373 -2.70449
1310 1214.37 794389 396.839 -2.71181
1320 1071.04 756448 397.273 -2.71842
1330 1030.72 781454 397.373 -2.71981
1340 1241.28 743442 397.226 -2.71749
1350 1196.69 814611 396.671 -2.70919
1360 999.187 886634 396.274 -2.7027
1370 1072.61 810057 396.529 -2.70676
1380 1012.37 833708 396.994 -2.71395
1390 1090.72 743612 397.63 -2.7235
1400 1022.57 751257 397.861 -2.72627
1410 1209.53 737192 397.592 -2.72185
1420 1243.82 804983 396.839 -2.7102
1430 1168.69 892307 396.161 -2.69896
1440 1125.27 873923 396.252 -2.70055
1450 1110.39 830476 397.009 -2.71309
1460 1221.53 722207 397.975 -2.72801
1470 1157.35 679550 398.269 -2.7323
1480 987.819 797164 397.597 -2.72263
1490 1129.63 792986 396.788 -2.7099
1500 981.264 870119 396.013 -2.6976
1510 839.072 952398 395.919 -2.69586
1520 1216.49 770421 396.968 -2.71243
1530 1372.78 690492 397.841 -2.72415
1540 1250.89 700582 397.762 -2.72302
1550 1026.72 807527 396.853 -2.70989
1560 987.619 904461 396.036 -2.69625
1570 1112.27 857348 396.051 -2.69618
1580 1100.79 820674 396.62 -2.70518
1590 1177.67 736105 397.321 -2.71559
1600 1266.56 725722 397.494 -2.71794
1610 1241.22 794169 397.057 -2.71158
1620 1187.42 822665 396.535 -2.7038
1630 1072.04 851706 396.233 -2.69947
1640 933.309 860570 396.405 -2.70262
1650 1089.37 783315 397.056 -2.71295
1660 1300.91 706546 397.545 -2.72002
1670 1266.37 737393 397.264 -2.71629
1680 1015.64 841069 396.476 -2.70458
1690 931.421 875040 396.019 -2.69708
1700 996.558 862058 396.228 -2.70036
1710 1155.31 772823 396.932 -2.71119
1720 1278.08 704076 397.397 -2.71756
1730 1154.98 781107 397.106 -2.71319
1740 1075 830833 396.624 -2.70557
1750 1126.86 812238 396.372 -2.70154
1760 1082.74 832236 396.285 -2.70008
1770 1116.75 834753 396.466 -2.70292
1780 1189.36 814396 396.968 -2.71094
1790 1335.29 709034 397.504 -2.71915
1800 1174.32 760595 397.351 -2.71736
1810 1093.3 805702 396.824 -2.70974
1820 1054.45 842449 396.355 -2.7027
1830 1060.35 890004 396.306 -2.70215
1840 1187.67 790959 396.949 -2.71272
1850 1228.62 717584 397.528 -2.72144
1860 1097.73 766289 397.45 -2.72056
1870 1044.06 821389 397.066 -2.71483
1880 1058.35 834627 396.86 -2.71155
1890 1114.92 780923 396.913 -2.71226
1900 1144.87 798175 396.859 -2.71132
1910 1116.16 833412 396.82 -2.7106
1920 1246.03 738326 396.952 -2.71268
1930 1178.42 796715 396.678 -2.70874
1940 1176.17 834811 396.349 -2.70379
1950 1168.36 822161 396.309 -2.70357
1960 1040.06 812743 396.479 -2.70668
1970 1011.03 800359 396.762 -2.71128
1980 1078.09 781170 397.044 -2.71558
1990 1214.07 742362 397.133 -2.71678
2000 1210.16 800468 396.774 -2.71145
2010 1100.86 863550 396.448 -2.7063
2020 1192.98 799215 396.588 -2.70871
2030 1216.51 791330 396.777 -2.71191
2040 1198.05 803719 396.91 -2.71445
2050 1253.25 757745 397.014 -2.71675
2060 1044.36 792273 396.817 -2.7145
2070 907.615 835374 396.544 -2.7106
2080 1013.36 846771 396.604 -2.71157
2090 1192.99 746504 396.969 -2.71697
2100 1066.77 802156 396.995 -2.7171
2110 1066.23 810206 396.998 -2.71692
2120 1210.72 750294 397.03 -2.71717
2130 1134.37 828080 396.739 -2.71254
2140 1190.76 826656 396.642 -2.7109
2150 1201.72 797654 396.763 -2.71292
2160 1020.14 833170 396.942 -2.71597
2170 1155.49 735592 397.28 -2.72128
2180 1020.02 822991 397.212 -2.72015
2190 1049.93 821743 397.268 -2.72092
2200 1152.11 748158 397.461 -2.72361
2210 946.809 808479 397.307 -2.7209
2220 1044 800061 397.163 -2.71814
2230 1242.93 794529 397.039 -2.71552
2240 1332.35 802455 396.871 -2.71255
2250 1223.79 818724 396.753 -2.71083
2260 1110.36 822815 396.786 -2.71174
2270 1071.71 809960 397.036 -2.71603
2280 1232.2 722553 397.289 -2.72012
2290 1069.75 810220 397.014 -2.71618
2300 1072.96 793807 396.707 -2.71159
2310 945.978 850374 396.446 -2.70742
2320 1030.68 848912 396.6 -2.70975
2330 1105.21 757297 397.112 -2.7172
2340 968.938 776203 397.342 -2.72004
2350 1077.88 749843 397.297 -2.71873
2360 1175.87 780633 396.853 -2.71133
2370 1232.09 854854 396.273 -2.70151
2380 1221.2 849208 396.143 -2.69901
2390 1193.18 825313 396.455 -2.70402
2400 1152.89 798720 396.998 -2.71285
2410 1049.13 754370 397.499 -2.72059
2420 954.727 763437 397.637 -2.72258
2430 1097.16 752743 397.41 -2.71896
2440 1159.46 825158 396.832 -2.70969
2450 1158.47 851097 396.462 -2.7033
2460 1143.83 803893 396.491 -2.70355
2470 1123.42 839122 396.653 -2.70608
2480 1178.34 763039 397.055 -2.71238
2490 959.915 765083 397.198 -2.7144
2500 1035.58 796841 397.047 -2.71181
2510 1280.89 771376 396.808 -2.70776
2520 1278.6 814960 396.396 -2.70124
2530 1263.98 831648 396.086 -2.69662
2540 1211.51 867017 396.104 -2.69762
2550 1103.42 812038 396.661 -2.70742
2560 1000.65 737632 397.301 -2.71763
2570 1000.97 738923 397.438 -2.71973
2580 1248.99 735140 396.994 -2.71337
2590 1183.28 828835 396.056 -2.69936
2600 992.839 921544 395.401 -2.68846
2610 1080.37 866716 395.74 -2.69427
2620 1225.96 771517 396.657 -2.70872
2630 1212.5 708685 397.331 -2.71865
2640 1105.44 726114 397.22 -2.71736
2650 979.33 822571 396.509 -2.70667
2660 1036.43 854942 395.961 -2.69757
2670 1147.75 856960 395.902 -2.69629
2680 1140.02 838839 396.358 -2.70359
2690 1115.92 761353 397.109 -2.71513
2700 1191.5 706670 397.521 -2.72098
2710 1205.74 741986 397.14 -2.71566
2720 1018.59 864896 396.327 -2.70296
2730 1097.66 849930 395.985 -2.69714
2740 1124.82 862252 396.153 -2.69979
2750 1227.45 783375 396.802 -2.71025
2760 1265.3 718912 397.309 -2.7178
2770 1151.6 771472 397.17 -2.7161
2780 1109.61 798197 396.744 -2.71002
2790 1095.16 819409 396.31 -2.70351
2800 1065.94 854662 396.081 -2.70005
2810 1093.13 829344 396.297 -2.70366
2820 1188.85 786267 396.784 -2.71135
2830 1187.23 735384 397.116 -2.71648
2840 1060.16 766124 396.937 -2.714
2850 1151.67 794772 396.436 -2.70653
2860 1115.38 862211 395.948 -2.69877
2870 1201.52 847381 395.958 -2.69905
2880 1246.18 794434 396.38 -2.70607
2890 1101.56 785000 396.781 -2.71267
2900 989.969 781931 397.051 -2.71717
2910 1066.89 746387 397.12 -2.71828
2920 1157.8 786791 396.776 -2.71299
2930 1274.92 796274 396.279 -2.70531
2940 1234.06 847934 395.8 -2.69808
2950 1151.13 890255 395.772 -2.69822
2960 1164.6 795484 396.441 -2.70971
2970 1037.51 749184 397.117 -2.72035
2980 958.334 739329 397.341 -2.72383
2990 1005.44 779927 397.059 -2.71948
3000 1158.37 805589 396.578 -2.71168
3010 1130.15 849668 396.179 -2.70498
3020 1040.77 863401 396.221 -2.70548
3030 1012.39 802843 396.774 -2.71407
3040 913.75 801860 397.418 -2.72353
3050 1056.51 732532 397.996 -2.73151
3060 1194.65 700480 397.984 -2.73042
3070 1194.59 785179 397.166 -2.71768
3080 1157.4 849276 396.188 -2.70164
3090 1183.71 904971 395.71 -2.69313
3100 1349.46 824263 396.05 -2.69862
3110 1150.48 842956 396.725 -2.70989
3120 1080.1 748488 397.678 -2.72534
3130 1166.05 644763 398.131 -2.73203
3140 1049.57 780555 397.374 -2.72151
3150 1096.49 851231 396.369 -2.70546
3160 1012.89 901985 395.858 -2.69683
3170 1032.18 897058 396.239 -2.70337
3180 1188.22 770498 397.404 -2.72195
3190 1247.47 685182 398.32 -2.73473
3200 1124.35 703983 398.257 -2.73383
3210 1028.62 786511 397.356 -2.72081
3220 1078.47 865415 396.358 -2.70443
3230 1184.53 865856 395.901 -2.69656
3240 991.991 921252 396.13 -2.70056
3250 1097.62 777208 397.259 -2.71905
3260 1066.64 715518 398.272 -2.73318
3270 1144.88 677312 398.496 -2.73595
3280 1267.04 733804 397.661 -2.72431
3290 1164.52 902139 396.357 -2.70326
3300 1232.62 877071 395.806 -2.69377
3310 1049.17 934421 396.091 -2.69926
3320 1054.23 799174 397.406 -2.72177
3330 1091.29 686216 398.739 -2.74089
3340 1031.6 668145 399.08 -2.74529
3350 1052.21 697987 398.225 -2.73369
3360 1085.28 865882 396.572 -2.70823
3370 1193.59 946384 395.489 -2.68844
3380 1119.85 934430 395.677 -2.69148
3390 1029.76 845511 397.048 -2.71549
3400 1225.5 618164 398.676 -2.73849
3410 1074.51 673681 398.87 -2.74031
3420 1026.41 770920 397.909 -2.72623
3430 1238.29 798821 396.634 -2.70632
3440 1244.18 935325 395.496 -2.68739
3450 1218.01 952945 395.497 -2.68767
3460 1294.39 804123 396.768 -2.70971
3470 1223.83 674878 398.07 -2.72928
3480 1020.11 701114 398.343 -2.73354
3490 1042.02 754522 397.714 -2.72496
3500 1117.06 804190 396.681 -2.70946
3510 1114.65 916469 395.761 -2.69458
3520 1043.96 928760 395.851 -2.69638
3530 1130.7 775926 396.964 -2.71452
3540 1127.41 733244 397.953 -2.72898
3550 1171.41 689931 398.303 -2.73394
3560 1193.86 733740 397.703 -2.72577
3570 1139.99 853047 396.587 -2.70849
3580 1206.78 873299 395.883 -2.69695
3590 1079.81 907963 395.888 -2.6975
3600 931.973 833406 396.78 -2.71288
3610 945.411 741683 397.969 -2.73086
3620 1038.46 675427 398.616 -2.73945
3630 1106.34 684268 398.159 -2.73278
3640 1173 836651 396.791 -2.71168
3650 1352.87 879227 395.674 -2.69233
3660 1314.73 939433 395.326 -2.68654
3670 1159.87 904976 396.192 -2.703
3680 1151.6 703648 397.853 -2.72937
3690 1042.72 696202 398.779 -2.74222
3700 1139.67 675115 398.715 -2.7417
3710 1194.31 742696 397.57 -2.72667
3720 1024.26 952499 396.074 -2.70212
3730 1011.26 926710 395.754 -2.69624
3740 847.791 904152 396.665 -2.71251
3750 1072.48 666866 398.286 -2.73696
3760 1101.01 644402 398.864 -2.74334
3770 1056.37 741686 398.101 -2.73183
3780 1250.5 778955 396.738 -2.71108
3790 1277.12 960953 395.377 -2.68791
3800 1249.69 956565 395.316 -2.68671
3810 1148.79 852106 396.632 -2.71
3820 1195.72 692088 398.354 -2.73641
3830 1223.26 609943 399.109 -2.74672
3840 1013.78 748255 398.313 -2.73624
3850 1139.05 767270 396.907 -2.7155
3860 938.046 961244 395.432 -2.69177
3870 890.449 982404 395.279 -2.68872
3880 999.095 813482 396.655 -2.71159
3890 1147.46 678675 398.155 -2.73275
3900 1200.76 640222 398.596 -2.73772
3910 1126.04 732296 397.669 -2.7246
3920 1088.61 868297 396.176 -2.70089
3930 1187.26 950664 395.298 -2.68506
3940 1316.45 911112 395.712 -2.69229
3950 1372.56 765156 397.047 -2.71439
3960 1229.94 683927 398.097 -2.73004
3970 961.84 718678 398.165 -2.73166
3980 952.402 752877 397.472 -2.72207
3990 998.255 865093 396.448 -2.70596
4000 1163.79 878126 395.941 -2.69699
4010 1234.07 847552 396.133 -2.69997
4020 1140.7 824019 396.765 -2.71034
4030 957.603 765764 397.583 -2.72313
4040 999.52 707767 398.072 -2.73001
4050 1132.33 722141 397.764 -2.72526
4060 1110.22 827488 396.839 -2.71076
4070 1124.07 858160 396.101 -2.69817
4080 1110.01 903512 395.953 -2.69531
4090 1278.82 821774 396.621 -2.70626
4100 1244.18 753419 397.514 -2.71988
4110 1186.08 724358 397.992 -2.72715
4120 1218.25 722492 397.788 -2.72479
4130 1082.78 837082 396.989 -2.7132
4140 1128.8 828617 396.428 -2.70427
4150 1099.92 843116 396.167 -2.70051
4160 955.812 906196 396.375 -2.70447
4170 1215.72 715590 397.298 -2.71902
4180 1079.09 746865 397.656 -2.72381
4190 1039.77 765831 397.488 -2.72123
4200 1075.76 786527 397.028 -2.71413
4210 1090.71 836426 396.472 -2.70498
4220 1048.08 862742 396.247 -2.7009
4230 1192.58 837134 396.566 -2.7058
4240 1382.56 718746 397.131 -2.71422
4250 1112.68 786017 397.107 -2.71405
4260 1011.93 826084 396.949 -2.71174
4270 1196.2 747757 396.912 -2.71132
4280 1053.23 853002 396.581 -2.70622
4290 1141.14 820828 396.609 -2.70665
4300 1227.25 772366 396.822 -2.70998
4310 1095.06 797161 396.849 -2.71057
4320 953.101 824374 396.844 -2.7106
4330 1063.05 807081 397.044 -2.71361
4340 1300.69 727289 397.239 -2.71626
4350 1321.29 780019 396.891 -2.71118
4360 1204.53 853133 396.385 -2.70368
4370 1141.05 834144 396.292 -2.70276
4380 1031.03 822166 396.533 -2.70717
4390 909.806 804151 396.969 -2.71435
4400 1047.54 738268 397.395 -2.72067
4410 1076.75 753804 397.317 -2.71913
4420 981.86 821523 396.873 -2.71178
4430 1065.42 811966 396.56 -2.70614
4440 1283.94 808300 396.373 -2.70249
4450 1255.76 837122 396.304 -2.70103
4460 1149.14 824812 396.537 -2.70483
4470 1201.48 779482 396.976 -2.71184
4480 1219.78 751778 397.227 -2.7159
4490 1068.56 810550 397.125 -2.71469
4500 1147.53 777145 397.03 -2.71348
4510 1243.95 778972 396.763 -2.70986
4520 1068.41 885222 396.412 -2.70471
4530 1017.18 832801 396.705 -2.70988
4540 1056.13 756824 397.274 -2.71865
4550 994.27 778568 397.542 -2.72248
4560 1061.11 754499 397.555 -2.72234
4570 1119.76 779116 397.203 -2.71656
4580 1135.61 825699 396.682 -2.70799
4590 1190.19 868158 396.412 -2.70318
4600 1336.44 796654 396.669 -2.7072
4610 1178.45 790525 396.95 -2.7118
4620 913.45 859679 397.23 -2.7167
4630 1179.72 702238 397.829 -2.72604
4640 1221.16 709773 397.684 -2.72412
4650 1067.94 859919 396.835 -2.71113
4660 1153.93 861145 396.42 -2.70418
4670 1100.37 835763 396.552 -2.70644
4680 1057.5 797790 397.003 -2.71374
4690 1101.13 771680 397.46 -2.72056
4700 1103.61 725614 397.607 -2.72266
4710 987.319 769191 397.159 -2.71595
4720 1061.45 850051 396.478 -2.7047
4730 1235.52 832992 396.168 -2.69909
4740 1091.46 877125 396.242 -2.70008
4750 1099.37 799709 396.905 -2.71076
4760 1262.41 728389 397.568 -2.72031
4770 1153.04 774517 397.674 -2.72179
4780 1142.96 760328 397.487 -2.71911
4790 1191.53 776571 396.967 -2.71159
4800 1094.26 866585 396.321 -2.70149
4810 1083.4 874764 396.213 -2.69981
4820 1133.83 815295 396.742 -2.7086
4830 1220.21 729827 397.388 -2.71847
4840 1096.63 759066 397.478 -2.71994
4850 1011.15 798617 397.203 -2.71581
4860 1114.72 779010 396.864 -2.71059
4870 1153.06 836323 396.427 -2.70358
4880 1168.32 839160 396.257 -2.7008
4890 1079.76 863225 396.503 -2.70497
4900 1201.88 741579 397.177 -2.71561
4910 1120.2 734836 397.419 -2.71913
4920 1000.04 795868 397.124 -2.71465
4930 1130.63 782898 396.719 -2.70833
4940 1217.44 834162 396.233 -2.70056
4950 1234.2 862941 396.056 -2.69772
4960 1236.15 824472 396.393 -2.70359
4970 1116.7 797307 396.975 -2.71332
4980 1027.2 738343 397.486 -2.72148
4990 857.034 767034 397.513 -2.72188
5000 1014.17 774644 397.214 -2.717
5010 1191.78 782635 396.69 -2.70848
5020 1213.97 839510 396.063 -2.69809
5030 1168.22 883085 395.798 -2.69352
5040 1109.8 869988 396.257 -2.70136
5050 1164.56 741979 397.248 -2.71697
5060 1204.05 708561 397.782 -2.72448
5070 1181.81 758217 397.543 -2.72113
5080 1176.56 774390 396.88 -2.71167
5090 948.995 881495 396.099 -2.6994
5100 970.207 888950 395.973 -2.69722
5110 1045.89 831552 396.628 -2.7078
5120 1199.87 716779 397.506 -2.72067
5130 1180.84 696470 397.696 -2.72295
5140 1141.27 786200 397.022 -2.713
5150 1141.8 867198 396.227 -2.70005
5160 1298.8 852345 395.989 -2.69602
5170 1335.78 814638 396.209 -2.70004
5180 1086.82 831974 396.624 -2.7075
5190 1076.12 760417 397.245 -2.71783
5200 1099.56 725609 397.526 -2.72235
5210 999.459 787532 397.208 -2.71784
5220 1018.46 820854 396.761 -2.71077
5230 1135.67 803845 396.46 -2.70582
5240 1061.39 859074 396.284 -2.70277
5250 1088.24 824597 396.564 -2.70709
5260 1128.49 751417 397.039 -2.71401
5270 1046.58 764755 397.141 -2.71515
5280 1065.99 802681 396.94 -2.71163
5290 1201.77 789545 396.724 -2.70778
5300 1202.15 805992 396.441 -2.70313
5310 1147.89 864388 396.274 -2.70033
5320 1319.58 788962 396.57 -2.70517
5330 1235.08 766175 396.821 -2.70943
5340 992.99 807933 396.809 -2.70977
5350 1044.19 802953 396.839 -2.7105
5360 1154.47 768851 396.867 -2.71104
5370 1007.18 828260 396.697 -2.70843
5380 937.138 861731 396.778 -2.70963
5390 1187.28 729397 397.26 -2.71676
5400 1236.34 748932 397.246 -2.71607
5410 1141.83 830001 396.808 -2.70912
5420 1092.16 805770 396.56 -2.7051
5430 1065.34 844429 396.44 -2.70309
5440 1195.3 808803 396.653 -2.7064
5450 1232.2 770485 396.964 -2.7111
5460 1266.89 744039 396.996 -2.71191
5470 1190.89 793523 396.588 -2.70637
5480 1104.59 875639 396.166 -2.7001
5490 1196.62 808395 396.303 -2.70282
5500 1151.41 799848 396.578 -2.70768
5510 972.27 850109 396.916 -2.71369
5520 1068.86 720486 397.527 -2.72337
5530 1085.91 721721 397.533 -2.72344
5540 1010.52 826065 396.914 -2.7138
5550 1121.65 823183 396.435 -2.70579
5560 1206.74 840387 396.219 -2.70198
5570 1204.08 847784 396.358 -2.70418
5580 1175.95 818180 396.914 -2.71339
5590 1243.11 722625 397.567 -2.72355
5600 1082.02 740774 397.604 -2.72447
5610 899.031 820773 397.156 -2.71776
5620 1083.71 792242 396.8 -2.71196
5630 1084.5 859749 396.484 -2.70665
5640 1079.88 855024 396.648 -2.7091
5650 1122.63 752741 397.24 -2.7179
5660 1098.69 753229 397.481 -2.721
5670 1069.63 784739 397.322 -2.71815
5680 1220.89 771535 396.973 -2.71251
5690 1271.08 829195 396.457 -2.70423
5700 1291.15 837652 396.15 -2.69951
5710 1149.19 870278 396.245 -2.70169
5720 1097.03 786532 396.869 -2.71229
5730 993.375 747919 397.408 -2.72062
5740 1002.18 771032 397.521 -2.72231
5750 1142.05 735961 397.305 -2.719
5760 1140.65 807785 396.611 -2.70845
5770 1027.58 902837 396.021 -2.69851
5780 1143.8 827235 396.22 -2.70147
5790 1151.02 824768 396.765 -2.70988
5800 1179.78 746238 397.444 -2.72032
5810 1182.19 709816 397.662 -2.72347
5820 1044.34 791456 397.161 -2.71604
5830 1110.21 821557 396.534 -2.70614
5840 1131.3 882426 396.154 -2.69985
5850 1076.6 844688 396.449 -2.70472
5860 1073.75 784848 397.135 -2.7153
5870 1038.11 796374 397.749 -2.72452
5880 1146.1 694461 398.204 -2.73102
5890 1077.04 728239 397.809 -2.72522
5900 1092.06 841126 396.843 -2.70977
5910 1303.13 847088 396.145 -2.69807
5920 1143.89 937842 396.025 -2.69618
5930 1127.29 789624 396.91 -2.71096
5940 1056.62 761236 397.829 -2.72477
5950 1034.68 722966 398.361 -2.7325
5960 1148.02 707217 398.19 -2.72998
5970 1169.49 799402 397.267 -2.71612
5980 1142.25 865013 396.334 -2.70086
5990 1123.77 893233 395.98 -2.69484
6000 1061.89 864023 396.454 -2.70295
6010 1104.47 744678 397.411 -2.71778
6020 1033.49 731906 397.967 -2.7255
6030 1225.73 716661 397.862 -2.72381
6040 1230.52 808152 397.102 -2.71235
6050 1211.69 841998 396.372 -2.70067
6060 1099.29 872401 396.04 -2.69555
6070 967.466 904050 396.399 -2.70217
6080 1092.39 753701 397.533 -2.72037
6090 1144 693828 398.32 -2.73121
6100 1200.06 706114 398.171 -2.72901
6110 1246.26 790643 397.222 -2.7153
6120 1164.12 889069 396.233 -2.69929
6130 1087.93 885540 395.957 -2.69497
6140 903.512 920509 396.571 -2.70629
6150 1220.85 696707 397.993 -2.72845
6160 1196.75 699460 398.687 -2.73754
6170 1183.5 732142 398.446 -2.73423
6180 1213.25 777712 397.599 -2.72208
6190 1069.64 879856 396.614 -2.70668
6200 1015.64 886917 396.307 -2.70152
6210 1011.55 858373 396.774 -2.70924
6220 1141.35 767639 397.713 -2.72419
6230 1224.23 690938 398.358 -2.73307
6240 1057.31 780724 398.135 -2.72966
6250 1033.5 803283 397.686 -2.72247
6260 1264.06 766890 397.208 -2.71506
6270 1178.01 899035 396.62 -2.70565
6280 1343.11 817434 396.713 -2.70736
6290 1254.52 821462 397.102 -2.71416
6300 995.73 820869 397.643 -2.72366
6310 958.921 750560 398.334 -2.7348
6320 1057.47 697466 398.561 -2.73812
6330 1084.8 747695 397.944 -2.72904
6340 1121.12 851604 396.888 -2.71274
6350 1221.89 867285 396.248 -2.7015
6360 1144.26 876670 396.245 -2.70146
6370 916.872 902485 396.969 -2.71452
6380 1087.11 695130 398.42 -2.73688
6390 1279.83 634763 399.003 -2.74408
6400 1217.3 761927 398.243 -2.7331
6410 1316.53 782939 396.996 -2.71487
6420 1099.37 951846 395.817 -2.69564
6430 1009.74 940392 395.835 -2.69638
6440 925.402 864696 397.123 -2.71936
6450 1041.34 673564 398.885 -2.7456
6460 1010.01 614739 399.554 -2.75363
6470 956.056 748440 398.691 -2.74101
6480 1261.02 749354 397.204 -2.71837
6490 1066.41 973804 395.532 -2.69062
6500 1063.84 985827 395.245 -2.68442
6510 1307.66 819162 396.546 -2.70621
6520 1277.92 719668 398.065 -2.72864
6530 1145.29 654300 398.836 -2.73938
6540 1029.12 731769 398.383 -2.73332
6550 1152.76 788490 397.287 -2.71671
6560 1189.57 880270 396.141 -2.69866
6570 1115.01 964981 395.742 -2.69185
6580 1112.08 838704 396.69 -2.7085
6590 992.395 773262 398.04 -2.72929
6600 1043.34 678614 399.09 -2.74456
6610 1154.53 627403 399.04 -2.74387
6620 1005.45 826516 397.62 -2.72318
6630 1127.1 890460 396.337 -2.70088
6640 1230.02 928715 395.905 -2.693
6650 1218.86 886227 396.61 -2.70554
6660 1240.59 720139 397.957 -2.72635
6670 1013.97 742432 398.749 -2.73788
6680 1008.59 682670 398.891 -2.74011
6690 1083.43 736455 398.065 -2.72846
6700 1209.03 836843 396.713 -2.70738
6710 1223.93 909357 395.687 -2.69008
6720 1007.67 1.00032e+06 395.734 -2.69152
6730 1118.88 787168 397.313 -2.71896
6740 1185.26 629348 398.828 -2.73971
6750 978.328 680816 398.916 -2.74053
6760 971.197 735737 397.901 -2.72592
6770 1165.33 859594 396.379 -2.70224
6780 1256.12 950847 395.406 -2.68448
6790 1242.02 904036 395.719 -2.68986
6800 1067.5 821752 396.945 -2.71063
6810 904.874 733103 398.355 -2.73199
6820 973.211 672475 399.148 -2.74265
6830 1182.7 652498 398.785 -2.73739
6840 1303.14 767512 397.17 -2.7148
6850 1207.09 997705 395.434 -2.68497
6860 1271.97 930453 395.23 -2.68093
6870 1003.47 915857 396.306 -2.70048
6880 932.755 765502 398.312 -2.73423
6890 1242.38 539075 399.888 -2.75461
6900 1137.53 636858 399.311 -2.74744
6910 1020.17 805664 397.287 -2.71832
6920 1058.42 967405 395.365 -2.68548
6930 1088.35 1.01806e+06 394.91 -2.67647
6940 1024.21 886995 396.298 -2.70149
6950 984.422 743033 398.473 -2.73546
6960 1276.15 549027 400.014 -2.7551
6970 1268.09 618530 399.438 -2.74795
6980 1236.06 800451 397.303 -2.71728
6990 1181.47 955938 395.191 -2.68241
7000 909.855 1.11641e+06 394.546 -2.67065
7010 921.16 906421 396.499 -2.70926
7020 1224.48 586211 399.292 -2.74854
7030 1125.72 576685 400.339 -2.75977
7040 1078.84 649957 399.337 -2.74732
7050 1078.43 798940 397.051 -2.71435
7060 1106.21 1.01745e+06 394.884 -2.67663
7070 1155.25 1.06243e+06 394.573 -2.6701
7080 1198.07 869979 396.482 -2.70543
7090 1300.86 629521 398.943 -2.74121
7100 1178.74 603604 399.981 -2.75386
7110 1109.97 667120 399.236 -2.74485
7120 1082.06 791001 397.357 -2.71814
7130 1007.93 957990 395.461 -2.68683
7140 1051.32 1.04203e+06 395.003 -2.67807
7150 1256.5 815967 396.473 -2.70384
7160 1172.56 712680 398.192 -2.72904
7170 1145.57 661851 399.104 -2.74173
7180 1111.45 655708 398.76 -2.73764
7190 973.21 788067 397.228 -2.71596
7200 996.47 938970 395.632 -2.68925
7210 1152.18 955620 395.23 -2.68131
7220 1259.76 854238 396.153 -2.69685
7230 1283.3 773295 397.597 -2.71993
7240 1305.24 649756 398.703 -2.73589
7250 1098.45 699816 398.568 -2.73463
7260 1068.22 758495 397.525 -2.72003
7270 1219.45 838952 396.128 -2.69921
7280 1086.11 996197 395.228 -2.68387
7290 1002.09 894697 395.873 -2.69575
7300 970.825 772336 397.384 -2.72034
7310 1098.86 645916 398.602 -2.73715
7320 1159.56 650545 398.482 -2.73531
7330 1184.45 765521 397.095 -2.71559
7340 1186.29 892514 395.417 -2.68884
7350 1074.92 1.03376e+06 394.681 -2.67554
7360 1186.59 873318 395.787 -2.69558
7370 1083.72 737341 397.588 -2.72375
7380 960.279 666800 398.833 -2.74086
7390 1077.57 648941 398.861 -2.74103
7400 1160.67 749959 397.612 -2.72343
7410 1225.9 874354 395.941 -2.69675
7420 1113.83 1.00549e+06 395.012 -2.68013
7430 1193.42 917071 395.784 -2.69453
7440 1284.46 731372 397.532 -2.72236
7450 1154.75 681711 398.74 -2.7394
7460 1157.72 641555 398.824 -2.7412
7470 1066.43 748639 397.589 -2.72496
7480 1042.35 895493 395.941 -2.69867
7490 1039.08 958908 395.134 -2.68432
7500 992.605 928297 395.729 -2.69517
7510 1100.41 760710 397.352 -2.72134
7520 1069.5 683930 398.675 -2.73948
7530 1078.09 666588 398.953 -2.74271
7540 1235.91 684511 398.01 -2.72995
7550 1150.76 897164 396.215 -2.70233
7560 1113.68 976929 395.228 -2.68398
7570 1201.39 899755 395.754 -2.69316
7580 1193.71 794640 397.15 -2.71628
7590 1040.88 700012 398.499 -2.73619
7600 1036.64 633892 398.899 -2.74165
7610 948.734 763847 397.951 -2.72824
7620 1043.52 887769 396.675 -2.70715
7630 1223.23 890601 396.145 -2.69717
7640 1237.45 837246 396.391 -2.70076
7650 1020.95 859544 397.067 -2.71191
7660 1124.43 734654 398.136 -2.72848
7670 1195.34 663099 398.627 -2.73504
7680 1002.6 776047 398.025 -2.72619
7690 1118.87 813523 397.131 -2.71191
7700 1347.84 839394 396.389 -2.69977
7710 1270.41 886381 396.04 -2.69425
7720 1100.92 881311 396.458 -2.70203
7730 1157.74 767113 397.504 -2.71928
7740 1048.14 721126 398.306 -2.73129
7750 981.938 719710 398.396 -2.73273
7760 1066.98 742657 397.772 -2.72365
7770 1155.99 816092 396.674 -2.70691
7780 1088.8 921655 395.785 -2.69175
7790 1117.5 908001 395.928 -2.69408
7800 1205.7 801223 396.978 -2.71129
7810 1241.74 704206 398.025 -2.72673
7820 1141.63 707927 398.273 -2.73031
7830 1184.69 741787 397.678 -2.72222
7840 1140.27 843346 396.629 -2.70645
7850 900.243 930563 396.001 -2.69595
7860 1013.93 859109 396.429 -2.70319
7870 1146.1 767633 397.395 -2.71804
7880 1248.96 691153 398.044 -2.72708
7890 1189.27 737021 397.802 -2.72355
7900 1213.33 802813 396.989 -2.71151
7910 1166.28 864284 396.231 -2.69954
7920 1033.66 892158 396.046 -2.69679
7930 937.055 888926 396.695 -2.70823
7940 1066.12 734720 398.009 -2.72902
7950 1204.33 618598 398.737 -2.73849
7960 1153.02 722291 397.97 -2.72802
7970 1154.02 849456 396.518 -2.70543
7980 1056.32 938924 395.527 -2.68838
7990 969.819 945309 395.76 -2.69258
8000 1123.22 810918 397.197 -2.71661
8010 1238.33 667135 398.702 -2.73806
8020 1096.1 642876 399.062 -2.74246
8030 1010.48 722743 398.045 -2.72859
8040 1088.3 851603 396.396 -2.70284
8050 1162.4 954155 395.223 -2.68208
8060 1092.8 969053 395.421 -2.6856
8070 1138.91 809034 397.004 -2.71248
8080 1151.9 658749 398.658 -2.73606
8090 1092.77 634678 399.081 -2.74123
8100 1002.79 732789 398.086 -2.72735
8110 1163.85 813528 396.459 -2.70256
8120 1124.13 995164 395.113 -2.67905
8130 1143.06 970007 395.375 -2.68377
8140 1235.78 777792 397.057 -2.71198
8150 1282.56 621336 398.533 -2.73248
8160 1064.43 670893 398.511 -2.73236
8170 880.762 802613 397.379 -2.7158
8180 1045.41 841347 396.205 -2.69678
8190 1035.17 948802 395.51 -2.68454
8200 1091.43 897158 396.055 -2.69384
8210 1367.05 700960 397.341 -2.71312
8220 1171.54 742778 397.923 -2.72088
8230 1148.89 737263 397.914 -2.72088
8240 1309.91 718202 397.317 -2.71292
8250 1100.88 898123 396.169 -2.69555
8260 1010.57 951491 395.829 -2.68985
8270 1139.98 815033 396.728 -2.70525
8280 1284.71 678087 397.735 -2.7202
8290 1126.83 759512 397.815 -2.72148
8300 1078.87 774619 397.448 -2.71626
8310 1161.19 762855 396.835 -2.70758
8320 1023.91 916425 396.059 -2.69532
8330 1075.85 875081 396.178 -2.69737
8340 1192.81 765132 396.942 -2.70935
8350 1153.71 732332 397.431 -2.7166
8360 1077.71 768754 397.362 -2.71564
8370 1029.38 796179 396.988 -2.70993
8380 1029.35 809924 396.589 -2.70344
8390 1160.36 833979 396.296 -2.69844
8400 1237.05 828851 396.304 -2.69829
8410 1253.52 800428 396.55 -2.70216
8420 1246.28 821762 396.857 -2.70743
8430 1261.92 744739 397.261 -2.71432
8440 1053.73 751200 397.232 -2.71467
8450 922.753 822386 396.818 -2.70869
8460 1050.34 853014 396.574 -2.70479
8470 1093.51 836790 396.803 -2.70841
8480 1157.31 731331 397.267 -2.71533
8490 1025.99 795708 397.267 -2.71503
8500 1162.1 785430 397.148 -2.71292
8510 1211.03 772011 396.899 -2.70902
8520 995.456 872536 396.514 -2.70279
8530 1199.93 805579 396.642 -2.70466
8540 1361 779953 396.872 -2.70813
8550 1284.19 792517 396.947 -2.70983
8560 1156.28 770130 396.918 -2.71024
8570 1027.37 813893 396.688 -2.70735
8580 1029.69 800649 396.535 -2.70534
8590 1023.04 813306 396.419 -2.70363
8600 1155.61 811639 396.421 -2.70361
8610 1291.97 771214 396.493 -2.70475
8620 1229.89 799928 396.369 -2.70324
8630 1092.23 826685 396.245 -2.70183
8640 1003.58 831365 396.356 -2.704
8650 1028.69 788958 396.707 -2.70964
8660 986.091 797151 397.011 -2.71413
8670 1090.99 759508 397.234 -2.71719
8680 1226.7 741940 397.109 -2.71496
8690 1168.99 805996 396.523 -2.7059
8700 1064.1 877441 396.017 -2.69754
8710 1131.27 848460 396.141 -2.69945
8720 1218.12 792065 396.685 -2.70794
8730 1124 797259 397.218 -2.71626
8740 1113.17 718062 397.63 -2.72258
8750 1117.04 731427 397.367 -2.71897
8760 1077.3 848714 396.586 -2.7068
8770 1096.1 837075 396.137 -2.69927
8780 1103.7 835086 396.058 -2.69783
8790 1104.61 832311 396.307 -2.70171
8800 1201.4 778766 396.8 -2.70927
8810 1252.68 753357 397.126 -2.71418
8820 1219.33 733146 397.015 -2.71295
8830 1042.29 824396 396.407 -2.70415
8840 991.001 882447 395.991 -2.69746
8850 996.016 857100 396.276 -2.70217
8860 1041 770427 397.034 -2.71387
8870 1105.04 706780 397.524 -2.72049
8880 1076.89 772925 397.266 -2.71616
8890 1024.9 845940 396.776 -2.70783
8900 1162.08 802636 396.608 -2.70445
8910 1212.54 809173 396.526 -2.70259
8920 1249.04 816967 396.529 -2.70237
8930 1343.04 800875 396.675 -2.70477
8940 1368.27 785754 396.823 -2.70778
8950 1166.89 815626 396.891 -2.70996
8960 1013.03 795253 397.056 -2.71349
8970 1000.24 783378 397.181 -2.71597
8980 965.746 816284 397.198 -2.71642
8990 1084.1 791482 397.324 -2.71826
9000 1176.41 733602 397.33 -2.71827
9010 969.89 819913 396.868 -2.71111
9020 1111.97 857913 396.541 -2.70542
9030 1327.63 789363 396.68 -2.70722
9040 1292.98 778896 396.761 -2.70855
9050 1174.81 840973 396.728 -2.70853
9060 1285.65 774169 396.949 -2.71264
9070 1326.79 745411 396.964 -2.71397
9080 1002.2 852190 396.618 -2.70969
9090 972.234 829695 396.62 -2.71035
9100 1106.59 799999 396.915 -2.71529
9110 1199.02 774309 397.198 -2.71992
9120 1078.93 797001 397.301 -2.72178
9130 989.873 775246 397.314 -2.72219
9140 911.775 812392 397.188 -2.72008
9150 1064.69 783246 397.096 -2.71816
9160 1168.88 784102 396.889 -2.71438
9170 1071.7 833645 396.587 -2.70908
9180 1188.44 840289 396.569 -2.70831
9190 1368.97 770458 396.841 -2.7123
9200 1237.12 790463 396.945 -2.71409
9210 1175.91 785489 396.923 -2.71427
9220 1225.61 807884 396.794 -2.71294
9230 1159.78 840121 396.769 -2.71328
9240 1143.75 764342 397 -2.71766
9250 864.539 833200 397.049 -2.71889
9260 808.634 822737 397.325 -2.7234
9270 1059.38 716194 397.726 -2.72892
9280 1126.62 750431 397.485 -2.72462
9290 1109.44 799775 396.791 -2.71336
9300 1078.31 869273 396.137 -2.70217
9310 1139.72 872354 396.073 -2.70044
9320 1196.79 801688 396.612 -2.70862
9330 1183.99 763612 397.189 -2.71707
9340 1181.39 746672 397.45 -2.72082
9350 1070.67 769758 397.242 -2.71775
9360 1009.73 828243 396.808 -2.71078
9370 1182.77 819646 396.571 -2.70671
9380 1244.66 850579 396.565 -2.70648
9390 1185.36 810915 396.971 -2.71318
9400 1143.82 750804 397.443 -2.7206
9410 1131.52 767845 397.544 -2.72231
9420 1241.01 757132 397.305 -2.71913
9430 1115.74 842254 396.784 -2.71141
9440 1136.1 827417 396.553 -2.70805
9450 1094.86 826855 396.613 -2.70933
9460 1162.06 790735 396.879 -2.71382
9470 1143.82 774741 397.083 -2.71723
9480 1017.23 807401 397.098 -2.71769
9490 1113.62 774767 397.119 -2.71809
9500 1138.66 786736 396.965 -2.71572
9510 1184.04 791249 396.668 -2.71119
9520 1096.17 843545 396.36 -2.70641
9530 1132.91 827259 396.389 -2.70696
9540 1205.26 778100 396.638 -2.71097
9550 1046.64 825286 396.787 -2.71345
9560 1109.51 784390 397.08 -2.71815
9570 1272.86 741702 397.227 -2.72044
9580 1177.99 788261 396.917 -2.71613
9590 949.62 876400 396.551 -2.71061
9600 1011.13 821945 396.765 -2.71412
9610 1177.75 741431 397.155 -2.7198
9620 1108.8 796257 397.141 -2.71931
9630 1155.17 776634 397.002 -2.71707
9640 1096.51 805614 396.716 -2.71255
9650 1039.61 836423 396.479 -2.70865
9660 1105 851099 396.583 -2.71012
9670 1239.77 780914 397.072 -2.71761
9680 1246.07 737167 397.41 -2.72265
9690 1085.77 786769 397.255 -2.72052
9700 1143.29 782891 396.918 -2.71551
9710 1154.11 827325 396.489 -2.70905
9720 1029.48 877070 396.331 -2.70664
9730 961.23 820313 396.783 -2.71399
9740 945.658 791626 397.449 -2.7241
9750 1070.64 723459 397.998 -2.7317
9760 1238.83 699604 397.863 -2.72921
9770 1201.72 818460 396.948 -2.71498
9780 1282.99 852931 396.123 -2.70137
9790 1206.29 904847 395.85 -2.69696
9800 1269.13 821374 396.399 -2.70654
9810 1191.32 782692 397.19 -2.7195
9820 914.929 785994 397.856 -2.73033
9830 954.498 686671 398.283 -2.73686
9840 985.575 725552 397.79 -2.72988
9850 1002.15 838215 396.68 -2.71223
9860 1061.96 896056 395.897 -2.69839
9870 1158.03 891390 395.952 -2.69859
9880 1162.57 813896 396.795 -2.71186
9890 1234.43 722059 397.731 -2.72546
9900 1258.94 707352 398.021 -2.72934
9910 1192.27 738753 397.471 -2.72187
9920 1083.43 860196 396.479 -2.70651
9930 1232.82 854753 395.917 -2.69737
9940 1096.41 902871 395.935 -2.69814
9950 938.485 862943 396.826 -2.7139
9960 950.339 681410 398.147 -2.73382
9970 962.441 675687 398.523 -2.73817
9980 1017.93 748559 397.805 -2.7272
9990 1139.85 815022 396.631 -2.70839
10000 1223.1 911043 395.635 -2.691
