# Time-averaged data for fix 4
# TimeStep c_mytemp c_mypress v_vmyvol v_avgEtotal
10 2038.3 1286.56 654.844 -2.76445
20 2044.23 2285.24 655.1 -2.76383
30 1937.38 3957.62 655.393 -2.76371
40 1818.12 4481.74 655.747 -2.76374
50 1910.77 939.578 656.164 -2.76372
60 2058.66 -7253.25 656.587 -2.76377
70 1998.37 -7516.17 656.914 -2.76418
80 1795.92 -3739.4 657.134 -2.76475
90 1707.96 -4173.64 657.295 -2.76511
100 1622.42 -2685.36 657.397 -2.76506
110 1540.76 1346.13 657.467 -2.76449
120 1765.76 -933.855 657.554 -2.76341
130 2064.29 -8291.63 657.623 -2.76205
140 2194.79 -14136.8 657.573 -2.76122
150 2157.43 -12985.9 657.329 -2.76134
160 2092.31 -11758.8 656.898 -2.76223
170 2064.39 -9110.97 656.306 -2.76359
180 2035.37 -5626.88 655.593 -2.76524
190 1969.76 -1739.67 654.813 -2.76698
200 1917.6 -756.408 654.022 -2.76862
210 1912.47 -1842.44 653.234 -2.77017
220 1857.77 291.156 652.441 -2.77154
230 1776 4072.82 651.672 -2.77262
240 1645.48 9260.68 650.982 -2.77317
250 1640.43 12884.2 650.442 -2.7732
260 1580.29 17247.2 650.106 -2.77267
270 1648.15 15348.3 650.026 -2.77176
280 1726.42 11428.8 650.176 -2.77049
290 1785.61 11393.1 650.502 -2.76908
300 1880.37 10113.9 650.996 -2.76766
310 2034.22 3649.49 651.631 -2.7664
320 1978.14 2727.67 652.327 -2.76553
330 1878.15 1921.41 653.059 -2.76506
340 1910.07 -2729.01 653.811 -2.76469
350 1947.19 -4031.36 654.524 -2.76439
360 1976.75 -6159.33 655.171 -2.76429
370 1953.46 -6252.86 655.726 -2.76442
380 1853.75 -2750.17 656.19 -2.76471
390 1736.16 3633.43 656.617 -2.76493
400 1694.52 7256.62 657.094 -2.76486
410 1877.07 1871.66 657.667 -2.76449
420 2125.59 -5807.95 658.264 -2.76409
430 2179.87 -6963.88 658.78 -2.76428
440 1944.9 -408.595 659.201 -2.76515
450 1770.38 4691 659.615 -2.76601
460 1941.66 1985.69 660.088 -2.76669
470 2026.78 534.433 660.593 -2.76742
480 1884.74 3849.27 661.112 -2.76836
490 1673.23 7489.28 661.689 -2.76914
500 1589.7 8190.33 662.375 -2.76944
510 1676.06 1913.86 663.171 -2.76915
520 1724.91 -294.104 663.998 -2.76839
530 1719.08 -906.414 664.818 -2.76737
540 1785.09 -5706.97 665.612 -2.76614
550 1787.59 -5478.61 666.32 -2.76477
560 1767.04 -3240.83 666.943 -2.76343
570 1729.3 -2475.69 667.509 -2.76207
580 1616.85 8.57944 668.038 -2.76061
590 1675.89 -1443.27 668.558 -2.75893
600 1760.53 -3499.93 669.055 -2.75695
610 1774.64 -6080.99 669.496 -2.7549
620 1813.06 -7193.1 669.842 -2.75289
630 1889.19 -7704.12 670.078 -2.75098
640 1974.41 -7737.83 670.197 -2.74932
650 2037.17 -8166.6 670.199 -2.74809
660 2043.46 -7853.23 670.08 -2.74742
670 1946.46 -6034.72 669.847 -2.74726
680 1742.45 -1182.06 669.535 -2.74724
690 1631.08 300.05 669.209 -2.74697
700 1677.25 -839.603 668.893 -2.74627
710 1778.88 -164.871 668.577 -2.74523
720 1882.67 -471.966 668.267 -2.74405
730 1970.58 -1606.76 667.961 -2.743
740 1978.2 -2063.65 667.639 -2.74231
750 1866.06 624.323 667.302 -2.74191
760 1742.25 -321.08 666.978 -2.74157
770 1703.41 -2842.88 666.658 -2.74103
780 1767.39 -4663.36 666.306 -2.74023
790 1865.22 -5175.92 665.892 -2.73929
800 1849.07 594.449 665.42 -2.73839
810 1776.61 5709.52 664.969 -2.73749
820 1869.33 4690.4 664.609 -2.73654
830 2016.04 2860.92 664.333 -2.73567
840 2125.11 675.197 664.109 -2.73523
850 2100.27 -29.4411 663.908 -2.73547
860 1982.03 365.576 663.717 -2.7362
870 1898.79 1310.86 663.541 -2.73708
880 1972.46 811.039 663.392 -2.73793
890 2087.71 -925.057 663.261 -2.739
900 1986.92 4134.22 663.135 -2.74037
910 1861.07 9319.79 663.079 -2.74174
920 1746.39 14472.6 663.172 -2.74288
930 1588.32 22799.3 663.496 -2.74361
940 1498.63 25296.5 664.163 -2.74386
950 1658.63 19711.6 665.205 -2.74362
960 1864.88 10022.7 666.537 -2.74281
970 2038.29 1290.21 668.017 -2.74186
980 2069.01 -4962.21 669.509 -2.74113
990 2022.77 -8910.82 670.914 -2.74083
1000 1977.24 -10828.7 672.171 -2.74089
1010 1851.67 -7417.61 673.255 -2.74114
1020 1735.53 -4851.41 674.212 -2.74136
1030 1675.95 -1965.95 675.087 -2.74128
1040 1752.13 424.407 675.925 -2.74086
1050 1924.64 -960.065 676.757 -2.74023
1060 1937.99 -86.8366 677.572 -2.73973
1070 1684.83 6593.64 678.391 -2.73943
1080 1612.41 6548.28 679.3 -2.73896
1090 1839.92 -2327.81 680.294 -2.73797
1100 1957.62 -4953.28 681.256 -2.73678
1110 1936.61 -7147.89 682.129 -2.73586
1120 1801.67 -6226.26 682.886 -2.7352
1130 1560.73 -50.0785 683.546 -2.73453
1140 1457.41 978.641 684.193 -2.73352
1150 1558.17 -2491.37 684.845 -2.73187
1160 1744.08 -5445.36 685.455 -2.72965
1170 1924.47 -9026.08 685.971 -2.72719
1180 1969.15 -9928.61 686.341 -2.72502
1190 1870.59 -6330.64 686.557 -2.72336
1200 1952.27 -7326.38 686.666 -2.72205
1210 2119.93 -13378.9 686.649 -2.72108
1220 2116.54 -13536.3 686.431 -2.7208
1230 2112.58 -15946.2 685.996 -2.72131
1240 1964.36 -14461.2 685.318 -2.72241
1250 1749.71 -9542.35 684.425 -2.72342
1260 1864.42 -11817.8 683.386 -2.72418
1270 1948.99 -10850.2 682.183 -2.7249
1280 1933.6 -7218.99 680.832 -2.72567
1290 1908.69 -4068.8 679.393 -2.72641
1300 1927.55 -2015.43 677.916 -2.7271
1310 1983.21 -1822.78 676.436 -2.72782
1320 2007.66 -4215.18 674.952 -2.72877
1330 1980.56 -4830.52 673.437 -2.72993
1340 2024.43 -10677.6 671.868 -2.73136
1350 2003.99 -11784.6 670.172 -2.73319
1360 1894.95 -6498.96 668.336 -2.73494
1370 1876.17 -4262.6 666.43 -2.73645
1380 1809.59 -1609.32 664.501 -2.73759
1390 1857.98 -944.401 662.583 -2.73846
1400 1900.52 344.495 660.69 -2.73913
1410 1920.95 2114.15 658.844 -2.73973
1420 1893.05 5938.95 657.071 -2.74024
1430 1922.76 7466.26 655.421 -2.74061
1440 2023.49 4074.47 653.911 -2.74114
1450 2044.29 6008.66 652.501 -2.742
1460 1962.55 11524.8 651.214 -2.743
1470 1878.21 14341 650.122 -2.74395
1480 1775.96 16188.1 649.264 -2.74468
1490 1766.55 14912.3 648.659 -2.74514
1500 1824.75 11580.9 648.285 -2.74538
1510 1922.73 7992.23 648.09 -2.74556
1520 1922.4 7767.28 648.027 -2.74582
1530 1851.22 9156.59 648.086 -2.74615
1540 1843.36 8536.81 648.28 -2.74643
1550 1887.22 5277.06 648.6 -2.74663
1560 1919.7 1004.54 648.996 -2.7468
1570 1917.01 -3403.13 649.408 -2.74702
1580 1942.89 -6728.27 649.77 -2.74732
1590 1907.21 -4623.54 650.041 -2.74771
1600 1832.35 -392.156 650.248 -2.74811
1610 1787.36 2517.65 650.449 -2.74836
1620 1867.09 3774.06 650.689 -2.74846
1630 1907.71 2485.72 650.983 -2.7485
1640 1938.61 3581.77 651.318 -2.74861
1650 1980.61 4170.38 651.706 -2.74891
1660 1907.59 10150.6 652.166 -2.74941
1670 1804.41 15941.9 652.773 -2.74998
1680 1894.24 15419.5 653.606 -2.75052
1690 1956.98 13842.3 654.663 -2.75109
1700 1906.16 13478.7 655.92 -2.75184
1710 1762.9 16050.8 657.373 -2.75264
1720 1679.14 16321 659.053 -2.75328
1730 1695.35 12058.4 660.958 -2.7535
1740 1739.85 8028.07 663.031 -2.75326
1750 1904.53 -885.304 665.199 -2.75258
1760 1942.63 -6749.82 667.339 -2.75162
1770 1927.06 -10721.8 669.354 -2.75077
1780 1959.52 -11277.2 671.188 -2.75006
1790 2039.34 -9001.03 672.832 -2.7497
1800 2017.81 -3898.46 674.322 -2.74987
1810 1821.84 2699.83 675.739 -2.75045
1820 1764.8 3630.28 677.178 -2.75092
1830 1913.85 -1436.88 678.654 -2.75111
1840 1914.73 -5056.49 680.094 -2.75117
1850 1868.61 -6366.1 681.444 -2.75125
1860 1941.55 -9980.17 682.674 -2.75128
1870 2118.43 -15937.2 683.727 -2.75145
1880 2200.91 -18117.1 684.518 -2.75219
1890 2161.82 -16036.8 685.015 -2.75375
1900 2067.43 -13313.5 685.25 -2.75586
1910 1972.87 -9491.23 685.271 -2.75813
1920 1898.89 -3839.89 685.146 -2.76026
1930 1877.75 -867.518 684.962 -2.76214
1940 1826.47 1256.13 684.772 -2.7637
1950 1760.34 3706.07 684.613 -2.76491
1960 1657.94 8007.45 684.525 -2.76563
1970 1690.45 6725.05 684.566 -2.76583
1980 1824.26 -1424.39 684.711 -2.76565
1990 1813.61 -5379.53 684.843 -2.76531
2000 1708.55 -5188.64 684.897 -2.76486
2010 1675.53 -7495.88 684.867 -2.7642
2020 1586.66 -7881.9 684.723 -2.76322
2030 1499.49 -6725.98 684.46 -2.7619
2040 1524.42 -6415.23 684.094 -2.76012
2050 1679.5 -8228.61 683.632 -2.75784
2060 1855.71 -12062.1 683.045 -2.75532
2070 1788.2 -10114 682.287 -2.75297
2080 1749.43 -7961.46 681.382 -2.75091
2090 1858.78 -8689.05 680.365 -2.74888
2100 2018.34 -10646.7 679.228 -2.74704
2110 2154.56 -11094.7 677.949 -2.74579
2120 2203.24 -10570.4 676.521 -2.74544
2130 2147.89 -8888.77 674.959 -2.74604
2140 1926.64 -2478.35 673.295 -2.74715
2150 1663.29 5910.53 671.632 -2.74779
2160 1721.4 5330.99 670.082 -2.74787
2170 1908.72 3004.72 668.646 -2.74767
2180 2046.53 3035.04 667.291 -2.7476
2190 2022.23 3613.6 666.012 -2.74791
2200 1844.11 10386 664.826 -2.74837
2210 1821.56 14909.2 663.824 -2.74859
2220 1928.71 12643.5 663.061 -2.74875
2230 1748.98 17195.6 662.52 -2.74894
2240 1481.84 23405.9 662.259 -2.74877
2250 1718.74 16277 662.346 -2.74815
2260 2052.79 8691.79 662.685 -2.74717
2270 2217.91 4846 663.163 -2.74666
2280 2178.58 6328.19 663.723 -2.74706
2290 2064.52 10179.5 664.382 -2.74825
2300 1941.19 11922.6 665.191 -2.74979
2310 1749.4 15708.2 666.183 -2.75126
2320 1775.66 14402.9 667.402 -2.7524
2330 1952.32 10321.2 668.832 -2.75325
2340 2218.91 149.973 670.402 -2.75419
2350 2357.17 -8613.67 671.963 -2.7557
2360 2293.29 -11023.4 673.383 -2.75821
2370 2088.63 -8123.57 674.626 -2.76133
2380 1905.22 -6602.92 675.727 -2.76433
2390 1790.03 -3868.19 676.715 -2.76684
2400 1700.69 2024.43 677.639 -2.76874
2410 1726.42 2835.64 678.578 -2.7701
2420 1682.75 4269.39 679.559 -2.77091
2430 1777.57 163.155 680.592 -2.77127
2440 1855.11 -4397.45 681.618 -2.77128
2450 1748.11 -2986.1 682.574 -2.77115
2460 1701.28 -4539.35 683.469 -2.7708
2470 1729.96 -8205.15 684.279 -2.7701
2480 1703.02 -8949.98 684.955 -2.76914
2490 1649.39 -9330.38 685.48 -2.76796
2500 1662.87 -10451.2 685.849 -2.76652
2510 1747.25 -13588 686.043 -2.76484
2520 1723.09 -12029.3 686.024 -2.76308
2530 1601.78 -8008.51 685.817 -2.76131
2540 1583.65 -7305.35 685.483 -2.75939
2550 1638.42 -8219.52 685.038 -2.75716
2560 1651.07 -7653.84 684.472 -2.75472
2570 1662.63 -6298.83 683.796 -2.75219
2580 1641.09 -5336.37 683.034 -2.74957
2590 1631.77 -3998.24 682.203 -2.7469
2600 1645.73 -5435.47 681.322 -2.74414
2610 1647.5 -7189.7 680.372 -2.74135
2620 1611.51 -5822.21 679.331 -2.73856
2630 1620.38 -3433.54 678.221 -2.7357
2640 1683.71 -2126.14 677.077 -2.73268
2650 1714.04 -34.8949 675.925 -2.72959
2660 1840.17 -677.785 674.793 -2.72653
2670 2036.46 -5446.75 673.669 -2.72371
2680 2189.05 -7635.46 672.488 -2.72159
2690 2246.38 -10247.6 671.212 -2.72063
2700 2095.88 -6848.03 669.813 -2.7208
2710 1836.1 98.2546 668.341 -2.72132
2720 1709.3 3313.17 666.898 -2.72152
2730 1858.64 130.614 665.526 -2.72142
2740 2046.13 -3283.71 664.186 -2.72136
2750 2148.45 -4795.82 662.827 -2.72183
2760 2146.67 -2105.21 661.431 -2.72293
2770 2087.47 3345.03 660.037 -2.72449
2780 1931.07 10187.4 658.725 -2.72609
2790 1835.17 15838.1 657.594 -2.72733
2800 1968.41 12582.4 656.714 -2.72842
2810 2086.33 8455.36 656.043 -2.72975
2820 2129.41 6809.12 655.518 -2.73152
2830 2148.55 5111.64 655.11 -2.73377
2840 2094.69 7358.14 654.798 -2.73641
2850 1961.08 10097.8 654.607 -2.7391
2860 1912.01 9121.08 654.569 -2.74153
2870 2008.88 6473.51 654.673 -2.74381
2880 2086.77 2746.2 654.877 -2.74622
2890 2007.13 865.877 655.127 -2.74874
2900 1951.12 1923.97 655.396 -2.75119
2910 1894.13 3189.28 655.696 -2.75341
2920 1847.43 4239.03 656.045 -2.75533
2930 1839.03 5600.17 656.46 -2.75691
2940 1904.66 6907.79 656.958 -2.75826
2950 2012.83 5251.51 657.555 -2.75958
2960 2073.92 2286.15 658.227 -2.76109
2970 2103.3 2281.96 658.935 -2.7629
2980 2157.61 234.718 659.67 -2.76511
2990 2168.52 -852.848 660.409 -2.76779
3000 2023.59 -1436.37 661.13 -2.7707
3010 1899.45 -3860.68 661.824 -2.7734
3020 1787.56 -5140.25 662.455 -2.7756
3030 1693.85 -1602.84 663.012 -2.77719
3040 1701.97 -3492.32 663.534 -2.7782
3050 1671.17 -4210.76 664.003 -2.77865
3060 1616.64 -1596.45 664.41 -2.77863
3070 1630.42 -1467.59 664.788 -2.77812
3080 1706.74 -2438.74 665.142 -2.77716
3090 1811.88 -4177.25 665.458 -2.77593
3100 1864.14 -4914.42 665.711 -2.77466
3110 1786.84 -1699.56 665.895 -2.77352
3120 1617.77 4394.45 666.061 -2.77238
3130 1667.29 2218.3 666.285 -2.77103
3140 1793.57 -882.07 666.545 -2.76931
3150 1906.56 -68.0334 666.799 -2.76754
3160 2105.34 -5799.12 667.044 -2.76601
3170 2172.66 -7947.71 667.209 -2.76514
3180 2081.22 -5580.58 667.259 -2.76512
3190 2004.15 -3995.2 667.228 -2.76567
3200 1941.18 -3880.94 667.139 -2.76643
3210 1933.86 -4471.59 666.997 -2.76727
3220 1923.98 -5460.81 666.793 -2.76814
3230 1820.64 -1211.38 666.52 -2.76898
3240 1590.69 5797.01 666.242 -2.76947
3250 1389.38 11029.5 666.06 -2.7693
3260 1393.52 10585.9 666.049 -2.76837
3270 1619.95 4669.32 666.197 -2.76668
3280 1791.08 3054.68 666.428 -2.76445
3290 1876.55 1734.74 666.708 -2.76218
3300 1841.16 4193.79 667.023 -2.76015
3310 1859.57 2720.96 667.398 -2.7584
3320 1955.3 -607.716 667.813 -2.75681
3330 1962 804.416 668.227 -2.75556
3340 1898.91 -573.856 668.649 -2.75468
3350 1842.95 -1026.28 669.063 -2.754
3360 1896.5 -2286.85 669.461 -2.75335
3370 2115.98 -8395.06 669.816 -2.75287
3380 2197.42 -8652.06 670.05 -2.753
3390 2062.15 -6085.53 670.156 -2.75391
3400 1833.6 -4410.99 670.17 -2.75506
3410 1694.2 -4655.07 670.117 -2.75591
3420 1652.84 -4356.84 670 -2.75624
3430 1711.97 -6307.62 669.817 -2.75611
3440 1800.82 -8199.61 669.544 -2.75566
3450 1894.31 -7977.38 669.156 -2.7551
3460 1973.91 -7549.98 668.655 -2.75468
3470 1918.77 -5489.6 668.052 -2.75452
3480 1706.87 959.141 667.385 -2.7544
3490 1558.78 6324.97 666.747 -2.7539
3500 1704.29 1584.4 666.207 -2.75292
3510 1820.62 -2372.92 665.708 -2.75163
3520 1795.65 -874.177 665.19 -2.75036
3530 1714.19 2007.79 664.676 -2.74906
3540 1847.68 -1420.47 664.195 -2.74767
3550 2003.78 -3690.09 663.708 -2.74631
3560 2146.3 -5287.47 663.179 -2.7454
3570 2280.71 -6661.74 662.583 -2.74534
3580 2295.21 -6856.54 661.904 -2.74645
3590 2102.68 -3908.77 661.139 -2.74845
3600 1825.44 5307.5 660.347 -2.75039
3610 1872.19 2152.03 659.633 -2.7519
3620 2042.77 -4487.28 658.961 -2.75344
3630 1966.73 -544.286 658.256 -2.75511
3640 1920.51 -0.785705 657.552 -2.75674
3650 1827.29 2378.76 656.869 -2.75817
3660 1703.32 5494.87 656.238 -2.75917
3670 1702.55 7663.51 655.703 -2.75964
3680 1744.79 8225.6 655.293 -2.7597
3690 1711.59 9570 655.019 -2.75945
3700 1667.78 10187.4 654.897 -2.75892
3710 1660.42 11104.7 654.934 -2.75807
3720 1780.77 8538.39 655.137 -2.75693
3730 1922.86 3841.06 655.468 -2.75566
3740 1954.77 1702.14 655.861 -2.75457
3750 1931.39 -358.04 656.281 -2.75382
3760 1807.35 794.664 656.7 -2.75324
3770 1804.7 1161.22 657.128 -2.75271
3780 1718.58 6108.15 657.58 -2.75206
3790 1646.96 9049.34 658.12 -2.75129
3800 1646.23 11039.2 658.795 -2.75024
3810 1629.61 13253.6 659.633 -2.74895
3820 1703.36 9534.98 660.658 -2.74739
3830 1886.5 4878.2 661.82 -2.74554
3840 2053.58 -77.7758 663.048 -2.74372
3850 2171.01 -5174.64 664.265 -2.74237
3860 2187.33 -5672.81 665.402 -2.74187
3870 2138.99 -8055.82 666.438 -2.74225
3880 1983.72 -6307.54 667.35 -2.74317
3890 1855.5 -3688.44 668.161 -2.74418
3900 1961.1 -8323.79 668.898 -2.74507
3910 2130.54 -13273.8 669.501 -2.7461
3920 2122.77 -13108 669.902 -2.74765
3930 1967.83 -10410.6 670.102 -2.74956
3940 1793.71 -7239.66 670.143 -2.7513
3950 1764.02 -5594.97 670.074 -2.75259
3960 1869.12 -7419.34 669.919 -2.75353
3970 1914.72 -8037.79 669.658 -2.75438
3980 1798.49 -5244.7 669.287 -2.75516
3990 1599.87 -1508.7 668.844 -2.7556
4000 1410.69 4142.9 668.393 -2.75539
4010 1385.9 6965.33 668.013 -2.75441
4020 1494.01 5174.69 667.746 -2.75269
4030 1546.92 5693.45 667.571 -2.75039
4040 1550.54 8034.73 667.494 -2.74773
4050 1684.04 6446.8 667.543 -2.74479
4060 1863.8 2767.08 667.693 -2.7416
4070 1947.89 2219.34 667.895 -2.7386
4080 1970.54 3531.58 668.136 -2.73615
4090 2035.72 2736.63 668.432 -2.73428
4100 2109.32 2755.22 668.775 -2.73304
4110 2110.26 2505.15 669.162 -2.73256
4120 1961.79 2665.43 669.59 -2.7327
4130 1782.45 5679.07 670.065 -2.73301
4140 1826.89 3677.38 670.619 -2.73317
4150 1913.37 522.899 671.229 -2.73316
4160 2077.94 -3290.86 671.845 -2.73324
4170 2281.73 -9885.33 672.401 -2.73385
4180 2347.19 -12002.7 672.81 -2.73551
4190 2262.56 -10436.6 673.033 -2.73827
4200 2066.53 -3650.71 673.105 -2.74152
4210 1945.86 838.614 673.12 -2.7446
4220 1924.63 3348.78 673.153 -2.74736
4230 1931.51 4210.7 673.241 -2.74986
4240 1899.24 5261.82 673.401 -2.75213
4250 1870.58 7004.57 673.65 -2.75409
4260 1989.69 2656.74 674.003 -2.75587
4270 2112.38 -3657.39 674.397 -2.75777
4280 2055.01 -5553.63 674.741 -2.75996
4290 1936.98 -9098.12 674.995 -2.76216
4300 1886.58 -13509 675.107 -2.76417
4310 1800.04 -15220.6 675.012 -2.76589
4320 1682.1 -14956.5 674.685 -2.76718
4330 1584.4 -12084.4 674.134 -2.7679
4340 1602.13 -8531.37 673.406 -2.76797
4350 1758.06 -6822.9 672.557 -2.76751
4360 1859.13 -3070.55 671.621 -2.76676
4370 1838.37 3170.09 670.661 -2.76595
4380 1815.23 5504.27 669.766 -2.76511
4390 1808.68 7825.05 668.976 -2.76421
4400 1906.78 8970.69 668.325 -2.76329
4410 2042.78 7343.56 667.825 -2.76255
4420 2053.04 7043.74 667.454 -2.7623
4430 1878.46 8493.63 667.206 -2.7625
4440 1622.47 12309 667.104 -2.76261
4450 1694.84 8581.48 667.189 -2.76232
4460 1881.37 -6.8495 667.403 -2.76167
4470 1930.79 -4639.47 667.626 -2.761
4480 1958.88 -6338.56 667.785 -2.76055
4490 1949.08 -6597.79 667.85 -2.76037
4500 1860.49 -3709.3 667.822 -2.76035
4510 1844.42 -2740.75 667.74 -2.76036
4520 1738.45 -1221.41 667.623 -2.76025
4530 1588.14 3134.66 667.499 -2.75984
4540 1702.04 1061.92 667.42 -2.75901
4550 1858.08 -3465.21 667.361 -2.75785
4560 1838.24 -2695.07 667.264 -2.75669
4570 1773.68 -2511.81 667.129 -2.75564
4580 1758.79 -5326.79 666.959 -2.75455
4590 1756.14 -7219.41 666.717 -2.75338
4600 1802.28 -6901.05 666.373 -2.75213
4610 1865.63 -4505.34 665.937 -2.75086
4620 1946 -2297.2 665.443 -2.74969
4630 1989.67 -1375.76 664.924 -2.7488
4640 1925.1 2961.95 664.404 -2.74825
4650 1829.73 5028.21 663.938 -2.74787
4660 1734.19 4494.9 663.56 -2.74746
4670 1706.3 2513.92 663.259 -2.74682
4680 1863.89 -2274.82 663.002 -2.74597
4690 1956.1 -3271.31 662.726 -2.74514
4700 1847.47 218.14 662.416 -2.74455
4710 1730.68 3696.1 662.118 -2.74399
4720 1708.02 4938.86 661.883 -2.74324
4730 1717.81 6055.84 661.734 -2.74223
4740 1895.66 1843.21 661.675 -2.74102
4750 2202.18 -1296.76 661.654 -2.73994
4760 2411.6 -3536.83 661.621 -2.73983
4770 2261.32 671.233 661.551 -2.74113
4780 1940.85 7469.87 661.501 -2.74307
4790 1806.1 10204.9 661.568 -2.74477
4800 1879.05 6394.99 661.785 -2.74618
4810 1868.78 5384.89 662.108 -2.74739
4820 1771.06 6153.81 662.518 -2.74839
4830 1762.13 3299.89 663.015 -2.74902
4840 1919.85 -16.9743 663.563 -2.74936
4850 2076.82 -3230.1 664.109 -2.74976
4860 2122.4 -4976.44 664.605 -2.75059
4870 2043.06 -3075.82 665.03 -2.75192
4880 1912.5 -2315.58 665.406 -2.75341
4890 1796.09 431.453 665.75 -2.75472
4900 1709.57 6338.19 666.107 -2.75565
4910 1756.51 8985.23 666.557 -2.75615
4920 1982.36 5783.33 667.138 -2.75645
4930 2138.62 3105.58 667.809 -2.75696
4940 2083.35 4561.18 668.532 -2.75804
4950 1972.96 5040.57 669.321 -2.75947
4960 1939.85 4489.59 670.184 -2.76095
4970 1979.16 2101.74 671.11 -2.76241
4980 1971.83 481.23 672.065 -2.7639
4990 1917.64 -682.006 673.021 -2.76537
5000 1795.77 -1472.09 673.962 -2.76665
5010 1699.69 -1845.4 674.874 -2.7675
5020 1715.7 -3693.67 675.747 -2.76785
5030 1790.59 -6582.61 676.555 -2.7678
5040 1809.83 -6580.08 677.257 -2.76752
5050 1708.25 -1918.78 677.857 -2.76715
5060 1545.43 3192.39 678.423 -2.76655
5070 1457.9 4366.5 679.033 -2.76552
5080 1457.77 5593.78 679.711 -2.76394
5090 1564.42 4602.09 680.47 -2.76179
5100 1782.26 192.659 681.294 -2.75909
5110 1976.24 -5440.29 682.116 -2.75619
5120 1911.96 -4740.57 682.853 -2.75369
5130 1773.91 -1295.09 683.514 -2.75178
5140 1756.42 -1290 684.144 -2.75007
5150 1662.07 2773.87 684.758 -2.74836
5160 1593.08 3788.79 685.41 -2.74659
5170 1755.96 -2560.55 686.11 -2.7445
5180 1868.23 -8547.41 686.765 -2.74214
5190 2003.55 -16346.2 687.274 -2.73997
5200 1963.48 -16505.6 687.524 -2.73829
5210 1809.02 -11324.5 687.512 -2.73719
5220 1626.6 -7117.83 687.317 -2.73623
5230 1351.13 3373.51 687.024 -2.735
5240 1339.05 5194.78 686.781 -2.73323
5250 1519.16 3299.98 686.627 -2.73068
5260 1676.39 2321.57 686.536 -2.72752
5270 1808.8 -1719.22 686.484 -2.72416
5280 1861.14 -3770.77 686.415 -2.72097
5290 1869.25 -6703.42 686.288 -2.71819
5300 1845.3 -7033.93 686.064 -2.71581
5310 1989.94 -12465.7 685.725 -2.71376
5320 2196.91 -18952.7 685.192 -2.71229
5330 2196.66 -18560.1 684.376 -2.71189
5340 2079.37 -16177.7 683.277 -2.7125
5350 1893.75 -11580.6 681.941 -2.71355
5360 1695.07 -3900.26 680.451 -2.7143
5370 1796.75 -2976.96 678.918 -2.71452
5380 2074.87 -8105.91 677.359 -2.71471
5390 2171.76 -8845.86 675.71 -2.71548
5400 1991.7 -4479.86 673.962 -2.71678
5410 1755.63 1493.93 672.181 -2.71794
5420 1648.03 6118.75 670.458 -2.71841
5430 1787.94 6103.57 668.857 -2.71836
5440 1915.86 9353.61 667.39 -2.71804
5450 2057.35 10033.6 666.093 -2.71785
5460 1932.43 13761.7 664.983 -2.71804
5470 1768.77 19592.5 664.113 -2.71813
5480 1970.81 16109.8 663.549 -2.71825
5490 1878.17 16714 663.254 -2.71848
5500 1769.27 18889.7 663.227 -2.71878
5510 1773.5 18768.5 663.492 -2.71891
5520 1971.15 12745.9 664.038 -2.71897
5530 2039.14 9817.11 664.784 -2.71921
5540 1933.83 9666.57 665.681 -2.7198
5550 1827.35 7732.02 666.719 -2.72048
5560 1789.12 6115.41 667.871 -2.72093
5570 1931.1 933.033 669.103 -2.72116
5580 2098.94 -5121.79 670.336 -2.72141
5590 2020.5 -2715.79 671.493 -2.72206
5600 1772.93 5215.43 672.608 -2.72295
5610 1848.73 2918.09 673.779 -2.72366
5620 2001.73 -260.725 674.988 -2.72419
5630 1875.92 1876.14 676.191 -2.72486
5640 1755.87 2565.34 677.411 -2.72545
5650 1835.62 -2694.03 678.653 -2.72572
5660 1923.76 -5335.81 679.847 -2.72576
5670 1927.7 -4247.96 680.949 -2.72588
5680 1887.5 -3268.96 681.975 -2.72611
5690 1886.68 -4488.54 682.936 -2.72636
5700 1812.58 -1666.69 683.824 -2.72656
5710 1744.81 20.432 684.676 -2.72663
5720 1794.61 -2909.37 685.516 -2.72643
5730 1844.02 -5048.29 686.305 -2.72603
5740 1805.05 -3425.16 687.011 -2.72556
5750 1770.31 -3763.98 687.653 -2.72503
5760 1788.71 -4895.5 688.228 -2.72436
5770 1736.29 -2977.59 688.725 -2.72355
5780 1712.98 -343.053 689.173 -2.72261
5790 1734.4 -2284.95 689.607 -2.72146
5800 1704.34 -3385.86 690.004 -2.72014
5810 1665.69 -4236.74 690.347 -2.71865
5820 1790.32 -9927.1 690.611 -2.71693
5830 1876.92 -14078.4 690.715 -2.71513
5840 1804.21 -12262.1 690.598 -2.71357
5850 1789.92 -10630.2 690.283 -2.71219
5860 1833.47 -7450.69 689.806 -2.71082
5870 1888.54 -5981.08 689.216 -2.70951
5880 1932.49 -3917.16 688.543 -2.70837
5890 1965.53 -1143.27 687.823 -2.7075
5900 1985.36 2278.56 687.102 -2.7069
5910 2003.63 4203.65 686.434 -2.70664
5920 1887.5 7686.99 685.854 -2.70665
5930 1744.71 13003.9 685.418 -2.70661
5940 1893.9 10729.1 685.196 -2.70641
5950 2101.63 5811.09 685.156 -2.70633
5960 2146.21 3109.93 685.221 -2.70681
5970 2084.26 -418.603 685.34 -2.70792
5980 1955.84 -766.26 685.463 -2.70928
5990 2085.48 -5357.45 685.571 -2.7108
6000 2092.97 -6409.1 685.603 -2.71265
6010 2044.71 -6543.84 685.537 -2.71477
6020 2051.42 -9244.28 685.366 -2.71707
6030 2048.9 -11688.5 685.054 -2.71951
6040 2096.77 -15017.9 684.561 -2.72221
6050 2066.85 -15736.2 683.84 -2.72519
6060 1991.93 -14424.8 682.884 -2.72823
6070 1984.08 -14469.6 681.714 -2.73119
6080 2004.3 -14360.5 680.335 -2.73412
6090 2014.17 -14748 678.753 -2.7371
6100 1930.71 -12124.7 676.973 -2.73999
6110 1894.67 -11659.6 675.032 -2.74258
6120 1928.48 -12214.7 672.946 -2.74499
6130 1884.26 -8350.67 670.715 -2.74723
6140 1746.63 -1600.89 668.405 -2.74885
6150 1722.13 585.246 666.111 -2.74979
6160 1640.38 3532.09 663.875 -2.75016
6170 1516.36 7216.58 661.74 -2.74976
6180 1705.4 5185.91 659.752 -2.74876
6190 1981.82 1480.15 657.881 -2.74753
6200 2025.36 2238.45 656.077 -2.74663
6210 1890.35 4883.41 654.349 -2.74609
6220 1814.58 6460.79 652.729 -2.74564
6230 1869.59 5357 651.235 -2.74512
6240 2010.7 3348.75 649.85 -2.74475
6250 1949.64 7586.41 648.555 -2.74462
6260 1801.92 11812.9 647.398 -2.74458
6270 1730.86 14859.3 646.436 -2.7443
6280 1964.13 11599.5 645.705 -2.74385
6290 2231.61 5039.14 645.155 -2.74374
6300 2315.13 4670.83 644.703 -2.74464
6310 2278.35 5472.13 644.333 -2.74665
6320 2148.82 10259.9 644.06 -2.74943
6330 1895.86 19498.8 643.952 -2.75225
6340 1708.91 23969.5 644.128 -2.75457
6350 1699.67 22961.7 644.646 -2.75632
6360 1807.36 17469.6 645.489 -2.75764
6370 2010 7652.24 646.573 -2.75869
6380 2268.89 -1551.98 647.76 -2.75997
6390 2173.67 -481.358 648.93 -2.76197
6400 1876.09 5593.01 650.088 -2.76427
6410 1838.03 5879.17 651.311 -2.7663
6420 1851.38 5304.08 652.609 -2.76796
6430 1795.79 9118.42 653.98 -2.76938
6440 1777.61 13082.8 655.475 -2.77058
6450 1831.72 14450.1 657.148 -2.77162
6460 1801.97 17145.6 659.025 -2.77258
6470 1698.51 20855.3 661.147 -2.77353
6480 1666.11 15743.7 663.552 -2.77418
6490 1723.02 9653.97 666.175 -2.7742
6500 1826.57 3857.99 668.922 -2.7737
6510 1917.47 -2642.01 671.702 -2.77281
6520 1889.36 -4780.06 674.417 -2.77186
6530 1772.23 -3854.27 677.033 -2.77103
6540 1687.84 -3316.69 679.56 -2.77017
6550 1682.87 -4183.32 682.004 -2.76904
6560 1721.83 -7176.5 684.351 -2.76755
6570 1736.6 -9244.91 686.556 -2.76577
6580 1681.13 -7687.82 688.59 -2.7639
6590 1609.29 -7783.66 690.47 -2.76196
6600 1500.36 -3069.62 692.208 -2.75988
6610 1434.1 -409.937 693.872 -2.75764
6620 1605.76 -7788.75 695.493 -2.75483
6630 1759.51 -12095.4 696.971 -2.75134
6640 1847.14 -14437.8 698.23 -2.74784
6650 1984.28 -20352.7 699.225 -2.7446
6660 2083.2 -23779.6 699.868 -2.74193
6670 2113.55 -24838.7 700.106 -2.74025
6680 2026.03 -23038.8 699.926 -2.73957
6690 1828.78 -16785.8 699.371 -2.73948
6700 1652.74 -11512.6 698.543 -2.73939
6710 1590.59 -7470.78 697.539 -2.7389
6720 1658.31 -6125.2 696.428 -2.7379
6730 1819.67 -8447.93 695.234 -2.73658
6740 2018.08 -10737.3 693.926 -2.73529
6750 2162.69 -13338.7 692.467 -2.73456
6760 2136.65 -11175.5 690.827 -2.73476
6770 1821.81 -3088.46 689.049 -2.73536
6780 1738.05 -899.178 687.251 -2.73557
6790 2113.61 -8891.51 685.461 -2.73576
6800 2356.86 -9963.56 683.58 -2.73676
6810 2305.41 -3420.97 681.59 -2.73893
6820 2000.39 7235.86 679.599 -2.74135
6830 1945.72 7366.11 677.751 -2.74344
6840 1965.44 6293.37 676.063 -2.74546
6850 1986.18 4241.47 674.511 -2.74742
6860 2121.63 -614.951 673.059 -2.74964
6870 2153.48 384.984 671.638 -2.75235
6880 1933.83 5916.4 670.263 -2.75509
6890 1678.13 10679.7 669.011 -2.75709
6900 1826.6 8926.92 667.946 -2.75841
6910 2018.43 3999.67 667.038 -2.75965
6920 1949.48 7937.88 666.228 -2.76103
6930 1918.54 9896.4 665.557 -2.76232
6940 1998.35 8750.66 665.053 -2.76364
6950 1960.82 8942.55 664.701 -2.76505
6960 1863.89 7904.94 664.495 -2.76645
6970 1693.83 10557.2 664.427 -2.76753
6980 1630.9 9675.82 664.521 -2.76808
6990 1684.31 6612.93 664.764 -2.76811
7000 1742.56 5233.16 665.114 -2.7677
7010 1939.13 -304.842 665.537 -2.7671
7020 1955.52 -284.28 665.963 -2.7666
7030 1846.35 3167.15 666.389 -2.76633
7040 1932.3 -778.458 666.853 -2.76613
7050 2008.01 -2004.92 667.306 -2.76605
7060 1942.83 5083.55 667.741 -2.76628
7070 1848.36 8222.67 668.247 -2.76669
7080 1795.07 10912 668.879 -2.76704
7090 1840.46 9659.12 669.673 -2.76725
7100 1938.31 3342.55 670.604 -2.76735
7110 1928.48 -1713.12 671.582 -2.76747
7120 1832.44 -6776.34 672.525 -2.76758
7130 1756.76 -11324.9 673.354 -2.76751
7140 1721.64 -14325.4 673.999 -2.76715
7150 1768.37 -17514.3 674.413 -2.76656
7160 1784.09 -17241.7 674.552 -2.76584
7170 1775.84 -13219 674.428 -2.76507
7180 1912.99 -15404.5 674.093 -2.76428
7190 2067.8 -18434.8 673.526 -2.76373
7200 2093.99 -20540.8 672.684 -2.76385
7210 1974.84 -19240.9 671.543 -2.76464
7220 1757.74 -13937.3 670.133 -2.76555
7230 1629.69 -9097.86 668.535 -2.76604
7240 1688.31 -9012.77 666.822 -2.76596
7250 1896.14 -13600.7 665 -2.76566
7260 2027.44 -15357.3 663.014 -2.76557
7270 2098.53 -16660.3 660.837 -2.76605
7280 2062.28 -14380.1 658.461 -2.76713
7290 2007.21 -8959.84 655.925 -2.76848
7300 1992.75 -5660.75 653.307 -2.76984
7310 1969.13 -772.186 650.668 -2.77115
7320 1932.64 5728.04 648.078 -2.77224
7330 1772.7 16020.8 645.635 -2.77285
7340 1630.52 23703.6 643.475 -2.77257
7350 1920.25 18858.9 641.689 -2.77196
7360 2237.05 12934.9 640.211 -2.77181
7370 2287.46 11465.2 638.957 -2.77273
7380 2124.64 13808 637.902 -2.77453
7390 2084.81 11589.4 637.061 -2.77668
7400 2163.05 5419.34 636.399 -2.7793
7410 2022.64 5156.75 635.84 -2.78223
7420 1807.52 7988.36 635.372 -2.78481
7430 1706.15 7594.56 635.025 -2.78675
7440 1606.45 10357.7 634.801 -2.78797
7450 1550.47 13950.7 634.731 -2.78846
7460 1633.41 13066.8 634.857 -2.78832
7470 1861.22 4806.79 635.161 -2.78774
7480 2036.04 -1481.71 635.535 -2.7871
7490 2003.68 -1156.39 635.897 -2.78683
7500 1939.72 -934.27 636.242 -2.78694
7510 1926.38 -219.533 636.576 -2.78718
7520 2009.28 -552.519 636.906 -2.78758
7530 2131.8 -3168.64 637.225 -2.78828
7540 2126.91 -3514.78 637.503 -2.78957
7550 1852.42 3460.49 637.743 -2.79113
7560 1674.86 7598.67 638.031 -2.79233
7570 1717.62 4469.82 638.417 -2.793
7580 1827.49 2635.33 638.869 -2.79323
7590 2013.63 -1014.34 639.353 -2.79339
7600 1950.97 1041.16 639.829 -2.79378
7610 1614.5 9465.28 640.326 -2.79423
7620 1339.57 15256.2 640.953 -2.79421
7630 1374.35 13657.7 641.783 -2.7935
7640 1470.21 9497.92 642.799 -2.79192
7650 1698.79 2903.51 643.939 -2.78962
7660 1920.44 -2697.99 645.111 -2.78678
7670 1997.21 -4756.52 646.238 -2.78414
7680 1913.39 -2579.65 647.291 -2.78212
7690 1777.89 1443.6 648.3 -2.78061
7700 1715.79 2673.04 649.316 -2.77926
7710 1688.93 4764.75 650.367 -2.77783
7720 1736.79 967.38 651.468 -2.77623
7730 1762.02 -275.958 652.578 -2.77444
7740 1790.17 186.824 653.675 -2.77264
7750 1958.33 -3617.81 654.76 -2.77084
7760 2008.68 -4117.33 655.785 -2.76926
7770 2046.12 -4093.66 656.741 -2.76825
7780 2073.45 -4388.94 657.628 -2.76778
7790 1998.98 -1151.95 658.447 -2.76786
7800 1890.71 3533.7 659.244 -2.76827
7810 1833.5 7516.46 660.089 -2.76875
7820 1770.85 13604.5 661.044 -2.76918
7830 1711.72 18564.9 662.198 -2.76951
7840 1740.79 15921.3 663.615 -2.76966
7850 1759.05 11286.3 665.26 -2.76947
7860 1783.87 7518.45 667.065 -2.76901
7870 1914.53 1930.43 668.966 -2.76832
7880 1971.23 -1856.67 670.882 -2.76758
7890 1953.32 -5901.01 672.749 -2.76703
7900 1875.58 -9353.37 674.505 -2.76658
7910 1775.58 -10377 676.098 -2.76611
7920 1699.53 -9625.8 677.512 -2.7655
7930 1632.32 -7137.72 678.761 -2.76466
7940 1630.92 -7362.14 679.879 -2.76348
7950 1783.75 -10301.2 680.864 -2.76193
7960 1933.06 -14143.7 681.672 -2.76019
7970 2069.51 -19478.5 682.243 -2.75873
7980 2134.23 -22705.5 682.499 -2.75795
7990 2061.12 -20252.5 682.398 -2.75803
8000 1991.26 -18101 681.976 -2.75866
8010 2045.8 -16871.8 681.273 -2.75969
8020 1997.24 -13293.1 680.32 -2.76102
8030 1887.25 -7929.68 679.176 -2.7624
8040 1792.59 -2544.01 677.932 -2.76351
8050 1705.77 59.551 676.67 -2.76416
8060 1655.77 1739.04 675.437 -2.7643
8070 1579.3 3228.72 674.256 -2.76396
8080 1515.21 5288.51 673.153 -2.76303
8090 1668.15 2350.88 672.15 -2.76158
8100 1760.57 -2636.52 671.203 -2.75981
8110 1768.83 -7536.62 670.237 -2.75805
8120 1864.01 -11025.4 669.177 -2.75642
8130 2020.8 -13644.8 667.97 -2.75502
8140 2050.09 -13004.2 666.582 -2.75418
8150 1879.82 -5554.91 665.034 -2.7538
8160 1754.58 -67.1915 663.43 -2.75338
8170 1782.07 2407.43 661.856 -2.75269
8180 1898.11 2667.59 660.35 -2.75184
8190 2044.43 1307.71 658.915 -2.75114
8200 2135.19 1169.45 657.533 -2.75095
8210 2086.71 3621.32 656.203 -2.75138
8220 1940.23 7415.12 654.959 -2.75217
8230 1724.43 12292.2 653.855 -2.75278
8240 1742.74 11839.4 652.951 -2.75299
8250 1902.25 9450.46 652.24 -2.75296
8260 1940.88 8457.52 651.69 -2.75302
8270 1788.72 10349.6 651.281 -2.75317
8280 1627.03 13479.2 651.041 -2.75309
8290 1748.4 9198.77 650.998 -2.75262
8300 2012.71 1933.38 651.094 -2.75194
8310 2134.11 -2659.29 651.225 -2.7516
8320 1958.54 2057.17 651.335 -2.75188
8330 1632.44 8576.4 651.48 -2.75224
8340 1508.08 11598.3 651.751 -2.75215
8350 1621.84 7800.88 652.184 -2.75144
8360 1723.82 5613.73 652.735 -2.75022
8370 1809.62 5179.36 653.369 -2.74879
8380 1902.65 1020.68 654.071 -2.74732
8390 2068.14 -2542.76 654.785 -2.74603
8400 2136.01 -3649.35 655.46 -2.74528
8410 1983.44 1229.22 656.084 -2.74526
8420 1775.01 7122.28 656.727 -2.74553
8430 1830.98 5360.41 657.46 -2.74568
8440 1959.7 4897.87 658.275 -2.7457
8450 2135.85 -1948.65 659.147 -2.74594
8460 2123.26 -1429.6 659.996 -2.74671
8470 1956.56 3114.85 660.823 -2.74798
8480 1795.38 3852.37 661.686 -2.74922
8490 1816.13 837.761 662.598 -2.75012
8500 1943.69 -3837.41 663.513 -2.75076
8510 2032.55 -6634.53 664.365 -2.75144
8520 2076.39 -7862.76 665.111 -2.75241
8530 2058.43 -6190.92 665.735 -2.75377
8540 1977.84 -2540.36 666.264 -2.75538
8550 1883.85 1459.06 666.753 -2.75699
8560 1831.93 4528.15 667.262 -2.7584
8570 1800.08 6157.73 667.838 -2.75954
8580 1751 6237.38 668.506 -2.76035
8590 1766.75 3646.33 669.263 -2.7608
8600 1844.19 -162.853 670.07 -2.76093
8610 1994.95 -7372.48 670.864 -2.76092
8620 2114.94 -14907.5 671.538 -2.76113
8630 2124.79 -16671.5 671.982 -2.7619
8640 2030.78 -14817.2 672.169 -2.76324
8650 1814.4 -11125.4 672.127 -2.76471
8660 1531.9 -3948.43 671.924 -2.76568
8670 1441.21 660.201 671.663 -2.76581
8680 1640.71 -2727 671.408 -2.76516
8690 1944.41 -8117.32 671.117 -2.76403
8700 2190.13 -12880.9 670.711 -2.76315
8710 2167.55 -11216.8 670.125 -2.76318
8720 1896.88 -5662.38 669.384 -2.76385
8730 1625.8 -515.074 668.572 -2.76437
8740 1487.9 3218.3 667.768 -2.76425
8750 1580.71 3332.46 667.026 -2.76343
8760 1790.56 1839.86 666.351 -2.76209
8770 1824.93 4378.94 665.726 -2.76056
8780 1723.43 11280.7 665.19 -2.7591
8790 1631.48 16836.6 664.839 -2.75757
8800 1653.17 17588.6 664.751 -2.75586
8810 1755.7 16612.5 664.94 -2.75396
8820 1947.62 12122.3 665.381 -2.75201
8830 2016.79 8570.02 666.011 -2.75034
8840 1973.09 5284.58 666.772 -2.74923
8850 1813.36 4227.03 667.613 -2.7485
8860 1674.68 4010.47 668.516 -2.74782
8870 1679.61 611.73 669.47 -2.74686
8880 1708.14 -2235.63 670.427 -2.74555
8890 1718.21 -3930.54 671.343 -2.74399
8900 1748.41 -5749.54 672.189 -2.7423
8910 1746.28 -5672.64 672.942 -2.7405
8920 1857.19 -8923.61 673.596 -2.73868
8930 1874.38 -11141.4 674.107 -2.73691
8940 1808.59 -8628.81 674.448 -2.73541
8950 1782.78 -7083.77 674.649 -2.73405
8960 1826.68 -6963.23 674.741 -2.7327
8970 1916.04 -9789.34 674.721 -2.73141
8980 1901.47 -9291.37 674.558 -2.73036
8990 1789.74 -7496.58 674.258 -2.72951
9000 1850.96 -10906.5 673.841 -2.72872
9010 1951.86 -10486 673.27 -2.72799
9020 2055.32 -7684.41 672.551 -2.72752
9030 2173.31 -7028.79 671.726 -2.72761
9040 2086.59 -4217.03 670.813 -2.7284
9050 1877.44 2001.75 669.86 -2.72943
9060 1777.39 6356.24 668.956 -2.73022
9070 1777.38 9965.21 668.17 -2.73061
9080 1893.68 10772.4 667.553 -2.73076
9090 2054.5 9318.97 667.115 -2.73098
9100 2160.1 9162.41 666.838 -2.73171
9110 2076.87 10754.9 666.715 -2.73305
9120 1839.11 12753 666.766 -2.73459
9130 1622.56 15858.6 667.024 -2.73576
9140 1650.83 12944.7 667.52 -2.73632
9150 1944.84 3163.67 668.205 -2.73643
9160 2128.96 -2714.13 668.943 -2.73657
9170 2085.12 -4250.27 669.64 -2.73723
9180 1947.12 -1426.96 670.274 -2.7383
9190 1800.35 2656.06 670.885 -2.73937
9200 1645.66 7032.24 671.536 -2.7401
9210 1654.84 9082.19 672.291 -2.74034
9220 1885.51 5751.48 673.176 -2.74018
9230 1956.67 4695.07 674.15 -2.73997
9240 1751.67 8396.9 675.199 -2.73995
9250 1543.56 10851.1 676.372 -2.73982
9260 1659.45 5507.61 677.697 -2.73916
9270 1976.53 -3641.31 679.094 -2.7379
9280 2127.21 -10927.5 680.423 -2.73663
9290 2037.33 -11495.1 681.576 -2.73601
9300 1885.32 -9553.29 682.536 -2.73591
9310 1721.93 -5989.88 683.337 -2.73587
9320 1679.01 -4443.3 684.032 -2.73559
9330 1775.17 -6974.33 684.645 -2.73494
9340 1854.79 -9226.55 685.142 -2.7341
9350 1850.59 -10247.6 685.489 -2.73329
9360 1913.29 -13221.2 685.666 -2.73256
9370 2059.15 -17366.7 685.627 -2.73208
9380 2062.17 -16054 685.321 -2.73215
9390 2013 -14850.6 684.762 -2.73273
9400 2011.27 -14358.6 683.974 -2.73371
9410 1945.24 -11203.6 682.977 -2.73488
9420 1868.38 -8731.02 681.817 -2.73603
9430 1843.8 -5844.85 680.541 -2.73699
9440 1847.07 -3734.63 679.197 -2.73774
9450 1812.64 -761.929 677.822 -2.73825
9460 1808.75 1522.85 676.463 -2.73846
9470 1948.15 -696.836 675.15 -2.73855
9480 2129.6 -5091.37 673.85 -2.73893
9490 2256.52 -6815 672.502 -2.74007
9500 2273.99 -7752.77 671.077 -2.74216
9510 2216.08 -4780.28 669.566 -2.74511
9520 2007.18 4545.97 668.023 -2.74816
9530 1882.27 10699.7 666.577 -2.75069
9540 1853.56 14053.8 665.323 -2.75269
9550 1851.78 15184.2 664.31 -2.75434
9560 1860.02 14362.7 663.55 -2.7557
9570 1939.51 11730.2 663.025 -2.75698
9580 1930.94 9783.83 662.695 -2.75829
9590 1798.16 10157.7 662.528 -2.75949
9600 1660.74 10416.4 662.524 -2.76031
9610 1621.4 10416.3 662.685 -2.76059
9620 1731.99 6888.85 663.003 -2.76039
9630 1822.46 1869.65 663.425 -2.75985
9640 1801.38 1268.8 663.882 -2.75922
9650 1764.91 -1128.41 664.354 -2.75851
9660 1824.22 -4131.59 664.809 -2.75764
9670 2028.55 -10288.3 665.193 -2.75675
9680 2151.27 -12750.9 665.424 -2.75629
9690 2037.99 -10508.5 665.469 -2.75655
9700 1857.33 -7579.69 665.357 -2.75716
9710 1744.97 -2535.9 665.14 -2.75764
9720 1667.61 2158.04 664.893 -2.75774
9730 1693.74 3996.71 664.682 -2.75742
9740 1770.03 6082.38 664.542 -2.75674
9750 1792.53 6781.97 664.503 -2.75589
9760 1761.31 6070.08 664.57 -2.755
9770 1688.54 7426.97 664.739 -2.75397
9780 1819.59 3999.35 665.019 -2.75279
9790 1905.93 1294.22 665.362 -2.75148
9800 1937.01 901.66 665.73 -2.75041
9810 1823.03 2682.84 666.115 -2.74959
9820 1673.5 7160.45 666.547 -2.74884
9830 1849.17 2562.36 667.076 -2.74789
9840 2090.94 -2645.28 667.642 -2.74685
9850 2053.02 -4198.64 668.172 -2.74633
9860 1804.09 -3380.31 668.638 -2.74624
9870 1708.96 -2004.21 669.052 -2.74608
9880 1896.22 -4224.34 669.429 -2.74567
9890 2067.41 -5574.45 669.742 -2.74529
9900 2104.26 -4770.41 669.973 -2.74541
9910 2008.65 -1214.08 670.136 -2.74606
9920 1894.03 -12.2617 670.281 -2.74693
9930 1837.93 -708.804 670.427 -2.7477
9940 1862.08 312.463 670.568 -2.7483
9950 1950.73 -1405.75 670.714 -2.74882
9960 2069.92 -3052.22 670.842 -2.7495
9970 2182.29 -3474.99 670.929 -2.75063
9980 2232.75 -4022.13 670.966 -2.75248
9990 2182.63 -3759.55 670.948 -2.75504
10000 2036.56 -3318.26 670.878 -2.75793
