# Time-averaged data for fix 4
# TimeStep c_mytemp c_mypress v_vmyvol v_avgEtotal
10 970.415 103208 504.929 -3.10538
20 1016.93 100404 505.081 -3.10484
30 1098.64 99110.7 505.244 -3.10416
40 1143.69 98956.3 505.397 -3.10345
50 1168.93 99901.5 505.538 -3.10288
60 1238.42 97480.4 505.675 -3.10252
70 1249.56 97376.6 505.783 -3.10243
80 1182.71 96319.9 505.852 -3.1026
90 1100.41 96354.4 505.873 -3.1028
100 1082.89 96019.4 505.842 -3.10284
110 1123.2 97207.2 505.759 -3.10269
120 1174.28 96751.9 505.638 -3.10247
130 1164.39 96936.6 505.476 -3.10227
140 1069.92 98470.1 505.277 -3.10204
150 975.422 100132 505.062 -3.10163
160 987.307 101198 504.856 -3.10095
170 1114.8 100773 504.672 -3.10006
180 1245.2 99314 504.506 -3.09921
190 1266.23 98888.7 504.337 -3.09867
200 1191.26 99974.1 504.162 -3.09848
210 1105.43 101786 503.994 -3.09842
220 1095.01 101972 503.858 -3.09835
230 1134.92 101226 503.755 -3.09828
240 1130.15 100830 503.677 -3.09824
250 1080.31 101941 503.618 -3.09822
260 1076.12 103607 503.594 -3.09817
270 1123.82 103091 503.624 -3.09813
280 1200.47 99517.8 503.7 -3.0982
290 1186.81 99155.3 503.778 -3.09843
300 1110.06 100643 503.848 -3.09876
310 1038.81 103596 503.933 -3.09906
320 1037.75 105289 504.073 -3.09928
330 1137.97 102324 504.286 -3.0995
340 1260.89 99231 504.537 -3.09982
350 1336.68 95529.9 504.776 -3.10047
360 1287.92 94994.5 504.955 -3.10152
370 1103.63 97724.3 505.067 -3.10265
380 923.471 98946.7 505.144 -3.10343
390 887.279 101398 505.212 -3.1037
400 1038.12 100165 505.298 -3.10357
410 1178.53 98129 505.388 -3.10324
420 1211.14 97252.9 505.456 -3.10299
430 1211.59 96430.6 505.487 -3.10293
440 1209.93 94845.6 505.467 -3.10302
450 1169.25 94866.9 505.379 -3.10316
460 1108.68 96334.7 505.222 -3.10321
470 1076.03 96511.8 505.015 -3.10307
480 1068.93 98403.4 504.767 -3.10272
490 1086.27 98835.1 504.5 -3.10218
500 1145.53 95450.3 504.219 -3.10156
510 1131.05 96927.8 503.887 -3.10089
520 1036.92 101298 503.522 -3.10012
530 949.628 101700 503.179 -3.09923
540 920.062 102794 502.872 -3.0981
550 1011.48 102621 502.612 -3.09674
560 1180.41 101825 502.398 -3.09526
570 1364.32 100701 502.217 -3.094
580 1490.51 100333 502.055 -3.09351
590 1452.01 101740 501.909 -3.09413
600 1180.97 107149 501.8 -3.09545
610 883.729 112115 501.802 -3.09654
620 1069.3 108658 501.974 -3.09745
630 1304.9 104131 502.273 -3.09853
640 1189.6 105890 502.642 -3.10008
650 972.06 108109 503.099 -3.10169
660 1020.9 103291 503.662 -3.10316
670 1122.81 99926.9 504.274 -3.10443
680 1157.84 98905.4 504.885 -3.10565
690 1183.9 96954.4 505.475 -3.10687
700 1304.56 91793.6 506.011 -3.10818
710 1251.7 92215.4 506.433 -3.1096
720 1139.08 93173.2 506.737 -3.11098
730 1101.5 92856.8 506.938 -3.11208
740 1089.8 93971.1 507.037 -3.11284
750 1063.69 93043.2 507.044 -3.11326
760 998.632 94399.8 506.956 -3.11329
770 957.666 96240.7 506.79 -3.11289
780 990.497 95289.5 506.57 -3.11208
790 1107.45 93110 506.286 -3.11091
800 1255.48 90880.5 505.907 -3.10958
810 1309.23 91344.9 505.407 -3.10841
820 1172.1 95605.7 504.796 -3.10745
830 941.575 100947 504.135 -3.10638
840 850.366 105327 503.501 -3.10494
850 997.474 103963 502.95 -3.10319
860 1217.78 100354 502.467 -3.10132
870 1337.08 101094 502.008 -3.09972
880 1330.9 102282 501.576 -3.09877
890 1245.93 103608 501.189 -3.09845
900 1125.97 106468 500.868 -3.09844
910 1036.71 106698 500.646 -3.0985
920 1003.32 106067 500.528 -3.09851
930 1008.51 105991 500.505 -3.09842
940 1044.38 105962 500.573 -3.0983
950 1065.9 105736 500.731 -3.09821
960 1033.4 106914 500.976 -3.09822
970 954.686 108364 501.323 -3.09834
980 882.065 107504 501.789 -3.09851
990 916.294 105758 502.361 -3.0986
1000 1099.23 101944 503.011 -3.09845
1010 1313.98 98605.5 503.686 -3.09821
1020 1408.98 96381 504.339 -3.09842
1030 1337.61 95930.6 504.937 -3.0994
1040 1167.71 95998.4 505.473 -3.10081
1050 981.582 98686.4 505.952 -3.1021
1060 937.977 99694.2 506.406 -3.10303
1070 1004.65 97630.1 506.848 -3.10358
1080 964.723 97669.9 507.257 -3.10381
1090 857.362 97523.2 507.629 -3.10376
1100 829.773 95966.9 507.96 -3.10335
1110 957.383 93770.4 508.229 -3.10239
1120 1178.68 89878.5 508.402 -3.10085
1130 1338.36 87912.1 508.428 -3.09915
1140 1339.59 89527.9 508.282 -3.09782
1150 1253.93 91718.5 507.987 -3.09695
1160 1243.09 91227.6 507.574 -3.09629
1170 1304.14 90120.3 507.039 -3.09575
1180 1288.72 90833.1 506.373 -3.0954
1190 1140.2 94126.7 505.589 -3.09501
1200 977.859 98834.1 504.737 -3.09419
1210 916.027 101176 503.881 -3.09286
1220 939.342 103845 503.061 -3.09113
1230 996.452 106716 502.313 -3.08914
1240 1062.27 109846 501.68 -3.08712
1250 1149.53 109072 501.2 -3.08532
1260 1243.02 107091 500.862 -3.08395
1270 1295.58 106357 500.638 -3.08319
1280 1280.97 107815 500.518 -3.08312
1290 1215.37 110597 500.521 -3.08366
1300 1154.58 109765 500.678 -3.08466
1310 1127.14 106496 500.976 -3.0859
1320 1185.4 103526 501.369 -3.08728
1330 1249.94 103902 501.819 -3.08888
1340 1227.45 103277 502.322 -3.09081
1350 1110.23 104833 502.875 -3.09288
1360 1049.51 103525 503.492 -3.09489
1370 991.545 102049 504.156 -3.09668
1380 911.202 105233 504.854 -3.09817
1390 1017.98 101679 505.614 -3.09941
1400 1190.41 97017.5 506.392 -3.1004
1410 1259.05 92894.3 507.121 -3.10138
1420 1213.25 92660.9 507.745 -3.1025
1430 1117.68 93742.9 508.256 -3.10363
1440 1036.83 94411.6 508.671 -3.10452
1450 1045.28 91924.6 508.996 -3.10506
1460 1141.82 88664 509.199 -3.10521
1470 1257.68 86157.3 509.233 -3.10514
1480 1266.4 86741.5 509.067 -3.10505
1490 1156.42 90290.6 508.714 -3.1049
1500 1072.16 92235.3 508.222 -3.10447
1510 1048.87 92713.4 507.622 -3.10366
1520 1031.12 95018.3 506.931 -3.10246
1530 1043.81 95038.9 506.177 -3.10092
1540 1051.23 96883.9 505.368 -3.09911
1550 1064.37 99564.2 504.53 -3.09708
1560 1173.46 101514 503.702 -3.09495
1570 1332.7 99591.6 502.909 -3.09307
1580 1318.63 101237 502.133 -3.09176
1590 1157.59 106538 501.397 -3.09088
1600 1020.78 109828 500.77 -3.09009
1610 1027.92 110623 500.296 -3.08933
1620 1133.72 109690 499.986 -3.08871
1630 1222.23 111001 499.828 -3.08843
1640 1259.69 110636 499.835 -3.08874
1650 1228.63 109934 500 -3.08968
1660 1135.81 109392 500.313 -3.09107
1670 1051.52 107838 500.761 -3.09261
1680 1034.79 108217 501.324 -3.09415
1690 1090.14 106531 502.001 -3.09569
1700 1218.47 101616 502.765 -3.09734
1710 1195.85 98599.5 503.55 -3.09911
1720 1090.89 98012.3 504.313 -3.10091
1730 1070.3 96619 505.039 -3.10252
1740 1130.17 93916.9 505.708 -3.10387
1750 1157.73 94075.6 506.286 -3.10503
1760 1110.94 95747.9 506.774 -3.10607
1770 1043.46 94326.7 507.193 -3.10693
1780 1040.22 93660.4 507.526 -3.10743
1790 1145.9 93068.9 507.764 -3.10762
1800 1226.32 91393.4 507.898 -3.10768
1810 1198.65 90631.6 507.908 -3.10775
1820 1137.85 91149.4 507.783 -3.10773
1830 1110.8 92448.6 507.532 -3.10751
1840 1078.94 95065.9 507.18 -3.10701
1850 1093.63 94898.9 506.759 -3.10626
1860 1154.42 94009.9 506.271 -3.10533
1870 1168.84 94826.5 505.709 -3.10433
1880 1100.39 97977 505.087 -3.10328
1890 1057.26 102666 504.45 -3.10205
1900 1174.94 101411 503.859 -3.1008
1910 1242.43 100721 503.304 -3.09974
1920 1217.08 102166 502.776 -3.099
1930 1153.05 102982 502.291 -3.0985
1940 1068.13 104273 501.862 -3.09808
1950 981.088 104408 501.504 -3.09758
1960 944.254 106073 501.223 -3.09691
1970 1020.55 105236 501.034 -3.0961
1980 1164.88 104715 500.93 -3.09526
1990 1256.23 105445 500.901 -3.0947
2000 1223.57 106645 500.958 -3.09467
2010 1104.39 108376 501.116 -3.09509
2020 1008.67 108350 501.396 -3.09571
2030 1003.83 106364 501.796 -3.09636
2040 1053.82 104652 502.289 -3.09695
2050 1117.91 102104 502.845 -3.09754
2060 1140.07 101849 503.433 -3.0982
2070 1117.16 101890 504.045 -3.09899
2080 1147.17 98219.5 504.677 -3.09987
2090 1205.47 94570.8 505.278 -3.10073
2100 1222.58 93651.3 505.799 -3.10164
2110 1174.9 94589.8 506.226 -3.10261
2120 1087.26 97613.2 506.575 -3.10351
2130 1046.49 97874.3 506.883 -3.10424
2140 1066.05 95349.8 507.156 -3.10472
2150 1081.7 93748.6 507.361 -3.10493
2160 1041.65 93657.6 507.476 -3.10489
2170 989.794 93090.1 507.498 -3.10453
2180 1018.67 93456.4 507.422 -3.1038
2190 1128.64 92139.6 507.25 -3.10273
2200 1203.19 91065.1 506.968 -3.10151
2210 1167.55 93296.1 506.566 -3.1003
2220 1133.54 98505.2 506.08 -3.09907
2230 1289.69 97501.2 505.574 -3.09793
2240 1421.36 95959.1 505.043 -3.09722
2250 1337.99 98262.4 504.47 -3.09715
2260 1150.33 103114 503.89 -3.09731
2270 1040.2 105383 503.366 -3.09731
2280 984.509 105767 502.931 -3.0971
2290 968.602 104909 502.588 -3.09669
2300 1008.36 104031 502.327 -3.09611
2310 1043.38 104839 502.135 -3.09543
2320 1026.82 105110 502.019 -3.09475
2330 970.878 107331 501.988 -3.0941
2340 1032.64 105688 502.062 -3.09346
2350 1201.19 103114 502.221 -3.09284
2360 1362.09 100706 502.429 -3.09253
2370 1391.8 99351.8 502.651 -3.09293
2380 1261.92 101837 502.871 -3.09399
2390 1107.01 102944 503.118 -3.0953
2400 1044.23 101005 503.405 -3.0965
2410 1060.75 99864 503.709 -3.09748
2420 1030.12 100262 504.012 -3.09824
2430 951.137 101642 504.32 -3.09878
2440 970.97 99502.1 504.648 -3.09904
2450 1121.16 96315.1 504.966 -3.099
2460 1246.3 95027.8 505.232 -3.09884
2470 1265.51 95776.4 505.429 -3.09888
2480 1216.72 96596.7 505.565 -3.0992
2490 1160.73 95929 505.652 -3.09965
2500 1108.7 95681.2 505.682 -3.10002
2510 1076.06 95487.8 505.651 -3.10019
2520 1093.78 96215.5 505.56 -3.10012
2530 1140.08 95686.7 505.417 -3.09988
2540 1138.67 96391.4 505.217 -3.09954
2550 1114.86 97515.5 504.972 -3.09914
2560 1108.6 97066.4 504.696 -3.09865
2570 1089.39 97753.9 504.387 -3.09806
2580 1033.54 100437 504.055 -3.09733
2590 938.305 105426 503.743 -3.09642
2600 897.32 106387 503.512 -3.09539
2610 965.589 106050 503.382 -3.09421
2620 1104.46 102956 503.342 -3.09293
2630 1173.58 100362 503.352 -3.09174
2640 1142.1 100529 503.375 -3.0908
2650 1158.86 99702.5 503.409 -3.09009
2660 1278.84 97495.1 503.44 -3.08958
2670 1344.44 98262.9 503.443 -3.08944
2680 1283.98 99319.6 503.425 -3.08983
2690 1225.09 100566 503.404 -3.09054
2700 1241.48 99779.4 503.393 -3.09145
2710 1226.34 100177 503.386 -3.09253
2720 1124.94 100864 503.386 -3.09365
2730 1002.99 102667 503.405 -3.09456
2740 928.316 104034 503.466 -3.09513
2750 933.691 103451 503.587 -3.09539
2760 967.735 102597 503.761 -3.09537
2770 1055.51 100469 503.972 -3.09514
2780 1176.17 100347 504.195 -3.09481
2790 1271.31 98526.8 504.422 -3.09465
2800 1287.02 95790.6 504.628 -3.09486
2810 1278.07 95157.9 504.777 -3.0954
2820 1301.77 96733.5 504.86 -3.0962
2830 1321.09 97088.2 504.896 -3.09734
2840 1213.22 98072.9 504.895 -3.0987
2850 1025.71 100514 504.872 -3.09987
2860 935.431 100128 504.858 -3.10057
2870 992.332 97878.4 504.846 -3.10083
2880 1073.94 97920.4 504.811 -3.10075
2890 1062.91 99978.5 504.751 -3.10048
2900 1041.84 101445 504.697 -3.1001
2910 1047.48 100859 504.665 -3.09963
2920 1107.27 100610 504.651 -3.09909
2930 1182.25 98913 504.649 -3.09858
2940 1192.26 99182.3 504.638 -3.09822
2950 1127.71 100884 504.621 -3.09804
2960 1104.79 102076 504.622 -3.09793
2970 1186.5 101584 504.655 -3.0979
2980 1213.6 101664 504.718 -3.09807
2990 1126.66 100801 504.807 -3.09845
3000 1031.51 98431.1 504.908 -3.09881
3010 1020.66 98908.4 504.994 -3.09894
3020 1109.21 99455.9 505.067 -3.09885
3030 1187.09 98380.3 505.132 -3.09872
3040 1176.46 96290.6 505.176 -3.09869
3050 1133.83 96870.7 505.172 -3.0987
3060 1142.07 98013.2 505.127 -3.09867
3070 1156.34 98585 505.057 -3.09864
3080 1084.9 101496 504.975 -3.0986
3090 983.475 103101 504.918 -3.09849
3100 983.757 102491 504.909 -3.09821
3110 1146.3 99724.7 504.939 -3.09776
3120 1319.18 98171.2 504.97 -3.09738
3130 1306.17 98126.9 504.98 -3.09746
3140 1124.45 99364.2 504.969 -3.09787
3150 1011.37 100997 504.955 -3.09819
3160 1050.98 99861.8 504.955 -3.09829
3170 1121.2 99786 504.96 -3.09822
3180 1198.96 98155.4 504.963 -3.09815
3190 1239.78 96844.2 504.943 -3.09823
3200 1201.18 98679.3 504.887 -3.09848
3210 1105.07 99694.7 504.814 -3.09881
3220 1036.67 100229 504.743 -3.09899
3230 1098.17 98804.6 504.677 -3.09899
3240 1178.25 98490.8 504.6 -3.09891
3250 1146.09 100914 504.511 -3.09888
3260 1063.49 101083 504.437 -3.09889
3270 1033.65 100191 504.383 -3.09879
3280 1094.85 102223 504.341 -3.09853
3290 1260.06 98582 504.328 -3.09832
3300 1306.5 97256.7 504.304 -3.0984
3310 1214.37 98206 504.247 -3.09883
3320 1106.07 100508 504.171 -3.09932
3330 1097.71 100520 504.105 -3.09969
3340 1154.87 100200 504.051 -3.09999
3350 1210.06 99561.8 504.005 -3.10035
3360 1210.35 99438.3 503.959 -3.10085
3370 1142.68 100169 503.911 -3.10145
3380 1002.59 99800.9 503.868 -3.10194
3390 851.23 102145 503.832 -3.10205
3400 810.137 103807 503.83 -3.10175
3410 933.43 100254 503.88 -3.10103
3420 1061.39 99795.9 503.941 -3.09994
3430 1137.28 100585 504.004 -3.09876
3440 1172.26 101475 504.08 -3.09775
3450 1190.43 101306 504.179 -3.09704
3460 1211.04 100195 504.3 -3.09665
3470 1218.68 100093 504.428 -3.09656
3480 1224.93 99526.6 504.56 -3.09676
3490 1233.83 99100.5 504.688 -3.09722
3500 1186.9 99457.7 504.806 -3.09788
3510 1114.24 98604.4 504.919 -3.09859
3520 1051.3 99330.9 505.015 -3.09915
3530 1075.95 99605.9 505.104 -3.0995
3540 1136.06 98995.3 505.189 -3.09973
3550 1106.72 99814.4 505.264 -3.09994
3560 1000.57 101333 505.341 -3.10007
3570 1000.33 100795 505.437 -3.10001
3580 1172.6 97146.5 505.544 -3.09976
3590 1323.82 95107.9 505.614 -3.09955
3600 1347.51 94789 505.618 -3.09976
3610 1227.96 97388.5 505.553 -3.10035
3620 1030.68 101196 505.456 -3.10092
3630 858.376 105652 505.385 -3.10115
3640 875.453 104521 505.394 -3.10101
3650 1104.49 97388.7 505.464 -3.10055
3660 1304.36 93657.3 505.505 -3.09994
3670 1289.38 94936.7 505.463 -3.09963
3680 1136.25 96979.4 505.351 -3.09959
3690 1022.95 99163.9 505.202 -3.09948
3700 1065.58 98346.6 505.042 -3.09913
3710 1196.79 96889.1 504.862 -3.09865
3720 1251.71 97926.5 504.648 -3.09827
3730 1202.31 98394.1 504.41 -3.09812
3740 1119.46 100467 504.159 -3.09806
3750 1069.87 102448 503.922 -3.09794
3760 1064.95 102211 503.726 -3.09773
3770 1065.36 102009 503.57 -3.09745
3780 1073.52 101950 503.449 -3.0971
3790 1112.81 101754 503.364 -3.09672
3800 1161.75 101812 503.31 -3.09641
3810 1189.52 102091 503.288 -3.09626
3820 1203.41 101952 503.301 -3.09635
3830 1215.68 102763 503.349 -3.0967
3840 1223.57 103187 503.441 -3.09735
3850 1186.48 101222 503.581 -3.09824
3860 1115.34 100270 503.742 -3.09921
3870 1065.16 101156 503.913 -3.10006
3880 1075.25 99158.5 504.097 -3.10074
3890 1098.95 98509.2 504.274 -3.10125
3900 1140.64 97100.3 504.429 -3.10164
3910 1201.41 95950.3 504.544 -3.102
3920 1219 97022.4 504.606 -3.10242
3930 1158.11 98296.5 504.627 -3.10293
3940 1067.26 99863.9 504.628 -3.10337
3950 1051.05 100084 504.629 -3.10362
3960 1132.34 97017.5 504.631 -3.10372
3970 1222.55 96505.3 504.598 -3.10376
3980 1259.64 96005 504.517 -3.10395
3990 1174.96 97464.2 504.386 -3.10429
4000 1031.27 102367 504.229 -3.10454
4010 1001.98 103604 504.108 -3.10456
4020 1132.68 100247 504.039 -3.10445
4030 1214.02 99504.6 503.984 -3.10437
4040 1171.65 99021.5 503.926 -3.10446
4050 1083.35 100539 503.863 -3.10459
4060 1112.22 98753.8 503.808 -3.10465
4070 1151.91 97557.9 503.74 -3.10464
4080 1104.08 100181 503.648 -3.1046
4090 1027.53 100452 503.559 -3.10449
4100 991.263 101417 503.485 -3.10419
4110 1034.98 100490 503.433 -3.10371
4120 1097.19 99386.2 503.393 -3.10308
4130 1154.33 100505 503.352 -3.10243
4140 1223.24 100346 503.322 -3.10193
4150 1256.66 99602.1 503.301 -3.10174
4160 1209.65 99956 503.281 -3.10188
4170 1127.26 101374 503.267 -3.1022
4180 1044.99 102459 503.276 -3.1025
4190 976.529 104922 503.329 -3.10267
4200 961.684 104281 503.453 -3.10268
4210 1010.42 102629 503.64 -3.10253
4220 1131.16 100356 503.867 -3.10225
4230 1242.85 98246.3 504.101 -3.10203
4240 1212.8 98800 504.314 -3.10208
4250 1077 101040 504.513 -3.10235
4260 996.695 103356 504.73 -3.10261
4270 1098.48 99216 504.989 -3.10274
4280 1277.84 94093.2 505.236 -3.10279
4290 1374.02 92664.4 505.401 -3.1031
4300 1297.89 93798.1 505.464 -3.10384
4310 1101.14 96738.7 505.442 -3.10468
4320 955.462 97991.5 505.374 -3.10515
4330 956.335 98951 505.28 -3.10516
4340 1048.29 100347 505.177 -3.1048
4350 1129.96 100455 505.083 -3.10429
4360 1186.19 96557.9 504.995 -3.10382
4370 1229.98 95539.5 504.867 -3.10347
4380 1270.45 96830.7 504.681 -3.1033
4390 1255.31 99429.6 504.458 -3.10339
4400 1141.17 100565 504.233 -3.10369
4410 936.584 104015 504.027 -3.10382
4420 868.175 103294 503.881 -3.10361
4430 1009.65 100660 503.788 -3.10305
4440 1214.9 97657.9 503.708 -3.10227
4450 1298.66 96239 503.602 -3.10165
4460 1240.58 98549.5 503.452 -3.10142
4470 1142.24 102211 503.29 -3.10141
4480 1076.02 103709 503.163 -3.10146
4490 1042.29 103755 503.095 -3.10147
4500 1051.88 102410 503.086 -3.10141
4510 1091.36 102092 503.118 -3.10127
4520 1184.65 100654 503.183 -3.10116
4530 1295.8 97452.4 503.259 -3.10125
4540 1282.99 98083.3 503.307 -3.10172
4550 1106 100020 503.332 -3.1024
4560 905.784 101903 503.362 -3.10287
4570 863.823 102422 503.421 -3.10294
4580 987.938 100465 503.515 -3.10261
4590 1159.09 100280 503.621 -3.10201
4600 1243.61 98963.6 503.732 -3.10151
4610 1198.23 99508.8 503.835 -3.10133
4620 1132.48 100172 503.933 -3.10138
4630 1122.57 101418 504.038 -3.10151
4640 1165.78 101825 504.165 -3.1017
4650 1238.78 98558.6 504.317 -3.10207
4660 1155.24 98707.3 504.457 -3.10261
4670 1040.89 99994.1 504.58 -3.10313
4680 1058.56 100544 504.705 -3.10346
4690 1172.53 98849.7 504.837 -3.10368
4700 1214.73 97823.3 504.956 -3.10396
4710 1132.26 98309 505.048 -3.10436
4720 1036.9 97974.8 505.117 -3.10469
4730 1022.5 98283.9 505.16 -3.10476
4740 1075.03 96760.4 505.179 -3.10459
4750 1123.01 93878.9 505.152 -3.10423
4760 1156.11 93204.9 505.041 -3.10374
4770 1176.59 94667.1 504.839 -3.10319
4780 1153.06 98182.6 504.568 -3.10264
4790 1094.25 101493 504.278 -3.10208
4800 1075.09 102053 504.015 -3.10151
4810 1133.09 99577.9 503.787 -3.10093
4820 1216.5 97012 503.559 -3.1004
4830 1225.98 98226 503.301 -3.10004
4840 1147.46 100819 503.027 -3.09983
4850 1080.75 101724 502.771 -3.09964
4860 1086.44 101645 502.547 -3.09939
4870 1084.17 101847 502.355 -3.0991
4880 991.952 104688 502.2 -3.09873
4890 931.093 105693 502.118 -3.09827
4900 980.974 104235 502.121 -3.09766
4910 1123.13 102204 502.189 -3.09693
4920 1247.4 101339 502.294 -3.09628
4930 1268.71 103365 502.426 -3.09604
4940 1230.85 104166 502.609 -3.09633
4950 1187.68 104355 502.854 -3.09703
4960 1151.32 104303 503.165 -3.09798
4970 1147.35 100344 503.534 -3.09907
4980 1134.13 98478.3 503.911 -3.10014
4990 1101.31 99031.9 504.268 -3.10114
5000 1048.3 99197.6 504.609 -3.102
5010 997.248 103328 504.945 -3.10266
5020 1072.85 99886.8 505.319 -3.10317
5030 1175.39 94899 505.688 -3.10353
5040 1157.99 94093.1 505.987 -3.10386
5050 1085.17 93592.7 506.199 -3.10412
5060 1093.93 93988.3 506.318 -3.10417
5070 1154.52 95745.6 506.352 -3.10404
5080 1157.36 96502.9 506.325 -3.10385
5090 1128.17 95379.3 506.249 -3.10366
5100 1131.23 93481.4 506.108 -3.10338
5110 1161.27 92810.4 505.879 -3.10296
5120 1185.57 94051.3 505.552 -3.10246
5130 1178.51 98089 505.151 -3.10192
5140 1170.68 99464.7 504.727 -3.10144
5150 1088.58 102182 504.31 -3.10096
5160 1028.83 104152 503.933 -3.1004
5170 1085.68 103694 503.625 -3.09977
5180 1171.48 102096 503.378 -3.0992
5190 1163.74 101978 503.171 -3.0988
5200 1073.58 103576 503.004 -3.09854
5210 988.924 103576 502.893 -3.09827
5220 965.646 104083 502.842 -3.09787
5230 1019.85 103817 502.854 -3.09732
5240 1085.64 102484 502.924 -3.09671
5250 1127.8 102321 503.036 -3.09614
5260 1195.53 100397 503.181 -3.09574
5270 1256.2 100593 503.339 -3.0956
5280 1238.67 100785 503.508 -3.09585
5290 1127.87 101274 503.692 -3.09639
5300 996.114 101722 503.896 -3.09694
5310 925.657 102292 504.127 -3.09727
5320 972.849 101416 504.39 -3.09731
5330 1111.51 98733.9 504.673 -3.09711
5340 1220.93 96683.7 504.938 -3.09684
5350 1186.07 98055.1 505.16 -3.09676
5360 1094.45 98632.6 505.353 -3.09685
5370 1066.84 98741.6 505.527 -3.09691
5380 1115.7 96662.2 505.682 -3.09685
5390 1176.04 94581.9 505.789 -3.09671
5400 1205.79 94841.6 505.822 -3.09658
5410 1180.05 97623.9 505.785 -3.09653
5420 1136.64 100590 505.719 -3.09654
5430 1159.65 99576 505.662 -3.0966
5440 1194.07 98079 505.603 -3.09672
5450 1179.93 96809.9 505.521 -3.09693
5460 1090.51 98226.4 505.402 -3.09712
5470 1012.21 98684.6 505.261 -3.09709
5480 1060.56 98062.9 505.105 -3.09679
5490 1236.91 96089.5 504.924 -3.09635
5500 1347.23 96640 504.697 -3.09611
5510 1337.74 97889.2 504.43 -3.09634
5520 1225.74 99409.7 504.139 -3.09693
5530 1082.17 102192 503.852 -3.09748
5540 971.094 104034 503.604 -3.09776
5550 919.223 104967 503.421 -3.09771
5560 986.858 104269 503.316 -3.09741
5570 1102.92 103628 503.279 -3.09695
5580 1210.82 102381 503.299 -3.09659
5590 1256.41 101964 503.36 -3.09654
5600 1232.6 102729 503.455 -3.09689
5610 1168.18 103957 503.595 -3.09757
5620 1119.26 102758 503.792 -3.0984
5630 1107.41 100773 504.032 -3.09923
5640 1169.23 98636.1 504.284 -3.10002
5650 1225.08 96290.3 504.516 -3.10085
5660 1150.46 97410.6 504.699 -3.10174
5670 975.584 100865 504.849 -3.10248
5680 845.334 103060 505.012 -3.10286
5690 889.338 101546 505.217 -3.10285
5700 1074.4 98008.5 505.443 -3.10244
5710 1252.41 94434.4 505.641 -3.10181
5720 1353.12 92908.4 505.761 -3.10138
5730 1378.51 93696.2 505.781 -3.10147
5740 1274.28 95806.6 505.715 -3.10204
5750 1085.51 97574.7 505.592 -3.10267
5760 983.441 99790.2 505.441 -3.10296
5770 1051.82 98756.7 505.287 -3.1029
5780 1138.61 98075.6 505.122 -3.10266
5790 1104.25 98258.2 504.936 -3.10236
5800 1035.9 98810.6 504.733 -3.10195
5810 1078.3 98271.9 504.516 -3.10136
5820 1203.4 97641.4 504.282 -3.10067
5830 1251.4 95575.5 504.019 -3.10013
5840 1158 96648.1 503.703 -3.09976
5850 1056.17 99988.8 503.35 -3.09934
5860 1061.01 101641 503.004 -3.09874
5870 1151.11 101330 502.689 -3.09807
5880 1190.91 100951 502.402 -3.09752
5890 1172.72 102927 502.141 -3.09714
5900 1159.98 103653 501.929 -3.09696
5910 1172.49 104257 501.778 -3.09696
5920 1184.07 103823 501.695 -3.09718
5930 1161.94 102960 501.673 -3.0976
5940 1117.89 103408 501.701 -3.09813
5950 1093.22 105483 501.785 -3.09868
5960 1099.68 103986 501.947 -3.09929
5970 1073.74 102622 502.17 -3.09991
5980 1001.27 101910 502.434 -3.10044
5990 969.735 101949 502.727 -3.10079
6000 1085.49 100215 503.046 -3.10092
6010 1299.7 97638.6 503.368 -3.10098
6020 1395.99 94911.8 503.655 -3.10143
6030 1277.37 97032.7 503.875 -3.10242
6040 1121 99866.5 504.054 -3.10358
6050 1095.58 100797 504.231 -3.10461
6060 1128.87 98931.7 504.417 -3.10553
6070 1063.55 98298.1 504.592 -3.10631
6080 948.416 98623.6 504.744 -3.10681
6090 887.406 100567 504.88 -3.10692
6100 926.803 100715 505.024 -3.10665
6110 967.959 101082 505.181 -3.10605
6120 1055.31 100179 505.353 -3.10525
6130 1168.19 98673.7 505.529 -3.10436
6140 1246.2 95290.9 505.685 -3.1036
6150 1270.21 92466.8 505.775 -3.10311
6160 1270.54 93087.5 505.76 -3.1029
6170 1234.65 95439.5 505.651 -3.1029
6180 1170.08 95646.3 505.477 -3.103
6190 1113.69 94935.3 505.244 -3.10303
6200 1090.48 95933 504.947 -3.10284
6210 1132.44 96580.9 504.597 -3.10244
6220 1139.96 97385.4 504.207 -3.10194
6230 1052.54 99702.4 503.789 -3.10135
6240 942.196 103953 503.381 -3.10054
6250 956.96 104161 503.034 -3.09951
6260 1092.65 103216 502.758 -3.09831
6270 1226.46 101626 502.534 -3.09718
6280 1237.58 103057 502.347 -3.09638
6290 1178.94 103944 502.211 -3.09601
6300 1127.97 104811 502.14 -3.09593
6310 1096.21 105495 502.144 -3.096
6320 1078.2 106138 502.233 -3.09616
6330 1123.91 104434 502.412 -3.09644
6340 1152.04 103531 502.66 -3.09684
6350 1153.05 102412 502.959 -3.09741
6360 1149.3 103048 503.297 -3.09813
6370 1179.05 100856 503.676 -3.099
6380 1172.81 100810 504.071 -3.09999
6390 1144.46 99956.2 504.476 -3.10108
6400 1117.62 99589.5 504.88 -3.10215
6410 1115.82 98063.1 505.275 -3.10316
6420 1104.08 96268.4 505.641 -3.10405
6430 1026.78 96208.7 505.953 -3.10472
6440 1012.12 93464.5 506.204 -3.10505
6450 1142.51 91358.7 506.36 -3.10502
6460 1286.6 91134.2 506.393 -3.10482
6470 1323.57 91995.9 506.298 -3.10481
6480 1219.97 95659.5 506.095 -3.10506
6490 1048.76 98686.4 505.834 -3.10524
6500 928.495 99197.9 505.558 -3.10507
6510 949.129 99860.8 505.279 -3.10446
6520 1149.35 96284 504.999 -3.10355
6530 1304.74 93698.6 504.674 -3.10262
6540 1252.34 94593.5 504.271 -3.10198
6550 1081.02 96991.6 503.8 -3.10145
6560 973.918 100428 503.297 -3.10068
6570 1018.03 103133 502.811 -3.0996
6580 1142.84 104463 502.381 -3.0984
6590 1211.9 103717 502.024 -3.0974
6600 1154.4 103042 501.732 -3.09674
6610 1088.45 103464 501.494 -3.09627
6620 1088.66 103635 501.314 -3.09585
6630 1088.75 105652 501.196 -3.09549
6640 1031.63 106060 501.165 -3.09522
6650 994.121 105807 501.225 -3.09498
6660 1066.94 105537 501.374 -3.09472
6670 1230.33 102420 501.602 -3.09453
6680 1306.02 100481 501.869 -3.09468
6690 1267.42 101521 502.148 -3.09534
6700 1211.08 103032 502.451 -3.0964
6710 1162.8 102755 502.796 -3.09769
6720 1078.76 103029 503.183 -3.09903
6730 974.115 105288 503.617 -3.10025
6740 954.889 103702 504.121 -3.10128
6750 1035.19 99997.4 504.675 -3.10205
6760 1102.19 97281.5 505.227 -3.1026
6770 1102.51 95992.8 505.737 -3.10304
6780 1086.36 96858.5 506.189 -3.10338
6790 1112.7 95257.4 506.589 -3.10363
6800 1080.27 93963.4 506.918 -3.10374
6810 1050.33 91897.9 507.155 -3.10366
6820 1127.43 90508.4 507.273 -3.10328
6830 1236.75 90381.9 507.254 -3.10272
6840 1221.15 91274.6 507.097 -3.1022
6850 1080.26 95412.1 506.821 -3.1017
6860 988.403 97927.8 506.483 -3.10096
6870 1069.36 97588.4 506.12 -3.09996
6880 1167.24 97201.3 505.729 -3.09878
6890 1204.74 97600.7 505.309 -3.09767
6900 1202.69 98978.3 504.865 -3.09674
6910 1202.53 99227.8 504.416 -3.09599
6920 1192.31 99268.5 503.967 -3.09543
6930 1129.05 101790 503.521 -3.09495
6940 1042.91 103295 503.112 -3.09446
6950 980.171 105542 502.763 -3.09383
6960 997.175 106153 502.5 -3.0931
6970 1032.89 106128 502.336 -3.0923
6980 1069.12 106432 502.267 -3.09156
6990 1136.85 106400 502.299 -3.09097
7000 1232.25 103833 502.424 -3.09066
7010 1323.42 100188 502.607 -3.09077
7020 1359.81 100119 502.801 -3.09147
7030 1298.61 102618 503.002 -3.09275
7040 1203.51 104281 503.243 -3.09438
7050 1178.55 101675 503.543 -3.09615
7060 1143.75 98882.1 503.868 -3.0979
7070 1068.56 98958.3 504.18 -3.09944
7080 978.354 101644 504.481 -3.10066
7090 959.135 100539 504.8 -3.10152
7100 1076.51 97613.8 505.125 -3.10204
7110 1239.12 94879.7 505.414 -3.10239
7120 1291.48 95143.8 505.634 -3.10287
7130 1230.72 94913.2 505.781 -3.10361
7140 1166.24 94424.3 505.855 -3.10439
7150 1124.54 95467.3 505.852 -3.10503
7160 1039.29 97054.7 505.787 -3.10542
7170 929.125 98629.2 505.684 -3.10543
7180 939.622 99160.4 505.563 -3.10502
7190 1090.34 97837.6 505.433 -3.10426
7200 1226.64 96449.2 505.277 -3.10337
7210 1219.54 96514.4 505.077 -3.10266
7220 1133.01 95878.1 504.833 -3.10212
7230 1066.69 97024.2 504.537 -3.10155
7240 1009.6 102491 504.212 -3.10076
7250 1059.54 105077 503.929 -3.09983
7260 1202.66 102622 503.721 -3.09896
7270 1251 100206 503.56 -3.09838
7280 1202.85 99333.8 503.412 -3.09815
7290 1119.11 100436 503.263 -3.0981
7300 1019.69 102660 503.128 -3.098
7310 949.969 103517 503.037 -3.09774
7320 983.592 103356 503.001 -3.09727
7330 1172.99 99245.1 503.014 -3.09666
7340 1328.53 97681.7 503.023 -3.09614
7350 1319.7 100087 503.009 -3.09613
7360 1208.92 101884 503 -3.09659
7370 1119.51 104405 503.025 -3.09723
7380 1102.62 104690 503.115 -3.09793
7390 1083.66 103978 503.276 -3.09863
7400 999.818 104989 503.501 -3.0993
7410 924.568 104711 503.799 -3.09982
7420 1011.05 101730 504.162 -3.10012
7430 1179.59 97535.5 504.548 -3.1002
7440 1266.01 95644.9 504.899 -3.10034
7450 1234.07 96636.6 505.191 -3.10075
7460 1176.6 97015 505.433 -3.10135
7470 1181.22 95972 505.63 -3.10199
7480 1203.82 95916.8 505.77 -3.10264
7490 1187.84 96547.1 505.853 -3.10331
7500 1152.95 95364.9 505.887 -3.10396
7510 1084.77 95108.8 505.856 -3.10445
7520 971.809 97281.5 505.761 -3.10461
7530 857.846 99231.4 505.63 -3.10432
7540 854.546 99286.7 505.491 -3.10357
7550 1001.81 98340.7 505.345 -3.10235
7560 1196.8 95921.8 505.178 -3.10082
7570 1271.64 95235.8 504.961 -3.09937
7580 1239.9 95567.7 504.682 -3.09827
7590 1229.12 97961.4 504.349 -3.09747
7600 1293.16 100598 503.996 -3.09692
7610 1352.6 98852.9 503.656 -3.09687
7620 1232.87 99018.7 503.312 -3.09726
7630 1005.26 103194 502.969 -3.09758
7640 953.434 104401 502.678 -3.09752
7650 1084.98 102004 502.454 -3.09725
7660 1170.77 101848 502.271 -3.09696
7670 1133.72 101564 502.121 -3.09679
7680 1054.93 102409 502.002 -3.09668
7690 1017.56 104239 501.926 -3.09648
7700 1068.67 104871 501.915 -3.09621
7710 1166.67 105159 501.98 -3.096
7720 1265.99 102334 502.119 -3.09606
7730 1324.04 100801 502.298 -3.09659
7740 1313.36 99942.7 502.491 -3.09765
7750 1191.91 102253 502.69 -3.09906
7760 1013.14 105022 502.926 -3.10043
7770 933.237 104059 503.231 -3.10154
7780 981.351 102509 503.595 -3.10233
7790 1098.1 99415.9 503.992 -3.10288
7800 1169.43 97222.9 504.382 -3.10333
7810 1144.53 96632.8 504.731 -3.10381
7820 1063.25 98988.4 505.035 -3.10427
7830 1036.13 100032 505.322 -3.10462
7840 1030.32 99028 505.606 -3.1048
7850 1016.24 99298.6 505.879 -3.10481
7860 1045 96855.7 506.138 -3.10463
7870 1126.57 95734.7 506.353 -3.10425
7880 1235.49 93783 506.505 -3.10381
7890 1278.64 92149 506.567 -3.10353
7900 1213.08 92458 506.518 -3.10347
7910 1089.17 94048.9 506.364 -3.1034
7920 1014.29 95890.3 506.129 -3.10305
7930 1067.23 95122.3 505.837 -3.10239
7940 1156 95320.1 505.481 -3.1015
7950 1191.19 96292.8 505.067 -3.10056
7960 1201.15 97411.6 504.609 -3.09971
7970 1198.57 100007 504.126 -3.09899
7980 1138.09 103450 503.656 -3.09839
7990 1026.45 105218 503.246 -3.09784
8000 969.022 105464 502.921 -3.09719
8010 1047.09 103891 502.682 -3.09644
8020 1214.41 102376 502.508 -3.09568
8030 1309.28 102020 502.378 -3.09525
8040 1218.65 103190 502.286 -3.09534
8050 1021.48 107055 502.25 -3.09565
8060 903.135 108332 502.319 -3.0959
8070 979.772 107159 502.51 -3.09599
8080 1241.03 102728 502.802 -3.09601
8090 1454.68 100342 503.139 -3.09639
8100 1430.82 99256 503.483 -3.09769
8110 1222.1 99910.4 503.82 -3.09961
8120 1041.31 100590 504.156 -3.10144
8130 979.493 99768.6 504.498 -3.10286
8140 992.667 97726.5 504.834 -3.10387
8150 1030.63 95799.1 505.136 -3.10448
8160 1044.36 95692.8 505.379 -3.10477
8170 1031.92 96938 505.559 -3.10478
8180 1057.42 98915.4 505.699 -3.10456
8190 1231.28 94646 505.815 -3.10423
8200 1397.71 91966.3 505.856 -3.10406
8210 1333.62 93859.1 505.789 -3.10439
8220 1097.48 98133.7 505.641 -3.10492
8230 978.525 100038 505.468 -3.10514
8240 1076.62 97240.6 505.295 -3.10505
8250 1148.06 98107.9 505.093 -3.10477
8260 1128.14 99170.8 504.871 -3.10444
8270 1161.63 97559.4 504.64 -3.10412
8280 1189.2 97230.8 504.385 -3.10384
8290 1115.24 97860.5 504.095 -3.1036
8300 973.564 101910 503.789 -3.10317
8310 1023.21 100607 503.511 -3.10251
8320 1209.84 99604.3 503.252 -3.1017
8330 1359.4 96867.9 502.992 -3.10113
8340 1307.74 98825.2 502.701 -3.10109
8350 1109.26 103343 502.406 -3.10131
8360 978.401 106476 502.166 -3.10141
8370 994.724 108006 502.027 -3.10133
8380 1077.8 105744 502.006 -3.10122
8390 1131.9 103428 502.074 -3.10118
8400 1146.14 101663 502.196 -3.10127
8410 1133.05 101247 502.346 -3.10148
8420 1080.61 104101 502.522 -3.10177
8430 1015.03 105084 502.756 -3.10209
8440 1008.93 104404 503.065 -3.10238
8450 1075.94 102527 503.437 -3.1026
8460 1112.12 100171 503.845 -3.1028
8470 1073.01 97972.8 504.254 -3.10301
8480 1062.75 96345.5 504.633 -3.10313
8490 1138.37 95118.1 504.957 -3.10309
8500 1210.7 95226.3 505.212 -3.103
8510 1202.94 94636.6 505.395 -3.10303
8520 1132.77 96913.8 505.505 -3.10314
8530 1062.77 98468.4 505.572 -3.10321
8540 1037.92 98793.6 505.617 -3.10312
8550 1070.33 98533.7 505.647 -3.10285
8560 1123.78 96036.4 505.655 -3.10247
8570 1083.39 97320.8 505.616 -3.102
8580 1054.45 97662 505.539 -3.10143
8590 1118.2 95940.4 505.429 -3.10073
8600 1207.17 97535.8 505.271 -3.09996
8610 1260.08 96917.9 505.079 -3.09937
8620 1231.21 97019.1 504.851 -3.09906
8630 1174.4 98450.8 504.588 -3.0989
8640 1182.54 100659 504.312 -3.0988
8650 1244.31 100238 504.05 -3.09885
8660 1209.09 101495 503.803 -3.09914
8670 1031.13 104414 503.589 -3.09947
8680 861.491 106879 503.446 -3.09955
8690 821.345 107762 503.407 -3.09933
8700 871.534 107826 503.487 -3.09885
8710 997.174 103194 503.677 -3.09816
8720 1120.15 100256 503.918 -3.09728
8730 1196.66 99345.3 504.167 -3.09648
8740 1248.23 97657.5 504.406 -3.09594
8750 1266.75 96260.3 504.612 -3.09576
8760 1241.16 96413 504.767 -3.09591
8770 1205.54 98221.4 504.875 -3.09629
8780 1187.7 98034 504.955 -3.0968
8790 1155.05 100172 505.014 -3.09733
8800 1229.88 97698.5 505.073 -3.09796
8810 1179.51 96028.5 505.104 -3.09867
8820 1043.39 98340.7 505.084 -3.09925
8830 999.016 100557 505.045 -3.09951
8840 1086.5 99007.9 505.012 -3.09952
8850 1188.46 98799.2 504.973 -3.09942
8860 1238.23 97107.1 504.918 -3.09944
8870 1229.88 95700 504.827 -3.09965
8880 1173.78 96736 504.681 -3.09995
8890 1081.48 98795.6 504.494 -3.10017
8900 984.183 102681 504.3 -3.10014
8910 989.313 102274 504.146 -3.09985
8920 1103.01 99680.6 504.028 -3.09938
8930 1175.49 99618.8 503.915 -3.09888
8940 1166.6 100125 503.804 -3.09849
8950 1170.3 99942.6 503.699 -3.09826
8960 1209.61 100436 503.601 -3.09818
8970 1182.14 102003 503.517 -3.09828
8980 1154.07 101897 503.465 -3.09855
8990 1112.4 101302 503.446 -3.09888
9000 1080.87 102992 503.454 -3.09919
9010 1070.24 104187 503.51 -3.09945
9020 1114.76 101989 503.626 -3.09971
9030 1156.71 100813 503.776 -3.1
9040 1178.86 100226 503.94 -3.1004
9050 1170.99 100316 504.113 -3.10092
9060 1157.26 99154.3 504.29 -3.10153
9070 1172.28 97655.4 504.456 -3.10216
9080 1226.19 96988 504.591 -3.10284
9090 1228.74 97152.7 504.685 -3.10363
9100 1147.85 97529.9 504.741 -3.10448
9110 1053.89 98757.3 504.765 -3.10517
9120 998.593 99002.8 504.774 -3.10557
9130 971.361 99449.1 504.772 -3.10562
9140 987.51 100155 504.765 -3.10536
9150 1047.85 101305 504.766 -3.10486
9160 1124.86 99922.2 504.786 -3.10427
9170 1143.27 98841.6 504.81 -3.10372
9180 1153.95 96892.4 504.82 -3.10327
9190 1138.8 98400.1 504.793 -3.10286
9200 1144.67 101454 504.75 -3.10252
9210 1178.71 100994 504.728 -3.1023
9220 1223.76 98349.8 504.723 -3.10227
9230 1236.17 97552.9 504.7 -3.10247
9240 1162.36 98268.9 504.649 -3.10282
9250 1012.09 99564.3 504.578 -3.10309
9260 951.968 101031 504.507 -3.10304
9270 1124.12 97720 504.447 -3.10272
9280 1320.07 96354.3 504.363 -3.10237
9290 1297.35 97185.7 504.234 -3.1024
9300 1100.63 99859 504.072 -3.10266
9310 1017.04 103058 503.917 -3.10276
9320 1168.51 100138 503.803 -3.10274
9330 1310.23 99436.3 503.702 -3.10286
9340 1242.72 100604 503.601 -3.10337
9350 1028.5 101742 503.515 -3.10397
9360 888.71 102766 503.46 -3.10424
9370 959.03 102374 503.448 -3.10414
9380 1124.71 99852.6 503.472 -3.10378
9390 1179.93 98217 503.499 -3.10341
9400 1129.45 98819.6 503.507 -3.10313
9410 1188.95 98347 503.5 -3.10293
9420 1322.5 99753.1 503.477 -3.10292
9430 1342.16 99866 503.453 -3.10341
9440 1195.83 99961.4 503.433 -3.10431
9450 1027.79 100613 503.418 -3.10516
9460 957.364 101640 503.417 -3.10565
9470 1003.49 101054 503.442 -3.10581
9480 1052.36 101387 503.488 -3.10574
9490 1088.05 100308 503.555 -3.10557
9500 1142.97 97887 503.628 -3.10535
9510 1203.18 97814.2 503.677 -3.10517
9520 1220.74 97965.3 503.697 -3.10516
9530 1146.15 101956 503.698 -3.1053
9540 1122.27 103453 503.728 -3.10556
9550 1133.32 102110 503.809 -3.10589
9560 1085.7 101952 503.927 -3.10627
9570 1022.57 101001 504.075 -3.10659
9580 1002.17 98735.4 504.238 -3.10673
9590 1031.96 96536.7 504.384 -3.10661
9600 1081.46 95946 504.483 -3.10623
9610 1109.4 97699.7 504.529 -3.10571
9620 1100.89 98952.4 504.543 -3.10516
9630 1060.91 99305.2 504.544 -3.10461
9640 1087.25 98657.3 504.539 -3.104
9650 1195.28 98063.4 504.518 -3.10335
9660 1276.29 97157.8 504.472 -3.10287
9670 1223.22 96214.2 504.39 -3.10271
9680 1082.1 97799.6 504.262 -3.10267
9690 1001.71 97759.2 504.105 -3.10246
9700 976.317 99839.6 503.923 -3.10194
9710 971.741 103774 503.749 -3.10114
9720 1082.27 102069 503.628 -3.10021
9730 1175.67 101509 503.546 -3.09927
9740 1218.03 101677 503.493 -3.09856
9750 1239.91 102184 503.471 -3.09822
9760 1267.62 100902 503.483 -3.09828
9770 1291.53 98755 503.512 -3.09876
9780 1276.66 96568.2 503.527 -3.09958
9790 1187.71 99269.4 503.503 -3.10056
9800 1066.8 102943 503.474 -3.10145
9810 969.825 103027 503.489 -3.1021
9820 888.485 105517 503.555 -3.10243
9830 895.174 104933 503.701 -3.10246
9840 1027.72 102707 503.919 -3.10224
9850 1199.87 100417 504.179 -3.10188
9860 1257.82 97698.6 504.445 -3.10171
9870 1187.05 97737.3 504.682 -3.10186
9880 1166.6 96648.9 504.885 -3.10217
9890 1243.01 96149 505.042 -3.10253
9900 1329.86 94370 505.143 -3.10312
9910 1273.03 94924.4 505.166 -3.10402
9920 1063.89 99565.7 505.125 -3.10491
9930 878.279 103423 505.081 -3.10539
9940 855.134 102856 505.086 -3.10544
9950 955.166 99613.8 505.133 -3.10508
9960 1107.1 97388.4 505.179 -3.10437
9970 1208.22 96696.9 505.192 -3.10358
9980 1166.78 97669.5 505.162 -3.10295
9990 1059.78 100667 505.106 -3.10246
10000 1068.75 100203 505.06 -3.10195
