# Time-averaged data for fix 4
# TimeStep c_mytemp c_mypress v_vmyvol v_avgEtotal
10 1045.12 104403 507.403 -3.05931
20 987.245 106592 507.114 -3.05869
30 1283.76 100975 506.91 -3.05777
40 1616.77 96718.4 506.728 -3.05691
50 1713.06 96019 506.515 -3.05697
60 1531.33 97863.7 506.26 -3.05808
70 1215.56 102178 505.99 -3.0593
80 993.825 103145 505.752 -3.05994
90 970.335 103526 505.563 -3.05993
100 1192.96 101268 505.422 -3.05947
110 1454.06 96661.2 505.301 -3.05888
120 1479.02 99934.9 505.153 -3.05865
130 1349.75 104613 505.012 -3.05889
140 1254.38 106617 504.935 -3.05933
150 1233.34 106194 504.947 -3.05984
160 1210.97 105909 505.045 -3.06035
170 1204.94 103693 505.22 -3.06083
180 1225.16 101913 505.446 -3.06125
190 1207.26 103403 505.703 -3.06161
200 1172.03 103289 506.002 -3.06194
210 1158.93 103415 506.346 -3.06217
220 1218.79 102969 506.733 -3.06233
230 1300.23 99833.1 507.155 -3.06247
240 1317.16 97874 507.576 -3.06268
250 1319 95819.7 507.967 -3.06301
260 1362.3 94463.3 508.304 -3.06338
270 1449.14 92308 508.566 -3.06388
280 1475.43 94645.4 508.733 -3.06465
290 1411.39 96429.5 508.831 -3.06574
300 1277.78 98347.8 508.886 -3.06688
310 1127.32 99930.1 508.921 -3.06776
320 1004.76 101918 508.96 -3.06817
330 988.855 101606 509.025 -3.0681
340 1054.67 103206 509.117 -3.06757
350 1236.02 100000 509.247 -3.06673
360 1429.31 96027.9 509.379 -3.06578
370 1546.78 90455.6 509.46 -3.06519
380 1477.35 90309.7 509.424 -3.06515
390 1292.68 94574.3 509.27 -3.06535
400 1171.1 95891 509.047 -3.06537
410 1173.96 97005.5 508.777 -3.06502
420 1276.5 97202.6 508.474 -3.06439
430 1370.59 94691.3 508.139 -3.06372
440 1359.6 94614.7 507.747 -3.06317
450 1273.72 97527.3 507.297 -3.06265
460 1169.5 101879 506.827 -3.06199
470 1043.03 105378 506.393 -3.0611
480 966.152 106947 506.037 -3.05992
490 1044.4 103712 505.774 -3.05847
500 1243.41 99775 505.567 -3.05671
510 1447 98590 505.368 -3.05489
520 1555.77 99198.1 505.16 -3.05355
530 1516.5 102951 504.953 -3.05305
540 1357.42 106995 504.794 -3.05323
550 1191.67 106999 504.728 -3.05368
560 1127.77 105562 504.757 -3.05405
570 1186.31 104075 504.862 -3.05424
580 1273.05 102513 505.023 -3.05437
590 1265.26 102386 505.221 -3.05454
600 1274.62 102053 505.451 -3.05479
610 1375.34 101697 505.71 -3.05515
620 1446.41 100763 505.991 -3.05583
630 1339.8 101482 506.286 -3.05689
640 1162.98 103858 506.602 -3.05802
650 1123.51 102334 506.965 -3.05894
660 1237.8 98055.2 507.355 -3.05958
670 1356.81 95775.5 507.721 -3.06008
680 1370.15 95531.6 508.033 -3.06066
690 1257.22 97715 508.289 -3.06134
700 1125.89 99117.1 508.515 -3.06188
710 1100.75 97219.2 508.726 -3.0621
720 1154.51 94669 508.901 -3.06191
730 1250.82 94535.6 509.01 -3.06139
740 1307.01 97481.9 509.053 -3.06074
750 1333.29 99719.4 509.065 -3.06017
760 1407.68 96292.7 509.071 -3.05982
770 1440.62 93993.3 509.034 -3.05975
780 1392.1 92785.8 508.924 -3.05997
790 1234.75 95646.7 508.729 -3.06019
800 1103.53 98513.8 508.484 -3.06007
810 1179.22 98148.6 508.222 -3.05957
820 1345.68 99244.8 507.947 -3.05884
830 1427.16 98171.3 507.666 -3.05828
840 1331.95 99626.6 507.375 -3.05801
850 1249.62 100897 507.086 -3.05782
860 1285.58 100861 506.816 -3.05759
870 1329.7 100954 506.566 -3.0574
880 1290 102639 506.339 -3.05731
890 1230.18 104290 506.154 -3.05727
900 1238.22 105318 506.032 -3.05722
910 1311.64 103326 505.982 -3.05724
920 1313.51 101381 505.981 -3.0574
930 1253.2 103038 506.007 -3.05766
940 1223.98 104506 506.076 -3.05793
950 1303.61 102350 506.203 -3.05824
960 1363.77 100471 506.365 -3.05866
970 1309.25 98972.6 506.536 -3.05927
980 1177.06 100278 506.699 -3.05983
990 1212.75 99633.1 506.865 -3.06022
1000 1347.62 97789 507.026 -3.06046
1010 1394.61 97042.6 507.162 -3.06083
1020 1298.28 97082.8 507.264 -3.06135
1030 1188.99 98595.5 507.331 -3.06179
1040 1215.35 99252.2 507.382 -3.06199
1050 1369.63 96726.9 507.424 -3.06209
1060 1424.61 94968.6 507.427 -3.06231
1070 1344.24 95637 507.372 -3.06272
1080 1241.94 96876.6 507.265 -3.0631
1090 1187.53 98986.7 507.123 -3.06324
1100 1171.2 100596 506.974 -3.06311
1110 1174.19 101363 506.838 -3.06276
1120 1184.61 100768 506.724 -3.06226
1130 1198.29 100317 506.627 -3.06162
1140 1215.35 100542 506.54 -3.06089
1150 1208.52 100637 506.465 -3.06012
1160 1166.97 102132 506.405 -3.05932
1170 1151.13 102471 506.378 -3.05847
1180 1225.65 99032.9 506.382 -3.05753
1190 1346.86 95989 506.378 -3.05654
1200 1384.28 97043.3 506.331 -3.05569
1210 1310.43 101214 506.256 -3.05513
1220 1306.07 102638 506.197 -3.05477
1230 1419.23 100138 506.173 -3.05463
1240 1430.05 100180 506.161 -3.05487
1250 1312.08 101389 506.157 -3.05541
1260 1229.57 101708 506.174 -3.05598
1270 1278.56 102370 506.218 -3.05646
1280 1359.58 102431 506.297 -3.05701
1290 1339 102860 506.412 -3.05773
1300 1376.04 100074 506.564 -3.05867
1310 1398.93 98337.2 506.722 -3.05978
1320 1421.21 98772.5 506.862 -3.06107
1330 1464.62 97056.4 506.986 -3.06263
1340 1357.6 96885.1 507.076 -3.06436
1350 1146.08 101452 507.136 -3.0658
1360 1124.34 102216 507.213 -3.06677
1370 1219.98 100775 507.319 -3.06743
1380 1233.51 101332 507.441 -3.06793
1390 1168.17 100501 507.581 -3.06831
1400 1119.84 99976.3 507.731 -3.06847
1410 1136.99 99024.1 507.881 -3.06835
1420 1148.39 99485.3 508.023 -3.06798
1430 1090.79 99901 508.159 -3.06741
1440 998.881 100011 508.296 -3.06665
1450 1022.05 97962.5 508.432 -3.06559
1460 1169.51 94761.9 508.541 -3.06406
1470 1351.75 92925.6 508.586 -3.06221
1480 1484.7 91166.5 508.54 -3.06043
1490 1515.57 92567.3 508.387 -3.05916
1500 1469.77 95636.4 508.145 -3.05849
1510 1410.83 97811.3 507.852 -3.05826
1520 1365.58 98444 507.538 -3.05827
1530 1305.64 97740 507.211 -3.05837
1540 1207.78 99628.4 506.868 -3.05835
1550 1176.53 98912.1 506.524 -3.05809
1560 1183.71 100110 506.178 -3.05755
1570 1214.38 99805.8 505.841 -3.05682
1580 1193.89 100319 505.511 -3.05597
1590 1159.19 102819 505.196 -3.05498
1600 1231.96 101993 504.924 -3.0539
1610 1324.61 101271 504.685 -3.05282
1620 1414.17 104306 504.476 -3.05198
1630 1541.74 103397 504.325 -3.05168
1640 1632.97 101040 504.225 -3.05226
1650 1555.18 99534 504.147 -3.05376
1660 1366.52 99985.8 504.071 -3.05563
1670 1189 102394 504.002 -3.05723
1680 1040.08 103270 503.968 -3.05831
1690 914.46 104989 503.983 -3.05879
1700 907.77 105919 504.064 -3.05872
1710 1089.6 104482 504.221 -3.0582
1720 1280.58 103972 504.441 -3.05739
1730 1402.43 103125 504.712 -3.05671
1740 1466.82 101867 505.026 -3.05652
1750 1492.6 99858.9 505.364 -3.05698
1760 1483.76 98563.2 505.701 -3.05803
1770 1448.99 97535.4 506.021 -3.05953
1780 1375.6 98087.3 506.311 -3.06126
1790 1292.84 96720.6 506.574 -3.06296
1800 1191.35 97526.2 506.798 -3.06439
1810 1098.9 99849.9 506.992 -3.06538
1820 1069.26 98656.1 507.181 -3.06593
1830 1037.89 97875.3 507.354 -3.06601
1840 1015.57 96654.3 507.5 -3.06563
1850 1037.94 96901.9 507.605 -3.06478
1860 1117.94 97329.4 507.671 -3.06352
1870 1217.76 96356 507.704 -3.06194
1880 1314.99 95348.7 507.692 -3.06026
1890 1442.44 94455 507.624 -3.0587
1900 1571.32 94010.2 507.488 -3.05758
1910 1566.74 95173.6 507.283 -3.05722
1920 1403.74 98601 507.026 -3.05746
1930 1268.14 99249.4 506.754 -3.05782
1940 1235.64 99473.1 506.482 -3.05802
1950 1261.39 98516.5 506.209 -3.05806
1960 1190.96 99106.3 505.926 -3.05794
1970 1069.99 102493 505.644 -3.05751
1980 1097.08 102113 505.397 -3.05677
1990 1243.7 100894 505.184 -3.05576
2000 1339.93 100114 504.991 -3.05474
2010 1275.28 103741 504.812 -3.05392
2020 1164.59 106890 504.688 -3.05329
2030 1143.65 107019 504.657 -3.0527
2040 1214.67 105280 504.719 -3.05211
2050 1314.38 102034 504.852 -3.05158
2060 1378.01 100228 505.016 -3.05126
2070 1340.05 100628 505.188 -3.05126
2080 1190.54 101547 505.371 -3.05147
2090 1047.6 102495 505.576 -3.05159
2100 1023.78 102742 505.814 -3.05144
2110 1118.5 100804 506.086 -3.05095
2120 1205.19 100123 506.37 -3.0502
2130 1215.16 100152 506.657 -3.0494
2140 1235.13 99376.6 506.945 -3.04866
2150 1352.79 99716.5 507.228 -3.04795
2160 1559.13 95305.6 507.502 -3.04753
2170 1583.84 92519.6 507.717 -3.04777
2180 1411.18 95724.7 507.843 -3.04864
2190 1308.6 98752.4 507.915 -3.04963
2200 1319.25 101650 507.974 -3.05059
2210 1271.91 103401 508.058 -3.05157
2220 1140.69 103626 508.188 -3.05244
2230 1073.53 101113 508.365 -3.05302
2240 1135.38 98138.8 508.558 -3.05321
2250 1251.35 97744.7 508.731 -3.05309
2260 1250.11 97664.3 508.876 -3.05286
2270 1164.47 98910 508.995 -3.05258
2280 1248.44 96077.2 509.096 -3.05215
2290 1459.76 91850.6 509.145 -3.05163
2300 1534.61 92274.1 509.097 -3.05141
2310 1448.96 94286.5 508.954 -3.05168
2320 1339.15 97008.8 508.743 -3.05213
2330 1347.69 97639.6 508.498 -3.05259
2340 1372.37 98690.7 508.23 -3.05305
2350 1391.55 98877.7 507.952 -3.05363
2360 1356.89 100066 507.67 -3.05431
2370 1246.65 99361 507.394 -3.05497
2380 1106.13 102865 507.125 -3.05528
2390 1107.85 104979 506.899 -3.05518
2400 1273 100789 506.738 -3.0549
2410 1357.81 99267.3 506.598 -3.05463
2420 1306.43 99432.2 506.456 -3.05452
2430 1214.23 98558.5 506.311 -3.05444
2440 1184.15 98789.1 506.156 -3.05419
2450 1199.74 100385 505.992 -3.05373
2460 1201.29 103607 505.842 -3.05313
2470 1185.19 105803 505.745 -3.05251
2480 1206.64 105625 505.726 -3.05192
2490 1272.19 103508 505.783 -3.0514
2500 1310.13 101151 505.889 -3.05103
2510 1257.17 102762 506.018 -3.05085
2520 1084.77 109189 506.192 -3.05079
2530 975.385 112369 506.485 -3.05076
2540 1168.16 107225 506.929 -3.05062
2550 1483.96 99164.3 507.464 -3.05029
2560 1624.92 94870.3 507.991 -3.05039
2570 1580.23 92730.7 508.451 -3.05139
2580 1469.23 95091.8 508.82 -3.05303
2590 1352.4 96278.2 509.122 -3.05487
2600 1219.75 97271.1 509.374 -3.05652
2610 1138.48 98958.3 509.594 -3.05775
2620 1188.06 96197 509.794 -3.05857
2630 1263.57 93106.1 509.945 -3.05907
2640 1257.29 93458 510.011 -3.05932
2650 1206.19 95246.7 509.994 -3.05936
2660 1152.44 95706.7 509.917 -3.05913
2670 1096.31 97453.8 509.789 -3.05856
2680 1094.41 98942.4 509.633 -3.05763
2690 1182.26 98290.7 509.466 -3.0564
2700 1320.35 96530 509.282 -3.05499
2710 1387.91 95113.8 509.059 -3.05367
2720 1353.69 95941.2 508.782 -3.0526
2730 1336.96 98046.6 508.461 -3.05173
2740 1423.99 98645 508.122 -3.05104
2750 1537.35 95135.5 507.769 -3.05076
2760 1517.37 96245.8 507.37 -3.05105
2770 1368.5 97597.1 506.93 -3.05167
2780 1145.28 103070 506.476 -3.05205
2790 1031.39 106089 506.07 -3.05191
2800 1174.66 105358 505.749 -3.05143
2810 1412.05 102349 505.505 -3.05093
2820 1512.33 101852 505.303 -3.05085
2830 1455.32 104749 505.137 -3.05139
2840 1387.17 106031 505.038 -3.05238
2850 1313.12 105609 505.022 -3.0536
2860 1263.5 105842 505.086 -3.05484
2870 1344.67 101302 505.224 -3.0561
2880 1422.14 98088.3 505.383 -3.05751
2890 1367.78 99133.2 505.525 -3.05908
2900 1184.98 102391 505.661 -3.06054
2910 1005.5 102303 505.826 -3.06158
2920 926.996 102566 506.023 -3.06206
2930 955.879 104000 506.256 -3.06203
2940 1037.46 103356 506.54 -3.06156
2950 1162.04 101672 506.866 -3.06076
2960 1307.74 98758.3 507.212 -3.05979
2970 1374.65 97395.7 507.545 -3.05894
2980 1385.34 98121.9 507.845 -3.05844
2990 1362.17 98171.9 508.121 -3.05831
3000 1354.7 97130.5 508.372 -3.05845
3010 1404.44 95549.7 508.585 -3.05878
3020 1476.59 93958.3 508.742 -3.05935
3030 1496.34 92998.6 508.823 -3.0603
3040 1345.02 94787.7 508.818 -3.06145
3050 1135.15 98479.3 508.75 -3.06234
3060 1048.84 99837.6 508.664 -3.06269
3070 1113.73 100048 508.581 -3.06255
3080 1250.3 96883 508.498 -3.0621
3090 1321.47 95626.1 508.383 -3.06152
3100 1313.47 94274 508.214 -3.06099
3110 1250.05 96335.2 507.982 -3.06044
3120 1236.61 99794.1 507.71 -3.05978
3130 1303.67 101053 507.441 -3.05906
3140 1365.85 101437 507.194 -3.05847
3150 1363.62 99538.4 506.971 -3.05815
3160 1317.6 97991 506.751 -3.05802
3170 1298.65 98237.6 506.514 -3.05793
3180 1320.71 98395.9 506.261 -3.05784
3190 1317.9 99917.6 505.997 -3.05778
3200 1216.46 103462 505.743 -3.05772
3210 1121.52 105115 505.54 -3.05751
3220 1232.79 101060 505.403 -3.05716
3230 1382.25 100188 505.292 -3.05678
3240 1426.34 99724.6 505.188 -3.05668
3250 1288.42 101796 505.091 -3.05689
3260 1067.39 106319 505.025 -3.05707
3270 946.538 109097 505.046 -3.05697
3280 1055.07 108261 505.184 -3.0566
3290 1289.63 103953 505.428 -3.056
3300 1459.65 98352.3 505.723 -3.05547
3310 1442.24 96669.5 506.002 -3.05541
3320 1326.91 99297.1 506.245 -3.05578
3330 1313.33 99897 506.476 -3.05631
3340 1404.09 98252.1 506.705 -3.05696
3350 1428.01 97978.4 506.914 -3.05787
3360 1350.77 99046.1 507.101 -3.059
3370 1274.5 98937.9 507.275 -3.06015
3380 1207.33 98890.1 507.438 -3.06114
3390 1132.96 100142 507.59 -3.06184
3400 1087.75 100928 507.745 -3.06219
3410 1072.28 100378 507.912 -3.06219
3420 1109.26 99968.7 508.087 -3.06185
3430 1281.56 95745.1 508.258 -3.06122
3440 1454.72 93098.3 508.376 -3.06051
3450 1474.91 94685.7 508.412 -3.06014
3460 1340.18 97514.1 508.382 -3.06018
3470 1219.24 100303 508.325 -3.0603
3480 1262.21 99165.2 508.273 -3.06032
3490 1401.04 96461.9 508.213 -3.06032
3500 1437.49 95300.2 508.113 -3.06054
3510 1286.06 98639.6 507.964 -3.06093
3520 1172.28 99786.3 507.799 -3.06116
3530 1251.99 100455 507.639 -3.06115
3540 1379.8 99190.2 507.488 -3.06111
3550 1362.16 97337.3 507.333 -3.06125
3560 1240.07 98157.1 507.153 -3.06144
3570 1171.02 101538 506.959 -3.06143
3580 1188.24 101762 506.787 -3.0612
3590 1219.58 102836 506.647 -3.06083
3600 1251.69 104027 506.55 -3.06042
3610 1282.38 104537 506.512 -3.0601
3620 1361.11 100631 506.533 -3.05997
3630 1427.93 97436.7 506.566 -3.0601
3640 1369.38 97622.2 506.575 -3.06051
3650 1250.96 98113.3 506.557 -3.06101
3660 1138.39 100185 506.522 -3.06131
3670 1119.61 100423 506.49 -3.06128
3680 1238.25 100192 506.469 -3.06097
3690 1431.81 97765.7 506.452 -3.06063
3700 1478.86 98847.2 506.414 -3.06064
3710 1287.29 102859 506.371 -3.06105
3720 1074.47 105877 506.369 -3.06143
3730 1062.63 104242 506.443 -3.06154
3740 1199.9 101023 506.574 -3.06136
3750 1355.37 98318.1 506.721 -3.06105
3760 1414.6 98807.3 506.852 -3.06092
3770 1332.08 99467.8 506.971 -3.06112
3780 1175.74 99615.3 507.084 -3.06144
3790 1087.64 103016 507.2 -3.06154
3800 1250.84 100266 507.351 -3.06141
3810 1407.69 95796.7 507.504 -3.06121
3820 1342.28 96358.9 507.612 -3.06122
3830 1213.96 98073.1 507.676 -3.06133
3840 1188.23 98323.8 507.715 -3.06131
3850 1175.14 101278 507.74 -3.06108
3860 1188.61 102175 507.783 -3.06071
3870 1241.91 99369.4 507.854 -3.06027
3880 1279.06 98264.5 507.922 -3.05979
3890 1332.06 97970.4 507.971 -3.05935
3900 1399.22 98887.8 507.999 -3.05909
3910 1411.83 99351.9 508.016 -3.05913
3920 1351.31 98052.6 508.027 -3.05949
3930 1244.88 97322.3 508.017 -3.05991
3940 1146.4 98055.6 507.979 -3.06011
3950 1184.93 95932.8 507.915 -3.05999
3960 1332.64 96460.6 507.807 -3.05961
3970 1422.95 97135.7 507.657 -3.0593
3980 1316.23 100088 507.479 -3.05924
3990 1153.43 103259 507.311 -3.05918
4000 1194.79 99264.2 507.182 -3.05897
4010 1298.9 99189.2 507.056 -3.05858
4020 1383.52 98803.1 506.924 -3.05825
4030 1435.55 96380.7 506.78 -3.05819
4040 1404.46 99544.2 506.603 -3.05843
4050 1320.62 101672 506.425 -3.05886
4060 1256.63 101286 506.274 -3.0593
4070 1263.39 102074 506.148 -3.05966
4080 1309.63 100291 506.051 -3.05999
4090 1328.43 101546 505.969 -3.06038
4100 1228.7 104615 505.915 -3.06084
4110 1123.34 107141 505.925 -3.06118
4120 1193.74 107668 506.03 -3.06141
4130 1307.06 104404 506.235 -3.06167
4140 1361.9 99975.2 506.498 -3.06211
4150 1339.29 97246.6 506.764 -3.06273
4160 1283.11 97841.6 506.998 -3.06342
4170 1206.5 101032 507.209 -3.06404
4180 1171.66 100437 507.429 -3.06451
4190 1181.45 100971 507.658 -3.06478
4200 1238.2 99759 507.899 -3.0649
4210 1267.81 98766.2 508.138 -3.06495
4220 1282.64 98843.2 508.363 -3.06499
4230 1295.66 99146.1 508.575 -3.06509
4240 1265.94 98195.7 508.775 -3.06525
4250 1166.53 97020.8 508.953 -3.06535
4260 1067.1 99064.4 509.097 -3.06522
4270 1087.49 98201.8 509.227 -3.06475
4280 1252.68 93345.5 509.33 -3.06391
4290 1416.09 89916.3 509.35 -3.06287
4300 1418.42 91541.4 509.246 -3.062
4310 1328.21 95878.8 509.04 -3.06138
4320 1273.14 97397.5 508.782 -3.06084
4330 1311.77 98736.7 508.498 -3.06025
4340 1450.1 96480.2 508.202 -3.0598
4350 1477.05 96877.9 507.872 -3.05971
4360 1338.55 100284 507.513 -3.05994
4370 1142.42 104406 507.17 -3.06006
4380 1112.5 104147 506.887 -3.05989
4390 1206.86 104272 506.669 -3.05949
4400 1310.02 100257 506.509 -3.05907
4410 1297.14 97405.1 506.36 -3.05873
4420 1232.05 98169.1 506.188 -3.0584
4430 1203.56 99878.1 505.999 -3.05796
4440 1138.78 104533 505.819 -3.05736
4450 1142.97 104810 505.7 -3.05665
4460 1224.09 103685 505.649 -3.05586
4470 1317.34 101921 505.65 -3.05512
4480 1309.18 101756 505.682 -3.05459
4490 1215.97 103685 505.744 -3.05426
4500 1204.65 104779 505.857 -3.05402
4510 1276.38 101977 506.03 -3.05381
4520 1333.65 101417 506.235 -3.05371
4530 1322.67 100886 506.46 -3.05383
4540 1255.97 98965.2 506.696 -3.05411
4550 1195.23 99824.6 506.924 -3.05436
4560 1217.11 100288 507.149 -3.05449
4570 1286.4 98837.3 507.377 -3.05453
4580 1359.92 98561.5 507.593 -3.05461
4590 1424.54 98004.7 507.792 -3.0549
4600 1415.69 97970 507.966 -3.05552
4610 1289.5 98676.9 508.118 -3.05636
4620 1125.79 100271 508.255 -3.05707
4630 1084.42 99325.2 508.395 -3.05742
4640 1191.52 98962.1 508.529 -3.05739
4650 1313.34 97905.7 508.65 -3.05716
4660 1322.61 97465.2 508.748 -3.05698
4670 1261.49 97687.1 508.815 -3.05689
4680 1264.67 97547.2 508.856 -3.05677
4690 1342.06 95526.1 508.865 -3.05662
4700 1376.18 94543 508.82 -3.05654
4710 1313.2 95196.5 508.711 -3.05655
4720 1238.75 96177.7 508.544 -3.0565
4730 1188.92 97076.7 508.333 -3.05625
4740 1135.43 101096 508.094 -3.05572
4750 1134.56 103196 507.875 -3.05494
4760 1191.34 101948 507.701 -3.05401
4770 1280.49 99799.1 507.559 -3.05301
4780 1424.17 98161.2 507.421 -3.0521
4790 1566.44 97159.5 507.267 -3.05162
4800 1564.81 96959.8 507.083 -3.05188
4810 1411.06 96853.6 506.867 -3.05272
4820 1248.7 98707.3 506.621 -3.0535
4830 1330.85 97701.2 506.361 -3.05409
4840 1362.49 96880.7 506.08 -3.05467
4850 1202.9 102711 505.775 -3.05513
4860 1069.73 106916 505.511 -3.05524
4870 1104.36 107061 505.341 -3.05506
4880 1176.55 106368 505.269 -3.05472
4890 1254.36 104889 505.285 -3.05436
4900 1334.56 103154 505.369 -3.05413
4910 1354.38 101529 505.497 -3.05416
4920 1269.78 103109 505.652 -3.05443
4930 1197.79 105159 505.851 -3.05479
4940 1249.58 103224 506.113 -3.05516
4950 1302.8 101465 506.419 -3.05557
4960 1276.85 102999 506.751 -3.05607
4970 1313.29 98988.3 507.114 -3.0567
4980 1339.01 99025.6 507.469 -3.05739
4990 1283.71 100894 507.812 -3.05819
5000 1199.49 101674 508.167 -3.059
5010 1198.1 98934.6 508.538 -3.05969
5020 1243.51 96375.2 508.896 -3.06017
5030 1284.52 94674.8 509.206 -3.06049
5040 1326.38 92700 509.445 -3.06072
5050 1384.39 92109 509.59 -3.06094
5060 1417.89 91882.2 509.632 -3.06125
5070 1382.4 92042.7 509.572 -3.06168
5080 1320.06 92705.5 509.412 -3.06211
5090 1236.79 94639.9 509.163 -3.06235
5100 1111.14 99322.1 508.855 -3.06221
5110 1093.92 102202 508.544 -3.06164
5120 1259.4 100950 508.264 -3.06082
5130 1314 101174 508.009 -3.05996
5140 1265.79 98881.6 507.774 -3.05926
5150 1217.62 97536.1 507.533 -3.05859
5160 1210.7 99321.7 507.27 -3.05779
5170 1195.84 102824 507.009 -3.05687
5180 1210.04 103278 506.789 -3.05592
5190 1276.9 101671 506.618 -3.05498
5200 1393.76 100012 506.475 -3.05417
5210 1483.77 99900.2 506.341 -3.05373
5220 1465.53 99908.4 506.212 -3.05384
5230 1336.91 102241 506.093 -3.05436
5240 1160.25 102723 506.006 -3.0549
5250 1010.63 103579 505.961 -3.05513
5260 1006.47 104683 505.968 -3.05491
5270 1261.09 100551 506.033 -3.05436
5280 1511.35 97531.6 506.111 -3.05376
5290 1523.15 97320.5 506.163 -3.0537
5300 1369.54 99453.5 506.188 -3.05423
5310 1214.24 103140 506.211 -3.05487
5320 1160.12 104568 506.278 -3.05536
5330 1212.39 102062 506.401 -3.0557
5340 1302.32 101900 506.559 -3.05597
5350 1373.55 101001 506.742 -3.05635
5360 1347.39 100529 506.942 -3.05698
5370 1272.08 99443.1 507.15 -3.05774
5380 1213.55 98809.4 507.352 -3.05842
5390 1146.51 99708.1 507.542 -3.0589
5400 1096.25 98528 507.727 -3.05908
5410 1098.35 97293.3 507.894 -3.0589
5420 1204.94 95951.7 508.027 -3.05836
5430 1347.21 95839.5 508.11 -3.0576
5440 1387.32 96515.7 508.142 -3.05697
5450 1324.01 98738.3 508.135 -3.05659
5460 1279.07 98149.7 508.112 -3.05638
5470 1258.35 97716.7 508.07 -3.05617
5480 1250.62 97325.5 508.003 -3.0559
5490 1258.31 98191.8 507.907 -3.05554
5500 1276.05 98460.1 507.791 -3.05513
5510 1278.3 98101.7 507.661 -3.0547
5520 1319.47 97019.5 507.511 -3.0543
5530 1309.58 98774.2 507.333 -3.05392
5540 1375.31 99887.4 507.144 -3.05365
5550 1429.14 98764.3 506.958 -3.05365
5560 1268.64 101990 506.769 -3.05387
5570 1117.35 103899 506.612 -3.05397
5580 1202.53 102795 506.508 -3.05386
5590 1307.92 103043 506.449 -3.05367
5600 1324.07 104086 506.436 -3.05364
5610 1255.03 107121 506.484 -3.05382
5620 1258.23 105688 506.624 -3.05415
5630 1368.46 100281 506.837 -3.05461
5640 1448.35 97092.1 507.058 -3.05531
5650 1403.46 96588.6 507.246 -3.05632
5660 1247.79 99174.5 507.394 -3.0574
5670 1179.85 100086 507.532 -3.05825
5680 1270.21 98348.9 507.669 -3.05887
5690 1357.09 97750.1 507.79 -3.05941
5700 1377.72 97946.2 507.885 -3.06005
5710 1385.62 95818 507.952 -3.06085
5720 1331.98 96592.3 507.973 -3.06172
5730 1234.18 98274 507.954 -3.06247
5740 1180.42 98962.5 507.915 -3.06296
5750 1190.85 100061 507.867 -3.06316
5760 1243.39 100604 507.825 -3.06315
5770 1332.78 98057.6 507.791 -3.06311
5780 1342.6 96669.3 507.739 -3.06315
5790 1224.06 97852.6 507.651 -3.06321
5800 1129.6 101715 507.543 -3.06308
5810 1164.11 102549 507.459 -3.06269
5820 1313.03 100061 507.412 -3.0622
5830 1347.75 98919.3 507.37 -3.06179
5840 1285.1 100976 507.325 -3.06156
5850 1296.75 99188.9 507.292 -3.06144
5860 1335.37 99545.7 507.256 -3.06137
5870 1325.02 100058 507.22 -3.06144
5880 1233.91 101259 507.19 -3.06159
5890 1125.6 103163 507.182 -3.06165
5900 1115.67 102727 507.218 -3.06149
5910 1251.56 100235 507.29 -3.06112
5920 1415.33 99285.7 507.371 -3.06074
5930 1434.99 97670.8 507.445 -3.06071
5940 1244.16 98848.5 507.495 -3.06098
5950 1017.99 102764 507.538 -3.06113
5960 961.934 103118 507.616 -3.06091
5970 1053.09 99680.7 507.733 -3.06025
5980 1159.33 98149.9 507.85 -3.05919
5990 1248.33 96281.4 507.945 -3.0579
6000 1329.69 94754.6 507.994 -3.05657
6010 1422.19 93258.9 507.977 -3.05538
6020 1487.14 92747.1 507.877 -3.05453
6030 1435.53 93496.5 507.69 -3.05414
6040 1271 97354.5 507.428 -3.05396
6050 1153.59 98483.7 507.136 -3.05365
6060 1133.29 99621.3 506.832 -3.05303
6070 1154.39 102927 506.534 -3.05213
6080 1189.96 104719 506.281 -3.05108
6090 1238.86 106487 506.098 -3.05004
6100 1269.45 107182 506.006 -3.04917
6110 1272.93 105528 506.011 -3.04856
6120 1276.58 102985 506.092 -3.04819
6130 1287.67 103494 506.22 -3.04798
6140 1348.32 100012 506.39 -3.04797
6150 1346.49 98818.5 506.566 -3.04815
6160 1236.49 102709 506.735 -3.04848
6170 1148.26 104594 506.939 -3.04882
6180 1207.57 103146 507.201 -3.04904
6190 1378.83 100646 507.505 -3.04924
6200 1491.04 98150.9 507.817 -3.04972
6210 1435.98 98961.5 508.11 -3.05068
6220 1344.26 98704.1 508.389 -3.05194
6230 1329.6 98667.7 508.652 -3.05325
6240 1362.54 96370.4 508.895 -3.05455
6250 1364.92 95843.6 509.095 -3.05588
6260 1340.87 93703.4 509.239 -3.05717
6270 1301.24 95193.3 509.307 -3.05832
6280 1267.9 95354.1 509.312 -3.05926
6290 1176.43 96162.2 509.261 -3.0599
6300 1086.2 98589 509.166 -3.06008
6310 1174.84 97365.4 509.053 -3.05984
6320 1383.45 93665.4 508.908 -3.05935
6330 1544.18 89235.4 508.684 -3.05902
6340 1531.27 91855.6 508.335 -3.05917
6350 1391.12 96537.8 507.89 -3.05961
6360 1247.05 100983 507.411 -3.05995
6370 1201.04 100795 506.95 -3.06001
6380 1222.88 100445 506.512 -3.05984
6390 1233.59 100292 506.09 -3.05949
6400 1216.15 101380 505.683 -3.059
6410 1196.74 103880 505.307 -3.05839
6420 1164.74 106048 504.99 -3.05769
6430 1129.93 107417 504.76 -3.05693
6440 1165.54 105943 504.631 -3.05613
6450 1278.17 102782 504.584 -3.05533
6460 1372.31 100644 504.578 -3.05466
6470 1374.19 103154 504.592 -3.05431
6480 1323.97 105902 504.652 -3.05435
6490 1298.23 106105 504.789 -3.05468
6500 1340.62 103207 505.005 -3.05524
6510 1367.02 103206 505.269 -3.05604
6520 1354.01 101071 505.572 -3.05709
6530 1272.34 100912 505.893 -3.05828
6540 1132.8 104474 506.231 -3.05936
6550 1091.26 104619 506.623 -3.06022
6560 1177.62 100490 507.068 -3.06083
6570 1256.96 99858.8 507.524 -3.06122
6580 1336.99 98780.7 507.975 -3.06161
6590 1388.85 96456.5 508.408 -3.06214
6600 1321.66 94890.8 508.793 -3.06284
6610 1258.64 95288.5 509.113 -3.06352
6620 1323.23 92765.4 509.367 -3.06406
6630 1509.86 89562.3 509.525 -3.0646
6640 1609.04 87651.8 509.548 -3.06555
6650 1456.16 90585.5 509.418 -3.06693
6660 1163.63 96038.3 509.173 -3.06806
6670 958.986 100268 508.881 -3.06841
6680 897.81 102270 508.598 -3.06802
6690 1022.04 97956.6 508.345 -3.06704
6700 1250.52 91696 508.069 -3.06556
6710 1380.99 91865.5 507.7 -3.06383
6720 1374.06 96559.4 507.239 -3.06224
6730 1327.05 99731.2 506.741 -3.06091
6740 1257.73 104103 506.254 -3.05972
6750 1259.7 104579 505.828 -3.05865
6760 1383.85 101766 505.47 -3.05775
6770 1495.48 98750.1 505.143 -3.05725
6780 1406.54 100850 504.816 -3.05725
6790 1163.76 107257 504.515 -3.05739
6800 977.47 110108 504.312 -3.05728
6810 978.188 108650 504.243 -3.05691
6820 1051.74 106418 504.291 -3.05626
6830 1130.71 104020 504.424 -3.0554
6840 1193.97 103843 504.615 -3.05443
6850 1253.81 102644 504.856 -3.0535
6860 1286.04 104469 505.137 -3.05275
6870 1377.62 104171 505.474 -3.0523
6880 1493.54 100761 505.863 -3.0523
6890 1529.36 95920.5 506.259 -3.05293
6900 1473.65 96394.4 506.609 -3.05414
6910 1381.93 98354.1 506.912 -3.05568
6920 1269.76 101035 507.197 -3.05724
6930 1255.69 99032.9 507.49 -3.05867
6940 1278.05 98074.9 507.772 -3.05992
6950 1228.38 98204.8 508.03 -3.06101
6960 1092.67 101468 508.27 -3.06183
6970 994.84 103542 508.528 -3.06228
6980 1018.98 102282 508.829 -3.06235
6990 1081.17 99816.5 509.158 -3.06202
7000 1116.67 97703.6 509.485 -3.06137
7010 1150.62 94884.9 509.78 -3.06046
7020 1217.43 92876.7 510.008 -3.05931
7030 1284.93 92639.5 510.144 -3.05799
7040 1309.28 93350.3 510.186 -3.05668
7050 1273 95225.3 510.144 -3.05549
7060 1217.26 97508.5 510.044 -3.05435
7070 1295.74 96298.7 509.913 -3.05319
7080 1516.78 92555.3 509.735 -3.0521
7090 1641.9 92193.8 509.47 -3.05156
7100 1512.43 94716.9 509.114 -3.05181
7110 1232.67 98405.9 508.7 -3.05224
7120 1029 101744 508.275 -3.0522
7130 1054.83 101666 507.879 -3.05161
7140 1248.89 99028.4 507.511 -3.05067
7150 1436.45 97101.9 507.141 -3.04968
7160 1449.26 97320.1 506.745 -3.04906
7170 1241.81 101857 506.331 -3.0487
7180 1053.06 105080 505.949 -3.04819
7190 1117.67 105101 505.64 -3.0474
7200 1282.27 102342 505.403 -3.04644
7210 1316.56 104418 505.21 -3.04558
7220 1282.64 104856 505.08 -3.04498
7230 1323.18 101605 505.016 -3.04461
7240 1371.23 101909 504.982 -3.04445
7250 1392.53 104261 504.981 -3.04461
7260 1330.37 105856 505.039 -3.04514
7270 1203.08 108102 505.178 -3.04585
7280 1177.05 106747 505.422 -3.04658
7290 1256.63 102247 505.75 -3.04726
7300 1286.1 101285 506.113 -3.04793
7310 1284.56 100765 506.493 -3.04863
7320 1383.67 98245.4 506.88 -3.04943
7330 1481.63 95325 507.244 -3.05044
7340 1455.71 95279.7 507.549 -3.05181
7350 1307.44 95740.6 507.793 -3.05333
7360 1146.49 96010.6 507.982 -3.05458
7370 1013.03 98371.4 508.122 -3.05528
7380 997.079 100797 508.242 -3.0554
7390 1126.59 98697.2 508.369 -3.05503
7400 1309.36 97430.9 508.483 -3.05433
7410 1451.93 96900.8 508.566 -3.05368
7420 1446.66 96886.6 508.612 -3.05344
7430 1310.21 99425.9 508.625 -3.05359
7440 1194.54 99489.9 508.632 -3.05378
7450 1217.67 96243.3 508.631 -3.0538
7460 1292.91 95391.1 508.589 -3.05361
7470 1347.95 95594.6 508.491 -3.05337
7480 1381.8 97370.9 508.343 -3.0532
7490 1422.15 99397.1 508.168 -3.05326
7500 1405.84 98620.1 507.988 -3.05362
7510 1315.04 99084.4 507.799 -3.05414
7520 1270.28 100021 507.606 -3.05459
7530 1293.82 98118.5 507.416 -3.05498
7540 1153.85 100339 507.215 -3.05519
7550 1002.21 105135 507.028 -3.055
7560 1185.43 101461 506.904 -3.05447
7570 1552.49 95964.7 506.804 -3.05383
7580 1728.85 93836.3 506.661 -3.05388
7590 1575.77 99282.8 506.454 -3.055
7600 1298.42 104093 506.244 -3.05645
7610 1129.31 104839 506.092 -3.05757
7620 1128.33 103377 506.007 -3.05829
7630 1219.75 102967 505.972 -3.05873
7640 1319.64 102731 505.981 -3.0591
7650 1384.93 101249 506.029 -3.05963
7660 1373.85 100671 506.099 -3.06041
7670 1243.58 101014 506.182 -3.0613
7680 1083.48 101019 506.281 -3.06198
7690 1022.9 98979.5 506.393 -3.06223
7700 1057.16 100129 506.5 -3.062
7710 1205.58 99779.3 506.607 -3.06138
7720 1384.89 98778.1 506.713 -3.06061
7730 1466.37 98341.6 506.808 -3.06013
7740 1448.71 99408.1 506.886 -3.06017
7750 1439.87 99674.4 506.959 -3.06067
7760 1487.92 97188.5 507.028 -3.0616
7770 1417.92 98226.7 507.069 -3.06289
7780 1201.54 101551 507.094 -3.06418
7790 959.646 104437 507.143 -3.06502
7800 912.793 103124 507.248 -3.06526
7810 1113.39 96692.3 507.389 -3.06496
7820 1361.34 93789.5 507.494 -3.06419
7830 1496.1 93378 507.522 -3.06349
7840 1446.5 94867 507.47 -3.06324
7850 1315.34 97155.2 507.357 -3.06332
7860 1221.12 99157.1 507.212 -3.06338
7870 1194.01 99953.5 507.06 -3.06325
7880 1248.17 99193.9 506.913 -3.06296
7890 1332.46 98188.1 506.762 -3.06259
7900 1430.79 96129.5 506.592 -3.06237
7910 1422.04 97878.1 506.382 -3.06245
7920 1240.13 101983 506.156 -3.06269
7930 1095.98 104467 505.962 -3.06274
7940 1115.78 102735 505.827 -3.0625
7950 1184.49 101053 505.734 -3.06203
7960 1257.67 99856.7 505.661 -3.06142
7970 1381.81 99215 505.593 -3.06083
7980 1489.35 98538.7 505.519 -3.06055
7990 1442.43 100142 505.435 -3.06079
8000 1241.13 103587 505.361 -3.06132
8010 1053.88 105990 505.339 -3.0617
8020 1036.55 104967 505.394 -3.06177
8030 1126.22 102805 505.517 -3.06153
8040 1207.33 100501 505.679 -3.06107
8050 1252.36 100440 505.851 -3.06053
8060 1314.51 101833 506.033 -3.06007
8070 1391.79 100944 506.239 -3.05983
8080 1374.4 99778.6 506.458 -3.05996
8090 1236.89 99661.1 506.678 -3.06033
8100 1122.3 99767.2 506.895 -3.06064
8110 1113.07 99506.6 507.11 -3.06067
8120 1201.59 99446.7 507.319 -3.06042
8130 1310.38 95801.4 507.518 -3.06001
8140 1356.49 94755.8 507.667 -3.05964
8150 1332.46 96497 507.752 -3.0594
8160 1273.09 97736.8 507.794 -3.05928
8170 1230.37 97555.7 507.808 -3.05915
8180 1218.59 97865.1 507.794 -3.05889
8190 1230.94 100126 507.759 -3.05849
8200 1304.08 99706.3 507.727 -3.05805
8210 1394.25 97909.5 507.695 -3.05773
8220 1429 96804.8 507.642 -3.05768
8230 1384.43 96012.1 507.552 -3.05793
8240 1247.59 97744.9 507.418 -3.05827
8250 1032.99 102921 507.266 -3.05833
8260 988.101 104626 507.152 -3.05796
8270 1173.18 104342 507.103 -3.05721
8280 1376.22 103092 507.115 -3.05634
8290 1479.29 100326 507.171 -3.05583
8300 1476.52 97038 507.234 -3.05591
8310 1423.63 97783.8 507.268 -3.05646
8320 1347.46 99364.6 507.277 -3.05725
8330 1269.71 101321 507.283 -3.05807
8340 1221.27 101702 507.309 -3.05877
8350 1236.53 98454.2 507.357 -3.05933
8360 1254.63 97385.6 507.392 -3.05969
8370 1307.94 94825 507.392 -3.05994
8380 1361.05 96678.6 507.336 -3.06013
8390 1374.99 97443.7 507.239 -3.06042
8400 1299.55 99010.5 507.116 -3.0608
8410 1218.74 101385 506.987 -3.06109
8420 1287.13 98664.4 506.876 -3.06126
8430 1410.19 97347.7 506.756 -3.06144
8440 1441.14 98184.2 506.609 -3.06188
8450 1339.53 100523 506.447 -3.06253
8460 1226.24 102060 506.298 -3.06317
8470 1127.24 104087 506.184 -3.06357
8480 1073.92 104025 506.126 -3.06368
8490 1086.2 104274 506.126 -3.06349
8500 1148.39 104159 506.186 -3.06306
8510 1292.62 100107 506.298 -3.06252
8520 1403.72 95928.4 506.415 -3.06204
8530 1371.22 98514.9 506.489 -3.06184
8540 1273.06 101092 506.548 -3.06188
8550 1249.03 98074.6 506.618 -3.06198
8560 1253.72 97575.2 506.669 -3.06198
8570 1283.77 96943.9 506.692 -3.06191
8580 1314.65 96078.5 506.678 -3.0618
8590 1297.05 96461.8 506.618 -3.0617
8600 1250.19 99695.9 506.522 -3.06156
8610 1264.4 100201 506.423 -3.06136
8620 1327.01 98892.6 506.331 -3.06118
8630 1347.1 98271 506.231 -3.06109
8640 1341 99294.5 506.116 -3.06112
8650 1369.33 99647.8 505.997 -3.0613
8660 1390.47 100666 505.882 -3.06167
8670 1330.14 100719 505.78 -3.06224
8680 1200.36 100095 505.692 -3.0628
8690 1082.83 101692 505.614 -3.06306
8700 1034.41 103670 505.563 -3.06295
8710 1027.29 103650 505.562 -3.06248
8720 1023.23 104894 505.615 -3.06172
8730 1109.33 103780 505.732 -3.06071
8740 1300.36 101842 505.899 -3.05951
8750 1456.44 99035.9 506.092 -3.05842
8760 1476.88 99049.6 506.279 -3.05787
8770 1423.92 100665 506.457 -3.05794
8780 1398.51 100309 506.643 -3.05849
8790 1316.33 101249 506.839 -3.05929
8800 1270.31 99833.1 507.05 -3.06017
8810 1295.66 99033.7 507.261 -3.06097
8820 1373.77 96349.5 507.459 -3.06179
8830 1374.63 95735.9 507.613 -3.06269
8840 1237.23 96718.9 507.714 -3.0636
8850 991.795 101637 507.781 -3.06414
8860 869.523 104612 507.869 -3.06416
8870 1049.53 99588.7 508.011 -3.06367
8880 1319.95 95200.9 508.15 -3.06262
8890 1493.69 94802.1 508.233 -3.06151
8900 1534.53 94402.7 508.25 -3.06095
8910 1471.49 95693.9 508.201 -3.06102
8920 1367.75 96999 508.1 -3.06145
8930 1304.42 96918.9 507.965 -3.06195
8940 1233.48 98947.8 507.798 -3.06232
8950 1122.52 100815 507.622 -3.06242
8960 1049.3 100614 507.461 -3.06216
8970 1065.51 100172 507.315 -3.06151
8980 1168.2 98606.8 507.176 -3.06049
8990 1296.1 97103.7 507.024 -3.05927
9000 1366.48 97646.8 506.842 -3.05808
9010 1348.15 100540 506.64 -3.05714
9020 1308.31 99621.4 506.448 -3.05649
9030 1246.25 101061 506.262 -3.05595
9040 1208.16 101395 506.094 -3.05542
9050 1206.64 102774 505.954 -3.05483
9060 1289.95 102695 505.853 -3.05422
9070 1423.01 101628 505.793 -3.05378
9080 1426.9 103234 505.763 -3.05378
9090 1208.99 106424 505.782 -3.05416
9100 980.429 111380 505.893 -3.0545
9110 1040.64 111040 506.148 -3.05467
9120 1343.05 103682 506.54 -3.05465
9130 1564.84 97508.1 506.981 -3.05478
9140 1568.45 96857 507.397 -3.05563
9150 1471.65 96112.5 507.77 -3.05718
9160 1334.61 97246.1 508.094 -3.05896
9170 1179.43 99371.1 508.384 -3.06055
9180 1098.85 97758.9 508.661 -3.06171
9190 1126.34 94054.1 508.906 -3.06236
9200 1222.93 91864.8 509.074 -3.06253
9210 1379.14 90721.3 509.138 -3.06242
9220 1510.87 90970.6 509.084 -3.06239
9230 1518.66 91261.6 508.915 -3.06276
9240 1397.17 93276.2 508.641 -3.06343
9250 1220.41 96791.4 508.288 -3.06395
9260 1089.36 99272.7 507.9 -3.064
9270 1046.66 101503 507.512 -3.06354
9280 1036.84 105094 507.155 -3.06264
9290 1037.91 105196 506.87 -3.06144
9300 1036.57 105218 506.661 -3.06004
9310 1082.81 105203 506.527 -3.05845
9320 1267.47 101271 506.462 -3.05672
9330 1399.58 99183.6 506.422 -3.05501
9340 1359.1 102532 506.383 -3.05375
9350 1237.42 104530 506.38 -3.05295
9360 1186.4 104566 506.439 -3.05239
9370 1236.67 104052 506.562 -3.05187
9380 1353.44 100586 506.736 -3.05145
9390 1421.86 99301.4 506.923 -3.05127
9400 1450.72 98249.6 507.103 -3.05152
9410 1440.61 97627.7 507.264 -3.0522
9420 1310.99 99841.9 507.4 -3.05314
9430 1210.6 100350 507.534 -3.05402
9440 1259.38 98041.2 507.672 -3.0547
9450 1359.1 95626.8 507.786 -3.05529
9460 1304.39 96486.1 507.849 -3.0559
9470 1131.29 100247 507.873 -3.05636
9480 1073.51 103533 507.904 -3.05647
9490 1229.39 100964 507.977 -3.05631
9500 1379.45 97937.5 508.067 -3.05607
9510 1420.54 96543.2 508.135 -3.05603
9520 1460.77 94859.9 508.16 -3.05633
9530 1488.01 94884.6 508.124 -3.057
9540 1375.49 97459.5 508.029 -3.05795
9550 1157.65 99418.9 507.905 -3.05878
9560 1015.62 100721 507.779 -3.05909
9570 1115.58 100291 507.667 -3.05888
9580 1394.11 96083 507.558 -3.0584
9590 1553.4 94523.1 507.408 -3.05814
9600 1452.51 96994.1 507.197 -3.05842
9610 1277.95 100283 506.956 -3.05891
9620 1167.63 102224 506.724 -3.05921
9630 1206.77 103550 506.53 -3.05925
9640 1361.04 99504.8 506.382 -3.05925
9650 1436.31 98121.1 506.237 -3.05945
9660 1357.52 101090 506.08 -3.05991
9670 1281.75 104841 505.945 -3.06046
9680 1303.21 105257 505.877 -3.06108
9690 1273.91 103855 505.88 -3.06179
9700 1187.39 102681 505.939 -3.06246
9710 1171.98 99716 506.033 -3.06293
9720 1202.98 100038 506.132 -3.06316
9730 1250.48 100714 506.233 -3.06324
9740 1292.14 101724 506.348 -3.0633
9750 1337.91 101323 506.486 -3.06347
9760 1407.4 100264 506.644 -3.06386
9770 1427.44 98754.2 506.807 -3.06458
9780 1346.32 100118 506.96 -3.06557
9790 1168.13 102678 507.119 -3.06657
9800 1042.5 103117 507.312 -3.06727
9810 1060.04 102309 507.547 -3.06758
9820 1216.16 97418.7 507.807 -3.06753
9830 1354.27 93489.7 508.036 -3.06727
9840 1369.7 89783.6 508.179 -3.06705
9850 1270 92584.4 508.199 -3.06688
9860 1207.06 96251.5 508.124 -3.06658
9870 1200.84 98339.9 508.005 -3.06607
9880 1291.25 98894.2 507.867 -3.06542
9890 1418.94 97481.8 507.718 -3.06483
9900 1438.08 96791.4 507.544 -3.06456
9910 1312.25 99021.4 507.339 -3.06458
9920 1164.48 100502 507.127 -3.06458
9930 1050.6 104289 506.933 -3.06429
9940 1048.76 105320 506.797 -3.06368
9950 1190.41 100735 506.73 -3.06281
9960 1348.91 98529.5 506.681 -3.06181
9970 1392.34 99132.7 506.622 -3.06098
9980 1418.06 98748.6 506.555 -3.06054
9990 1370.26 100691 506.481 -3.06047
10000 1225.29 103801 506.422 -3.0606
