# Time-averaged data for fix 2
# TimeStep c_mytemp c_mypress v_vmyvol v_avgEtotal
10 1989.95 -1601.09 654.924 -2.78696
20 1851.39 1335.19 654.907 -2.78759
30 1819.61 4578.2 654.92 -2.78842
40 1961.12 2553.83 655.004 -2.78944
50 2078.63 720.786 655.135 -2.791
60 2055.13 1184.75 655.285 -2.79327
70 1927.53 2616.33 655.46 -2.79595
80 1897.33 -962.488 655.674 -2.79865
90 1957.26 -5378.77 655.872 -2.80145
100 1900.06 -5177 655.993 -2.80438
110 1716.18 -3448.23 656.034 -2.80713
120 1455.21 1232.06 656.031 -2.80911
130 1316.02 5720.94 656.05 -2.81011
140 1402.6 7191.08 656.163 -2.81023
150 1630.49 2691.71 656.386 -2.80977
160 1662.65 3611.67 656.664 -2.80904
170 1546.56 7035.94 657.004 -2.80831
180 1460.25 8648.26 657.455 -2.8074
190 1530.75 5926.08 658.038 -2.80618
200 1614.29 4875.16 658.717 -2.80464
210 1592.67 3780 659.468 -2.80301
220 1550.84 2245.23 660.273 -2.80137
230 1515.82 1572.11 661.11 -2.79961
240 1589.48 -3199.57 661.954 -2.79766
250 1650.27 -3844.02 662.745 -2.79553
260 1690.81 -4822.52 663.463 -2.79349
270 1683 -7427.45 664.092 -2.79158
280 1693.08 -9927.78 664.591 -2.78986
290 1697.16 -9830.08 664.926 -2.78827
300 1796.88 -12791.6 665.092 -2.78689
310 1872.98 -16444.3 665.045 -2.78585
320 1777.3 -14471.9 664.739 -2.78533
330 1670.91 -12699.4 664.203 -2.78508
340 1683.42 -14615.9 663.464 -2.78488
350 1671.19 -12004.2 662.511 -2.78466
360 1722.23 -11655.9 661.376 -2.78442
370 1753.23 -10063 660.08 -2.78423
380 1768.68 -6879.85 658.651 -2.78411
390 1796.37 -5296.73 657.141 -2.78411
400 1733.01 -2563.91 655.582 -2.78419
410 1728.74 -2258.88 654.014 -2.78425
420 1882.1 -5319.35 652.442 -2.78443
430 2059.87 -9201.8 650.82 -2.78515
440 2173.51 -12610.7 649.091 -2.78692
450 2160.41 -14081 647.206 -2.78994
460 2014.66 -11667.3 645.148 -2.79374
470 1780.76 -4029.1 642.965 -2.79736
480 1583.57 3297.66 640.769 -2.79998
490 1555.99 6217.1 638.669 -2.80159
500 1661.17 6855.14 636.711 -2.80262
510 1661.3 8397.27 634.905 -2.80332
520 1553.72 11375.4 633.271 -2.80364
530 1486.01 12474.6 631.845 -2.80348
540 1482.61 15394.5 630.643 -2.80287
550 1581.89 13601.3 629.694 -2.80183
560 1726.35 7472.69 628.966 -2.80068
570 1714.91 7509.78 628.377 -2.79964
580 1708.84 9736.27 627.921 -2.79873
590 1848.48 7910.38 627.617 -2.79796
600 1903.72 7819.89 627.443 -2.79756
610 1783.92 9996.94 627.398 -2.79762
620 1731.4 10427.2 627.507 -2.79782
630 1983.86 3732.17 627.765 -2.79818
640 2118.63 -990.149 628.083 -2.79916
650 1937.89 657.186 628.394 -2.80098
660 1588.63 10374.7 628.73 -2.80282
670 1511.63 11612.9 629.207 -2.80408
680 1641.08 11546.4 629.855 -2.80483
690 1763.44 9479.96 630.669 -2.80538
700 1823.67 8706.02 631.618 -2.80598
710 1733.65 13463.6 632.7 -2.80677
720 1680.19 14158.6 633.968 -2.80764
730 1626.57 16060.9 635.441 -2.80839
740 1575.31 15494.8 637.139 -2.80899
750 1496.13 15263.3 639.058 -2.8093
760 1538.16 12165.4 641.187 -2.80922
770 1734.18 4094.77 643.474 -2.80861
780 1905.17 -3236.9 645.802 -2.80768
790 2010.22 -6294.2 648.058 -2.80706
800 1958.56 -5187.94 650.194 -2.80717
810 1845.46 -6133.55 652.22 -2.80784
820 1720.16 -7652.09 654.124 -2.80858
830 1613.98 -7020.54 655.884 -2.80912
840 1587.94 -6590.58 657.508 -2.80935
850 1657.79 -8726.28 659.001 -2.80925
860 1735.23 -9633.17 660.336 -2.80896
870 1736.29 -9376.05 661.498 -2.80872
880 1601.08 -5730.68 662.498 -2.80852
890 1473.4 -2732.78 663.39 -2.80816
900 1504.41 -4615.42 664.221 -2.8074
910 1596.66 -9199.32 664.962 -2.80622
920 1594.64 -12101 665.545 -2.80483
930 1471.72 -11016.4 665.927 -2.80337
940 1391.33 -9338.49 666.122 -2.80177
950 1464.75 -9424.74 666.16 -2.79981
960 1656.59 -11325.2 666.041 -2.79749
970 1757.8 -13308.1 665.74 -2.79514
980 1668.74 -11859.9 665.233 -2.79319
990 1527.36 -8421.87 664.544 -2.79154
1000 1535.52 -6296.01 663.73 -2.78983
1010 1705.31 -7500.72 662.825 -2.78793
1020 1842.09 -5914.58 661.824 -2.78608
1030 1892.5 -6104.44 660.746 -2.78468
1040 1877.92 -7104.57 659.592 -2.78393
1050 1824.03 -3731.22 658.356 -2.78366
1060 1799.33 -2384.41 657.083 -2.78365
1070 1699.1 -572.791 655.803 -2.78375
1080 1632.33 2005.69 654.545 -2.78375
1090 1621.53 4171.57 653.346 -2.78348
1100 1736.34 5655.64 652.242 -2.78304
1110 1760.21 6030.31 651.254 -2.78257
1120 1814.83 2033.3 650.377 -2.7823
1130 1901.52 -627.766 649.558 -2.78237
1140 1829.75 1734.43 648.758 -2.78283
1150 1672.71 3306.01 648.003 -2.78337
1160 1623.56 3281.29 647.317 -2.78372
1170 1612.19 2699.13 646.7 -2.78381
1180 1654.55 3332.68 646.144 -2.78364
1190 1768.51 1146.56 645.65 -2.78336
1200 1839.22 -1867.04 645.189 -2.78322
1210 1875.22 -3698.62 644.712 -2.78337
1220 2022.86 -5551.29 644.192 -2.784
1230 2148.74 -7441.04 643.601 -2.78543
1240 2162.41 -7191.98 642.912 -2.78797
1250 2025.35 -3697.65 642.134 -2.79128
1260 1778.79 1017.09 641.322 -2.79455
1270 1647.44 570.133 640.537 -2.79716
1280 1705.48 -2207.39 639.777 -2.79926
1290 1875.56 -5797.93 639 -2.80123
1300 2034.07 -5721.75 638.159 -2.80354
1310 2003.31 -2621.45 637.254 -2.80637
1320 1790.42 3909.31 636.335 -2.80922
1330 1648.92 11222.3 635.499 -2.81146
1340 1624.5 15529.5 634.85 -2.81309
1350 1622.21 17461.9 634.451 -2.81427
1360 1631 17132.1 634.326 -2.81513
1370 1633.04 16668.5 634.47 -2.81577
1380 1557.69 18056.5 634.874 -2.81617
1390 1528.35 17499 635.55 -2.81629
1400 1668.12 9457.19 636.478 -2.81607
1410 1812.51 1551.46 637.544 -2.8156
1420 1852.88 -1646.32 638.632 -2.81525
1430 1803.4 -1322.69 639.688 -2.81523
1440 1639.84 3483.95 640.722 -2.81541
1450 1450.76 7807.76 641.798 -2.81547
1460 1436.74 7972.02 642.982 -2.81512
1470 1556.04 5440.37 644.274 -2.81425
1480 1606.86 3420.89 645.641 -2.81304
1490 1537.96 944.961 647.047 -2.81166
1500 1546.42 -738.371 648.456 -2.8101
1510 1779.87 -6553.73 649.832 -2.80823
1520 1989.39 -12286.1 651.09 -2.80636
1530 1979.17 -13618.2 652.147 -2.80525
1540 1781.6 -11710.2 652.979 -2.80494
1550 1565.79 -8366.49 653.619 -2.80485
1560 1524.38 -7044.46 654.116 -2.80452
1570 1653.67 -7110.26 654.494 -2.80387
1580 1722.6 -5713.8 654.759 -2.80309
1590 1640.13 -1243.46 654.938 -2.80236
1600 1647.15 -1512.23 655.092 -2.80162
1610 1734.83 -3551.3 655.221 -2.8008
1620 1760.36 -3331.62 655.302 -2.80006
1630 1792.23 -7771.14 655.325 -2.7995
1640 1861.07 -13523.5 655.225 -2.79921
1650 1907.48 -15831.8 654.919 -2.79936
1660 1875.45 -14668.5 654.371 -2.80003
1670 1736.4 -9356.34 653.607 -2.80093
1680 1677.81 -6390.84 652.706 -2.80172
1690 1700.57 -5366.74 651.72 -2.80229
1700 1731.51 -4604.21 650.671 -2.80275
1710 1699.55 -3446.33 649.571 -2.80314
1720 1632.8 -499.712 648.443 -2.80338
1730 1556.66 3781.09 647.334 -2.8033
1740 1504.4 5770.85 646.305 -2.80282
1750 1508.61 4220.41 645.386 -2.80195
1760 1640.99 90.6503 644.549 -2.80081
1770 1811.97 -120.247 643.738 -2.79957
1780 1923.9 2147.23 642.948 -2.79861
1790 1859.88 7537.86 642.215 -2.79815
1800 1858.33 12288.5 641.618 -2.79803
1810 2068.14 11261.9 641.218 -2.79844
1820 2076.67 12934.9 641.011 -2.79969
1830 1967.29 14014.1 641.015 -2.80171
1840 1911.23 13188 641.24 -2.80409
1850 1910.66 10065.1 641.67 -2.80669
1860 1800.88 8052.6 642.26 -2.8093
1870 1713.18 5891.14 642.972 -2.8116
1880 1756.45 4334.05 643.774 -2.81357
1890 1893.92 -680.66 644.632 -2.81544
1900 1940.43 -2339.92 645.48 -2.81749
1910 1800.69 -446.739 646.289 -2.8197
1920 1625.51 719.463 647.085 -2.8216
1930 1589.2 109.653 647.885 -2.82297
1940 1604.27 -688.747 648.68 -2.82384
1950 1637.98 -1754.78 649.458 -2.82432
1960 1719.47 -4138.39 650.201 -2.82456
1970 1737.75 -5722.13 650.874 -2.82472
1980 1621.65 -5265.63 651.454 -2.82482
1990 1536.69 -4573.11 651.947 -2.8247
2000 1594.42 -6015.58 652.361 -2.82425
2010 1638.51 -6364.49 652.679 -2.82353
2020 1643.87 -7249.49 652.894 -2.82271
2030 1618.75 -5022.66 653 -2.82184
2040 1636.27 -4554.3 653.025 -2.82087
2050 1691.39 -6210.36 652.978 -2.81983
2060 1682.05 -6392.69 652.84 -2.81884
2070 1592.01 -3028.96 652.611 -2.81789
2080 1503.54 -519.251 652.341 -2.81683
2090 1560.31 -1660.98 652.066 -2.81551
2100 1694.56 -4063.45 651.772 -2.81396
2110 1796 -5376.42 651.425 -2.81246
2120 1815.65 -6496.37 651.003 -2.81128
2130 1726.95 -7424.33 650.489 -2.81051
2140 1607.97 -4801.66 649.875 -2.80987
2150 1664.38 -2451.79 649.199 -2.80913
2160 1788.97 -2488.73 648.495 -2.80832
2170 1785.39 1682.02 647.776 -2.80766
2180 1835.61 20.4746 647.093 -2.80723
2190 1915.21 -7058.26 646.417 -2.80722
2200 1870.13 -6864.6 645.659 -2.80768
2210 1872.04 -8064.32 644.808 -2.80853
2220 1784.14 -6078.22 643.853 -2.80962
2230 1603.22 -619.342 642.829 -2.81053
2240 1497.91 3014.13 641.814 -2.81095
2250 1492.83 7315.34 640.87 -2.81078
2260 1548.34 6796.18 640.051 -2.81015
2270 1536.27 9223.74 639.362 -2.80918
2280 1520.92 10919.5 638.829 -2.80796
2290 1584.08 11485.9 638.476 -2.80649
2300 1772.09 7457.37 638.305 -2.8049
2310 1844.93 2693.88 638.256 -2.8035
2320 1743.14 2537.45 638.263 -2.80254
2330 1639.1 1287.43 638.312 -2.80181
2340 1668.96 -2727.28 638.381 -2.80104
2350 1756.07 -6511.27 638.413 -2.80025
2360 1723.84 -5962.46 638.357 -2.79956
2370 1730.81 -5518.01 638.213 -2.79903
2380 1662.66 -3578.36 637.994 -2.79856
2390 1594.23 -2192.13 637.728 -2.79803
2400 1644.99 -1331.96 637.437 -2.79733
2410 1724.25 -2063.86 637.133 -2.7965
2420 1817.73 -703.72 636.81 -2.79579
2430 1700.19 6880.73 636.495 -2.79526
2440 1587.31 11927.6 636.292 -2.7948
2450 1459.93 20069.7 636.285 -2.79416
2460 1441.18 23399.8 636.584 -2.79327
2470 1614.64 20432.3 637.235 -2.79209
2480 1775.65 15608.6 638.194 -2.79076
2490 1854.93 10739 639.388 -2.78963
2500 1818.66 6724.87 640.741 -2.78889
2510 1756.22 3953.16 642.189 -2.78845
2520 1747.14 1585.43 643.688 -2.78813
2530 1798.97 -3384.05 645.194 -2.78782
2540 1791.85 -4205.62 646.642 -2.78761
2550 1782.15 -3400.47 648.011 -2.7876
2560 1632.98 2176.85 649.322 -2.78773
2570 1554.3 3743.88 650.651 -2.78778
2580 1518.44 3985.81 652.027 -2.7875
2590 1500.6 3586.2 653.455 -2.78686
2600 1626.64 -182.118 654.922 -2.78582
2610 1756.95 -3615.25 656.374 -2.7845
2620 1789.4 -5430.42 657.756 -2.78328
2630 1745.36 -3575.24 659.044 -2.78235
2640 1755.09 -5826.23 660.255 -2.78165
2650 1723.84 -7210.28 661.361 -2.78102
2660 1613.58 -5027.45 662.344 -2.78048
2670 1593.59 -6942.44 663.229 -2.77982
2680 1696.59 -10579.4 663.989 -2.77893
2690 1777.65 -11745.3 664.571 -2.77803
2700 1780.78 -6983.83 664.963 -2.77736
2710 1797.24 -2032.45 665.239 -2.77699
2720 1804.96 3091.06 665.485 -2.77682
2730 2000.73 1566.98 665.773 -2.77699
2740 2132.82 -3459.12 666.085 -2.77788
2750 2047.95 -7212.05 666.344 -2.7797
2760 1885.14 -9209.82 666.489 -2.78202
2770 1763.02 -11490.1 666.482 -2.78427
2780 1763.06 -15002.7 666.285 -2.78634
2790 1763.3 -15915.7 665.849 -2.7883
2800 1793.04 -15298.1 665.16 -2.79018
2810 1877.96 -14889.2 664.232 -2.79214
2820 1883.3 -12662.5 663.08 -2.79433
2830 1683.79 -8473.32 661.746 -2.79645
2840 1504 -5587.31 660.298 -2.79794
2850 1545.9 -7596.55 658.779 -2.79882
2860 1646.3 -10086.7 657.166 -2.79933
2870 1698.23 -9551.91 655.425 -2.79973
2880 1663.09 -5579.76 653.572 -2.7999
2890 1758.98 -8688.42 651.656 -2.80001
2900 1820.6 -10147.5 649.643 -2.80032
2910 1779.82 -6103.08 647.519 -2.80079
2920 1730.75 -3219.72 645.341 -2.80122
2930 1711.73 -523.413 643.158 -2.80154
2940 1641.97 4047.24 641.017 -2.80158
2950 1765.09 2453.67 638.975 -2.80141
2960 1933.55 -2540.36 637.009 -2.80155
2970 1848.23 -404.342 635.058 -2.80212
2980 1785.04 1746.33 633.143 -2.80286
2990 1749.03 5599.78 631.297 -2.80354
3000 1718.02 11891 629.578 -2.80397
3010 1672.52 17032.2 628.073 -2.80415
3020 1605.34 21165.9 626.853 -2.80408
3030 1545.68 26727.1 625.977 -2.80373
3040 1565.71 27077 625.509 -2.80318
3050 1671.77 23411 625.451 -2.80255
3060 1678.65 19686.5 625.744 -2.80198
3070 1572.7 19218.3 626.336 -2.8015
3080 1489.04 20004.3 627.212 -2.80095
3090 1618.49 14305.3 628.368 -2.80015
3100 1822.18 9781.95 629.73 -2.79906
3110 2039.13 6699.09 631.229 -2.79824
3120 2091.44 5571.06 632.816 -2.79827
3130 1885.87 10161.7 634.482 -2.79927
3140 1697.36 11493.6 636.283 -2.80065
3150 1679.59 8240.31 638.236 -2.80183
3160 1662.4 6460.78 640.299 -2.80269
3170 1622.54 3988.87 642.441 -2.80325
3180 1638.68 -645.894 644.619 -2.80342
3190 1638.6 -4122.89 646.766 -2.80317
3200 1700.62 -6498.34 648.827 -2.80269
3210 1710.54 -6881.09 650.764 -2.80211
3220 1607.31 -5754.89 652.573 -2.80155
3230 1542.32 -5592 654.268 -2.80086
3240 1696 -10294.5 655.847 -2.79984
3250 1891.53 -16691 657.237 -2.79867
3260 1844.03 -16246.9 658.352 -2.79789
3270 1730.38 -15949.1 659.189 -2.79757
3280 1666.02 -17620.3 659.753 -2.79737
3290 1606.09 -16428.6 660.028 -2.79713
3300 1539.47 -11335.6 660.039 -2.79675
3310 1472.27 -5405.28 659.87 -2.79608
3320 1456.35 -1741.02 659.616 -2.795
3330 1645.62 -5802.1 659.331 -2.79355
3340 1805.79 -10774.1 658.96 -2.79197
3350 1820.76 -10000.3 658.432 -2.79074
3360 1722.81 -6786.93 657.759 -2.78993
3370 1612.64 -3864.5 656.991 -2.78923
3380 1685.01 -3382.56 656.176 -2.78844
3390 1850 -4885.4 655.321 -2.78765
3400 1945.29 -3199.55 654.414 -2.78723
3410 1904.07 331.303 653.479 -2.78735
3420 1771.83 5816.98 652.573 -2.7878
3430 1711.52 11098.6 651.784 -2.78817
3440 1853.78 7124.14 651.179 -2.78855
3450 2018.93 324.911 650.7 -2.78935
3460 2005.39 -726.488 650.251 -2.79082
3470 1953.56 -3968.75 649.799 -2.79283
3480 1836.81 -4891.15 649.303 -2.79511
3490 1643.08 -2204.3 648.747 -2.79711
3500 1672.42 -2798.95 648.165 -2.79861
3510 1893.49 -7661.08 647.547 -2.80002
3520 1993.21 -8092.1 646.832 -2.8018
3530 1929.27 -4394.39 646.011 -2.80401
3540 1796.7 910.901 645.144 -2.80623
3550 1724.81 3309.77 644.307 -2.80819
3560 1639.02 8465.39 643.547 -2.80973
3570 1533.07 13005.5 642.936 -2.81074
3580 1443.9 15465.7 642.541 -2.81116
3590 1417.54 18170.3 642.399 -2.81103
3600 1451.54 17970.6 642.544 -2.81043
3610 1536.82 13751.4 642.967 -2.80943
3620 1620.49 6881.41 643.6 -2.80812
3630 1681.31 1231.84 644.34 -2.80665
3640 1732.29 -3628.26 645.094 -2.80518
3650 1741.09 -6610.65 645.788 -2.80383
3660 1752.02 -8667.65 646.375 -2.80268
3670 1790.07 -8506.3 646.826 -2.80174
3680 1850.85 -5822.73 647.145 -2.8011
3690 1847.78 136.239 647.375 -2.80087
3700 1737.83 9730.31 647.617 -2.80095
3710 1752.88 14386.8 648.007 -2.8012
3720 1726.18 18378.3 648.627 -2.80156
3730 1608.41 22106.7 649.536 -2.80205
3740 1503.05 23465 650.789 -2.80246
3750 1533.35 21750.7 652.403 -2.80264
3760 1621.26 17142.2 654.348 -2.8025
3770 1738.71 9871.09 656.55 -2.80205
3780 1814.69 2886.14 658.893 -2.80141
3790 1777.29 -2409.03 661.264 -2.80081
3800 1652.96 -5522.82 663.575 -2.8002
3810 1590.77 -8001.45 665.772 -2.79944
3820 1602.4 -10925 667.811 -2.7984
3830 1534.73 -10329.7 669.649 -2.79714
3840 1509 -10038.7 671.292 -2.79572
3850 1597.95 -11901.1 672.743 -2.79403
3860 1665.78 -12370.5 673.978 -2.79217
3870 1691.57 -14468.4 674.985 -2.79038
3880 1671.32 -15049.7 675.737 -2.78875
3890 1683.66 -16794.8 676.221 -2.78728
3900 1722.16 -19982.1 676.409 -2.78597
3910 1746.6 -22990 676.256 -2.7849
3920 1916.61 -29484 675.707 -2.78429
3930 2039.81 -31609.8 674.671 -2.78456
3940 2031.78 -27828.1 673.125 -2.78597
3950 1872.35 -17156.3 671.15 -2.788
3960 1696.55 -5968.01 668.925 -2.78976
3970 1587.25 2905.98 666.645 -2.79079
3980 1536.5 8539.16 664.458 -2.79103
3990 1580.36 11157.7 662.457 -2.7907
4000 1631.81 11071.4 660.679 -2.79006
4010 1581.59 12553.6 659.125 -2.78924
4020 1555.53 11303.5 657.808 -2.78823
4030 1707.73 4671.66 656.695 -2.78713
4040 1845.9 245.727 655.688 -2.78617
4050 1874.21 -2078.69 654.712 -2.78561
4060 1969.84 -4919.08 653.724 -2.78559
4070 2080.32 -7815.83 652.68 -2.78634
4080 2006.09 -5301.52 651.543 -2.78794
4090 1826.39 1020.4 650.354 -2.78982
4100 1751.45 2663.34 649.202 -2.79153
4110 1749.23 1136.75 648.114 -2.79306
4120 1741.34 2498.53 647.073 -2.79444
4130 1745.54 3423.44 646.095 -2.79562
4140 1751.17 2837.66 645.191 -2.79676
4150 1568.67 6441.54 644.361 -2.7976
4160 1578 4079.82 643.641 -2.79799
4170 1749.72 -853.611 642.999 -2.79814
4180 1849.25 -268.47 642.369 -2.79833
4190 1910.35 -594.412 641.748 -2.79881
4200 1907.84 1002.39 641.14 -2.79969
4210 1835.08 2368.03 640.561 -2.80088
4220 1710.73 5289.56 640.038 -2.80205
4230 1700.67 3887.73 639.604 -2.80302
4240 1754.95 -689.615 639.24 -2.80385
4250 1866.42 -6238.32 638.874 -2.80471
4260 2036.56 -10810.6 638.426 -2.80599
4270 2110.95 -10936.6 637.831 -2.80809
4280 1958.28 -5522.32 637.091 -2.81084
4290 1818.68 433.557 636.287 -2.81351
4300 1920.34 -7.97105 635.499 -2.81611
4310 1985.39 -622.046 634.73 -2.81898
4320 1873.48 4486.47 633.979 -2.82204
4330 1688.73 10275.7 633.316 -2.82463
4340 1750.55 9228.53 632.815 -2.82677
4350 1819.05 7347.28 632.467 -2.82877
4360 1772.96 6692.69 632.245 -2.83073
4370 1688.91 4660.08 632.13 -2.83241
4380 1717.71 2046.62 632.092 -2.83381
4390 1787.21 -362.664 632.092 -2.83506
4400 1701.05 -290.866 632.094 -2.83626
4410 1413.69 6647.39 632.108 -2.83704
4420 1337.69 8582.76 632.22 -2.83712
4430 1575.42 1289.59 632.45 -2.83653
4440 1770.4 -3108.87 632.706 -2.83556
4450 1713.44 -1288.82 632.925 -2.8347
4460 1578.48 2144.39 633.13 -2.83397
4470 1536.41 3068 633.364 -2.83312
4480 1580.9 2820.01 633.646 -2.832
4490 1724.21 1409.82 633.971 -2.83069
4500 1902.95 -4215.99 634.311 -2.82943
4510 1986.97 -6287.08 634.594 -2.82869
4520 1882.04 -4627.12 634.787 -2.82869
4530 1633.22 921.547 634.918 -2.829
4540 1541.66 3688.92 635.064 -2.8291
4550 1687.3 12.2742 635.259 -2.82888
4560 1768.15 -2262.22 635.46 -2.82853
4570 1796.16 -5407.76 635.627 -2.8283
4580 1818.69 -9279.71 635.714 -2.82829
4590 1765.57 -8446.07 635.67 -2.82848
4600 1733.73 -6928.96 635.504 -2.82876
4610 1809.63 -6785.46 635.237 -2.82909
4620 1898.85 -4741.22 634.88 -2.8296
4630 1913.71 -5896.64 634.457 -2.8305
4640 1814.4 -3399.28 633.963 -2.83171
4650 1658.93 982.936 633.432 -2.83285
4660 1533.76 5893.57 632.93 -2.83358
4670 1457.83 12027.6 632.533 -2.83376
4680 1449.08 16205.5 632.325 -2.8334
4690 1537.83 14960.1 632.364 -2.83259
4700 1750.26 7314.03 632.625 -2.83151
4710 1904.15 465.757 633 -2.83047
4720 1902.88 -1923.74 633.389 -2.82993
4730 1761.96 1344.08 633.758 -2.82989
4740 1609.48 2397.5 634.143 -2.82995
4750 1551.83 1005.83 634.562 -2.82979
4760 1579.31 49.8543 634.997 -2.82928
4770 1714.55 -2626.28 635.427 -2.82852
4780 1808.66 -2917.14 635.822 -2.82776
4790 1839.57 -2464.41 636.172 -2.82727
4800 1803.65 -902.863 636.487 -2.82711
4810 1772.61 1260.99 636.792 -2.82719
4820 1723.02 703.365 637.112 -2.82737
4830 1631.81 4380.56 637.451 -2.82752
4840 1526.65 7976.26 637.857 -2.82746
4850 1472.32 9245.38 638.382 -2.82709
4860 1423.09 12142.3 639.051 -2.82633
4870 1501.61 11414.1 639.897 -2.82519
4880 1659.45 8225.95 640.913 -2.82368
4890 1755.3 3862.59 642.047 -2.82205
4900 1762.17 700.691 643.234 -2.82058
4910 1687.22 -482.471 644.426 -2.81935
4920 1630.04 12.2834 645.603 -2.81827
4930 1589.54 -2.61702 646.768 -2.81715
4940 1545.98 916.91 647.927 -2.81594
4950 1539.18 612.47 649.088 -2.81456
4960 1613.32 1177.2 650.251 -2.81298
4970 1657.87 -148.741 651.42 -2.81129
4980 1632.61 104.091 652.58 -2.80965
4990 1696.17 -3458.39 653.727 -2.80803
5000 1914.63 -12600.3 654.799 -2.80636
5010 1992.89 -17780.9 655.664 -2.80515
5020 1791.02 -15120.1 656.247 -2.80473
5030 1512.25 -7604.15 656.587 -2.80461
5040 1455.97 -2994.34 656.799 -2.8042
5050 1572.51 -1960.73 656.959 -2.80334
5060 1555.93 2932.64 657.096 -2.8022
5070 1388.19 9343.68 657.286 -2.80093
5080 1368.05 7258.5 657.619 -2.79939
5090 1443.93 2952.81 658.067 -2.79733
5100 1499.59 1633.29 658.568 -2.79489
5110 1716.13 -6046.97 659.084 -2.79217
5120 1919.27 -13612.5 659.499 -2.78941
5130 1900.79 -13447.7 659.701 -2.78736
5140 1738.29 -8725.06 659.691 -2.78612
5150 1653.95 -3328.32 659.545 -2.78522
5160 1646.63 999.538 659.348 -2.78432
5170 1629.45 6775.98 659.18 -2.78334
5180 1663.21 9022.97 659.126 -2.78231
5190 1670.09 9467.39 659.223 -2.7813
5200 1485.91 15907.4 659.49 -2.78034
5210 1418.45 17225.1 660.013 -2.77928
5220 1593.2 11699.8 660.808 -2.77785
5230 1760.38 5333.99 661.791 -2.77609
5240 1741.07 2788.96 662.861 -2.77447
5250 1697.6 -1109.6 663.968 -2.77312
5260 1677.92 -5246.32 665.047 -2.77182
5270 1587.88 -5992.94 666.036 -2.77055
5280 1534.73 -7362.12 666.915 -2.76921
5290 1590.55 -8889.98 667.663 -2.76767
5300 1703.62 -9774.92 668.257 -2.76598
5310 1763.86 -9161.09 668.685 -2.76438
5320 1839.31 -9029.41 668.958 -2.76309
5330 1892.06 -10085.3 669.078 -2.76225
5340 1820.64 -7750.1 669.035 -2.76192
5350 1654.94 -660.26 668.877 -2.76185
5360 1602.83 427.758 668.706 -2.76167
5370 1658.82 -1025.02 668.546 -2.76125
5380 1774.61 -2911.8 668.378 -2.76074
5390 1906.81 -7713.33 668.162 -2.76043
5400 1946.55 -7541.77 667.835 -2.76063
5410 1902.6 -7591.32 667.39 -2.76135
5420 1888.87 -9790.46 666.827 -2.76249
5430 1862.27 -8929.37 666.12 -2.76391
5440 1821.56 -8388.75 665.278 -2.76548
5450 1746.36 -7531.5 664.316 -2.76707
5460 1666.55 -5116.27 663.251 -2.76841
5470 1705.25 -6393.46 662.118 -2.76946
5480 1752.29 -8552.04 660.903 -2.77043
5490 1720.1 -6781.35 659.576 -2.77137
5500 1634.92 -2836.36 658.17 -2.77207
5510 1620.93 -1582.68 656.74 -2.77244
5520 1690.43 -244.856 655.315 -2.7725
5530 1802.32 -1710.97 653.912 -2.7725
5540 1885.12 -3167.48 652.509 -2.77275
5550 1862.1 -1227.6 651.09 -2.77334
5560 1741.85 1883.49 649.683 -2.77408
5570 1633.26 5699.32 648.335 -2.77461
5580 1637.94 7802.67 647.105 -2.77479
5590 1768.38 7071.51 646.019 -2.7748
5600 1869.2 8532.57 645.072 -2.77491
5610 1881.25 9339.64 644.279 -2.77535
5620 1758.46 11060 643.653 -2.77602
5630 1755.53 10899.7 643.214 -2.77671
5640 1852.54 7732.14 642.952 -2.77748
5650 1984.37 5050.08 642.823 -2.77854
5660 2187.07 195.9 642.779 -2.78035
5670 2188.43 -405.851 642.75 -2.78332
5680 1925.74 3487.71 642.73 -2.78683
5690 1879.14 2241.13 642.762 -2.79024
5700 1857.67 969.09 642.836 -2.7935
5710 1783.17 44.941 642.93 -2.79653
5720 1731.66 -940.759 643.03 -2.79917
5730 1743.58 -2008.59 643.119 -2.80142
5740 1788.36 -3955.62 643.18 -2.80343
5750 1854.55 -6868.9 643.182 -2.80536
5760 1953.51 -9598.56 643.083 -2.80746
5770 2041.8 -11853.7 642.842 -2.81
5780 1997.51 -10667.1 642.43 -2.81309
5790 1738.29 -4791.07 641.87 -2.81618
5800 1397.95 6500.14 641.258 -2.81831
5810 1288.62 12375.1 640.753 -2.81921
5820 1445.93 10377 640.442 -2.81928
5830 1566.59 10353.3 640.305 -2.8188
5840 1565.14 11985.3 640.336 -2.81804
5850 1511.1 13121.2 640.559 -2.81711
5860 1549.45 7571.06 640.978 -2.81595
5870 1622.08 1548.61 641.515 -2.81451
5880 1668.48 -1518.45 642.077 -2.81295
5890 1696.95 -2337.17 642.615 -2.81142
5900 1704.07 -1203.88 643.119 -2.81003
5910 1577.9 3631.11 643.606 -2.80881
5920 1384.27 12612.2 644.156 -2.80763
5930 1399.25 13788.1 644.89 -2.80624
5940 1540.85 8517.2 645.827 -2.80436
5950 1577.37 6654.12 646.898 -2.80216
5960 1615.04 4523.22 648.066 -2.79996
5970 1713.69 -116.841 649.291 -2.79769
5980 1829.13 -2693.35 650.508 -2.79551
5990 1922.45 -4475.11 651.674 -2.79374
6000 1939.37 -5117.02 652.761 -2.79264
6010 1900.79 -4220.24 653.76 -2.79223
6020 1858.65 -3728.3 654.683 -2.79234
6030 1824.81 -5765.33 655.535 -2.79275
6040 1751.05 -2456.99 656.297 -2.79332
6050 1666.17 1399.24 657.014 -2.7939
6060 1573.06 4068.32 657.748 -2.79428
6070 1596.39 5430.87 658.543 -2.79435
6080 1668.95 3593.02 659.418 -2.79416
6090 1617.93 4021.73 660.35 -2.79383
6100 1450.7 6488.28 661.344 -2.79335
6110 1397.85 6501.74 662.434 -2.79255
6120 1412.45 6018.65 663.622 -2.79127
6130 1513.34 3630.15 664.898 -2.78952
6140 1591.24 2168.85 666.225 -2.78742
6150 1618.85 1315.44 667.578 -2.78522
6160 1758.8 -2769.58 668.935 -2.78302
6170 1764.24 -3019.75 670.242 -2.78095
6180 1704.02 -1663.81 671.488 -2.77932
6190 1645.08 857.767 672.697 -2.77795
6200 1742.82 1134.46 673.907 -2.77668
6210 1930.42 -661.582 675.124 -2.77554
6220 1953.83 -362.281 676.325 -2.77496
6230 1785.44 1061.75 677.511 -2.77502
6240 1612.3 789.833 678.704 -2.77521
6250 1710.84 -7705.5 679.889 -2.77513
6260 1838.35 -15302.8 680.929 -2.77482
6270 1857.89 -16023 681.704 -2.77478
6280 1862.22 -17703.8 682.19 -2.77513
6290 1815.86 -16662.6 682.367 -2.77584
6300 1667.5 -11305.3 682.262 -2.77665
6310 1661.04 -11174.2 681.957 -2.77729
6320 1729.45 -15395.2 681.458 -2.77779
6330 1758.4 -16711 680.708 -2.77836
6340 1767.8 -16042.9 679.686 -2.77904
6350 1776.42 -14712.2 678.405 -2.77987
6360 1732.84 -8828.07 676.904 -2.78067
6370 1689.34 -4382.09 675.279 -2.78129
6380 1590.88 -1763 673.608 -2.78164
6390 1481.12 4000.09 671.947 -2.78151
6400 1481.1 7535.64 670.385 -2.78079
6410 1549.9 8354.77 668.979 -2.77962
6420 1511.76 9846.55 667.744 -2.77817
6430 1386.59 12908.6 666.704 -2.77648
6440 1411.92 11342.6 665.895 -2.7745
6450 1578.79 6803.03 665.291 -2.77213
6460 1773.72 765.75 664.813 -2.76959
6470 1793.29 -1171.61 664.367 -2.76737
6480 1563.87 4624.54 663.927 -2.76563
6490 1403.9 7358.05 663.569 -2.764
6500 1530.81 4825.42 663.338 -2.76207
6510 1610.39 1023.36 663.194 -2.75984
6520 1580.13 2576.26 663.083 -2.75763
6530 1636.2 1274.72 663.016 -2.75546
6540 1734.9 755.969 662.979 -2.75332
6550 1829.75 1926.25 662.963 -2.75139
6560 1979.27 3118.7 662.986 -2.74993
6570 2211.61 1186.49 663.061 -2.74932
6580 2347.76 2064.99 663.168 -2.75022
6590 2225.53 8492.91 663.322 -2.75285
6600 1942.73 17144.7 663.627 -2.75625
6610 1896.16 17094.1 664.207 -2.75971
6620 1951.26 14271.2 665.07 -2.76328
6630 1842.78 13243.1 666.167 -2.76686
6640 1748.03 12434.1 667.481 -2.77015
6650 1764.53 6613.19 668.985 -2.77297
6660 1814.37 2556.37 670.594 -2.77542
6670 1911.48 -4235.63 672.227 -2.77772
6680 1912.67 -10964.8 673.773 -2.77996
6690 1790.59 -12699.6 675.124 -2.78213
6700 1644.17 -9230.77 676.254 -2.78398
6710 1643.99 -8704.86 677.209 -2.78538
6720 1719.65 -10363.3 678.002 -2.78647
6730 1719.67 -9334.34 678.614 -2.78738
6740 1714.65 -10113 679.057 -2.78817
6750 1713.26 -11545.5 679.321 -2.78885
6760 1672.55 -10749.3 679.39 -2.78941
6770 1599.45 -12678.6 679.271 -2.78982
6780 1411.76 -11500.5 678.945 -2.78993
6790 1424.35 -13472.7 678.422 -2.78948
6800 1769.92 -23065.5 677.664 -2.78867
6810 1925.12 -28475.9 676.533 -2.78817
6820 1886.78 -29905.6 674.938 -2.78861
6830 1764.34 -26667.7 672.87 -2.78973
6840 1678.57 -21599.3 670.391 -2.79097
6850 1646.15 -14953.4 667.601 -2.79193
6860 1666.74 -12779.2 664.612 -2.7925
6870 1684.73 -11667.2 661.473 -2.79298
6880 1596.56 -7141.97 658.217 -2.79315
6890 1716.3 -7605.27 654.908 -2.79305
6900 1828.16 -6612.85 651.554 -2.79299
6910 1882.91 -1763.37 648.176 -2.79301
6920 1834.88 4197.76 644.851 -2.7931
6930 1625.86 12754.9 641.674 -2.79291
6940 1537.39 18312.1 638.765 -2.79204
6950 1743.57 15262 636.193 -2.79093
6960 1852 14609.9 633.917 -2.79004
6970 1797.02 16606.4 631.92 -2.78946
6980 1861.62 14209.4 630.213 -2.78918
6990 2020.24 10261 628.757 -2.78948
7000 2105.54 11541.4 627.496 -2.7906
7010 2137.62 14450.8 626.441 -2.79264
7020 2068.5 17683.7 625.626 -2.79553
7030 1861.9 23252.4 625.098 -2.79872
7040 1644.48 26322.1 624.925 -2.80152
7050 1630.81 24955.5 625.144 -2.8038
7060 1782.91 20904 625.729 -2.80587
7070 1793.33 21438.3 626.627 -2.80798
7080 1543.03 27624.1 627.844 -2.81007
7090 1296.31 31293.5 629.456 -2.81173
7100 1383.78 29211.2 631.512 -2.81285
7110 1566.9 24203.5 633.982 -2.81336
7120 1710.66 19459.7 636.793 -2.81346
7130 1665.69 19548.1 639.88 -2.81358
7140 1507.12 20292.3 643.237 -2.8139
7150 1426.63 17831.5 646.872 -2.81409
7160 1449.72 11424.6 650.742 -2.81365
7170 1421.96 6679.3 654.757 -2.81245
7180 1385.54 1112.22 658.831 -2.81061
7190 1377.41 -3167.38 662.877 -2.80806
7200 1494.37 -8842.76 666.818 -2.80483
7210 1674.66 -15104.9 670.559 -2.80081
7220 1721.94 -15552.2 674.003 -2.79674
7230 1675.47 -15156.9 677.133 -2.79321
7240 1658.4 -15829.7 679.955 -2.79012
7250 1740.65 -19353.7 682.455 -2.7872
7260 1804.48 -22478.8 684.578 -2.78451
7270 1797.19 -23429.4 686.275 -2.78234
7280 1741.84 -22114.4 687.534 -2.78074
7290 1745.91 -20710.9 688.38 -2.77958
7300 1796.02 -17479 688.849 -2.77876
7310 1827.6 -14568.1 689 -2.77831
7320 1810.9 -12581.3 688.892 -2.77823
7330 1684.93 -8492.27 688.57 -2.77839
7340 1490.5 -2089.35 688.112 -2.77838
7350 1385.8 927.951 687.627 -2.77794
7360 1376.35 2355.73 687.171 -2.77692
7370 1502.02 -407.131 686.764 -2.77537
7380 1569.5 -3712.37 686.363 -2.77346
7390 1604.99 -9209.45 685.905 -2.77148
7400 1648.28 -14642.1 685.299 -2.76956
7410 1799.37 -20364.9 684.45 -2.76784
7420 1933.05 -25181.2 683.266 -2.76668
7430 1884.41 -24732.2 681.677 -2.76643
7440 1743.24 -21501.1 679.7 -2.76682
7450 1698.56 -17313.6 677.399 -2.76738
7460 1681.84 -13849.8 674.855 -2.76779
7470 1699.56 -12381.2 672.134 -2.76809
7480 1737.14 -10565.8 669.271 -2.76833
7490 1789.41 -8567.88 666.305 -2.76857
7500 1845.79 -6598.62 663.27 -2.7689
7510 1835.23 -2011.39 660.21 -2.76934
7520 1688.61 3618.01 657.198 -2.76964
7530 1657.41 4876.31 654.317 -2.76959
7540 1796.06 938.06 651.582 -2.76954
7550 1909.31 -1584.84 648.936 -2.76982
7560 2022.24 -3775.94 646.336 -2.77068
7570 2127.47 -5477.96 643.745 -2.77245
7580 2105.21 -1442.93 641.146 -2.77508
7590 1967.39 3317.59 638.594 -2.77807
7600 1753.6 13054.7 636.169 -2.78069
7610 1608.03 22225.2 634.007 -2.78227
7620 1697.01 19566.4 632.221 -2.78331
7630 1803.95 16827.7 630.777 -2.78441
7640 1793.49 17027 629.626 -2.7856
7650 1742.44 16434.2 628.761 -2.78678
7660 1720.56 12729.7 628.16 -2.78788
7670 1674.16 12201.4 627.77 -2.78889
7680 1563.34 17554.6 627.584 -2.78958
7690 1643.39 17795.2 627.661 -2.78995
7700 1790.01 15719 628.004 -2.79021
7710 1866.83 15244.8 628.583 -2.79067
7720 1911.72 13192.9 629.382 -2.7915
7730 1900.74 12220.3 630.372 -2.79274
7740 1834.1 13465.7 631.536 -2.79432
7750 1700.94 13260.8 632.888 -2.79597
7760 1531.59 11820.7 634.421 -2.79732
7770 1347.25 13977.6 636.118 -2.7981
7780 1463.48 7942.54 637.994 -2.7982
7790 1720.09 -2069.22 639.96 -2.79745
7800 1664.55 -1416.23 641.884 -2.79644
7810 1546.56 421.782 643.76 -2.79554
7820 1745.35 -7216.09 645.603 -2.79439
7830 2014 -16922.3 647.304 -2.79298
7840 2196.82 -21854.6 648.721 -2.79229
7850 2168.72 -20776.6 649.782 -2.79302
7860 1955.19 -14744.7 650.505 -2.79489
7870 1727.36 -8669.53 650.985 -2.79699
7880 1547.56 -562.553 651.327 -2.79866
7890 1499.65 5362.76 651.656 -2.7997
7900 1615.98 3798.6 652.058 -2.80023
7910 1635.66 4079.54 652.523 -2.80043
7920 1600.57 4673.97 653.052 -2.8004
7930 1690.09 92.5634 653.643 -2.80015
7940 1731 -1391.9 654.236 -2.79977
7950 1691.55 -46.8476 654.806 -2.79945
7960 1646.49 -257.369 655.368 -2.7991
7970 1652.58 -2321.18 655.92 -2.79864
7980 1649.74 -3518.04 656.43 -2.79805
7990 1643.49 -4535.01 656.879 -2.79736
8000 1679.15 -5339.62 657.253 -2.79658
8010 1731.88 -6205.06 657.538 -2.79579
8020 1739.25 -4987.9 657.725 -2.79512
8030 1669.15 -57.724 657.838 -2.79455
8040 1676.76 2178.73 657.95 -2.79398
8050 1749.69 2628.71 658.099 -2.79338
8060 1804.56 3550.87 658.296 -2.7929
8070 1821.34 3176.75 658.551 -2.79267
8080 1791.26 2028.96 658.859 -2.7927
8090 1759.73 -928.141 659.198 -2.79287
8100 1713.82 -2273.44 659.524 -2.79308
8110 1706.09 -4139.11 659.813 -2.79322
8120 1821.06 -10123.6 660.027 -2.79334
8130 1907.54 -15613.6 660.078 -2.79369
8140 1896.47 -16772.9 659.883 -2.79451
8150 1828.52 -13780.2 659.428 -2.7957
8160 1812.74 -11340.5 658.76 -2.79701
8170 1906.28 -9263.63 657.923 -2.79847
8180 1946.62 -5026.97 656.959 -2.80022
8190 1817.94 2162.98 655.941 -2.80216
8200 1526.1 11983.2 654.988 -2.80362
8210 1386.18 16517.7 654.243 -2.80424
8220 1451.07 13435.7 653.774 -2.80421
8230 1543.1 9913.24 653.535 -2.8037
8240 1593.38 6942.12 653.466 -2.80287
8250 1613.66 5354.11 653.517 -2.80188
8260 1660.29 4333.69 653.66 -2.80077
8270 1742.73 2532.61 653.874 -2.79965
8280 1773.08 1163.6 654.133 -2.79867
8290 1739.77 -1746.34 654.41 -2.79791
8300 1675.94 -4124.17 654.661 -2.79728
8310 1651.51 -6934.73 654.846 -2.79665
8320 1681.31 -7849.69 654.923 -2.79595
8330 1700.54 -5597.71 654.881 -2.79526
8340 1692.5 -3877.05 654.754 -2.79459
8350 1704.18 -2323.96 654.572 -2.79396
8360 1622.71 357.413 654.361 -2.79333
8370 1459.59 3536.17 654.167 -2.79259
8380 1317.89 6029.27 654.036 -2.7915
8390 1404.75 3958.2 654.005 -2.78992
8400 1679.36 -3683.41 654.034 -2.78773
8410 1892.2 -7280.69 654.014 -2.78542
8420 1912.14 -6112.72 653.89 -2.78367
8430 1797.97 -629.82 653.68 -2.78264
8440 1712.53 4017.42 653.47 -2.78196
8450 1771.18 1252.78 653.322 -2.78141
8460 1741.05 -848.925 653.204 -2.78099
8470 1764.5 -3367.53 653.08 -2.78068
8480 1979.63 -8610.1 652.904 -2.78063
8490 1957.09 -8007.86 652.607 -2.78118
8500 1805.88 -3679.7 652.197 -2.78217
8510 1820.62 -2288.42 651.737 -2.78323
8520 2054.11 -4913.59 651.248 -2.78454
8530 2228.65 -6042.51 650.697 -2.78682
8540 2105.24 -1947.72 650.072 -2.79013
8550 1892.33 3176.65 649.436 -2.7937
8560 1779.17 5674.23 648.863 -2.7969
8570 1683.8 3978.91 648.389 -2.79967
8580 1446.34 7704.34 648.001 -2.80164
8590 1395.85 5125.22 647.737 -2.80264
8600 1639.2 -2262.83 647.556 -2.80301
8610 1812.22 -6274.37 647.352 -2.80318
8620 1820.31 -6977.23 647.062 -2.80352
8630 1772.07 -3766.04 646.678 -2.80403
8640 1770.58 85.434 646.245 -2.80459
8650 1740.68 4265.59 645.829 -2.80513
8660 1645.75 6324.69 645.487 -2.80559
8670 1510.73 11112.9 645.262 -2.80574
8680 1553.01 10929 645.213 -2.80552
8690 1670.92 6925.61 645.336 -2.80498
8700 1738.15 5944.78 645.577 -2.80436
8710 1685.52 9303.89 645.92 -2.80384
8720 1639.04 11692.7 646.409 -2.80338
8730 1702.71 9681.86 647.074 -2.80289
8740 1709.94 8933.22 647.892 -2.80238
8750 1633.69 11061.3 648.851 -2.80197
8760 1565 10126.1 649.975 -2.80152
8770 1572.84 5006.75 651.244 -2.80082
8780 1597.71 748.419 652.584 -2.79977
8790 1642.86 -4210.24 653.924 -2.79847
8800 1695.47 -8273.74 655.184 -2.79701
8810 1719.47 -8114.24 656.304 -2.79557
8820 1785.4 -6247.72 657.285 -2.79436
8830 1814.96 -1133.05 658.161 -2.79345
8840 1815.28 4432.13 659.012 -2.79298
8850 1732.08 9314.82 659.93 -2.79287
8860 1591.42 13885 660.996 -2.79292
8870 1560.08 13728.4 662.276 -2.79286
8880 1684.32 9638.95 663.767 -2.79252
8890 1851.88 3305.97 665.402 -2.79199
8900 1927.7 -1074.32 667.082 -2.79165
8910 1923.4 -6150.32 668.726 -2.79172
8920 1834.03 -8670.2 670.256 -2.79212
8930 1732.91 -8454.36 671.629 -2.79265
8940 1749.14 -10495.1 672.841 -2.79314
8950 1799.42 -13128.3 673.862 -2.79359
8960 1800.98 -14334.1 674.651 -2.79415
8970 1733.72 -12681.4 675.192 -2.79483
8980 1649.95 -11456.5 675.511 -2.79543
8990 1677.35 -14936 675.626 -2.79588
9000 1599.26 -13997.1 675.495 -2.79616
9010 1465.5 -11745.7 675.13 -2.79618
9020 1439.86 -10456.9 674.573 -2.79575
9030 1582.75 -10301.4 673.847 -2.79488
9040 1611.94 -7764.51 672.964 -2.79374
9050 1453.39 -4125.71 671.97 -2.79249
9060 1363.36 -1601.91 670.927 -2.79098
9070 1546.92 -6218.87 669.866 -2.78903
9080 1791.14 -13739.4 668.719 -2.78685
9090 1816.35 -17905.9 667.37 -2.78511
9100 1655.17 -15950.4 665.757 -2.78404
9110 1494.82 -10091.3 663.917 -2.78309
9120 1486.75 -8635.13 661.938 -2.78187
9130 1614.9 -9363.19 659.857 -2.78036
9140 1764.16 -12484 657.662 -2.77881
9150 1872.28 -16254.9 655.308 -2.7777
9160 1936.33 -16764.5 652.747 -2.77729
9170 2024.17 -17186.5 649.972 -2.77769
9180 1994.42 -14575.8 646.99 -2.77895
9190 1870.96 -6245.77 643.854 -2.78049
9200 1817.04 -2284.93 640.685 -2.78187
9210 1744.84 3819.92 637.557 -2.78302
9220 1692.72 8552.98 634.559 -2.7836
9230 1827.71 7506.93 631.751 -2.78405
9240 1989.82 8616.77 629.125 -2.7847
9250 2179.39 9625.85 626.689 -2.78608
9260 2149.52 14030.8 624.457 -2.78849
9270 1867.21 24221.8 622.49 -2.79117
9280 1568.74 37372.6 620.931 -2.79297
9290 1638.06 37705.3 619.932 -2.79417
9300 1841.91 32612.9 619.499 -2.79557
9310 1836.18 32855.4 619.56 -2.79738
9320 1787.6 30615.1 620.101 -2.79943
9330 1983.83 20994.2 621.074 -2.80171
9340 2190.81 12075.9 622.346 -2.80462
9350 2107.6 9288.52 623.79 -2.80834
9360 1911.35 9163.56 625.36 -2.81237
9370 1685.82 11069.2 627.05 -2.816
9380 1533.83 14455.6 628.889 -2.81893
9390 1525.47 12614.3 630.917 -2.8211
9400 1550.83 10406.2 633.111 -2.82259
9410 1531.14 8384.72 635.438 -2.82351
9420 1499.01 6733.8 637.868 -2.82389
9430 1467.75 4660.89 640.371 -2.82373
9440 1472.29 3510.44 642.919 -2.82306
9450 1547.15 2760.97 645.493 -2.82198
9460 1614.8 -67.1572 648.077 -2.82053
9470 1655.53 -6261.13 650.624 -2.81878
9480 1727.67 -12583.7 653.039 -2.81677
9490 1802.02 -16785.4 655.225 -2.81475
9500 1840.87 -22943 657.108 -2.81297
9510 1686.36 -22836.7 658.6 -2.81163
9520 1365.12 -14774.4 659.712 -2.81056
9530 1423.54 -14295.9 660.555 -2.8093
9540 1643.28 -15530.9 661.15 -2.80751
9550 1605.61 -8817.33 661.495 -2.80567
9560 1456.71 -840.041 661.696 -2.80395
9570 1607.61 -1536.93 661.871 -2.80208
9580 1748.41 -2379.02 662.024 -2.79996
9590 1804.89 -1471.39 662.143 -2.79809
9600 1875.97 -2616.96 662.238 -2.79663
9610 1941.69 -4005.85 662.295 -2.79573
9620 1892.38 -993.888 662.297 -2.79548
9630 1823.88 488.003 662.287 -2.79563
9640 1995.1 -4481.51 662.281 -2.79618
9650 2033.54 -5129.56 662.216 -2.79733
9660 1911.88 -4360.55 662.073 -2.79912
9670 1676.06 -566.151 661.872 -2.80089
9680 1627.73 -1519.17 661.663 -2.80224
9690 1653.14 -3946.43 661.436 -2.80323
9700 1685.07 -6794.24 661.153 -2.80393
9710 1738.37 -9790.6 660.768 -2.80452
9720 1653.44 -8921.68 660.239 -2.80507
9730 1450.52 -1455.24 659.589 -2.8053
9740 1393.87 1001.11 658.923 -2.80493
9750 1578 -4388.51 658.279 -2.80403
9760 1694.91 -6186.36 657.585 -2.80284
9770 1754.84 -7346.94 656.809 -2.80172
9780 1841.58 -9493.24 655.93 -2.80087
9790 1862.18 -7650.35 654.924 -2.80042
9800 1711.73 -922.532 653.825 -2.8003
9810 1391.5 9724.13 652.744 -2.79992
9820 1368.73 13483.3 651.833 -2.79898
9830 1569.16 10113.7 651.149 -2.79747
9840 1691.11 7265.04 650.647 -2.79571
9850 1722.78 4699.77 650.275 -2.79406
9860 1695.66 4175.31 649.992 -2.79264
9870 1622.29 4574.01 649.789 -2.79136
9880 1579.68 3062.72 649.663 -2.7901
9890 1540.65 4194.74 649.599 -2.78873
9900 1551.96 2850.76 649.603 -2.7872
9910 1575.91 1223.87 649.659 -2.78549
9920 1613.16 -295.337 649.737 -2.78368
9930 1657.09 -525.22 649.817 -2.78183
9940 1758.6 -3877.41 649.888 -2.78005
9950 1764.03 -3939.45 649.906 -2.77848
9960 1732.73 -2655.18 649.869 -2.77724
9970 1814.26 -4421.11 649.792 -2.77621
9980 2013.41 -8773.93 649.647 -2.77556
9990 2133.86 -10704.2 649.374 -2.77577
10000 1995.55 -6697.13 648.95 -2.77705
