# Time-averaged data for fix 2
# TimeStep c_mytemp c_mypress v_vmyvol v_avgEtotal
10 1619.1 7522.49 648.313 -2.77338
20 1695.17 5804.35 648.442 -2.77325
30 1815.61 5807.15 648.669 -2.77316
40 1804.28 10343.8 648.999 -2.77333
50 1747.66 15129.6 649.496 -2.77382
60 1666.3 18342.2 650.232 -2.77444
70 1665.9 17090.4 651.253 -2.77509
80 1638.56 13383 652.535 -2.7756
90 1622.33 8969.26 654.019 -2.7759
100 1703.82 2757.93 655.628 -2.77592
110 1873.96 -5397.2 657.258 -2.77578
120 1974.41 -9530.12 658.783 -2.77589
130 2005.95 -13040.5 660.131 -2.77664
140 1973.18 -16333.4 661.243 -2.77804
150 1805.21 -13535.4 662.077 -2.77982
160 1775.34 -12728.3 662.674 -2.78159
170 2011.61 -19562.3 663.038 -2.78357
180 2101.13 -20321.1 663.082 -2.78635
190 1893.04 -13774.6 662.801 -2.78977
200 1582.51 -4692.18 662.303 -2.79271
210 1486.64 1236.06 661.737 -2.7947
220 1468.96 4136.13 661.203 -2.7959
230 1366.89 9356.49 660.758 -2.79641
240 1356.96 10403.7 660.477 -2.79618
250 1628.87 4799.6 660.369 -2.79541
260 1699.32 2388.82 660.354 -2.79443
270 1602.02 3680.44 660.391 -2.79353
280 1685.3 -861.688 660.484 -2.79267
290 1693.01 -3379.76 660.57 -2.79178
300 1641.21 -1198.62 660.61 -2.79102
310 1542.63 4349.05 660.641 -2.79025
320 1515.81 8567.14 660.747 -2.78933
330 1558.69 9047.34 660.995 -2.78817
340 1585.05 7709.39 661.393 -2.78686
350 1603.47 8167.97 661.922 -2.78549
360 1641.26 8421.12 662.584 -2.78412
370 1739.3 7496.68 663.381 -2.78281
380 1783.53 5104.37 664.295 -2.78169
390 1803.61 4566.51 665.29 -2.7809
400 1860.23 2562.71 666.352 -2.78049
410 1922.21 -1546 667.442 -2.78049
420 1830.54 -1730.53 668.501 -2.78095
430 1654.9 1280.73 669.526 -2.78163
440 1668.8 -1212.93 670.553 -2.78215
450 1789 -6863.62 671.543 -2.78249
460 1787.8 -9298.87 672.411 -2.78291
470 1745.39 -10405.6 673.111 -2.78345
480 1724.5 -12482.3 673.623 -2.78404
490 1718.88 -14876.4 673.915 -2.78461
500 1778.36 -18875.8 673.946 -2.78524
510 1839.72 -22699.4 673.653 -2.78614
520 1841.32 -22745.9 672.983 -2.78744
530 1838.55 -21055.1 671.938 -2.78912
540 1796.98 -18753 670.556 -2.79104
550 1705.96 -14633.7 668.885 -2.79296
560 1561.82 -10502.8 667.003 -2.79451
570 1484.72 -7948.54 664.982 -2.79546
580 1520.16 -7055.37 662.869 -2.79588
590 1546.13 -3849.73 660.69 -2.79581
600 1571.1 -2079.56 658.493 -2.79534
610 1604.51 -648.106 656.311 -2.79463
620 1471.8 5097.83 654.176 -2.79363
630 1341.9 7577.25 652.168 -2.7922
640 1370.96 7166.55 650.324 -2.79035
650 1495.38 6508.98 648.638 -2.78803
660 1690.17 1637.1 647.089 -2.78549
670 1773.09 -593.751 645.607 -2.78315
680 1751.61 492.545 644.154 -2.78127
690 1780.06 -791.065 642.74 -2.77978
700 1863.37 -3609.68 641.346 -2.77875
710 1914.33 -3746.08 639.931 -2.77829
720 1914.59 -171.564 638.495 -2.7784
730 1930.68 4462.12 637.094 -2.77895
740 1872.02 8926.69 635.794 -2.77991
750 1754.2 13594.8 634.665 -2.78092
760 1857.48 12436.2 633.766 -2.78201
770 2020.11 8047.95 633.077 -2.78353
780 2152.69 4619.41 632.531 -2.78593
790 2161.52 2136.23 632.075 -2.78941
800 2037.82 3426.31 631.671 -2.79359
810 1895.64 7340.28 631.337 -2.7978
820 1826.49 9345.39 631.124 -2.80171
830 1760.67 11121.6 631.064 -2.80524
840 1794.61 9159.51 631.175 -2.80839
850 1839.67 6497.41 631.43 -2.81142
860 1765.22 6025.08 631.788 -2.81428
870 1628.44 8579.92 632.243 -2.81672
880 1553.19 7717.85 632.823 -2.81857
890 1535.44 4682.16 633.515 -2.8198
900 1523.25 4763.31 634.278 -2.82051
910 1514.8 5758.8 635.108 -2.82075
920 1628.69 5400.65 636.019 -2.82065
930 1745.52 4406.76 637.003 -2.82038
940 1778.97 6055.24 638.052 -2.82026
950 1732.97 7211.94 639.184 -2.82038
960 1658.47 9436.85 640.42 -2.82063
970 1564.71 11173.9 641.792 -2.82086
980 1477.6 11656.5 643.325 -2.82089
990 1376.72 12313.3 645.025 -2.82059
1000 1354.57 13093.3 646.905 -2.8199
1010 1470.46 11921.2 648.972 -2.81874
1020 1593.78 10182 651.208 -2.81718
1030 1609.81 8785.26 653.587 -2.8155
1040 1601.41 6218.69 656.081 -2.81386
1050 1677.24 3613.46 658.652 -2.81215
1060 1795.86 490.975 661.253 -2.81045
1070 1746.85 -740.84 663.836 -2.80901
1080 1488.31 704.587 666.383 -2.80793
1090 1361.55 -1495.22 668.906 -2.80678
1100 1316.53 -3911.14 671.373 -2.80505
1110 1430.88 -7021.08 673.741 -2.80278
1120 1632.52 -13706.9 675.952 -2.79983
1130 1616.46 -15602.3 677.903 -2.79673
1140 1448.11 -13402.8 679.561 -2.79402
1150 1408.51 -13295.1 680.957 -2.79146
1160 1560.48 -15916.8 682.095 -2.78863
1170 1858.13 -21076.8 682.932 -2.78559
1180 1973.29 -22839.2 683.39 -2.78308
1190 1892.69 -20810.7 683.442 -2.78173
1200 1805.36 -18840 683.127 -2.78127
1210 1705.29 -15399.3 682.489 -2.78124
1220 1725.91 -10886.6 681.597 -2.78129
1230 1937.92 -12953.9 680.522 -2.78152
1240 2091.87 -16094.6 679.242 -2.78253
1250 2016.56 -15145.9 677.716 -2.78457
1260 1818.63 -11140.9 675.967 -2.78705
1270 1705.61 -9625.98 674.058 -2.78934
1280 1664.65 -7361.09 672.027 -2.79132
1290 1633.91 -1050.27 669.924 -2.79275
1300 1710.66 205.051 667.841 -2.79377
1310 1732.6 3134.7 665.814 -2.79461
1320 1744.73 6889.21 663.888 -2.79529
1330 1646.91 11616.7 662.124 -2.79578
1340 1572.88 13248.6 660.594 -2.79589
1350 1780.85 5835.05 659.307 -2.7959
1360 2020.95 -1822.7 658.147 -2.79637
1370 1981.43 -3358.52 656.996 -2.79771
1380 1749.29 -426.539 655.823 -2.79939
1390 1589.56 3015.53 654.673 -2.80079
1400 1449.29 3584.91 653.594 -2.80157
1410 1510.82 753.05 652.595 -2.80181
1420 1652.03 -4672.73 651.629 -2.80172
1430 1695.55 -5543.07 650.617 -2.80157
1440 1668.66 -1611.42 649.546 -2.80139
1450 1642.04 2524.99 648.475 -2.8011
1460 1594.97 8280.96 647.474 -2.80062
1470 1609.86 10237.8 646.622 -2.79992
1480 1649.2 10826.8 645.955 -2.79912
1490 1662.94 9308.05 645.476 -2.7983
1500 1710.95 7334.03 645.158 -2.79755
1510 1762.99 6127.84 644.971 -2.79691
1520 1862.99 2612.42 644.886 -2.79655
1530 1856.69 -1099.31 644.851 -2.79662
1540 1723.62 -2801.07 644.806 -2.79702
1550 1571.94 -2276.36 644.727 -2.79738
1560 1564.24 -3022.5 644.617 -2.79745
1570 1644.49 -3894.21 644.465 -2.79725
1580 1626.02 -980.124 644.264 -2.79691
1590 1617.35 324.233 644.054 -2.79643
1600 1752.73 -1230.33 643.854 -2.79589
1610 1746.96 1790.12 643.65 -2.79546
1620 1703.72 4827.97 643.484 -2.79517
1630 1820.67 2264.99 643.395 -2.795
1640 1923.01 1348.69 643.352 -2.79514
1650 1900.44 2032.97 643.34 -2.79582
1660 1827.27 2862.65 643.367 -2.79686
1670 1896.36 1308.9 643.441 -2.79815
1680 1991.81 -4407.51 643.535 -2.79989
1690 1879.91 -5594.74 643.571 -2.80207
1700 1717.88 -4247.42 643.527 -2.8042
1710 1766.79 -6366.31 643.417 -2.80614
1720 1780.07 -7186.46 643.215 -2.80799
1730 1817.84 -7635.63 642.908 -2.80981
1740 1958.68 -11431 642.486 -2.81187
1750 2046.15 -10316.5 641.904 -2.81449
1760 2048.42 -7162.36 641.177 -2.81775
1770 1981.18 -2587.01 640.36 -2.8214
1780 1916.3 558.887 639.519 -2.82512
1790 1861.32 2867.6 638.707 -2.82874
1800 1694.85 6307.94 637.96 -2.83196
1810 1474.88 13299.1 637.335 -2.83431
1820 1310.67 18842.6 636.931 -2.83559
1830 1309.42 19845.2 636.825 -2.83602
1840 1376.38 18302.2 637.032 -2.83581
1850 1408.3 16436 637.525 -2.8351
1860 1458.15 13839.2 638.272 -2.83398
1870 1561.91 8717.19 639.225 -2.83251
1880 1682.11 2923.61 640.305 -2.83078
1890 1695.41 663.977 641.428 -2.82907
1900 1643.98 515.232 642.554 -2.82759
1910 1607.71 822.965 643.679 -2.82624
1920 1590.73 -1710.67 644.802 -2.82489
1930 1536.25 -3117.31 645.89 -2.82345
1940 1529.35 -4052.36 646.918 -2.82189
1950 1574.8 -5791.19 647.87 -2.82015
1960 1572.12 -6208.82 648.723 -2.81833
1970 1482.4 -5908.99 649.469 -2.8165
1980 1468.06 -9466.05 650.107 -2.81457
1990 1576.17 -12911.4 650.588 -2.81238
2000 1716.54 -12889 650.862 -2.81009
2010 1887.14 -10854.7 650.931 -2.80806
2020 1894.5 -6325.46 650.83 -2.80669
2030 1688.97 3019.42 650.642 -2.80596
2040 1505.05 11507 650.512 -2.80537
2050 1495.71 11051.4 650.562 -2.80457
2060 1566.41 9350.73 650.796 -2.80347
2070 1715.83 5901.21 651.181 -2.8022
2080 1922.95 157.066 651.658 -2.80103
2090 2016.16 -3330.03 652.142 -2.80047
2100 1936.86 -4128.7 652.572 -2.80075
2110 1764.72 -417.183 652.944 -2.80154
2120 1723.25 -1175.88 653.302 -2.8024
2130 1746.12 -4009.2 653.637 -2.80321
2140 1624.83 689.304 653.921 -2.80395
2150 1480.93 3744.58 654.213 -2.8044
2160 1414.32 4336.88 654.565 -2.80437
2170 1384.72 3771.86 654.987 -2.80379
2180 1485.45 2756.68 655.467 -2.8027
2190 1618.05 3134.45 655.996 -2.80123
2200 1747.64 -2184.59 656.563 -2.79966
2210 1770.09 -3787.87 657.1 -2.79827
2220 1784.48 -7094.32 657.569 -2.79721
2230 1866.2 -12580.5 657.916 -2.7965
2240 1874.93 -15439.9 658.059 -2.79626
2250 1832.15 -14869.9 657.954 -2.79656
2260 1818.52 -13836.4 657.61 -2.79722
2270 1844.27 -12851.4 657.047 -2.79818
2280 1796.83 -10891.4 656.289 -2.79938
2290 1738.29 -9134.93 655.367 -2.80063
2300 1777.94 -7107.99 654.317 -2.80185
2310 1811.78 -8149.35 653.168 -2.80315
2320 1738.39 -8839.55 651.911 -2.80458
2330 1547.23 -5892.95 650.542 -2.80579
2340 1401.44 -3585.27 649.105 -2.80641
2350 1453.81 -3169.56 647.637 -2.80633
2360 1768.27 -9214.78 646.138 -2.8059
2370 1995.32 -12619.6 644.527 -2.80582
2380 1864.95 -5151.98 642.765 -2.80644
2390 1567.64 6083.81 640.964 -2.80688
2400 1698.51 5654.2 639.278 -2.80697
2410 1755.04 7942.03 637.722 -2.807
2420 1681.81 12417.7 636.325 -2.80697
2430 1743.92 12455.3 635.145 -2.8069
2440 1868.06 9055.78 634.178 -2.80703
2450 1948.27 6213.11 633.374 -2.80766
2460 1937.69 7012.92 632.689 -2.80886
2470 1866.38 11537.8 632.136 -2.81047
2480 1789.7 14452.8 631.772 -2.81219
2490 1741.46 12343.7 631.633 -2.81393
2500 1611.6 11477.2 631.695 -2.81542
2510 1630.74 8559.37 631.933 -2.81656
2520 1693.53 6425.23 632.305 -2.81744
2530 1715.99 5121.97 632.778 -2.81821
2540 1661.48 5141.15 633.329 -2.81889
2550 1637.88 5193.07 633.958 -2.8194
2560 1715 4519.86 634.663 -2.81974
2570 1863.62 802.445 635.429 -2.8201
2580 1946.44 -1204.04 636.205 -2.82081
2590 1927.16 348.567 636.963 -2.82204
2600 1885.66 2725.32 637.724 -2.82371
2610 1828.38 4439.81 638.522 -2.82563
2620 1729.25 4695.19 639.383 -2.82756
2630 1599.24 3018.36 640.309 -2.82918
2640 1475.19 808.685 641.275 -2.83023
2650 1426.61 -452.039 642.247 -2.83063
2660 1514.03 -4808.66 643.2 -2.83042
2670 1652.23 -10599.7 644.064 -2.82974
2680 1684.03 -10034.9 644.765 -2.82895
2690 1681.6 -9201.24 645.299 -2.82825
2700 1675.08 -8577.39 645.684 -2.82764
2710 1556.81 -4831.88 645.936 -2.82706
2720 1411.71 769.675 646.115 -2.82631
2730 1403.32 2943.61 646.304 -2.8252
2740 1510.05 2179.35 646.537 -2.82364
2750 1583.18 2792.77 646.81 -2.82179
2760 1613.84 1741.51 647.126 -2.81988
2770 1597.45 2801.59 647.475 -2.81803
2780 1663.47 217.259 647.862 -2.81623
2790 1723.89 -1743.57 648.255 -2.81449
2800 1751.52 -4274 648.62 -2.813
2810 1720.28 -6898.04 648.915 -2.81179
2820 1697.88 -9900.46 649.1 -2.81083
2830 1647.75 -10056.7 649.131 -2.81002
2840 1622.92 -7181.72 649.009 -2.80925
2850 1608.34 -5169.22 648.776 -2.80843
2860 1596.61 -1694.45 648.471 -2.80754
2870 1576.41 2884.93 648.15 -2.80652
2880 1511.14 7565.67 647.886 -2.80537
2890 1324.3 12004.8 647.752 -2.80405
2900 1256.78 12539.3 647.813 -2.80245
2910 1351.17 10435.4 648.076 -2.80031
2920 1492.86 8446.78 648.509 -2.79768
2930 1625.26 5564.16 649.076 -2.79475
2940 1682.19 7584.8 649.737 -2.79191
2950 1814.25 9206.73 650.518 -2.78944
2960 1961.7 7612.14 651.44 -2.78749
2970 1999.41 5355.06 652.48 -2.7864
2980 1876.44 4452.93 653.602 -2.78622
2990 1694.75 5008.97 654.793 -2.78651
3000 1659.4 1701.97 656.05 -2.78678
3010 1749.57 -5013.17 657.321 -2.78683
3020 1839.04 -9897.64 658.501 -2.78687
3030 1818.59 -10322.7 659.513 -2.78716
3040 1724.99 -8366.52 660.348 -2.78772
3050 1520.58 -3327.77 661.043 -2.78819
3060 1451.43 -2929.16 661.669 -2.78827
3070 1539.54 -6818.08 662.236 -2.78786
3080 1578.91 -7125.54 662.692 -2.7871
3090 1533.57 -5107.27 663.03 -2.78616
3100 1491.14 -3256.49 663.282 -2.78507
3110 1506.54 -2738.57 663.479 -2.78371
3120 1582.55 -4446.87 663.629 -2.78212
3130 1621 -4665 663.709 -2.78041
3140 1640.73 -4730.05 663.713 -2.77875
3150 1646.64 -5553.3 663.642 -2.77717
3160 1687.75 -6533.31 663.483 -2.7757
3170 1680.18 -6476.43 663.222 -2.77438
3180 1601.8 -3769.01 662.867 -2.7732
3190 1648.98 -2786.75 662.457 -2.77203
3200 1736.65 -3384.45 662.008 -2.77087
3210 1769.41 -3217.07 661.515 -2.7699
3220 1817.35 -3493.95 660.983 -2.76922
3230 1959.96 -6369.04 660.402 -2.76899
3240 1984.53 -8065.39 659.731 -2.76948
3250 1858.37 -3005.2 658.953 -2.77059
3260 1784.47 1236.38 658.141 -2.77183
3270 1852.98 837.53 657.361 -2.77316
3280 1822.98 2051.77 656.617 -2.77467
3290 1664.22 5973.07 655.928 -2.77612
3300 1541.9 8953.1 655.354 -2.77713
3310 1653.03 4173.03 654.929 -2.77774
3320 1798.23 1176.83 654.587 -2.77827
3330 1797 3425.68 654.283 -2.77893
3340 1757.57 4163.65 654.045 -2.77972
3350 1719.81 2211.58 653.88 -2.78054
3360 1696.55 -533.857 653.757 -2.78127
3370 1781.28 -3236.8 653.635 -2.78197
3380 1819.17 -7085.69 653.465 -2.7828
3390 1717.22 -5082.5 653.195 -2.78375
3400 1638.09 -491.594 652.856 -2.78456
3410 1668.37 2183.82 652.516 -2.78515
3420 1685.02 6285.17 652.225 -2.78555
3430 1660.09 9167.59 652.045 -2.78585
3440 1574.45 11465.3 652.022 -2.78601
3450 1525.89 11399.5 652.188 -2.78595
3460 1548.65 9364.72 652.542 -2.78557
3470 1718.45 2299.5 653.042 -2.78492
3480 1884.86 -4827.04 653.578 -2.78427
3490 1880.95 -4550.08 654.046 -2.78406
3500 1862.04 -6146.72 654.435 -2.78437
3510 1800.41 -7874.66 654.723 -2.78502
3520 1654.87 -5019.3 654.89 -2.78575
3530 1647.29 -2684.72 654.977 -2.7863
3540 1787.8 -3699.19 655.019 -2.78674
3550 1777.06 -1992.54 655.009 -2.7873
3560 1527.54 6585.03 654.984 -2.78785
3570 1420.49 9956.73 655.064 -2.78796
3580 1643.72 3942.91 655.298 -2.78761
3590 1799.32 1187.28 655.605 -2.78708
3600 1767.67 3959.59 655.942 -2.78678
3610 1780.17 3274.13 656.34 -2.78673
3620 1924.18 -1350.56 656.788 -2.78692
3630 2022.12 -3003.15 657.218 -2.78765
3640 2054.77 -3802.7 657.6 -2.78919
3650 2055.26 -3297.64 657.923 -2.79151
3660 2023.53 -1667.46 658.195 -2.79451
3670 1929.49 -1208.34 658.44 -2.79787
3680 1768.58 -342.935 658.669 -2.80114
3690 1574.14 1422.73 658.897 -2.80382
3700 1493.52 788.604 659.147 -2.80567
3710 1471.5 -2338.87 659.408 -2.80683
3720 1378.03 -4108.17 659.634 -2.80729
3730 1288.24 -2869.58 659.797 -2.80708
3740 1315.82 -2359.3 659.913 -2.8062
3750 1474.92 -6936.33 659.985 -2.80468
3760 1612.68 -11960.2 659.943 -2.80276
3770 1620.67 -9169.59 659.719 -2.80085
3780 1577.13 -5342.95 659.352 -2.79904
3790 1613.43 -5118.36 658.9 -2.79727
3800 1664.56 -4901.24 658.376 -2.79552
3810 1709.56 -4958.22 657.784 -2.79391
3820 1737.33 -4079.05 657.125 -2.79251
3830 1764.85 -2099.21 656.415 -2.7914
3840 1688.23 -261.954 655.687 -2.7905
3850 1739.53 -1117.93 654.967 -2.78978
3860 1777.45 -791.532 654.247 -2.78921
3870 1789.29 3240.64 653.537 -2.78887
3880 1816.57 7187.65 652.896 -2.78876
3890 1752.81 9808.02 652.387 -2.7889
3900 1578.01 12479.9 652.051 -2.78908
3910 1435.85 13495.2 651.928 -2.78902
3920 1406.55 12428 652.027 -2.78853
3930 1461.39 11347.5 652.335 -2.78759
3940 1527.75 12137 652.831 -2.78629
3950 1630.57 11017.9 653.523 -2.78482
3960 1808.13 3784.75 654.382 -2.78329
3970 1816.62 2145.5 655.309 -2.782
3980 1777.02 589.1 656.264 -2.78117
3990 1872.58 -4497.41 657.217 -2.78066
4000 1933.15 -6705.53 658.096 -2.78054
4010 1879.02 -6567.57 658.86 -2.78101
4020 1679.37 -1197.1 659.519 -2.78181
4030 1468.23 5764.69 660.157 -2.78243
4040 1490.06 6785.57 660.88 -2.78259
4050 1726.64 3710.14 661.707 -2.78235
4060 1790.25 3149.3 662.595 -2.78208
4070 1694.08 4135.91 663.532 -2.78206
4080 1616.94 4700.67 664.534 -2.78204
4090 1749.15 -849.851 665.599 -2.78191
4100 1880.44 -10193.7 666.636 -2.78174
4110 1835.97 -13002.3 667.502 -2.78188
4120 1749.98 -13440 668.144 -2.78232
4130 1728.69 -14058.3 668.552 -2.78286
4140 1700.05 -14192.8 668.718 -2.78345
4150 1577.26 -8466.27 668.655 -2.78395
4160 1545.24 -3240 668.451 -2.78411
4170 1686.78 -1479.07 668.193 -2.784
4180 1681.4 1262.11 667.923 -2.78377
4190 1588.06 5185.1 667.686 -2.7835
4200 1643.33 2578.59 667.535 -2.78309
4210 1780.29 -270.155 667.438 -2.78259
4220 1918.41 -4696.61 667.34 -2.78236
4230 1865.8 -7096.57 667.173 -2.78265
4240 1698.37 -5295.46 666.9 -2.78327
4250 1718.5 -8796.16 666.537 -2.78385
4260 1881.18 -13878.3 666.033 -2.78456
4270 1967.87 -15181 665.312 -2.78579
4280 1870.72 -12816.2 664.357 -2.78757
4290 1668.19 -7192.7 663.21 -2.78938
4300 1541.85 -2268.54 661.964 -2.79066
4310 1601.8 -1891.96 660.699 -2.7914
4320 1715.61 -4891.2 659.424 -2.79194
4330 1667.42 -4862.92 658.097 -2.79247
4340 1470.65 -1325.22 656.723 -2.79274
4350 1378.71 -307.965 655.349 -2.79249
4360 1425.41 -471.568 653.998 -2.79168
4370 1595.55 -2776.3 652.661 -2.79041
4380 1849.79 -4871.68 651.306 -2.78902
4390 1998.85 -1904.69 649.908 -2.78805
4400 1926.45 5448.29 648.514 -2.78779
4410 1685.26 14801.4 647.241 -2.78785
4420 1535.91 21205.4 646.229 -2.78774
4430 1584.16 21117.6 645.569 -2.78736
4440 1781.63 17606 645.258 -2.78693
4450 1961.48 12111.5 645.236 -2.78683
4460 1981.19 11356.4 645.422 -2.78744
4470 1900.32 12312.6 645.795 -2.78873
4480 1840.82 12157.9 646.366 -2.79041
4490 1825.88 10462.6 647.128 -2.79223
4500 1865.67 7786.26 648.053 -2.79417
4510 1870.74 5408.64 649.098 -2.79629
4520 1827.31 3693.06 650.226 -2.79848
4530 1855.21 -843.556 651.401 -2.80066
4540 1916.54 -8820.07 652.547 -2.80288
4550 1863.61 -11818.7 653.549 -2.80519
4560 1769.48 -12812.7 654.351 -2.80747
4570 1709.79 -14293 654.937 -2.80952
4580 1649.67 -13271 655.289 -2.81129
4590 1528.6 -8020.97 655.427 -2.81264
4600 1444.75 -1544.13 655.438 -2.81339
4610 1499.17 -732.103 655.421 -2.81357
4620 1539.74 -2076.79 655.393 -2.8133
4630 1538.86 -1293.22 655.341 -2.81271
4640 1566.14 -2949.13 655.269 -2.81187
4650 1589.93 -5146.35 655.154 -2.81085
4660 1614.35 -5958.2 654.964 -2.80973
4670 1604.33 -5562.3 654.685 -2.80858
4680 1556.65 -4442.31 654.324 -2.80739
4690 1443.53 -645.652 653.906 -2.80609
4700 1408.77 2190.31 653.486 -2.80453
4710 1517.5 1774.66 653.109 -2.80258
4720 1645.82 -485.995 652.77 -2.80039
4730 1751.47 -2197.12 652.433 -2.79824
4740 1846.32 -4807.9 652.07 -2.79644
4750 1915.02 -5246.1 651.645 -2.7952
4760 1973.15 -6977.62 651.143 -2.79471
4770 1903.37 -7323.68 650.545 -2.79501
4780 1676.56 -4101.49 649.848 -2.79567
4790 1574.41 -2496.95 649.099 -2.79617
4800 1711.68 -5279.74 648.32 -2.79637
4810 1995.74 -11338.7 647.467 -2.79678
4820 2068.51 -8915.2 646.466 -2.79799
4830 1922.67 -2467.41 645.348 -2.79988
4840 1761.51 4462.76 644.218 -2.80181
4850 1747.65 6995.63 643.175 -2.80347
4860 1843.92 6345.68 642.262 -2.80511
4870 1786.57 8491.96 641.473 -2.80688
4880 1597.12 11414 640.839 -2.80832
4890 1724.12 8024.79 640.39 -2.8095
4900 1741.51 6287.52 640.083 -2.81058
4910 1619.02 7091.39 639.888 -2.81156
4920 1522.87 7983.15 639.813 -2.81221
4930 1444.94 10014.4 639.871 -2.81239
4940 1486.98 10415.6 640.089 -2.8121
4950 1609.59 6761.09 640.467 -2.81144
4960 1618.66 5059.96 640.954 -2.81059
4970 1494.48 8774.43 641.529 -2.8097
4980 1441.34 9691.54 642.234 -2.80868
4990 1497.83 11328.6 643.091 -2.80735
5000 1632.85 9678.85 644.117 -2.80579
5010 1674.82 5548.1 645.286 -2.80414
5020 1586.62 4615.05 646.54 -2.80262
5030 1456.58 4735.52 647.858 -2.8012
5040 1382.32 5459.56 649.244 -2.79964
5050 1502.92 -260.733 650.696 -2.79769
5060 1675.33 -6905.01 652.128 -2.7952
5070 1725.29 -6440.15 653.446 -2.79273
5080 1745.93 -6710.18 654.646 -2.79065
5090 1782.18 -8114.04 655.724 -2.78894
5100 1740.77 -5425.9 656.666 -2.78763
5110 1647.05 -291.685 657.514 -2.78668
5120 1664.49 1537.98 658.347 -2.78588
5130 1720.21 919.298 659.196 -2.78508
5140 1754.8 2847.82 660.059 -2.78443
5150 1814.51 5300.87 660.966 -2.78406
5160 1830.15 9122.2 661.958 -2.78409
5170 1727.65 15464.3 663.101 -2.78456
5180 1597.07 18667.8 664.493 -2.78525
5190 1576.63 14981.2 666.179 -2.78579
5200 1602.46 9538.22 668.104 -2.78596
5210 1693.06 1657.21 670.171 -2.78573
5220 1780.32 -1974.32 672.254 -2.78527
5230 1805.17 -3312.39 674.288 -2.78499
5240 1716.27 -3216.86 676.246 -2.7849
5250 1581.46 -798.241 678.135 -2.78489
5260 1583.35 -128.397 679.988 -2.78472
5270 1667.03 -3625.8 681.815 -2.78428
5280 1731.95 -7654.27 683.558 -2.78366
5290 1756.53 -8943.47 685.153 -2.78306
5300 1863.9 -14170.7 686.564 -2.78265
5310 1938.87 -18423.8 687.707 -2.78261
5320 1842.83 -18452.9 688.514 -2.78314
5330 1731.42 -19809.2 688.976 -2.78401
5340 1634.36 -19542.5 689.079 -2.78488
5350 1568.31 -19196.6 688.83 -2.78558
5360 1584.47 -18447.3 688.241 -2.78605
5370 1679.04 -19805.2 687.329 -2.78636
5380 1813.12 -22401.3 686.076 -2.78684
5390 1854.41 -22148.2 684.452 -2.78778
5400 1730.55 -18063.3 682.471 -2.78904
5410 1629.35 -15410.5 680.208 -2.79027
5420 1602.69 -13521.7 677.719 -2.79122
5430 1698.7 -13103.1 675.044 -2.79195
5440 1770.37 -13262 672.198 -2.7927
5450 1758.46 -13006.6 669.185 -2.79364
5460 1669.9 -9736.1 666.022 -2.79459
5470 1661.87 -7994.65 662.764 -2.79527
5480 1858.13 -12478 659.436 -2.79602
5490 2043.43 -16592.3 655.981 -2.79756
5500 2087.88 -17304.5 652.341 -2.80019
5510 1956.89 -14393.4 648.513 -2.80364
5520 1759.75 -6570.28 644.558 -2.80678
5530 1721.05 -4674.66 640.588 -2.80929
5540 1732.83 -1345.3 636.651 -2.81138
5550 1817.35 1954.79 632.793 -2.81308
5560 1874.34 4337.96 629.066 -2.81472
5570 1792.21 12064.6 625.508 -2.81622
5580 1595.09 22827.8 622.231 -2.81678
5590 1719.28 22673.7 619.361 -2.81679
5600 1853.65 19647.7 616.894 -2.81707
5610 1884.66 20797.2 614.785 -2.81772
5620 1991.8 18551.2 613.025 -2.8189
5630 2055.67 19087.8 611.581 -2.82091
5640 1792.31 23892.5 610.455 -2.8233
5650 1621.13 27061.4 609.697 -2.82531
5660 1664.16 26252.3 609.34 -2.82698
5670 1778.62 18261.9 609.359 -2.82859
5680 1934.08 12305.1 609.647 -2.83038
5690 2024.61 12533.3 610.118 -2.83271
5700 1962.87 17270.7 610.772 -2.83564
5710 1853.53 18944.3 611.663 -2.83888
5720 1711.89 20851.6 612.817 -2.84205
5730 1543.69 23179.5 614.258 -2.84481
5740 1456.55 21137.5 616.01 -2.84697
5750 1429.45 16711.3 618.045 -2.84838
5760 1578.23 6968.35 620.289 -2.84901
5770 1740.36 -1090.64 622.608 -2.84894
5780 1759.84 -3128.66 624.888 -2.84874
5790 1622.81 -1752.16 627.096 -2.84863
5800 1591.6 -3566.78 629.242 -2.84844
5810 1500.94 -2273.15 631.31 -2.84794
5820 1398.99 -20.6205 633.314 -2.84723
5830 1414.58 -1244.59 635.287 -2.84611
5840 1433.28 -2855.3 637.212 -2.84448
5850 1353.08 -1538.33 639.069 -2.84255
5860 1428.04 -4265.79 640.869 -2.8403
5870 1544.73 -6490.97 642.577 -2.83754
5880 1613.4 -3951.1 644.166 -2.83469
5890 1655.63 -2578.17 645.668 -2.83203
5900 1617.99 310.356 647.111 -2.82968
5910 1513.96 3438.44 648.54 -2.82764
5920 1447.41 7934.31 650.008 -2.82575
5930 1535.49 6210.09 651.576 -2.82378
5940 1646.9 1807.58 653.219 -2.8215
5950 1671.21 -2955.43 654.87 -2.81921
5960 1649.14 -8167.6 656.45 -2.81703
5970 1605.95 -12804.6 657.873 -2.81494
5980 1542.46 -13495.7 659.071 -2.81293
5990 1474.67 -12564.6 660.031 -2.81096
6000 1545.46 -14886.6 660.763 -2.80889
6010 1596.21 -12886.4 661.245 -2.8067
6020 1586.11 -9265.94 661.51 -2.80464
6030 1464.44 -3826.38 661.621 -2.8027
6040 1329.76 2346.84 661.672 -2.80075
6050 1405.54 2072.69 661.758 -2.79852
6060 1484.41 230.616 661.878 -2.79586
6070 1511.32 699.918 662.01 -2.79307
6080 1661.42 -2786.52 662.15 -2.79022
6090 1809.41 -4117.31 662.25 -2.78744
6100 1883.36 -5153.55 662.285 -2.78519
6110 1912.39 -5817.61 662.24 -2.78368
6120 1991.9 -4905.21 662.105 -2.78299
6130 1945.05 -1492.13 661.902 -2.78309
6140 1828.38 1355.24 661.683 -2.78379
6150 1766.7 4064.25 661.497 -2.78466
6160 1804.37 1866.38 661.38 -2.78561
6170 1801.9 -92.6927 661.305 -2.78669
6180 1738.66 -2527.58 661.234 -2.78784
6190 1588.77 -4022.27 661.129 -2.78884
6200 1480.79 -4816.37 660.966 -2.78939
6210 1600.64 -8216.46 660.725 -2.78951
6220 1727.06 -10052.5 660.36 -2.78941
6230 1770.76 -9963.09 659.84 -2.78943
6240 1708.91 -6496.36 659.174 -2.78959
6250 1593.21 1076.87 658.424 -2.7897
6260 1473.66 7800.22 657.711 -2.78942
6270 1553.16 6767.87 657.132 -2.78878
6280 1617.92 7365.66 656.685 -2.78785
6290 1720.75 5032.81 656.368 -2.78686
6300 1808.86 2002.55 656.145 -2.78602
6310 1865.11 788.53 655.968 -2.78554
6320 1903.43 -2715.69 655.808 -2.78556
6330 1858.9 -4679.87 655.617 -2.78607
6340 1769.46 -4497.47 655.36 -2.7869
6350 1671.98 -3631.5 655.04 -2.78774
6360 1592.52 -1648.86 654.672 -2.7884
6370 1390.91 4986.88 654.297 -2.78861
6380 1290.64 9391.57 654.012 -2.7882
6390 1452.34 5584.04 653.877 -2.78716
6400 1576.76 3761.92 653.846 -2.78563
6410 1622.46 4645.81 653.885 -2.78394
6420 1730.98 4361.24 654.003 -2.78229
6430 1848.54 2866.82 654.195 -2.78085
6440 1879.43 2307.11 654.438 -2.77991
6450 1808.64 1820.14 654.723 -2.77952
6460 1774.39 -408.917 655.036 -2.77948
6470 1777.12 60.9235 655.348 -2.77962
6480 1758.63 3004.69 655.664 -2.77995
6490 1642.62 8114.94 656.035 -2.78036
6500 1465.34 12028.5 656.538 -2.78061
6510 1365.27 12298.7 657.232 -2.78047
6520 1312.71 12362.9 658.125 -2.77981
6530 1365.51 9731.37 659.211 -2.77862
6540 1521.7 3397.31 660.444 -2.77681
6550 1639.84 -2108.2 661.723 -2.77456
6560 1717.4 -7730.18 662.954 -2.77223
6570 1806.73 -12578.4 664.043 -2.77007
6580 1958.75 -16418 664.912 -2.76836
6590 2005.54 -18575.7 665.496 -2.76748
6600 1831.49 -14478.4 665.773 -2.76755
6610 1618.39 -9704.05 665.806 -2.76794
6620 1687.52 -9363.13 665.672 -2.76819
6630 1904.71 -10668.8 665.384 -2.76848
6640 2021.65 -9507 664.93 -2.76933
6650 1888.53 -5118.43 664.333 -2.77083
6660 1745.58 -1262.95 663.666 -2.77244
6670 1775.53 -3125.75 662.984 -2.77398
6680 1779.36 -2596.14 662.27 -2.77552
6690 1658.92 3152.88 661.541 -2.7769
6700 1588.47 4580.2 660.874 -2.7779
6710 1618.95 4027.72 660.298 -2.77852
6720 1678.88 3040.09 659.805 -2.77893
6730 1689.23 1773.06 659.374 -2.77921
6740 1800.36 227.189 658.986 -2.7795
6750 1886 -2945.66 658.612 -2.78002
6760 1874.59 -4845.54 658.201 -2.78096
6770 1790.32 -973.302 657.732 -2.78216
6780 1747.33 2228.53 657.259 -2.78336
6790 1758.2 2532.83 656.833 -2.78452
6800 1672.1 4192.4 656.461 -2.78561
6810 1540.58 11379.8 656.181 -2.78638
6820 1660.62 10359.9 656.086 -2.78676
6830 1948.07 4917.34 656.162 -2.78716
6840 2025.47 5229.08 656.335 -2.78814
6850 1884.5 10954.5 656.605 -2.78981
6860 1707.04 16246.4 657.059 -2.79167
6870 1555.05 20726 657.781 -2.79334
6880 1459.44 20916.1 658.837 -2.79458
6890 1492.68 18908.1 660.23 -2.79536
6900 1594.06 13695 661.923 -2.7957
6910 1764.61 6644.97 663.828 -2.79567
6920 1788.4 3880.05 665.836 -2.79561
6930 1566.43 5787.26 667.897 -2.79574
6940 1341.1 6722.55 670.037 -2.7957
6950 1382.35 2887.28 672.264 -2.79507
6960 1504.95 -2046.57 674.518 -2.79369
6970 1635.28 -7877.15 676.71 -2.79174
6980 1635.22 -10587.5 678.748 -2.78961
6990 1550.37 -10285.4 680.581 -2.7876
7000 1464.11 -8212.14 682.216 -2.78568
7010 1525.19 -9022.5 683.681 -2.78361
7020 1564.53 -7748.07 684.974 -2.78137
7030 1550.03 -9965.84 686.108 -2.77913
7040 1517.17 -12706.8 687.049 -2.77688
7050 1398.89 -8772.23 687.765 -2.77464
7060 1442.13 -8884.01 688.308 -2.77232
7070 1672.11 -13639 688.677 -2.76963
7080 1772.44 -13308.8 688.808 -2.767
7090 1763.27 -11337.9 688.702 -2.76489
7100 1747.12 -8422.94 688.4 -2.76329
7110 1817.05 -7432.34 687.952 -2.76207
7120 1939.2 -8598.12 687.379 -2.76132
7130 1949.02 -7912.3 686.669 -2.76126
7140 1946.5 -7600.71 685.835 -2.76191
7150 1924.02 -7656.09 684.883 -2.76315
7160 1766.92 -1889.72 683.827 -2.76469
7170 1704.24 3267.3 682.758 -2.76595
7180 1876.51 4121.96 681.765 -2.76717
7190 1911.57 8223.68 680.875 -2.76863
7200 1826.37 13404.2 680.154 -2.77032
7210 1761.49 17366.4 679.688 -2.772
7220 1832.96 15917.2 679.535 -2.77374
7230 1824.23 14467.4 679.672 -2.77567
7240 1667.03 17416.8 680.078 -2.7776
7250 1553.23 17137 680.788 -2.77921
7260 1513.3 14988.2 681.796 -2.78034
7270 1559.02 12306.7 683.063 -2.78103
7280 1618.28 7968.99 684.537 -2.78133
7290 1644.07 3373.76 686.14 -2.78132
7300 1681.27 -297.939 687.792 -2.78108
7310 1792.1 -6702.79 689.417 -2.78071
7320 1885.74 -12066.7 690.907 -2.78043
7330 1868.37 -16691.4 692.163 -2.78051
7340 1712.41 -16736.8 693.107 -2.78092
7350 1557.47 -14333.9 693.74 -2.78131
7360 1572.07 -15517.8 694.097 -2.78145
7370 1614.41 -15238.9 694.171 -2.78136
7380 1596.9 -14908.1 693.966 -2.78115
7390 1513.25 -12389.5 693.498 -2.78082
7400 1443.39 -10429.8 692.813 -2.7802
7410 1524.87 -10965 691.95 -2.77925
7420 1636.07 -12974.7 690.9 -2.77807
7430 1653.01 -13304.7 689.642 -2.77691
7440 1657.53 -15587.3 688.162 -2.77596
7450 1700.51 -15656.9 686.437 -2.77518
7460 1790.32 -15576.2 684.464 -2.77465
7470 1799.18 -11692.1 682.261 -2.77442
7480 1604.76 -5405.77 679.899 -2.77432
7490 1407.62 96.9896 677.491 -2.7738
7500 1589.5 -1663.77 675.123 -2.77283
7510 1761.96 -4309.88 672.778 -2.7717
7520 1757.01 -5076.66 670.411 -2.77089
7530 1655.2 -2479.51 668.013 -2.77031
7540 1603.82 -2138.27 665.622 -2.76969
7550 1661.63 -2537.19 663.247 -2.76897
7560 1879.2 -4296.09 660.878 -2.76833
7570 2070.87 -3649.14 658.494 -2.76826
7580 1992.16 847.05 656.11 -2.76904
7590 1684.98 7819.45 653.799 -2.77
7600 1640.34 9817.38 651.659 -2.77055
7610 1774.83 5242.43 649.717 -2.77104
7620 1723.06 6247.98 647.912 -2.77169
7630 1505.76 11649.2 646.256 -2.77201
7640 1537.46 11997.1 644.815 -2.77185
7650 1820.87 5417.08 643.587 -2.77149
7660 2121.38 -132.727 642.475 -2.7717
7670 2076.62 1912.46 641.4 -2.77299
7680 1786.1 9458.5 640.388 -2.77482
7690 1644.89 14594.4 639.546 -2.77632
7700 1796.92 11575 638.942 -2.77759
7710 1979.48 4592.61 638.53 -2.77919
7720 1879.06 4321.5 638.212 -2.78131
7730 1555.4 11966.2 637.986 -2.78319
7740 1650.28 8449.75 637.939 -2.78451
7750 2007.62 1048.54 638.024 -2.78584
7760 2047.73 840.593 638.141 -2.78789
7770 1783.31 5363.97 638.284 -2.79033
7780 1631.92 8604.1 638.511 -2.79245
7790 1712.56 7671.1 638.87 -2.79416
7800 1943.36 1728.66 639.342 -2.79588
7810 1977.56 -559.415 639.846 -2.79802
7820 1844.85 2350.07 640.347 -2.80045
7830 1865.56 1727.04 640.878 -2.80291
7840 1943.37 -2937.03 641.428 -2.80556
7850 1816.41 -1921.77 641.938 -2.80832
7860 1660.08 2297.53 642.421 -2.81076
7870 1714.81 2293.94 642.932 -2.8128
7880 1761.63 2476.56 643.478 -2.81465
7890 1601.74 6550.54 644.066 -2.81632
7900 1375.44 11517.1 644.756 -2.81744
7910 1344.8 14528 645.624 -2.81788
7920 1529.49 9148.65 646.703 -2.8177
7930 1704.93 2235.92 647.918 -2.817
7940 1756.03 -3212.36 649.16 -2.81621
7950 1731.21 -5581.17 650.343 -2.81555
7960 1705.47 -6544.37 651.425 -2.81503
7970 1725.71 -8272.36 652.389 -2.81459
7980 1667.46 -5809.17 653.218 -2.81424
7990 1559.62 -4962.97 653.941 -2.81389
8000 1478.84 -5169.39 654.575 -2.81332
8010 1474.87 -3090.6 655.124 -2.81242
8020 1558 -2649.09 655.617 -2.81119
8030 1591.99 -3570.05 656.06 -2.80975
8040 1487.79 -2690.86 656.447 -2.80827
8050 1327.98 -88.4189 656.791 -2.80669
8060 1332.79 -361.264 657.129 -2.80479
8070 1498.25 -4482.04 657.454 -2.80236
8080 1589.4 -5591.08 657.709 -2.7996
8090 1516.59 -1930.55 657.88 -2.79694
8100 1433.66 870.756 658.02 -2.79446
8110 1410.28 161.929 658.171 -2.79192
8120 1427.87 1715.71 658.333 -2.78919
8130 1595.3 -2262.58 658.516 -2.78625
8140 1658.11 -4588.83 658.666 -2.7832
8150 1699.46 -6100.35 658.745 -2.78049
8160 1834.66 -11818 658.719 -2.77811
8170 1915.97 -12798.3 658.512 -2.77632
8180 1945.98 -11714.5 658.103 -2.77537
8190 1937.86 -7839.8 657.516 -2.77522
8200 1868.87 -2465.16 656.818 -2.77568
8210 1679.07 4807 656.098 -2.77633
8220 1483.38 11575.5 655.476 -2.7767
8230 1410.54 11353 655.049 -2.77656
8240 1531.49 8710.02 654.817 -2.77594
8250 1753.82 4723.46 654.736 -2.77503
8260 1876.65 750.812 654.74 -2.77428
8270 1874.78 -2860.38 654.762 -2.77402
8280 1806.54 -2452.96 654.75 -2.77423
8290 1761.06 -2474.19 654.702 -2.77467
8300 1728.74 -375.24 654.623 -2.77521
8310 1599.44 5337.84 654.55 -2.77568
8320 1458.27 10077 654.57 -2.77585
8330 1433.4 9112.9 654.752 -2.77555
8340 1635.66 4936.19 655.083 -2.77479
8350 1910.14 -1028.21 655.492 -2.77388
8360 2030.62 -3369.71 655.891 -2.77351
8370 1915.23 -1517.19 656.241 -2.77396
8380 1857.86 -754.082 656.566 -2.77493
8390 1933.56 -3662.87 656.874 -2.77623
8400 1992.15 -7008.51 657.124 -2.77801
8410 1933.33 -8298.98 657.263 -2.7803
8420 1800.61 -7564.04 657.271 -2.78276
8430 1696 -5866.57 657.163 -2.78498
8440 1769.21 -8479.83 656.957 -2.78694
8450 1910.25 -12277.4 656.617 -2.78899
8460 1961.73 -14421.4 656.089 -2.79145
8470 1891.04 -13648.8 655.341 -2.7943
8480 1753.98 -11628.9 654.388 -2.79712
8490 1643.43 -11388.4 653.262 -2.79956
8500 1604.67 -10894.2 651.974 -2.80153
8510 1651.54 -8756.36 650.538 -2.80304
8520 1780.91 -11958.3 648.981 -2.80441
8530 1812.82 -12063.3 647.268 -2.80597
8540 1737.28 -5815.58 645.407 -2.80746
8550 1741.84 -5411.82 643.483 -2.80878
8560 1720.87 -6448.78 641.51 -2.81006
8570 1692.51 -3093.12 639.483 -2.81119
8580 1689.75 -391.388 637.449 -2.81203
8590 1710.52 2696.07 635.452 -2.81267
8600 1696.2 7272.74 633.541 -2.81306
8610 1624.39 11765.7 631.782 -2.81323
8620 1497.84 17068.4 630.24 -2.813
8630 1435.41 19847.3 628.987 -2.81234
8640 1418.26 22380 628.062 -2.81126
8650 1472.51 22121.5 627.492 -2.80987
8660 1562.11 17971.1 627.266 -2.80826
8670 1699.11 12368.9 627.318 -2.80658
8680 1858.83 6868.12 627.561 -2.80505
8690 1910.21 7330.64 627.919 -2.80402
8700 1922.39 9889.54 628.392 -2.8037
8710 1967.93 11602.7 629.012 -2.8041
8720 1920.25 14094.8 629.807 -2.80522
8730 1706.01 17607.7 630.816 -2.80677
8740 1518.61 19005.1 632.082 -2.80817
8750 1618.86 13040.4 633.619 -2.80915
8760 1921.2 1950.24 635.337 -2.80976
8770 2084.52 -4577.86 637.075 -2.81062
8780 1934.81 -4576.96 638.734 -2.81223
8790 1606.09 877.354 640.316 -2.81401
8800 1452.29 2590.7 641.89 -2.81528
8810 1578.1 -2919.54 643.478 -2.8159
8820 1616.15 -4419.33 645.012 -2.81604
8830 1502.44 -2521.59 646.464 -2.81594
8840 1482.79 -3610.85 647.856 -2.81549
8850 1673.65 -9174.75 649.169 -2.81459
8860 1770.82 -10976 650.328 -2.81354
8870 1728.3 -10134.6 651.302 -2.81275
8880 1640.53 -8529.3 652.103 -2.81218
8890 1564.25 -6569.34 652.758 -2.81162
8900 1454.35 -2005.31 653.307 -2.8109
8910 1396.01 -525.358 653.815 -2.80986
8920 1520.07 -5775.44 654.301 -2.80839
8930 1688.76 -12196.5 654.689 -2.80653
8940 1816.54 -15808.5 654.88 -2.80478
8950 1789.28 -16750.3 654.817 -2.80348
8960 1856.52 -16803.7 654.486 -2.80275
8970 1883.8 -14156.1 653.894 -2.80254
8980 1844.89 -8919.03 653.09 -2.80284
8990 1767.73 -3617.18 652.158 -2.80341
9000 1615.23 3295.06 651.193 -2.80388
9010 1596.37 5602.09 650.296 -2.80404
9020 1636.11 2200.7 649.5 -2.80401
9030 1511.39 5653.08 648.771 -2.80375
9040 1508.13 5773.99 648.144 -2.80317
9050 1644.86 2864.22 647.621 -2.80228
9060 1706.32 1158.85 647.16 -2.80134
9070 1702.54 383.64 646.732 -2.80052
9080 1669.17 2585.75 646.327 -2.79981
9090 1718.53 3673.75 645.973 -2.79913
9100 1852.21 2570.48 645.687 -2.7986
9110 1891.82 2860.28 645.454 -2.79848
9120 1741.94 7504.66 645.283 -2.79881
9130 1513.56 13703.2 645.243 -2.79912
9140 1430.99 13173.3 645.416 -2.79911
9150 1404.2 12645 645.806 -2.79861
9160 1466.45 9825.23 646.392 -2.79769
9170 1537.45 5973.41 647.132 -2.79633
9180 1687.87 913.066 647.961 -2.79473
9190 1791.06 -1419.2 648.802 -2.7931
9200 1737.34 1379.12 649.624 -2.79185
9210 1824.48 -3040.72 650.451 -2.79094
9220 1898.22 -5110.04 651.226 -2.79033
9230 1847.8 -3985.22 651.919 -2.79028
9240 1701.53 -1212.8 652.545 -2.79058
9250 1573.72 3280.81 653.152 -2.79087
9260 1568.6 4535.83 653.805 -2.79093
9270 1606.72 4114.15 654.525 -2.79069
9280 1670.2 5065.38 655.312 -2.79031
9290 1772.04 3463.03 656.173 -2.7899
9300 1926.15 -398.754 657.081 -2.7897
9310 1955.93 452.434 657.985 -2.79005
9320 1811.62 2416.12 658.892 -2.79099
9330 1608.25 4287.36 659.834 -2.79199
9340 1555.87 3448.75 660.836 -2.79267
9350 1658.4 -998.122 661.883 -2.79296
9360 1706.76 -4599.15 662.906 -2.79301
9370 1625.56 -5200.19 663.847 -2.79301
9380 1526.33 -5628.98 664.694 -2.79281
9390 1622.81 -9416.87 665.433 -2.79231
9400 1733.97 -9976.12 666.013 -2.79165
9410 1698.44 -8685 666.421 -2.79113
9420 1536.75 -5899.88 666.686 -2.79069
9430 1385.95 -3479.11 666.849 -2.79003
9440 1406.84 -5283.5 666.95 -2.78895
9450 1561.39 -9346.54 666.96 -2.78737
9460 1799.08 -13616.8 666.816 -2.78558
9470 1914.51 -16685.1 666.448 -2.78416
9480 1829.82 -15554.9 665.813 -2.78351
9490 1584.13 -7682.6 664.941 -2.7833
9500 1433.17 -2905.35 663.953 -2.78285
9510 1542.71 -3385.91 662.929 -2.78199
9520 1642.2 -3486.4 661.87 -2.78084
9530 1595.97 832.241 660.782 -2.77965
9540 1398.03 7492.02 659.736 -2.77831
9550 1286.09 9066.64 658.826 -2.7767
9560 1251.13 9501.8 658.086 -2.77463
9570 1405.25 5291.77 657.514 -2.77206
9580 1679.04 -2102.37 657.038 -2.76897
9590 1865.28 -4165.76 656.549 -2.76589
9600 1961.77 -5525.44 656.005 -2.76349
9610 1970.77 -3905.13 655.39 -2.76207
9620 1942.75 -2450 654.725 -2.76155
9630 1988.59 -3578.11 654.033 -2.76182
9640 1937.93 -996.424 653.306 -2.76277
9650 1811.76 2507.74 652.581 -2.76408
9660 1758.16 5067.89 651.913 -2.76541
9670 1771.18 9958.16 651.348 -2.76667
9680 1836.15 13864 650.958 -2.76795
9690 1823.56 15266.3 650.801 -2.76944
9700 1739.44 21730.7 650.912 -2.77102
9710 1791.27 19192.2 651.365 -2.77266
9720 1890.45 14109.2 652.129 -2.77448
9730 1861.05 14400.1 653.128 -2.77657
9740 1801.07 12000.8 654.352 -2.77883
9750 1759.65 8461.86 655.762 -2.78096
9760 1803.87 5372.45 657.302 -2.78295
9770 1854.91 1090.5 658.916 -2.78492
9780 1824.52 -3612.18 660.534 -2.78684
9790 1734.01 -5224.21 662.084 -2.78864
9800 1652.34 -9283.08 663.526 -2.79009
9810 1629.29 -12343.8 664.801 -2.7911
9820 1655.38 -14212.2 665.856 -2.79178
9830 1721.26 -13766.2 666.664 -2.79231
9840 1804.63 -13529 667.23 -2.7929
9850 1862.14 -13490 667.564 -2.79375
9860 1834.84 -13607.2 667.667 -2.79491
9870 1729.03 -11783.2 667.546 -2.79625
9880 1559.09 -8508.09 667.232 -2.79738
9890 1501.7 -5921.08 666.782 -2.79805
9900 1551.23 -3413.5 666.243 -2.79822
9910 1611.78 -2454.33 665.656 -2.79804
9920 1601.52 -892.724 665.045 -2.79766
9930 1560.52 -84.0448 664.431 -2.79711
9940 1538.36 715.432 663.831 -2.79634
9950 1572.55 587.837 663.257 -2.79534
9960 1618.11 -770.861 662.704 -2.79417
9970 1682.19 -3645.98 662.15 -2.79297
9980 1793.77 -7465.37 661.549 -2.79191
9990 1855.46 -8706.36 660.84 -2.79121
10000 1790.01 -5724.02 660.009 -2.79099
