# Time-averaged data for fix 4
# TimeStep c_mytemp c_mypress v_vmyvol v_avgEtotal
10 1910.04 17739.7 628.014 -2.76911
20 1746.03 22150.3 628.347 -2.77086
30 1770.5 23445.3 628.993 -2.77239
40 1958.01 19115.1 629.962 -2.77398
50 1902.06 22097.1 631.207 -2.77581
60 1804.25 21955.9 632.754 -2.77784
70 1761.43 20539.8 634.6 -2.77976
80 1729.54 18474.6 636.725 -2.78146
90 1795.7 11602.4 639.089 -2.78281
100 1877.36 5841.32 641.6 -2.78381
110 1892.56 4931.34 644.174 -2.78475
120 1868.4 4707.2 646.794 -2.78582
130 1820.85 3107.63 649.45 -2.78687
140 1741.77 3993.12 652.127 -2.78781
150 1659.71 4824.62 654.832 -2.78855
160 1635.44 2233.1 657.573 -2.78888
170 1766.95 -1528.31 660.315 -2.78872
180 1888.14 -5987.62 662.996 -2.78825
190 1832.15 -7846.65 665.551 -2.78787
200 1527.87 -4811.99 667.955 -2.78749
210 1444.42 -6510.38 670.241 -2.78678
220 1591.68 -11660 672.384 -2.78529
230 1696.06 -12142.9 674.315 -2.78334
240 1688.01 -10908.2 676.02 -2.78137
250 1580.51 -7717.56 677.526 -2.77952
260 1600.84 -7370.08 678.879 -2.7776
270 1780.77 -13026 680.082 -2.77539
280 1888 -16432.1 681.055 -2.77316
290 1887.48 -17369 681.745 -2.77141
300 1815.78 -15329.5 682.141 -2.77017
310 1719.82 -10873.7 682.28 -2.76926
320 1644.99 -6497.78 682.239 -2.76837
330 1652.52 -5030.04 682.091 -2.76732
340 1683.84 -6259.12 681.861 -2.76609
350 1752.04 -7035.64 681.538 -2.76477
360 1901.33 -10912 681.103 -2.76352
370 2042.79 -14089.9 680.5 -2.76269
380 2100.07 -13871.9 679.684 -2.76265
390 2070.82 -12819.9 678.66 -2.76347
400 1904.03 -9118.75 677.453 -2.76484
410 1702.79 -4674.2 676.126 -2.76608
420 1673.08 -4272.42 674.747 -2.76691
430 1766.3 -4558.73 673.331 -2.76741
440 1787.63 -4816.48 671.872 -2.76778
450 1675.41 -2543.39 670.376 -2.76803
460 1516.86 207.362 668.872 -2.76791
470 1423.12 2591.87 667.408 -2.76719
480 1560.41 -1347.21 666.008 -2.76594
490 1718.2 -3221.66 664.625 -2.7643
500 1880.08 -6908.19 663.219 -2.76264
510 1970.75 -9581.31 661.739 -2.7614
520 1996.53 -9917.26 660.146 -2.76081
530 1966.69 -8248.09 658.438 -2.76083
540 1913.6 -2228.57 656.647 -2.76118
550 1875.45 1232.36 654.862 -2.76159
560 1815.71 1015.95 653.13 -2.76211
570 1633.01 6882.06 651.466 -2.76238
580 1755.18 5912.99 649.936 -2.76221
590 2134.71 -3467.76 648.521 -2.76224
600 2301.36 -7397.95 647.097 -2.76335
610 2225.84 -7199.87 645.601 -2.76579
620 2046.11 -5296.72 644.036 -2.76889
630 1914.67 -3454.73 642.428 -2.77204
640 1781.77 3287.61 640.814 -2.77471
650 1754.43 8031.44 639.284 -2.77672
660 1728.05 13543.6 637.91 -2.7782
670 1695.57 19382.7 636.77 -2.77909
680 1881.95 15590.7 635.927 -2.77979
690 2034 9947.26 635.332 -2.7808
700 2008.05 8056.06 634.905 -2.78231
710 1827.44 10854.4 634.614 -2.78403
720 1613.54 17007.6 634.499 -2.7854
730 1587.91 15210.3 634.627 -2.78624
740 1654.09 13094.1 634.98 -2.78659
750 1718.79 12320.6 635.525 -2.78666
760 1728.38 12899.5 636.249 -2.78658
770 1612.54 18025.6 637.163 -2.78644
780 1563.21 21201 638.33 -2.78621
790 1679.93 15407.6 639.785 -2.78569
800 1840.07 9384.95 641.455 -2.78483
810 1863.61 8388.69 643.251 -2.78402
820 1747.75 11161.9 645.16 -2.78358
830 1622.36 13720.9 647.214 -2.78332
840 1534.31 13638.7 649.451 -2.78298
850 1632.31 7707.56 651.863 -2.78217
860 1759.47 1979.09 654.366 -2.78079
870 1854.96 -2527.6 656.872 -2.7792
880 1885.1 -5666.98 659.312 -2.77772
890 1817.84 -3254.31 661.643 -2.77656
900 1798.79 -2213.58 663.892 -2.77575
910 1847.94 -6066.1 666.07 -2.77497
920 1777.12 -6262.2 668.131 -2.77426
930 1680.22 -4372.71 670.07 -2.77363
940 1676.36 -4713.81 671.909 -2.77288
950 1749.87 -6504.16 673.647 -2.77193
960 1723.75 -7327.64 675.258 -2.77088
970 1677.13 -8543.21 676.727 -2.76979
980 1637.22 -7508.55 678.04 -2.76858
990 1625.13 -6209.14 679.213 -2.76725
1000 1735.43 -9724.93 680.261 -2.7657
1010 1848.94 -13650.3 681.135 -2.76405
1020 1834.95 -14727.9 681.774 -2.76265
1030 1823.86 -16402 682.159 -2.76159
1040 1869.18 -19652.6 682.264 -2.76081
1050 1853.27 -19643.5 682.048 -2.76039
1060 1821.39 -18373.8 681.512 -2.76025
1070 1970.77 -20529.6 680.677 -2.7604
1080 2068.11 -24260.5 679.518 -2.76117
1090 2040.95 -25130.7 677.986 -2.76284
1100 1897.5 -19831 676.084 -2.76498
1110 1832.64 -16940 673.893 -2.7671
1120 1769.6 -12528.7 671.478 -2.76901
1130 1780.85 -8590.53 668.915 -2.77046
1140 1860.01 -8412.21 666.267 -2.77174
1150 1767.94 -6166.67 663.551 -2.77293
1160 1631.73 -764.066 660.806 -2.77369
1170 1670.93 1410.74 658.11 -2.77378
1180 1838.42 -2267.75 655.491 -2.77369
1190 1939.17 -2784.25 652.906 -2.77379
1200 1964.41 -2278.36 650.342 -2.77422
1210 1876.91 -1229.04 647.806 -2.77497
1220 1673.89 3597.04 645.321 -2.77553
1230 1688.58 2492.97 642.94 -2.77566
1240 1832.03 -1722.65 640.649 -2.77572
1250 1808.25 1524.26 638.401 -2.77581
1260 1765.8 5118.43 636.23 -2.77572
1270 1866.54 5628.8 634.183 -2.77554
1280 1915.18 7485.68 632.27 -2.77549
1290 1866.16 10319 630.512 -2.77559
1300 1802.98 14880.6 628.95 -2.77572
1310 1808.87 15698.2 627.633 -2.77574
1320 1946.46 15654.1 626.572 -2.77592
1330 1944.23 17935.6 625.763 -2.77638
1340 1881.63 21777 625.232 -2.77717
1350 1787.98 27041.6 625.027 -2.77806
1360 1799.87 28388.3 625.21 -2.779
1370 1933.8 23455 625.789 -2.78009
1380 2009.15 17954.4 626.696 -2.78153
1390 1907.73 17006.1 627.856 -2.78332
1400 1724.98 16391.9 629.247 -2.78513
1410 1570.03 14724 630.854 -2.78654
1420 1535.37 12946.2 632.655 -2.78731
1430 1708.72 8462.99 634.617 -2.78753
1440 1693.96 6757.96 636.681 -2.78735
1450 1606.7 9319.69 638.825 -2.78706
1460 1730.1 6050.71 641.073 -2.78654
1470 1980.55 -1482.39 643.376 -2.78564
1480 2053.44 -1995.2 645.639 -2.78503
1490 1903.22 1695.69 647.85 -2.78516
1500 1682.33 5712.8 650.058 -2.78566
1510 1549.59 8158.86 652.325 -2.78602
1520 1627.41 5116.39 654.681 -2.78592
1530 1744.63 909.421 657.085 -2.78531
1540 1813.48 -3401.84 659.47 -2.7844
1550 1826.14 -3834.17 661.779 -2.78352
1560 1816.63 -5241.82 663.993 -2.78276
1570 1698.95 -2119.65 666.103 -2.78213
1580 1609.4 -315.839 668.148 -2.78152
1590 1559.18 -552.288 670.158 -2.78063
1600 1550.55 -2467.24 672.129 -2.77937
1610 1576.23 -3682.5 674.035 -2.7777
1620 1662.44 -6122.09 675.853 -2.7757
1630 1817.94 -10951.3 677.541 -2.77344
1640 1867.57 -14825.5 679.026 -2.77125
1650 1801.15 -14315.6 680.25 -2.76945
1660 1757.21 -13463.9 681.22 -2.76802
1670 1757.71 -13264.5 681.951 -2.76673
1680 1805.84 -12559.7 682.452 -2.76557
1690 1840.21 -11448 682.739 -2.76458
1700 1845.97 -11273.2 682.831 -2.76386
1710 1808.02 -8043.45 682.744 -2.76335
1720 1801.72 -10397.8 682.518 -2.76299
1730 1682.41 -11744.7 682.129 -2.76271
1740 1472.49 -8846.24 681.562 -2.76225
1750 1436.05 -8559.46 680.858 -2.76137
1760 1515.28 -11550.8 680.022 -2.75996
1770 1584.68 -12107.2 679.019 -2.75819
1780 1702.12 -11101.4 677.841 -2.75619
1790 1849.19 -9173.28 676.507 -2.75413
1800 1803.44 -2155.38 675.063 -2.75228
1810 1659.19 5527.91 673.618 -2.75057
1820 1603.82 7880.1 672.291 -2.74877
1830 1766.76 3469.57 671.115 -2.74683
1840 2037.26 -4534.06 670.019 -2.74505
1850 2241.94 -10821.2 668.879 -2.74414
1860 2238.51 -12307.9 667.6 -2.74466
1870 2030.26 -7267.19 666.164 -2.74625
1880 1756.9 863.226 664.651 -2.7479
1890 1612.64 6999.75 663.184 -2.74884
1900 1809.83 4171.97 661.85 -2.74934
1910 1957.28 1175.66 660.616 -2.7499
1920 1953.96 672.252 659.431 -2.75081
1930 1923.36 1795.69 658.29 -2.75191
1940 2058.6 -1610.3 657.198 -2.75335
1950 1988.95 2978.35 656.121 -2.7552
1960 1953.75 3165.01 655.109 -2.75713
1970 2023.41 -74.1962 654.168 -2.75934
1980 1991.29 -372.756 653.254 -2.76182
1990 1834.68 830.175 652.359 -2.76432
2000 1629.99 5105.85 651.504 -2.76621
2010 1667.74 1931.3 650.737 -2.76747
2020 1737.37 -648.159 650.021 -2.76836
2030 1720.14 -1422.91 649.316 -2.76898
2040 1709.57 -3621.41 648.605 -2.76937
2050 1675.05 -3197.49 647.861 -2.76953
2060 1603.58 -65.8359 647.089 -2.76935
2070 1606.04 1994.18 646.336 -2.76879
2080 1793.5 -1394.01 645.624 -2.76788
2090 2140.4 -7576.75 644.904 -2.76712
2100 2313.96 -7178.45 644.101 -2.76735
2110 2231.64 -1335.09 643.217 -2.76896
2120 1987.63 5699.39 642.337 -2.77122
2130 1889.8 10872.7 641.563 -2.77346
2140 1858.91 11539 640.964 -2.77553
2150 1811 12775.4 640.554 -2.77742
2160 1843.1 12553.4 640.346 -2.7791
2170 1984 7616.28 640.327 -2.78085
2180 1956.97 5484.09 640.431 -2.78283
2190 1785.14 8835.76 640.63 -2.78478
2200 1710.87 7113.76 640.954 -2.78637
2210 1732.41 5052.25 641.384 -2.78756
2220 1725.04 5853.08 641.894 -2.78844
2230 1758.03 5598.43 642.485 -2.78907
2240 1804.27 4806.51 643.156 -2.78957
2250 1687.2 7337.83 643.901 -2.78994
2260 1702.04 5983 644.743 -2.79012
2270 1751.91 6505.61 645.672 -2.79007
2280 1697.96 6904.93 646.689 -2.78995
2290 1492.94 10641 647.809 -2.78966
2300 1525.09 9047.85 649.071 -2.78902
2310 1657.42 5835.73 650.456 -2.78782
2320 1668.43 6236.38 651.922 -2.7864
2330 1646.57 5909.01 653.468 -2.78493
2340 1646.32 5119.05 655.089 -2.78336
2350 1656.97 3253.42 656.772 -2.78168
2360 1689.37 1537.9 658.487 -2.77986
2370 1623.01 3140.78 660.214 -2.77806
2380 1554.56 2883.94 661.97 -2.77626
2390 1653.27 -1791.3 663.746 -2.77419
2400 1767.56 -6161.99 665.476 -2.77178
2410 1865.8 -11407.8 667.085 -2.76938
2420 1765.62 -11736.3 668.502 -2.76728
2430 1559.07 -7380.52 669.72 -2.76558
2440 1514.06 -4733.65 670.803 -2.76387
2450 1678.84 -9626.11 671.786 -2.76178
2460 1925.15 -13499.7 672.604 -2.75943
2470 2011 -11047.6 673.204 -2.7575
2480 1923.27 -5425.21 673.624 -2.75639
2490 1710.84 634.733 673.954 -2.75581
2500 1474.88 6339.43 674.295 -2.75521
2510 1500.17 5988.99 674.731 -2.75423
2520 1634.35 3532.18 675.262 -2.75271
2530 1729.44 1264.97 675.848 -2.75094
2540 1740.43 -741.179 676.453 -2.74915
2550 1726.98 -2682.91 677.042 -2.74746
2560 1826.23 -8415.68 677.577 -2.74582
2570 1925.32 -12514.5 677.974 -2.74433
2580 2013.33 -15599.1 678.162 -2.74333
2590 2041.05 -16455 678.096 -2.74306
2600 1984.76 -12858.2 677.771 -2.74347
2610 1968.47 -10493.2 677.242 -2.74437
2620 1916.22 -6925.3 676.554 -2.74555
2630 1816.33 -1419.26 675.774 -2.74676
2640 1704.82 1861.69 674.984 -2.74773
2650 1599.4 5274.91 674.246 -2.74825
2660 1665.16 4429.86 673.605 -2.74828
2670 1885.41 1203.6 673.05 -2.74811
2680 1874.03 2688.33 672.537 -2.74809
2690 1666.13 8113.11 672.088 -2.74814
2700 1550.33 13712.2 671.784 -2.74793
2710 1580.52 16102.7 671.71 -2.74729
2720 1751.01 15483.4 671.902 -2.74636
2730 1830.98 15001.1 672.352 -2.74542
2740 1849.05 14351.7 673.046 -2.74473
2750 1904.32 12050.9 673.969 -2.7443
2760 1997.12 9514.33 675.085 -2.74424
2770 2107.8 4357.04 676.346 -2.74465
2780 2237.03 -1623.24 677.668 -2.74581
2790 2252.72 -7666.81 678.952 -2.74795
2800 2072.63 -9560.17 680.104 -2.7508
2810 1937.15 -10109.7 681.088 -2.75375
2820 1914.94 -11319.9 681.893 -2.75657
2830 1887.94 -12031.3 682.504 -2.75924
2840 1800.7 -11020.9 682.91 -2.7617
2850 1609.16 -7400.62 683.133 -2.76365
2860 1466.06 -3812.49 683.234 -2.76479
2870 1508.08 -3514.3 683.268 -2.76514
2880 1659.06 -4817.2 683.245 -2.7649
2890 1700.12 -3259.85 683.15 -2.76433
2900 1731.11 -3797.18 683.004 -2.76363
2910 1755.19 -6132.05 682.798 -2.76287
2920 1704.71 -5068.32 682.505 -2.7621
2930 1768.55 -5887.92 682.131 -2.76129
2940 1843.05 -4696.25 681.674 -2.76049
2950 1848.25 -1265.49 681.154 -2.75986
2960 1750.62 1962.63 680.626 -2.75937
2970 1609.32 4791.56 680.144 -2.75886
2980 1400.09 9747.58 679.76 -2.75799
2990 1525.33 8234.56 679.54 -2.75666
3000 1742.35 4955.75 679.463 -2.75476
3010 1785.49 5839.56 679.483 -2.75286
3020 1672.88 7602.34 679.607 -2.75118
3030 1609.37 7328.39 679.86 -2.7496
3040 1613.68 4877.48 680.235 -2.74787
3050 1779.44 -1783.41 680.684 -2.74595
3060 1919 -8054.86 681.104 -2.744
3070 1999.11 -13496.3 681.389 -2.7425
3080 1939.5 -12818.2 681.459 -2.74168
3090 1888.86 -11302 681.32 -2.74139
3100 1941.24 -11470.5 680.994 -2.74146
3110 1908.38 -7213.98 680.496 -2.74184
3120 1909.88 -8269.78 679.88 -2.74248
3130 1914.95 -9206.24 679.144 -2.74333
3140 1954.1 -9982.72 678.27 -2.74444
3150 1969.65 -10158.7 677.252 -2.74585
3160 1984.13 -10760.1 676.087 -2.74756
3170 1960.95 -12105.2 674.767 -2.74963
3180 1803.7 -8390.78 673.285 -2.75168
3190 1856.91 -5326.74 671.693 -2.75343
3200 2009.6 -4243.31 670.045 -2.7552
3210 2028.94 -1629.36 668.365 -2.75725
3220 1911.35 3702.08 666.698 -2.75942
3230 1741.46 11357.5 665.131 -2.76117
3240 1758 10586.7 663.765 -2.76238
3250 1929.18 5992.75 662.591 -2.76357
3260 1887.42 8447.21 661.55 -2.76489
3270 1732.87 11044.8 660.664 -2.76609
3280 1611.17 12062.7 659.971 -2.76689
3290 1531.41 14032.7 659.487 -2.76719
3300 1524.88 15463.6 659.237 -2.76692
3310 1792.88 6385.29 659.223 -2.76625
3320 2005.44 -3684.6 659.315 -2.76555
3330 1954.57 -5240.48 659.365 -2.76536
3340 1768.02 -2939.73 659.343 -2.76553
3350 1718.12 -4191.4 659.276 -2.76563
3360 1830.49 -8777.8 659.145 -2.76562
3370 1835.72 -8243.54 658.89 -2.76566
3380 1760.84 -4565.83 658.52 -2.76576
3390 1749.48 -3160.19 658.085 -2.76576
3400 1828.9 -2324.17 657.612 -2.76568
3410 1867.49 -1189.59 657.115 -2.76567
3420 1724.3 6549.02 656.624 -2.7657
3430 1621.86 11876.4 656.244 -2.76553
3440 1694.6 12323.6 656.055 -2.76507
3450 1810.52 10832.6 656.063 -2.76445
3460 1877.11 8500.27 656.246 -2.76394
3470 1869.21 6325.06 656.565 -2.76366
3480 1936.36 3427.47 656.984 -2.76361
3490 2134.59 -2291.93 657.453 -2.76397
3500 2120.44 -2985.62 657.891 -2.76513
3510 1780.81 4589.4 658.297 -2.76671
3520 1661.55 5067.52 658.764 -2.76804
3530 1576.18 6568.82 659.311 -2.76885
3540 1431.14 9759.56 659.963 -2.76909
3550 1428.54 8637.09 660.757 -2.76872
3560 1426.61 6616.81 661.683 -2.76769
3570 1566.02 54.6291 662.699 -2.76604
3580 1749.51 -3142.34 663.715 -2.76386
3590 1875.08 -5699.8 664.671 -2.76163
3600 1826.56 -4908.77 665.535 -2.75977
3610 1622.59 -1184.78 666.318 -2.75831
3620 1526.92 -1973.24 667.07 -2.75689
3630 1608.27 -4216.74 667.782 -2.75512
3640 1704.19 -2824.07 668.429 -2.75308
3650 1914.92 -6647.2 669.018 -2.75099
3660 2112.62 -10941.9 669.496 -2.74925
3670 2158.66 -11953.5 669.802 -2.74846
3680 2223.07 -14279 669.914 -2.74883
3690 2290.21 -15695.8 669.799 -2.75045
3700 2240.52 -12667.9 669.444 -2.75332
3710 2089.76 -7190.41 668.9 -2.7569
3720 1969.81 -3817 668.251 -2.76049
3730 1936.3 -5177.23 667.55 -2.76396
3740 1837.53 -3420.99 666.787 -2.76711
3750 1831.7 -3423.33 665.985 -2.76985
3760 1823.61 -5309.67 665.142 -2.77228
3770 1776.28 -4169.15 664.238 -2.77439
3780 1795.42 -4199.16 663.286 -2.77614
3790 1825.35 -2285.68 662.289 -2.77767
3800 1798.36 200.042 661.279 -2.77898
3810 1693.16 3123.07 660.296 -2.78
3820 1653.99 4203.88 659.38 -2.78054
3830 1800.53 -946.448 658.541 -2.78081
3840 1892.54 -3906.22 657.71 -2.78111
3850 1871.03 -4178.99 656.839 -2.78162
3860 1830.44 -5002.26 655.923 -2.7822
3870 1952.8 -9858.18 654.942 -2.78294
3880 1939.73 -9770.74 653.838 -2.78406
3890 1721.61 -3669.8 652.613 -2.78518
3900 1573.93 3693.23 651.361 -2.78579
3910 1575.86 6622.05 650.183 -2.78573
3920 1645.3 5191.21 649.125 -2.78523
3930 1596.34 6527 648.173 -2.78442
3940 1576.54 8117.9 647.341 -2.7833
3950 1667.89 6246.63 646.645 -2.78188
3960 1781.14 7868.03 646.066 -2.78029
3970 1879.85 10464.8 645.621 -2.77879
3980 1922.05 14677.3 645.348 -2.77762
3990 1912.43 16681.4 645.306 -2.77693
4000 1921.5 13040.2 645.514 -2.77671
4010 1891.79 9490.49 645.923 -2.77684
4020 1770.73 7898.17 646.478 -2.77715
4030 1709.8 7724.7 647.155 -2.77738
4040 1772.26 3063.79 647.938 -2.77742
4050 1855.14 57.478 648.766 -2.77734
4060 1947.05 -3365.28 649.589 -2.77735
4070 2129.04 -10162.2 650.351 -2.77774
4080 2178.09 -16837.6 650.953 -2.77889
4090 2016.96 -15878.3 651.304 -2.78084
4100 1798.7 -13161.3 651.415 -2.78292
4110 1771.4 -13852 651.322 -2.78471
4120 1818.42 -14229.9 651.023 -2.7863
4130 1744.72 -10497.4 650.522 -2.7877
4140 1633.12 -5884.97 649.873 -2.78874
4150 1471.6 1735.34 649.154 -2.78914
4160 1390.08 7402.51 648.474 -2.78882
4170 1277.03 12721.7 647.922 -2.78776
4180 1276.24 14299.5 647.571 -2.78606
4190 1556.62 9637.8 647.439 -2.7836
4200 1723.73 7130.59 647.464 -2.78058
4210 1821.08 5159.5 647.601 -2.77766
4220 1797.34 6827.13 647.826 -2.7751
4230 1683.06 11853.3 648.164 -2.77303
4240 1624.54 13138.8 648.676 -2.7712
4250 1682.7 10022.8 649.382 -2.76934
4260 1748.87 6628.35 650.238 -2.76742
4270 1807.14 2373.93 651.188 -2.76556
4280 1807.16 2765.41 652.177 -2.7639
4290 1862.62 1116.14 653.196 -2.76252
4300 1933.15 -1417.32 654.224 -2.76141
4310 1903.68 -433.687 655.228 -2.76072
4320 1803.07 3812.27 656.223 -2.76042
4330 1782.69 5723.69 657.267 -2.76029
4340 1774.55 5964.99 658.39 -2.76018
4350 1756.61 7116.87 659.602 -2.76007
4360 1817.35 2906.54 660.907 -2.7599
4370 1864.46 -581.329 662.251 -2.75968
4380 1882.21 -4725.95 663.572 -2.75956
4390 1853.9 -7727.89 664.81 -2.75955
4400 1762.37 -6600.22 665.919 -2.75963
4410 1675.63 -2082.94 666.918 -2.75963
4420 1706.73 -709.867 667.87 -2.75946
4430 1742.58 214.772 668.805 -2.75909
4440 1820.12 -1354.05 669.732 -2.75867
4450 1838.4 -2759.85 670.631 -2.75827
4460 1853.16 -2655.4 671.481 -2.758
4470 1993.12 -7215.32 672.276 -2.75793
4480 2065.85 -11572.3 672.948 -2.75827
4490 1998.57 -12327.4 673.432 -2.75922
4500 1864.06 -10740.4 673.717 -2.76051
4510 1747.58 -9543.05 673.825 -2.76173
4520 1716.13 -9688.62 673.779 -2.76267
4530 1736.95 -10270.9 673.58 -2.76333
4540 1800.88 -11500.4 673.217 -2.76383
4550 1839.48 -10315.1 672.681 -2.76433
4560 1889.59 -9786.41 671.99 -2.76486
4570 1984.31 -13881.2 671.147 -2.76571
4580 1864.3 -13460.7 670.104 -2.76695
4590 1574.41 -6353.09 668.876 -2.76798
4600 1488.03 -3308.78 667.564 -2.76834
4610 1559.09 -4452.19 666.217 -2.76805
4620 1689.78 -5948.36 664.827 -2.76733
4630 1750.34 -7087.78 663.37 -2.76648
4640 1741.31 -3907.16 661.836 -2.76559
4650 1769.01 -1208.03 660.272 -2.76464
4660 1768.9 2704.24 658.722 -2.76366
4670 1726.1 8923.58 657.251 -2.76254
4680 1868.96 7113.28 655.937 -2.76139
4690 2046.35 5388.89 654.764 -2.76056
4700 2025.77 5876.38 653.702 -2.7604
4710 1846.77 10793.7 652.762 -2.76074
4720 1642.83 16531.7 652.01 -2.76102
4730 1540.16 19570.7 651.527 -2.76093
4740 1589.23 19787.8 651.354 -2.76043
4750 1776.38 16590.6 651.489 -2.75966
4760 1946.23 12104.4 651.881 -2.75892
4770 1971.09 11223.4 652.466 -2.75862
4780 1896.16 12024.2 653.225 -2.75881
4790 1824.32 12064.1 654.164 -2.7593
4800 1733.68 12475.5 655.284 -2.75984
4810 1644.95 15492.6 656.596 -2.76028
4820 1689.07 13667.3 658.13 -2.76049
4830 1786.22 9262.4 659.863 -2.76043
4840 1909.94 2816.28 661.724 -2.76023
4850 1875.28 1210.47 663.62 -2.76012
4860 1765.24 1411.15 665.52 -2.7602
4870 1718.49 1930.48 667.427 -2.76022
4880 1743.73 140.048 669.343 -2.76008
4890 1784.4 -3445.41 671.24 -2.75973
4900 1745.65 -5852.36 673.064 -2.75925
4910 1683.23 -6688.09 674.778 -2.75864
4920 1777.47 -10220.7 676.36 -2.75784
4930 1885.48 -13766.1 677.756 -2.75694
4940 1899.08 -13400 678.917 -2.7563
4950 1862.5 -11403.4 679.845 -2.75603
4960 1822.51 -10356.5 680.574 -2.75598
4970 1847.89 -10121.1 681.124 -2.75603
4980 1934.61 -12111.3 681.497 -2.75623
4990 2017.18 -14678.4 681.665 -2.7568
5000 1959.09 -11660.3 681.6 -2.75784
5010 1843.73 -6448.6 681.348 -2.75913
5020 1718.64 -4621.28 680.993 -2.76024
5030 1688.2 -4431.76 680.569 -2.76103
5040 1699.74 -2205.95 680.086 -2.76148
5050 1677.9 2720.39 679.583 -2.76159
5060 1677.17 5988.85 679.136 -2.76141
5070 1632.23 10117.4 678.804 -2.76094
5080 1603.35 12155.6 678.648 -2.76023
5090 1550.11 15085.2 678.706 -2.75926
5100 1485.12 17958.4 679.019 -2.75804
5110 1539.34 16894 679.628 -2.75654
5120 1678.38 13293.3 680.513 -2.7547
5130 1842.24 7643.33 681.613 -2.75268
5140 1913.34 2285.19 682.833 -2.7508
5150 1910.16 -1966.18 684.083 -2.74932
5160 1861.7 -4893.82 685.291 -2.74824
5170 1809.08 -7333.46 686.406 -2.74742
5180 1719.77 -6319.79 687.393 -2.74671
5190 1730.05 -6549.85 688.261 -2.74598
5200 1826.14 -8909.64 689.006 -2.74517
5210 1827.87 -8765.47 689.597 -2.74448
5220 1745.4 -10226.1 690.032 -2.74392
5230 1825.86 -16478 690.283 -2.74342
5240 1809.99 -19196.7 690.257 -2.74304
5250 1788.89 -20674.8 689.908 -2.74283
5260 1958.52 -25468.6 689.206 -2.74293
5270 1919.8 -24380.6 688.094 -2.74358
5280 1740 -18955 686.595 -2.74453
5290 1582.65 -12674.6 684.804 -2.74522
5300 1534.52 -7632.94 682.833 -2.74529
5310 1596.32 -5167.24 680.77 -2.74474
5320 1774.63 -4791.29 678.66 -2.7438
5330 1904.66 -6230.23 676.511 -2.74288
5340 1860.38 -2746.3 674.312 -2.74224
5350 1861.26 -450.817 672.114 -2.74174
5360 1956.43 -512.91 669.952 -2.74147
5370 2014.09 2852.97 667.834 -2.74153
5380 2031.42 5611.08 665.807 -2.74202
5390 1933.55 8288.22 663.913 -2.74288
5400 1770.74 10070.5 662.191 -2.74377
5410 1629.56 10691.2 660.666 -2.74434
5420 1607.49 12365.5 659.345 -2.74445
5430 1705.05 8367.59 658.238 -2.74416
5440 1937.07 2579.64 657.284 -2.74385
5450 2158.1 -940.606 656.397 -2.744
5460 2263.87 -4394 655.517 -2.7452
5470 2195.57 -5331.29 654.594 -2.74758
5480 1961.8 -733.185 653.618 -2.75049
5490 1849.85 3304.73 652.653 -2.75307
5500 1994.53 -51.8656 651.751 -2.75557
5510 2063.37 -589.138 650.875 -2.75838
5520 1932.74 2961.57 650.015 -2.76137
5530 1702.38 8866.95 649.225 -2.76385
5540 1670.66 8512.19 648.582 -2.76563
5550 1731.16 6397.73 648.081 -2.76694
5560 1773.17 6956.3 647.696 -2.76794
5570 1827.73 4360.28 647.423 -2.76878
5580 1864.92 1142.41 647.226 -2.76961
5590 1852.57 -1113.43 647.056 -2.7705
5600 1737.38 1839.21 646.885 -2.77133
5610 1586.06 7751.21 646.754 -2.77183
5620 1620.24 8364.8 646.742 -2.77184
5630 1851.39 1967.4 646.85 -2.77153
5640 2066.95 -1291.49 646.998 -2.77133
5650 2229.92 -4495.58 647.131 -2.7719
5660 2211.31 -5487.55 647.203 -2.77357
5670 2023.06 -1373.5 647.204 -2.77603
5680 1793 3371.58 647.193 -2.77846
5690 1674.16 4524.25 647.231 -2.78039
5700 1624.99 7848.54 647.348 -2.78172
5710 1687.56 5629.69 647.579 -2.78255
5720 1771.27 4136.04 647.899 -2.78305
5730 1815.35 3014.81 648.283 -2.78343
5740 1798.4 1631.5 648.713 -2.78379
5750 1649.87 7496.68 649.178 -2.78406
5760 1513.32 14139.7 649.756 -2.78406
5770 1591.07 13188 650.538 -2.78367
5780 1673.12 10029.2 651.514 -2.78287
5790 1654.73 8710.11 652.64 -2.78189
5800 1514.38 9318.47 653.893 -2.7808
5810 1388.43 7936.68 655.276 -2.77949
5820 1388.19 5883.23 656.77 -2.7777
5830 1494.88 2555.2 658.339 -2.77531
5840 1653.81 -839.825 659.932 -2.77236
5850 1761.89 -1277.61 661.502 -2.76921
5860 1834.26 -1034.49 663.037 -2.7663
5870 1814.8 -780.825 664.541 -2.76384
5880 1741.31 122.533 666.021 -2.76181
5890 1800.96 -1508.73 667.485 -2.76002
5900 1887.82 -2793.21 668.911 -2.75837
5910 1877.11 -1879.24 670.283 -2.75708
5920 1803.36 -525.873 671.613 -2.75622
5930 1719.1 -606.471 672.92 -2.75551
5940 1706.74 -1154.5 674.204 -2.75476
5950 1745.7 -1160 675.459 -2.75387
5960 1912.68 -2582.27 676.68 -2.753
5970 1983.55 -2785.27 677.85 -2.7524
5980 1952.2 -3517.05 678.963 -2.75231
5990 1912.54 -6550.71 680.005 -2.75256
6000 1900.87 -5701.8 680.935 -2.75303
6010 1960.18 -5532.41 681.76 -2.75372
6020 2084.73 -8057.02 682.483 -2.75479
6030 2166.79 -7261.16 683.071 -2.75653
6040 2141.14 -3252.71 683.54 -2.75909
6050 1990.45 1491.96 683.954 -2.76211
6060 1749.82 7739.49 684.397 -2.76494
6070 1560.17 9673.32 684.963 -2.76708
6080 1391.9 12091.7 685.694 -2.76832
6090 1465.33 7328.04 686.615 -2.76871
6100 1664.98 1950.52 687.651 -2.76834
6110 1759.11 987.021 688.719 -2.76762
6120 1761.11 392.045 689.797 -2.76686
6130 1725.04 -1089.58 690.871 -2.76611
6140 1624.06 -1523.7 691.918 -2.76528
6150 1474.03 1029.14 692.936 -2.76426
6160 1458.14 -1515.41 693.954 -2.76287
6170 1576.22 -8420.59 694.93 -2.76089
6180 1600.14 -11730.5 695.756 -2.7585
6190 1565.14 -13486 696.372 -2.75604
6200 1585.24 -16039.7 696.744 -2.75351
6210 1629.35 -17084.9 696.838 -2.75091
6220 1704.21 -16288.5 696.636 -2.74833
6230 1738.24 -14538.9 696.158 -2.74592
6240 1686.93 -10438.7 695.441 -2.74374
6250 1580.86 -3509.11 694.564 -2.74171
6260 1501.97 1266.49 693.64 -2.73956
6270 1567.28 3453.67 692.756 -2.73713
6280 1755.44 348.889 691.942 -2.73441
6290 2033.46 -3574.89 691.153 -2.73177
6300 2183.16 -6430.6 690.324 -2.72989
6310 2167.68 -4938.6 689.411 -2.72928
6320 2056.42 -1450.34 688.436 -2.72973
6330 1886.14 4337.36 687.463 -2.73063
6340 1770.61 8440.74 686.585 -2.73148
6350 1754.31 10635 685.868 -2.73209
6360 1809.77 11562.3 685.348 -2.73253
6370 1822.39 10127.5 685.035 -2.73297
6380 1758.68 8495.16 684.905 -2.73339
6390 1801.35 7789.63 684.93 -2.73375
6400 1848.21 6888.43 685.09 -2.73406
6410 1873.43 7326.56 685.375 -2.73448
6420 1885.03 8141.01 685.789 -2.73507
6430 1851.65 10130.5 686.343 -2.73579
6440 1903.64 10856.9 687.067 -2.73666
6450 1858.27 10187.1 687.971 -2.73769
6460 1703.45 11288.5 689.048 -2.7387
6470 1629.89 11741.6 690.309 -2.73945
6480 1717.57 7751.88 691.758 -2.73978
6490 1975.65 -2816.13 693.317 -2.7398
6500 2154.93 -12267.6 694.815 -2.73996
6510 2118.36 -14117.7 696.1 -2.74085
6520 2044.99 -15403.7 697.125 -2.74246
6530 1974.44 -16023.1 697.873 -2.74446
6540 1860.98 -15960.2 698.334 -2.74657
6550 1710.67 -15127.9 698.514 -2.74846
6560 1573.02 -15610.9 698.427 -2.74983
6570 1539.11 -15811.2 698.071 -2.75059
6580 1635.26 -17420.9 697.444 -2.75087
6590 1774.47 -18965.1 696.525 -2.75092
6600 1812.03 -17588.9 695.299 -2.75102
6610 1705.56 -13769.6 693.793 -2.7512
6620 1550.14 -7182.77 692.083 -2.75108
6630 1570.83 -2812.78 690.28 -2.75043
6640 1579.62 2402.63 688.466 -2.74923
6650 1540.05 8168.28 686.732 -2.74754
6660 1600.23 9220.2 685.166 -2.74547
6670 1739.53 5189.57 683.781 -2.7432
6680 1882.49 1616.13 682.515 -2.74105
6690 1954.5 -1237.88 681.304 -2.73934
6700 1890.49 -2412.08 680.101 -2.73827
6710 1722.27 561.306 678.892 -2.73754
6720 1677.55 -448.567 677.711 -2.7368
6730 1813.89 -1690.9 676.548 -2.73595
6740 1962.13 -1238.11 675.385 -2.7352
6750 1976.94 275.158 674.229 -2.73487
6760 1898.03 1610.34 673.102 -2.73497
6770 1833.73 3863.98 672.029 -2.73527
6780 1780.28 5907.66 671.043 -2.73553
6790 1823.5 7720.5 670.174 -2.73572
6800 1918.19 8367.11 669.45 -2.73593
6810 2093.96 6290.24 668.876 -2.73651
6820 2142.23 7947.97 668.425 -2.73783
6830 2020.52 12686.2 668.122 -2.73979
6840 1973.12 14089.2 668.029 -2.74203
6850 1921.38 15506.9 668.173 -2.74449
6860 1597.05 20865 668.579 -2.74663
6870 1633.43 19069.8 669.313 -2.74819
6880 1797.67 13659.2 670.346 -2.74935
6890 1817.48 12487.7 671.602 -2.75037
6900 1831.32 11072.2 673.051 -2.75136
6910 1940.69 6978.68 674.664 -2.75235
6920 2064.3 3861.12 676.382 -2.75356
6930 2078.91 498.583 678.148 -2.75524
6940 2010.52 -3395.76 679.907 -2.75725
6950 1975.52 -9169.43 681.59 -2.75934
6960 1977.81 -14381.7 683.103 -2.76141
6970 1985.62 -16902.1 684.364 -2.76357
6980 1963.9 -18409.8 685.326 -2.7659
6990 1885.88 -17614.8 685.972 -2.76828
7000 1801.88 -16121 686.315 -2.77051
7010 1732.44 -13749.9 686.384 -2.77242
7020 1727.14 -12239.3 686.222 -2.77396
7030 1682.65 -7361.99 685.865 -2.77512
7040 1634.58 -3540.81 685.39 -2.77583
7050 1593.6 -273.115 684.868 -2.77606
7060 1549.49 1285.33 684.354 -2.7758
7070 1550.1 298.786 683.869 -2.77509
7080 1642.47 162.609 683.405 -2.77396
7090 1792.7 -3625.1 682.949 -2.77262
7100 1766.4 -4413.33 682.45 -2.77136
7110 1591.16 -3330.5 681.893 -2.77023
7120 1471.09 -1477.88 681.296 -2.76895
7130 1541.42 -2904.96 680.683 -2.76727
7140 1695.96 -5763.8 680.033 -2.76522
7150 1783.82 -5140.42 679.308 -2.76308
7160 1810.59 -2678.23 678.517 -2.76113
7170 1767.73 -1576.03 677.697 -2.75945
7180 1588.73 3224.18 676.877 -2.75792
7190 1545.79 4312.71 676.122 -2.75628
7200 1694.43 1223.4 675.45 -2.75435
7210 1685.25 1759.92 674.819 -2.75233
7220 1595 5399.75 674.239 -2.75035
7230 1698 4886.81 673.755 -2.7483
7240 1882.12 2916.18 673.362 -2.74615
7250 1971.59 1982.15 673.032 -2.74435
7260 1978.67 814.991 672.745 -2.74318
7270 2033.11 -995.769 672.481 -2.74265
7280 2184.04 -7077.59 672.206 -2.74287
7290 2270.85 -11670.1 671.828 -2.74421
7300 2222.15 -14545.3 671.273 -2.74678
7310 2088.94 -13461.3 670.503 -2.75012
7320 2004.18 -12585.3 669.533 -2.75369
7330 1952.72 -10296 668.381 -2.75725
7340 1909.96 -5697.36 667.092 -2.76056
7350 1894.13 -2382.15 665.735 -2.76361
7360 1787.11 4026 664.375 -2.76619
7370 1739.45 8680 663.105 -2.76813
7380 1769.19 8344.92 661.992 -2.76964
7390 1714.47 8186.74 661.036 -2.77083
7400 1664.64 9862.7 660.234 -2.77162
7410 1657.75 9405.35 659.603 -2.77201
7420 1608.87 8130.39 659.134 -2.77204
7430 1568.22 7999.15 658.809 -2.77168
7440 1713.61 6184.95 658.616 -2.77095
7450 2025.24 2709.12 658.527 -2.77012
7460 2057.52 2657.47 658.492 -2.76986
7470 1779.58 8499.67 658.515 -2.77013
7480 1761.91 6585.08 658.667 -2.77044
7490 1915.85 995.152 658.92 -2.77069
7500 1826.4 2339.77 659.202 -2.77111
7510 1548.92 8198.88 659.528 -2.77144
7520 1501.09 10233.8 659.979 -2.77134
7530 1634.43 7170 660.583 -2.7707
7540 1834.22 3922.03 661.297 -2.7697
7550 1965.15 2015.79 662.073 -2.76881
7560 2003.43 -2766.31 662.871 -2.76837
7570 1883.4 -3314.89 663.627 -2.76837
7580 1898.21 -7187.36 664.321 -2.76864
7590 1923.06 -9098.6 664.9 -2.76906
7600 1936.42 -6008.93 665.337 -2.76977
7610 1909.64 -5470.1 665.674 -2.77073
7620 1774.57 -3204.14 665.928 -2.77177
7630 1640.13 -914.33 666.132 -2.77252
7640 1763.77 -4096.43 666.316 -2.77291
7650 1946.62 -9313.16 666.433 -2.77319
7660 1965.2 -9063.32 666.413 -2.77379
7670 1850.92 -6380.84 666.257 -2.77468
7680 1788.98 -6291.35 666.004 -2.77555
7690 1851.3 -8877.26 665.654 -2.77636
7700 1893.82 -10017.4 665.174 -2.77724
7710 1880.49 -6753.23 664.554 -2.77824
7720 1838.96 -3986.69 663.841 -2.77926
7730 1800.08 -2913.86 663.078 -2.78023
7740 1682.88 -1507.72 662.286 -2.78099
7750 1584.17 -447.94 661.489 -2.78133
7760 1606.15 -3227.8 660.696 -2.78124
7770 1621.76 -5313.68 659.87 -2.78078
7780 1624.06 -4555.05 658.984 -2.78003
7790 1712.49 -7669.75 658.039 -2.77904
7800 1819.68 -7995.3 656.998 -2.77802
7810 1789.76 -4813.62 655.858 -2.7771
7820 1653.12 70.048 654.671 -2.77621
7830 1633.97 3625.03 653.507 -2.77514
7840 1689 5405.98 652.42 -2.77379
7850 1631.63 10199.3 651.445 -2.77229
7860 1612.59 11347.2 650.642 -2.77062
7870 1771.68 8999.41 650.026 -2.76882
7880 1853.38 9921.76 649.569 -2.76706
7890 1870.99 11010 649.274 -2.76563
7900 1908.31 11665.6 649.159 -2.76459
7910 2011.64 9722.97 649.226 -2.76401
7920 2060.98 7839.91 649.447 -2.76406
7930 1949.52 10432.5 649.798 -2.76474
7940 1861.21 12605.6 650.31 -2.76575
7950 1814.97 15442.8 651.015 -2.76685
7960 1811.83 17903.5 651.954 -2.76798
7970 1768.09 20746.1 653.163 -2.76916
7980 1666.08 25640 654.688 -2.77035
7990 1739.42 23032.6 656.589 -2.77149
8000 1715.44 21857.7 658.838 -2.77244
8010 1687.45 19783.6 661.411 -2.77333
8020 1747.47 15358.6 664.272 -2.77393
8030 1755.35 13107.2 667.359 -2.77434
8040 1717.55 8739.87 670.627 -2.77454
8050 1540.6 9095.54 674.017 -2.77449
8060 1373.23 9248.68 677.526 -2.77419
8070 1461.89 3194.18 681.146 -2.77314
8080 1649.91 -2753.83 684.787 -2.77103
8090 1836.55 -8689.09 688.343 -2.76826
8100 1877.2 -12343.6 691.717 -2.76541
8110 1768.15 -10600.6 694.852 -2.76303
8120 1763.89 -14527.6 697.756 -2.76096
8130 1833.04 -19799.5 700.368 -2.75876
8140 1780.85 -18515.4 702.61 -2.75681
8150 1701.84 -17672.2 704.491 -2.75519
8160 1681.6 -16291.5 706.032 -2.75368
8170 1573.84 -12050.5 707.267 -2.75222
8180 1509.24 -9075.87 708.266 -2.75067
8190 1652.15 -13129.3 709.077 -2.74878
8200 1781.02 -19800 709.638 -2.74663
8210 1775.7 -22884.9 709.84 -2.7447
8220 1719.8 -23783.7 709.63 -2.74318
8230 1718.24 -22872.7 708.998 -2.74194
8240 1740.29 -21651.3 707.968 -2.74088
8250 1743.85 -21290.6 706.568 -2.74002
8260 1653.31 -18528.8 704.82 -2.73932
8270 1561.88 -16273.3 702.779 -2.73858
8280 1589.47 -16630.6 700.488 -2.73766
8290 1604.11 -16536.3 697.954 -2.7366
8300 1515.66 -11740.1 695.197 -2.73533
8310 1504.46 -11287.2 692.291 -2.73374
8320 1625.57 -14233 689.251 -2.73198
8330 1705.92 -13822.9 686.045 -2.73016
8340 1733.72 -11788.6 682.683 -2.72836
8350 1849.9 -11169.8 679.203 -2.72671
8360 1909.31 -8601.34 675.627 -2.72529
8370 1943.92 -5150.41 672.001 -2.72417
8380 2024.18 -4617.28 668.378 -2.72352
8390 1946.83 1780.85 664.784 -2.72331
8400 1851 10087.5 661.315 -2.72293
8410 1883.13 13871 658.089 -2.72238
8420 1998.94 16396.2 655.162 -2.7219
8430 2176.5 13733.2 652.556 -2.7221
8440 2145.42 16265.9 650.238 -2.7233
8450 1921.88 22877 648.232 -2.72489
8460 1718.73 27071.4 646.623 -2.72612
8470 1899.94 21160 645.45 -2.72725
8480 2098.16 13012.9 644.624 -2.7289
8490 2054.8 12107.3 644.027 -2.73119
8500 2054.8 9983.37 643.627 -2.73379
8510 2288 1967.89 643.384 -2.73708
8520 2356.25 -2000.44 643.188 -2.74156
8530 2164.56 -2733.8 642.977 -2.74679
8540 2055.66 -4192.99 642.735 -2.75194
8550 1952.45 -2617.87 642.445 -2.7568
8560 1832.17 599.511 642.13 -2.76094
8570 1913.06 -260.63 641.83 -2.76454
8580 2038.46 -480.363 641.54 -2.76805
8590 2062.65 823.653 641.255 -2.77174
8600 1917.76 4951.72 640.999 -2.77535
8610 1746.09 10641.7 640.829 -2.7784
8620 1705.29 14541.5 640.823 -2.78071
8630 1876.24 11650.8 641.031 -2.78266
8640 2040.04 10226.9 641.416 -2.7847
8650 2139.25 10146.4 641.955 -2.78721
8660 2184.97 6651.15 642.638 -2.7904
8670 2084.04 4343.44 643.419 -2.79406
8680 1924.37 2452.12 644.257 -2.79769
8690 1736.75 3931.08 645.129 -2.80081
8700 1554.76 6943.32 646.053 -2.80311
8710 1436.1 9794.98 647.073 -2.80452
8720 1514.51 8328.43 648.223 -2.80511
8730 1718.41 3184.85 649.482 -2.80507
8740 1770.71 1870.45 650.78 -2.80472
8750 1641.73 6687.34 652.1 -2.80441
8760 1444.61 10385.2 653.506 -2.80396
8770 1507.75 10967.3 655.052 -2.80316
8780 1624.18 9418.63 656.746 -2.80182
8790 1709.81 7679.49 658.567 -2.80023
8800 1773.48 5054.99 660.486 -2.79856
8810 1787.19 4032.56 662.465 -2.79697
8820 1756.13 3777.71 664.486 -2.79559
8830 1724.76 531.195 666.538 -2.7943
8840 1665.48 -2509.08 668.574 -2.7929
8850 1646.16 -4440.78 670.546 -2.79136
8860 1741.37 -8386.35 672.419 -2.78961
8870 1765.57 -12295.6 674.13 -2.78772
8880 1691.69 -13814.8 675.622 -2.78593
8890 1660.65 -16876.4 676.864 -2.78418
8900 1621.35 -17388 677.816 -2.78237
8910 1538.44 -15632.6 678.469 -2.78057
8920 1451.83 -13385.5 678.857 -2.77864
8930 1471.77 -13117.6 679.017 -2.77645
8940 1597.64 -16618.9 678.953 -2.77391
8950 1586.15 -15404.9 678.627 -2.77122
8960 1631.78 -16458.2 678.05 -2.76862
8970 1763.76 -17157.3 677.215 -2.76604
8980 1837.94 -14518.2 676.123 -2.76367
8990 1877.48 -12264.9 674.816 -2.76173
9000 1845.65 -11018.3 673.336 -2.76025
9010 1790.14 -9651.67 671.711 -2.75918
9020 1796.06 -8382.86 669.966 -2.75827
9030 1927.67 -11386.8 668.119 -2.75761
9040 1992.4 -9950.94 666.138 -2.75741
9050 1931.05 -3265.25 664.052 -2.75758
9060 1777.48 4259.32 661.965 -2.75777
9070 1629.76 8292.36 659.988 -2.75762
9080 1648.48 8715.97 658.182 -2.75708
9090 1838.7 7696.61 656.553 -2.7563
9100 2025.39 3881.14 655.078 -2.75575
9110 2006.31 2051.18 653.7 -2.75587
9120 1839.97 7860.34 652.399 -2.75634
9130 1806.34 9926.3 651.244 -2.75676
9140 1882.44 7311.85 650.263 -2.75721
9150 1869.22 8269.73 649.424 -2.75777
9160 1914.54 7273.22 648.729 -2.75845
9170 2035.36 3896.92 648.161 -2.75944
9180 2027.98 3086.72 647.673 -2.76094
9190 1845.65 3787.11 647.248 -2.76268
9200 1633.56 5927.1 646.897 -2.76411
9210 1530.31 6819.7 646.644 -2.76491
9220 1623.27 5215.48 646.502 -2.7651
9230 1810.49 2871.07 646.445 -2.76491
9240 2053.12 -2256.11 646.433 -2.7648
9250 2200.49 -5347.43 646.397 -2.76539
9260 2095.14 -2557.89 646.294 -2.76694
9270 1805.24 4184.26 646.167 -2.76882
9280 1598.44 8043.04 646.107 -2.77024
9290 1665.92 4917 646.166 -2.77108
9300 1845.26 -577.606 646.3 -2.77159
9310 1915.14 -4291.48 646.432 -2.77215
9320 1816.02 -2377.15 646.509 -2.77285
9330 1701.56 1323.84 646.558 -2.77344
9340 1711.11 4289.81 646.629 -2.77378
9350 1701.26 9608.14 646.773 -2.7739
9360 1593.65 15740.4 647.067 -2.7738
9370 1585.8 17382.2 647.596 -2.77344
9380 1751.96 12612.4 648.377 -2.77275
9390 2004.6 7152.12 649.343 -2.772
9400 2009.62 6476.84 650.418 -2.77169
9410 1740.25 12503.2 651.592 -2.77197
9420 1515.95 15702.4 652.944 -2.77231
9430 1626.6 9769.47 654.512 -2.77219
9440 1815.71 5549.29 656.218 -2.77153
9450 1964.95 2553.26 657.996 -2.77088
9460 2045.72 -1401.21 659.794 -2.77057
9470 1959.03 864.651 661.559 -2.77085
9480 1701.3 8765.39 663.33 -2.77158
9490 1636.21 8474.77 665.21 -2.77221
9500 1755.56 3393.25 667.201 -2.77238
9510 1903.47 -3855.55 669.221 -2.77222
9520 1986.74 -8991.67 671.16 -2.77208
9530 1982.73 -11472.5 672.936 -2.77228
9540 1944.86 -14847.7 674.504 -2.77281
9550 1908.07 -18228.3 675.809 -2.77356
9560 1748.71 -16337.2 676.808 -2.77438
9570 1606.25 -14392 677.525 -2.77497
9580 1583.07 -16426.6 677.99 -2.77514
9590 1600.89 -15893.3 678.184 -2.77489
9600 1652.71 -16938.2 678.112 -2.77434
9610 1655.47 -15375.9 677.769 -2.77361
9620 1594.49 -11371.4 677.183 -2.77276
9630 1478.14 -4687.97 676.428 -2.7716
9640 1558.23 -3580.37 675.606 -2.77001
9650 1772.96 -7891.64 674.735 -2.76802
9660 1966.14 -10674.4 673.758 -2.76613
9670 2056.09 -12162.2 672.631 -2.76487
9680 1965.96 -9482.61 671.337 -2.76444
9690 1804.1 -4456.06 669.922 -2.76443
9700 1753.97 -2374.39 668.46 -2.76441
9710 1840.4 -2514.48 666.99 -2.76428
9720 2033.17 -5713.72 665.508 -2.7644
9730 2010.91 -5067.69 663.974 -2.7651
9740 1735.59 3169.63 662.405 -2.76597
9750 1629.65 8662.1 660.916 -2.76633
9760 1698.11 9828.93 659.589 -2.76628
9770 1641.58 18004.2 658.458 -2.76585
9780 1640.35 22051.6 657.629 -2.76509
9790 1786.3 21622.6 657.159 -2.76419
9800 1926.52 21018.2 657.041 -2.76348
9810 1923.53 18181.4 657.257 -2.76321
9820 1831.92 14601.6 657.76 -2.76335
9830 1785.57 7858.44 658.487 -2.76358
9840 1855.97 -545.735 659.329 -2.76372
9850 1894.19 -4553.29 660.163 -2.76385
9860 1963.34 -8406.9 660.917 -2.76418
9870 1932.04 -4274.5 661.546 -2.76484
9880 1847.39 1767.8 662.105 -2.76576
9890 1769.05 4931.94 662.686 -2.76671
9900 1644.77 7093.92 663.343 -2.76743
9910 1587.82 6338.99 664.103 -2.76775
9920 1665.29 691.031 664.952 -2.7676
9930 1824.68 -7108.12 665.802 -2.76706
9940 1872.13 -10544 666.539 -2.76651
9950 1803.24 -9060.08 667.106 -2.76618
9960 1712.45 -5275.34 667.527 -2.76593
9970 1708.04 -5984.2 667.856 -2.76558
9980 1688.8 -3935.15 668.093 -2.76507
9990 1648.51 42.1465 668.271 -2.7644
10000 1699.09 -2053.93 668.444 -2.76352
