# Time-averaged data for fix 4
# TimeStep c_mytemp c_mypress v_vmyvol v_avgEtotal
10 1407.33 1502.47 642.09 -2.84494
20 1378.56 4209.22 642.006 -2.84421
30 1454.43 2853.19 641.998 -2.84334
40 1529.15 1150.95 642.045 -2.84244
50 1539.11 650.355 642.12 -2.84169
60 1519.05 808.58 642.213 -2.84113
70 1602.02 470.191 642.324 -2.84071
80 1723.81 -1258.02 642.445 -2.84064
90 1601.74 2498.41 642.558 -2.84105
100 1342.2 8505.25 642.722 -2.84158
110 1184.93 12305.8 643.04 -2.84173
120 1267.33 11499.9 643.573 -2.8414
130 1431.29 9499.38 644.308 -2.84063
140 1552.29 10220.8 645.216 -2.83976
150 1588.43 10217.1 646.302 -2.83913
160 1564.66 11466.8 647.568 -2.83887
170 1563.65 11700.7 649.033 -2.83892
180 1677.14 7199.9 650.693 -2.83918
190 1737.02 3597.26 652.473 -2.83976
200 1674.87 2202.39 654.31 -2.8408
210 1548.56 1057.99 656.173 -2.84205
220 1436.05 -3122.1 658.034 -2.84309
230 1408.11 -9450.32 659.816 -2.84363
240 1472.46 -14249.2 661.404 -2.84374
250 1581.13 -17764.3 662.708 -2.84372
260 1648.16 -19651.4 663.663 -2.84393
270 1614.73 -17487.2 664.241 -2.84455
280 1544.99 -13923.5 664.483 -2.84542
290 1554.67 -14036.6 664.453 -2.84638
300 1586.98 -14937.6 664.159 -2.84743
310 1594.47 -16143.7 663.589 -2.84866
320 1529.31 -16297.6 662.725 -2.85005
330 1397.7 -12377 661.578 -2.85132
340 1273.4 -8497.21 660.218 -2.85211
350 1282.66 -6826.4 658.723 -2.85235
360 1376.05 -6242.57 657.127 -2.85213
370 1444.92 -5193.45 655.447 -2.85166
380 1405.6 339.216 653.715 -2.85102
390 1325.34 5365.23 652.023 -2.85011
400 1310.95 5134.48 650.456 -2.84891
410 1333.76 5954.51 649.018 -2.8475
420 1346.16 6371.74 647.718 -2.84587
430 1419.48 2202.04 646.553 -2.84417
440 1459.84 2448.01 645.462 -2.84248
450 1500.39 1207.42 644.436 -2.84089
460 1573.19 -2571.64 643.45 -2.83954
470 1605.17 -1339.82 642.449 -2.83854
480 1630.59 -2075.09 641.443 -2.8379
490 1691.34 -6909.13 640.415 -2.83776
500 1677.72 -7754.36 639.296 -2.83819
510 1611.81 -5338.27 638.068 -2.83901
520 1556.22 -2151.49 636.773 -2.83993
530 1527.69 1281.34 635.47 -2.84079
540 1502.02 3983.93 634.215 -2.84149
550 1470.7 7017.31 633.059 -2.84203
560 1489.26 7969.53 632.047 -2.84236
570 1599.58 4592.82 631.187 -2.84274
580 1519.52 5634.1 630.436 -2.84324
590 1474.88 7711.52 629.801 -2.84367
600 1652.78 5906.4 629.308 -2.84411
610 1815.19 4515.95 628.931 -2.84498
620 1819.23 6339.96 628.65 -2.84661
630 1700.25 9222.72 628.491 -2.8488
640 1589.23 11939.6 628.499 -2.85109
650 1556.52 11548.7 628.714 -2.85326
660 1530.46 9115.28 629.125 -2.85531
670 1383.39 10550.7 629.701 -2.85701
680 1363.57 9700.86 630.453 -2.85823
690 1504.44 4651.15 631.36 -2.85908
700 1639.79 2333.05 632.346 -2.85983
710 1695.99 997.345 633.367 -2.86084
720 1651.55 1378.23 634.399 -2.8622
730 1487.07 6084.38 635.456 -2.86368
740 1349.47 9715.38 636.609 -2.86493
750 1330.92 9757.14 637.917 -2.8658
760 1255.06 9833.9 639.388 -2.8662
770 1299.16 7086.11 641.015 -2.86615
780 1500.26 -761.497 642.745 -2.86555
790 1697.89 -7162 644.448 -2.86472
800 1740.47 -9724.43 646.011 -2.86429
810 1635.97 -7962.84 647.391 -2.86448
820 1545.71 -5823.14 648.613 -2.86503
830 1471.45 -5119.83 649.715 -2.86561
840 1339.33 -2764.85 650.716 -2.866
850 1277.62 -2455.01 651.655 -2.86603
860 1313.53 -3984.58 652.537 -2.86561
870 1387.73 -5966.87 653.336 -2.86483
880 1430.01 -6995.92 654.021 -2.86385
890 1415.45 -6472.42 654.573 -2.86282
900 1386.47 -5772.97 655.002 -2.86177
910 1413.91 -6031.43 655.32 -2.86065
920 1449.99 -4397.81 655.53 -2.85947
930 1418.25 -1334.09 655.661 -2.85833
940 1346.58 1817.99 655.772 -2.85719
950 1371.23 1705.74 655.915 -2.85596
960 1366.95 906.063 656.091 -2.85457
970 1280.01 3203.61 656.293 -2.85314
980 1199.48 4366.29 656.555 -2.85158
990 1220.59 3355.42 656.895 -2.84975
1000 1374.53 1005.12 657.297 -2.84753
1010 1616.46 -2785.05 657.714 -2.84504
1020 1790.37 -3857.12 658.084 -2.84289
1030 1760.24 -523.611 658.39 -2.8417
1040 1618.11 1793.13 658.685 -2.84138
1050 1527.18 2706.19 659.015 -2.84146
1060 1440.61 2035.51 659.394 -2.84158
1070 1381.76 3839.16 659.818 -2.84156
1080 1389.48 4867.51 660.31 -2.84133
1090 1399.29 5201 660.893 -2.84092
1100 1391.17 4739.95 661.571 -2.84034
1110 1483.21 901.462 662.33 -2.83962
1120 1610.03 -4476.02 663.099 -2.83885
1130 1626.26 -7405.25 663.782 -2.83834
1140 1491.75 -6581.96 664.325 -2.83816
1150 1312.34 -4356.54 664.742 -2.83802
1160 1186.27 -3744.04 665.072 -2.83756
1170 1202.91 -5654.84 665.326 -2.83664
1180 1316.68 -10485.3 665.466 -2.83523
1190 1408.63 -13301.2 665.412 -2.83354
1200 1464.08 -15767.4 665.107 -2.83187
1210 1528.49 -15784.7 664.513 -2.8304
1220 1544.91 -14225.6 663.634 -2.82925
1230 1453.21 -10521.6 662.505 -2.82841
1240 1340.04 -5084.01 661.201 -2.82761
1250 1208.17 1187.13 659.831 -2.82655
1260 1106.28 5459.69 658.506 -2.82507
1270 1175.14 4142.83 657.302 -2.82313
1280 1329.18 3183.03 656.201 -2.82071
1290 1434.75 4660.48 655.187 -2.81803
1300 1550.06 3181.58 654.276 -2.81542
1310 1647.69 -213.018 653.441 -2.8132
1320 1644.01 136.722 652.631 -2.81161
1330 1615.12 -1387.95 651.836 -2.81063
1340 1560.58 -1414.74 651.038 -2.81011
1350 1477.71 -1666.56 650.233 -2.80981
1360 1454.85 -2785.3 649.413 -2.80955
1370 1483.68 -4004.94 648.561 -2.80924
1380 1592 -5953.42 647.654 -2.809
1390 1708.11 -6534.8 646.66 -2.80904
1400 1803.58 -6538.28 645.572 -2.80969
1410 1789.92 -3776.19 644.394 -2.81106
1420 1711.79 213.696 643.176 -2.81292
1430 1667.68 990.908 641.983 -2.81496
1440 1656.15 148.838 640.832 -2.81716
1450 1680.11 -1531.37 639.708 -2.81945
1460 1778.77 -6142.39 638.576 -2.82215
1470 1720.22 -6145.23 637.369 -2.82521
1480 1795.74 -7545.43 636.076 -2.8285
1490 1961.62 -9082.93 634.679 -2.83257
1500 1880.56 -4308.29 633.163 -2.83741
1510 1584.33 5888.63 631.615 -2.84183
1520 1427.71 11353.1 630.193 -2.845
1530 1484.36 11841.5 628.989 -2.84744
1540 1508.87 13480.1 628.018 -2.84952
1550 1450.56 12708.5 627.295 -2.85126
1560 1440.41 10275.5 626.805 -2.8526
1570 1601.87 2901.37 626.495 -2.85378
1580 1755.35 -2742.91 626.25 -2.85522
1590 1757.5 -4127.11 625.973 -2.85719
1600 1591.37 -1146.79 625.644 -2.85938
1610 1496.39 -1167.61 625.3 -2.86129
1620 1555.09 -4793.09 624.941 -2.86302
1630 1501.04 845.121 624.528 -2.86457
1640 1470.58 4029.63 624.136 -2.8658
1650 1525.64 1642.25 623.814 -2.86687
1660 1520.24 2656.06 623.538 -2.8678
1670 1570.24 2147.94 623.314 -2.86871
1680 1565.43 442.996 623.132 -2.86966
1690 1452.36 1411.09 622.97 -2.87058
1700 1291.16 4768.43 622.845 -2.87117
1710 1275.99 3841.25 622.799 -2.87127
1720 1390.86 873.786 622.82 -2.87093
1730 1500.16 -1647.13 622.862 -2.87036
1740 1553.49 -2862.82 622.883 -2.86983
1750 1567.09 -3700.78 622.861 -2.86949
1760 1532.11 -3197.08 622.784 -2.86934
1770 1501.2 -600.732 622.664 -2.86929
1780 1573.25 -1636.39 622.534 -2.86928
1790 1663.12 -2536.6 622.386 -2.86947
1800 1734.46 -3540.29 622.202 -2.87008
1810 1702.25 -3029.53 621.97 -2.87121
1820 1625 946.125 621.701 -2.87265
1830 1537.6 5322.27 621.46 -2.87414
1840 1437.53 8389.41 621.315 -2.8754
1850 1421.21 10199.5 621.316 -2.87634
1860 1507.34 7971.48 621.488 -2.87708
1870 1518.52 5756.69 621.797 -2.87773
1880 1489.41 5264.44 622.208 -2.87834
1890 1461.48 2880 622.702 -2.87885
1900 1349.35 7188.79 623.257 -2.87915
1910 1335.81 7712.62 623.923 -2.8792
1920 1427.14 4518.62 624.711 -2.8789
1930 1549.55 3171.67 625.573 -2.87844
1940 1621.5 4061.11 626.487 -2.87816
1950 1495.56 6775.62 627.468 -2.87819
1960 1234.2 10542.7 628.559 -2.87828
1970 1141.53 10953.4 629.818 -2.87804
1980 1290.52 5645.59 631.246 -2.87719
1990 1407.16 2328.21 632.763 -2.8758
2000 1329.37 2457.21 634.312 -2.87429
2010 1251.75 2683.65 635.89 -2.87278
2020 1297.19 -278.025 637.496 -2.871
2030 1386.12 -1094.46 639.086 -2.86891
2040 1465.09 -2303.56 640.64 -2.86673
2050 1484.65 -2753.63 642.141 -2.86466
2060 1401.73 859.425 643.586 -2.86291
2070 1288.64 3159.68 645.03 -2.86139
2080 1250.83 5196.76 646.519 -2.85984
2090 1301.03 5132.5 648.085 -2.8581
2100 1414.11 1072.58 649.723 -2.85607
2110 1497.89 -4440.22 651.364 -2.85385
2120 1455.55 -7304.52 652.911 -2.85173
2130 1324.91 -5831.19 654.316 -2.84988
2140 1368.66 -6791.51 655.594 -2.84806
2150 1550.34 -10000.9 656.73 -2.84606
2160 1637.39 -9926.21 657.673 -2.84426
2170 1529.8 -6858.05 658.427 -2.84303
2180 1331.81 -2227.96 659.05 -2.84217
2190 1216.69 158.874 659.624 -2.84125
2200 1224.1 -1931.19 660.189 -2.83998
2210 1293.29 -4154.66 660.714 -2.83829
2220 1334.35 -4659.78 661.16 -2.83635
2230 1289.34 -3140.18 661.519 -2.83431
2240 1319.06 -4436.6 661.815 -2.83221
2250 1453 -8862.59 662.02 -2.82992
2260 1569.61 -11136.2 662.063 -2.82768
2270 1674.97 -11917.9 661.901 -2.82585
2280 1736.39 -10114.9 661.524 -2.8247
2290 1720.59 -5922.49 660.972 -2.82432
2300 1622.45 -499.97 660.324 -2.82452
2310 1489.77 5815.98 659.685 -2.82489
2320 1423.97 9839.76 659.168 -2.82512
2330 1481.46 8182.32 658.841 -2.82519
2340 1613.31 3512.71 658.675 -2.82527
2350 1738.22 140.638 658.587 -2.82566
2360 1838.27 -4041.97 658.507 -2.82668
2370 1893.1 -7975.53 658.36 -2.8286
2380 1832.73 -9368.97 658.075 -2.83139
2390 1668.59 -7008.37 657.631 -2.83453
2400 1539 -3558.79 657.07 -2.83742
2410 1481.58 1010.73 656.459 -2.83983
2420 1505.43 3840.71 655.878 -2.84182
2430 1441.38 8032.34 655.387 -2.84345
2440 1408.87 8490.54 655.054 -2.84464
2450 1438.41 4179.64 654.881 -2.84554
2460 1388.63 945.23 654.797 -2.84614
2470 1343.7 -1355.77 654.739 -2.84641
2480 1365.13 -6344.9 654.656 -2.84635
2490 1410.94 -10254.8 654.464 -2.84603
2500 1430.98 -11466.1 654.093 -2.8456
2510 1428.56 -11761.9 653.519 -2.84513
2520 1448.83 -10960.5 652.745 -2.84462
2530 1504.77 -10979.8 651.782 -2.84412
2540 1528.15 -9333.38 650.641 -2.84371
2550 1514.67 -6087.73 649.355 -2.84342
2560 1445.4 -2317.26 647.985 -2.84314
2570 1320.07 1969.3 646.602 -2.84269
2580 1242.13 4720.26 645.281 -2.84189
2590 1250.92 4174.1 644.067 -2.84068
2600 1441.92 -644.073 642.946 -2.83917
2610 1685.07 -4916.68 641.837 -2.83762
2620 1803.53 -4402.34 640.673 -2.83665
2630 1738.8 322.566 639.463 -2.83652
2640 1572.08 5103.66 638.285 -2.83689
2650 1365.57 10592 637.224 -2.83724
2660 1187.29 15325.1 636.371 -2.83712
2670 1188.21 15615.6 635.8 -2.83649
2680 1312.38 10700.3 635.51 -2.83541
2690 1505.94 3661.26 635.412 -2.83404
2700 1636.6 273.708 635.393 -2.83272
2710 1693.26 -2496.27 635.384 -2.83186
2720 1675.64 -2112.26 635.343 -2.83159
2730 1648.19 1757.18 635.278 -2.8318
2740 1659.7 3447.68 635.246 -2.83239
2750 1633.82 5193.04 635.283 -2.83328
2760 1601.98 4329.87 635.412 -2.83439
2770 1577.35 2621.96 635.62 -2.83559
2780 1512.14 4851.75 635.883 -2.83677
2790 1491.14 7337 636.234 -2.83782
2800 1615.64 5173.78 636.707 -2.83881
2810 1717.21 2541.01 637.271 -2.84004
2820 1651.92 2116.73 637.882 -2.8416
2830 1531.02 2636.02 638.53 -2.84325
2840 1389.58 3155.21 639.22 -2.84464
2850 1267.03 4684.66 639.965 -2.84551
2860 1334.57 3106.06 640.784 -2.84586
2870 1437.7 318.364 641.649 -2.84579
2880 1456.45 47.3704 642.519 -2.84554
2890 1452.1 -62.9672 643.384 -2.84523
2900 1508.74 -3825.67 644.236 -2.84484
2910 1561.76 -6451.97 645.015 -2.84447
2920 1530.25 -7583.27 645.675 -2.84422
2930 1631.64 -12690.2 646.187 -2.84413
2940 1605.66 -14127.3 646.472 -2.84434
2950 1382.68 -8662.4 646.514 -2.84469
2960 1443.15 -11416.1 646.389 -2.84488
2970 1648.26 -16580.3 646.061 -2.84501
2980 1717.93 -18581.8 645.445 -2.84563
2990 1652.74 -15040.9 644.52 -2.84677
3000 1674.74 -11219.8 643.343 -2.84825
3010 1592.39 -5177.36 641.993 -2.84989
3020 1379.93 5045.06 640.586 -2.85117
3030 1326.56 9253.34 639.288 -2.85173
3040 1485.84 6673.48 638.169 -2.85194
3050 1584.44 4868.94 637.196 -2.85213
3060 1575.73 1838.12 636.327 -2.85253
3070 1492.9 2172.99 635.516 -2.85305
3080 1375.38 5525.45 634.765 -2.85342
3090 1253.38 8983.25 634.128 -2.85341
3100 1172.7 10392 633.661 -2.85292
3110 1231.96 9555.44 633.383 -2.85195
3120 1415.53 3690.26 633.272 -2.85054
3130 1570.02 293.549 633.238 -2.84896
3140 1682.13 -2195.05 633.216 -2.84766
3150 1715.85 -4622.23 633.161 -2.84695
3160 1631.01 -3396.4 633.039 -2.84686
3170 1583.88 -2313.97 632.865 -2.84714
3180 1596.07 -2813.8 632.657 -2.84759
3190 1666.65 -2747.96 632.408 -2.84826
3200 1749.36 -355.552 632.127 -2.84932
3210 1729.35 45.7549 631.845 -2.8509
3220 1561.25 6407.45 631.586 -2.85271
3230 1369.68 11638.3 631.444 -2.85421
3240 1283.92 13279.3 631.507 -2.85518
3250 1235.13 13997.4 631.804 -2.85562
3260 1256.68 13701.2 632.342 -2.85559
3270 1291.33 13582.7 633.118 -2.85514
3280 1383.51 10262.3 634.119 -2.85439
3290 1462.13 7318.81 635.295 -2.85341
3300 1479.06 5835.41 636.592 -2.85242
3310 1456.57 5000.74 637.981 -2.85152
3320 1462.12 5130.22 639.451 -2.85068
3330 1565.59 1615.63 640.993 -2.84986
3340 1659.99 -2291.47 642.55 -2.84914
3350 1655.71 -4825.04 644.055 -2.8488
3360 1609.83 -7146.66 645.461 -2.84881
3370 1524.66 -8099.14 646.727 -2.84903
3380 1403.65 -5024.81 647.843 -2.84924
3390 1427.86 -3767.91 648.853 -2.8493
3400 1555.38 -3316.6 649.785 -2.84922
3410 1600.01 -3914.58 650.646 -2.84927
3420 1514.07 -2774.87 651.435 -2.8495
3430 1419.49 -4793.94 652.161 -2.84972
3440 1348.56 -6492.37 652.794 -2.8497
3450 1302.55 -5312.52 653.308 -2.84938
3460 1297.22 -4847.16 653.72 -2.84872
3470 1344.75 -6845.3 654.037 -2.84774
3480 1429.47 -12840.8 654.22 -2.84653
3490 1514.77 -16368.7 654.171 -2.84528
3500 1665.11 -18681.3 653.825 -2.84431
3510 1753.96 -19784.8 653.144 -2.84397
3520 1631.52 -16622.9 652.121 -2.8444
3530 1431.47 -13420.7 650.813 -2.8451
3540 1415.82 -14002.1 649.279 -2.84568
3550 1507.88 -13224.9 647.523 -2.84614
3560 1627.78 -12885.3 645.561 -2.84663
3570 1776.46 -15393.2 643.403 -2.84759
3580 1846.14 -16526.5 641.016 -2.84943
3590 1835.69 -15406 638.39 -2.85216
3600 1809.26 -15745.1 635.546 -2.85558
3610 1770.63 -13738.4 632.494 -2.85952
3620 1704.8 -9126.13 629.275 -2.86349
3630 1544.23 -1971.95 625.977 -2.86701
3640 1307.7 7914.75 622.726 -2.86918
3650 1297.16 11487.4 619.671 -2.87007
3660 1370.09 13221.3 616.875 -2.87033
3670 1375.19 17026 614.364 -2.87012
3680 1343.99 20470.8 612.189 -2.86948
3690 1391.81 20253.7 610.39 -2.86859
3700 1495.26 17585.3 608.955 -2.8677
3710 1538.62 18366.9 607.843 -2.86694
3720 1601.18 17459.5 607.048 -2.86645
3730 1648.37 14708.1 606.551 -2.86634
3740 1648.43 12592.8 606.305 -2.86669
3750 1649.88 10661.9 606.27 -2.86741
3760 1661.41 11063.1 606.416 -2.86849
3770 1617.46 13148.5 606.744 -2.86985
3780 1523.32 18133.1 607.288 -2.87137
3790 1335.36 24674.9 608.122 -2.8728
3800 1222.97 28489.9 609.341 -2.87396
3810 1336.76 25977.6 611 -2.87482
3820 1474.63 21589.9 613.06 -2.87537
3830 1456.38 18775.6 615.455 -2.87587
3840 1475.22 11931.5 618.129 -2.87622
3850 1584.02 4339.45 620.972 -2.87621
3860 1563.09 464.357 623.863 -2.8761
3870 1442.78 -925.624 626.733 -2.876
3880 1303.27 556.491 629.56 -2.87581
3890 1218.24 2493.13 632.365 -2.8754
3900 1265.13 -273.666 635.171 -2.87453
3910 1366.02 -993.243 637.944 -2.87314
3920 1411.71 -781.747 640.667 -2.87157
3930 1472.58 -1473.78 643.341 -2.86995
3940 1472.45 1430.74 645.962 -2.86848
3950 1515.23 898.199 648.571 -2.86727
3960 1592.04 -3562.11 651.157 -2.86607
3970 1547.93 -3426.26 653.654 -2.86509
3980 1387.58 -1909.77 656.056 -2.8644
3990 1254.26 -2132.23 658.388 -2.86367
4000 1195.87 -2498.97 660.651 -2.86259
4010 1298.1 -7297.64 662.827 -2.86101
4020 1444.71 -12479.1 664.833 -2.85885
4030 1519.72 -15242.9 666.576 -2.8566
4040 1516.86 -17899.3 668.002 -2.85458
4050 1476.26 -18082.6 669.066 -2.85292
4060 1438.49 -16577.7 669.767 -2.85156
4070 1389.15 -13275.4 670.143 -2.85036
4080 1374.57 -11709.8 670.254 -2.8492
4090 1380.5 -11647.6 670.137 -2.84798
4100 1351.82 -11017.5 669.802 -2.84673
4110 1277.39 -11231.7 669.262 -2.84543
4120 1253.65 -12610.7 668.517 -2.84401
4130 1337.52 -16985.1 667.541 -2.84242
4140 1502.83 -21785.3 666.261 -2.84081
4150 1636.69 -24063.6 664.597 -2.83956
4160 1655.15 -24459.5 662.515 -2.83907
4170 1552.51 -19736.1 660.028 -2.83924
4180 1482.33 -17291.9 657.225 -2.83962
4190 1516.86 -16834 654.164 -2.84012
4200 1580.82 -15597.9 650.87 -2.84072
4210 1622.87 -15314.9 647.372 -2.84161
4220 1534.68 -10620 643.694 -2.84267
4230 1346.01 -2378.4 639.929 -2.84329
4240 1289.51 2179.71 636.216 -2.84301
4250 1612.59 -2539.29 632.626 -2.84247
4260 1877.54 -5936.76 629.092 -2.84252
4270 1816.66 -3221.59 625.562 -2.8436
4280 1566.87 4764.38 622.086 -2.84481
4290 1624.86 5056.61 618.772 -2.84578
4300 1739.59 4192.56 615.632 -2.84711
4310 1624.72 13712.8 612.665 -2.84855
4320 1532.11 23027.3 610.003 -2.84937
4330 1683.1 21383 607.768 -2.85016
4340 1733.36 22321.1 605.942 -2.8515
4350 1655.75 27299.3 604.527 -2.85316
4360 1582.45 27131.4 603.574 -2.85498
4370 1461.27 29590.6 603.082 -2.85676
4380 1441.93 31906.9 603.074 -2.85837
4390 1576.44 27736.6 603.564 -2.86
4400 1742.79 20846.6 604.487 -2.86195
4410 1661.81 16764.6 605.732 -2.8643
4420 1460.83 16260.5 607.233 -2.86659
4430 1457.71 12312.7 608.966 -2.86853
4440 1467.58 11510.2 610.879 -2.87011
4450 1460.51 10494.5 612.949 -2.87146
4460 1480.69 10634.3 615.162 -2.87263
4470 1502.23 11471.7 617.518 -2.87372
4480 1521.56 9620.96 620.027 -2.87477
4490 1502.05 7444.03 622.659 -2.87569
4500 1472.37 6422.83 625.38 -2.87648
4510 1464.93 4404.45 628.17 -2.8771
4520 1485.42 -68.0622 630.99 -2.87741
4530 1504.73 -3379.52 633.767 -2.87745
4540 1507.94 -4851.6 636.448 -2.87736
4550 1499.32 -6270.19 639.002 -2.87721
4560 1498.06 -7973.65 641.404 -2.87699
4570 1547.75 -9317.88 643.627 -2.87673
4580 1573.32 -10219.3 645.649 -2.87655
4590 1576.87 -11540.8 647.453 -2.87652
4600 1564.96 -12145.8 649.02 -2.87666
4610 1490.57 -12126.6 650.341 -2.87689
4620 1418.8 -12068 651.419 -2.87707
4630 1423.95 -12715.4 652.259 -2.87707
4640 1456.38 -12287.5 652.853 -2.87694
4650 1463.72 -12060.7 653.212 -2.87678
4660 1330.85 -8694.2 653.353 -2.87656
4670 1169.38 -4704.71 653.335 -2.87607
4680 1137.45 -4156.14 653.229 -2.87515
4690 1177.5 -3069.42 653.054 -2.87369
4700 1323.86 -4511.8 652.826 -2.87174
4710 1446.74 -7418.3 652.522 -2.86951
4720 1477.24 -8759.04 652.094 -2.86737
4730 1435.91 -8461.07 651.523 -2.86551
4740 1414.35 -7125.66 650.814 -2.86385
4750 1459.52 -6395.92 649.993 -2.86226
4760 1507.33 -4981.94 649.079 -2.86076
4770 1516.3 -3659.99 648.099 -2.85945
4780 1491.78 -1343.98 647.08 -2.85834
4790 1439.01 1759.36 646.066 -2.85733
4800 1426.26 201.991 645.102 -2.85634
4810 1446.62 -1846.51 644.167 -2.85537
4820 1440.63 -528.893 643.229 -2.85441
4830 1407.35 261.999 642.305 -2.85342
4840 1438.66 886.193 641.411 -2.85238
4850 1558.53 227.471 640.553 -2.85133
4860 1666.34 -2233.83 639.719 -2.8505
4870 1708.14 -3386.69 638.873 -2.85022
4880 1678.8 -3007.2 637.992 -2.8505
4890 1637.68 -3877.52 637.079 -2.8512
4900 1639.59 -3209.55 636.126 -2.8522
4910 1606.09 -1830.74 635.141 -2.85339
4920 1531.89 191.309 634.151 -2.85458
4930 1528.74 1682.65 633.191 -2.85566
4940 1568.65 2230.26 632.283 -2.85665
4950 1628.84 2541.89 631.437 -2.85771
4960 1650.99 3162.04 630.657 -2.85898
4970 1573.02 8961.14 629.963 -2.86034
4980 1537.27 10503.9 629.435 -2.86161
4990 1576.43 9714.78 629.101 -2.86289
5000 1507.2 13005.1 628.952 -2.86412
5010 1473.48 15387.9 629.033 -2.86525
5020 1397.35 16915.6 629.381 -2.8662
5030 1331.66 17047.2 630.019 -2.86689
5040 1348.14 13988.7 630.94 -2.86724
5050 1382.73 11912.6 632.095 -2.86729
5060 1312.3 13169.4 633.449 -2.86712
5070 1233.95 14099.1 635.016 -2.86679
5080 1251.55 11865.9 636.807 -2.86612
5090 1373.53 6587.75 638.78 -2.86497
5100 1519.03 850.109 640.846 -2.86341
5110 1622.72 -6132.73 642.899 -2.86174
5120 1648.14 -10278.9 644.822 -2.8603
5130 1639.77 -15356.9 646.533 -2.85929
5140 1605.97 -17339.6 647.95 -2.85866
5150 1573.93 -18841.4 649.033 -2.85841
5160 1483.55 -15919.3 649.766 -2.8584
5170 1413.78 -11331.9 650.203 -2.85846
5180 1421.62 -6596.29 650.429 -2.8584
5190 1429.67 -3218.37 650.534 -2.85819
5200 1416.13 -1412.82 650.58 -2.85786
5210 1439.56 -1261.64 650.603 -2.85739
5220 1523.6 -3487.87 650.603 -2.85687
5230 1505.78 -2969.93 650.55 -2.85642
5240 1380.97 -2367.07 650.448 -2.85604
5250 1238.11 -1774.04 650.309 -2.85551
5260 1167.45 350.442 650.149 -2.85459
5270 1373.35 -5431.71 649.988 -2.85319
5280 1641.09 -11134.9 649.737 -2.8515
5290 1766.78 -14835.9 649.294 -2.85024
5300 1723.74 -15638.1 648.598 -2.84991
5310 1578.92 -12064 647.642 -2.85026
5320 1444.53 -7257.6 646.493 -2.85074
5330 1388.66 -4951.74 645.235 -2.85098
5340 1450.27 -6005.62 643.911 -2.85099
5350 1567.01 -7838.71 642.507 -2.85098
5360 1607.28 -6880.15 641.001 -2.85113
5370 1583.22 -6744.92 639.405 -2.85155
5380 1528.78 -4789.68 637.73 -2.85209
5390 1541.38 -3708.24 636.007 -2.85262
5400 1549.42 -3397.75 634.256 -2.85319
5410 1504.88 1464.93 632.494 -2.85372
5420 1382.2 7085.9 630.798 -2.85395
5430 1377 10479.3 629.26 -2.85375
5440 1551.71 10631.7 627.932 -2.85333
5450 1683.36 9868.87 626.815 -2.85308
5460 1686.8 11271.8 625.898 -2.85332
5470 1612.9 14149.2 625.197 -2.85397
5480 1491.02 20198.9 624.76 -2.85476
5490 1457.4 24246.1 624.676 -2.85547
5500 1576.4 21332.3 625.001 -2.85625
5510 1590.64 19702.7 625.691 -2.85724
5520 1550.97 19378.3 626.715 -2.85844
5530 1628.22 14147.2 628.052 -2.85977
5540 1711.24 8796.55 629.618 -2.86128
5550 1682.75 6017.19 631.325 -2.86306
5560 1573.78 3943.37 633.119 -2.86495
5570 1427.26 3068.92 634.964 -2.86661
5580 1266.92 3255.65 636.844 -2.86776
5590 1128.51 4623.79 638.763 -2.86827
5600 1199.87 -527.351 640.731 -2.86805
5610 1430.76 -7504.64 642.665 -2.867
5620 1596.67 -12542.8 644.443 -2.86559
5630 1632.09 -15259 645.978 -2.86439
5640 1618.13 -18172.6 647.219 -2.86364
5650 1622.89 -19874.4 648.117 -2.8633
5660 1618.01 -18016.5 648.649 -2.86341
5670 1541.69 -14880.6 648.851 -2.86388
5680 1380.98 -9864.71 648.787 -2.86439
5690 1288.37 -6959.93 648.544 -2.86457
5700 1371.29 -9255.82 648.175 -2.86437
5710 1419.31 -9504.27 647.651 -2.86394
5720 1353.71 -6772.59 646.974 -2.86337
5730 1292.95 -6186.42 646.186 -2.86263
5740 1286.75 -4470.63 645.307 -2.86161
5750 1381.9 -3547.24 644.367 -2.86027
5760 1530.07 -4421.88 643.381 -2.85877
5770 1565.32 482.147 642.349 -2.85739
5780 1504.11 7601.61 641.353 -2.85622
5790 1473.43 10047.4 640.51 -2.85519
5800 1501.77 9216.75 639.861 -2.85425
5810 1562.81 6825.32 639.391 -2.85347
5820 1592.79 3771.81 639.054 -2.85295
5830 1551.7 4212.03 638.802 -2.85273
5840 1450.34 8590.4 638.641 -2.85263
5850 1405.15 9406.6 638.633 -2.85248
5860 1365.62 12459.4 638.803 -2.85219
5870 1358.6 13430 639.193 -2.85173
5880 1487.7 8086.67 639.811 -2.85109
5890 1610.03 3796.95 640.572 -2.85041
5900 1600.69 3305.34 641.401 -2.85001
5910 1501.37 3085.08 642.283 -2.8499
5920 1455.91 1525.55 643.211 -2.84984
5930 1457.23 107.586 644.159 -2.84967
5940 1484.25 -976.02 645.101 -2.84942
5950 1494.53 -2253.63 646.016 -2.84913
5960 1430.85 115.18 646.888 -2.84885
5970 1394.26 2250.57 647.756 -2.84852
5980 1475.26 -940.911 648.648 -2.84803
5990 1553.91 -4774.84 649.515 -2.84745
6000 1509.84 -5597.39 650.293 -2.84699
6010 1483.23 -6966.26 650.96 -2.84662
6020 1514.62 -8080.7 651.495 -2.84628
6030 1536.74 -8700.61 651.879 -2.84601
6040 1479.9 -7851.37 652.104 -2.84586
6050 1366.26 -5060.38 652.19 -2.84568
6060 1323.72 -3753.35 652.183 -2.8453
6070 1368.48 -6232.94 652.105 -2.84463
6080 1362.07 -6170.38 651.925 -2.84374
6090 1394.48 -8563.31 651.632 -2.84272
6100 1471.14 -10183.9 651.192 -2.84162
6110 1504.57 -7575.65 650.584 -2.84059
6120 1490.68 -3703.43 649.856 -2.83967
6130 1477.8 -1850.45 649.072 -2.83883
6140 1492.26 -1582.81 648.271 -2.83805
6150 1489.44 -2366.12 647.458 -2.83736
6160 1440.19 -1276.42 646.625 -2.83674
6170 1405.14 -1491.49 645.785 -2.83607
6180 1447 -5044.82 644.931 -2.83536
6190 1474.01 -4400.83 644.014 -2.83464
6200 1420.74 -1172.58 643.041 -2.83391
6210 1323.24 -219.707 642.065 -2.83311
6220 1248.54 1040.35 641.107 -2.83209
6230 1302.99 3897.62 640.192 -2.83072
6240 1458.44 3313.65 639.36 -2.82901
6250 1626.11 2643.4 638.606 -2.8273
6260 1663.41 4465.73 637.921 -2.82598
6270 1621.05 9070.77 637.337 -2.82522
6280 1563.91 13912.4 636.928 -2.82484
6290 1563.94 14786.9 636.771 -2.82474
6300 1519.06 17753.2 636.887 -2.82486
6310 1474.05 18204.1 637.318 -2.82512
6320 1476.56 14642.5 638.063 -2.82541
6330 1442.67 12336.7 639.065 -2.82566
6340 1447.97 8027.66 640.277 -2.82576
6350 1595.2 -63.5859 641.614 -2.82567
6360 1676.14 -3422.38 642.947 -2.82566
6370 1644.52 -4111.62 644.211 -2.82601
6380 1605.72 -4131.27 645.39 -2.82665
6390 1672.62 -5423.68 646.482 -2.82751
6400 1787.81 -5510.88 647.47 -2.82876
6410 1832.92 -6685.38 648.348 -2.83069
6420 1742.97 -7820.59 649.098 -2.83319
6430 1615.55 -6157.02 649.707 -2.83581
6440 1623.38 -8432.01 650.192 -2.83831
6450 1717.9 -12648 650.518 -2.84089
6460 1700.06 -13940.5 650.616 -2.84375
6470 1510.77 -9622.55 650.472 -2.84651
6480 1400.21 -5717.11 650.158 -2.8487
6490 1370.64 -5033.04 649.743 -2.85029
6500 1362.5 -4143.27 649.248 -2.85138
6510 1305.92 -3249.35 648.689 -2.852
6520 1195.89 1466.14 648.093 -2.85209
6530 1165.86 2097.25 647.53 -2.85159
6540 1276.12 -905.967 647.012 -2.85056
6550 1420.59 -2237.77 646.494 -2.84913
6560 1548.92 -2519.62 645.95 -2.84762
6570 1580.94 -1689.57 645.377 -2.84634
6580 1465.76 1448.98 644.792 -2.84538
6590 1406.1 1762.4 644.243 -2.84453
6600 1478.65 -2621.86 643.732 -2.84364
6610 1563.43 -8021.51 643.186 -2.84285
6620 1548.45 -10072.3 642.515 -2.84234
6630 1434.36 -9549.94 641.684 -2.84205
6640 1354.66 -8633.85 640.7 -2.84173
6650 1370.07 -6887.56 639.585 -2.8412
6660 1422.79 -3830.81 638.373 -2.84044
6670 1393.83 1948.42 637.123 -2.8395
6680 1430.97 4487.63 635.928 -2.83833
6690 1716.73 -922.277 634.825 -2.83721
6700 1896.58 -3491.77 633.735 -2.83675
6710 1853.29 -1972.2 632.615 -2.83741
6720 1689.11 1300.94 631.488 -2.83884
6730 1486.67 7333.08 630.414 -2.84031
6740 1351.64 12509.3 629.487 -2.84131
6750 1356.09 13375.1 628.79 -2.84181
6760 1509.79 9823.28 628.333 -2.84205
6770 1672.35 4473.51 628.055 -2.84238
6780 1748.22 2660.79 627.869 -2.84316
6790 1742.4 3199.54 627.741 -2.8445
6800 1656.68 4968.59 627.678 -2.84624
6810 1542.39 4348.56 627.704 -2.84805
6820 1416.23 4751.24 627.811 -2.84958
6830 1392.9 2881.22 628 -2.85066
6840 1500.43 -3189.47 628.234 -2.85145
6850 1475.6 -2721.03 628.427 -2.85208
6860 1332.62 3061.96 628.582 -2.85252
6870 1272.13 5897 628.788 -2.85257
6880 1366.77 3625.19 629.09 -2.85221
6890 1453.06 3473.23 629.459 -2.85157
6900 1540.45 1959.24 629.886 -2.85087
6910 1672.18 -3293.31 630.339 -2.85034
6920 1597.38 -1796.48 630.748 -2.85021
6930 1442.51 3056.08 631.13 -2.85031
6940 1514.06 1632.78 631.554 -2.8504
6950 1510.08 1880.41 632.01 -2.85045
6960 1459.72 2231.53 632.498 -2.85052
6970 1437.72 609.672 633.02 -2.85049
6980 1450.6 -223.704 633.553 -2.85032
6990 1526.15 -2116.46 634.078 -2.85006
7000 1588.65 -3608.75 634.564 -2.84987
7010 1589.67 -1138.26 634.993 -2.8499
7020 1560.34 2758.07 635.404 -2.85015
7030 1684.15 2036.34 635.856 -2.85061
7040 1817.03 -375.081 636.341 -2.85155
7050 1793.78 2232.5 636.828 -2.85321
7060 1683.64 6111.39 637.357 -2.85539
7070 1593.19 6510.32 637.985 -2.8577
7080 1479.91 6903.82 638.729 -2.85981
7090 1433 5006.42 639.588 -2.86151
7100 1472.92 1740.57 640.527 -2.86282
7110 1595.16 -1867.85 641.491 -2.86391
7120 1729.28 -4873.73 642.415 -2.86514
7130 1730.6 -5352 643.249 -2.8668
7140 1575.57 -1224.76 643.99 -2.8687
7150 1493.65 2617.05 644.704 -2.87048
7160 1507.59 2925.37 645.456 -2.87203
7170 1460.37 2009.74 646.255 -2.87336
7180 1237.24 4920.74 647.093 -2.8743
7190 1118.56 4882.8 648.008 -2.87459
7200 1171.07 1026.98 648.999 -2.87417
7210 1247.27 -2936.23 650.001 -2.87311
7220 1291.56 -6852.54 650.941 -2.87156
7230 1332.01 -10932.3 651.746 -2.8697
7240 1383.58 -15593.5 652.342 -2.86768
7250 1442.07 -17770.4 652.65 -2.86565
7260 1513 -18512.3 652.631 -2.86379
7270 1580.27 -19347 652.274 -2.8623
7280 1531.69 -16417.2 651.578 -2.86126
7290 1529.79 -15625 650.59 -2.8606
7300 1526.6 -15210.8 649.336 -2.86021
7310 1485.37 -13587.6 647.832 -2.86
7320 1545.5 -14619.3 646.106 -2.85994
7330 1689.43 -13999.2 644.154 -2.86013
7340 1832.61 -14262.6 641.988 -2.86092
7350 1811.61 -12193.8 639.617 -2.86261
7360 1586.39 -3429.03 637.089 -2.86464
7370 1309.39 8351.87 634.56 -2.86582
7380 1335.8 13807.2 632.22 -2.86605
7390 1423.63 15666.5 630.162 -2.86578
7400 1456.65 16742.3 628.417 -2.86532
7410 1487.84 16122.6 626.995 -2.86487
7420 1508.53 14991.7 625.877 -2.86451
7430 1486.87 14744.3 625.041 -2.86425
7440 1449.6 13508.4 624.474 -2.86404
7450 1471.39 8821.36 624.145 -2.86383
7460 1532.03 4018.21 623.974 -2.86364
7470 1514.53 3656.05 623.888 -2.86352
7480 1534.76 2094.06 623.869 -2.86348
7490 1589.3 -2305.5 623.885 -2.86352
7500 1709.99 -5797.76 623.871 -2.86384
7510 1757.8 -6807.34 623.768 -2.86467
7520 1734.92 -6826.17 623.559 -2.8661
7530 1651.26 -5830.73 623.245 -2.8679
7540 1589.14 -2294.2 622.847 -2.86976
7550 1625.65 -40.7734 622.421 -2.87161
7560 1632.78 2693.84 622.008 -2.87352
7570 1573.68 4671.86 621.651 -2.87541
7580 1537.21 3683.75 621.379 -2.87719
7590 1510.47 3154.13 621.181 -2.87876
7600 1543.08 3304.93 621.045 -2.88018
7610 1555.86 4116.31 620.972 -2.88153
7620 1426.4 6753.99 620.978 -2.88275
7630 1271.94 10981.9 621.106 -2.88354
7640 1289.69 10330.4 621.413 -2.88383
7650 1387 6701.9 621.89 -2.88369
7660 1469.2 4488.67 622.481 -2.8833
7670 1481.7 2416.24 623.144 -2.88285
7680 1438.31 451.97 623.844 -2.8824
7690 1353.2 1145.27 624.552 -2.88187
7700 1298.57 4678.21 625.278 -2.88118
7710 1344.11 7006.28 626.078 -2.88026
7720 1437.87 7171.98 626.988 -2.87914
7730 1464.38 7661.45 628.013 -2.878
7740 1385.58 11559.5 629.169 -2.87702
7750 1298.35 13602.1 630.511 -2.87615
7760 1290.81 13092.7 632.074 -2.87517
7770 1477.76 5402.56 633.838 -2.87384
7780 1740.79 -4327.49 635.678 -2.87216
7790 1844.19 -10294.8 637.431 -2.87089
7800 1723.34 -12534.9 638.992 -2.87052
7810 1522.9 -12796.6 640.318 -2.87073
7820 1390.48 -12580.4 641.406 -2.87095
7830 1375.5 -14008 642.255 -2.87092
7840 1444.81 -16003.1 642.844 -2.87066
7850 1523.43 -16379 643.145 -2.87036
7860 1560.03 -16162.8 643.154 -2.87022
7870 1549.34 -15330.4 642.877 -2.87032
7880 1526.78 -14407.2 642.336 -2.87058
7890 1627.48 -17300.6 641.543 -2.87103
7900 1739.24 -17409.1 640.465 -2.87195
7910 1731.4 -13883.9 639.107 -2.87345
7920 1582.92 -11696 637.529 -2.87528
7930 1375.6 -7401.07 635.781 -2.87691
7940 1243.02 -1425.69 633.944 -2.87779
7950 1275.28 127.735 632.112 -2.87796
7960 1382.32 525.564 630.319 -2.87763
7970 1485.43 -2456.95 628.567 -2.8771
7980 1555.15 -3277.94 626.814 -2.87665
7990 1633.9 -2628.4 625.044 -2.87639
8000 1695.27 -1508.15 623.269 -2.87651
8010 1626.79 4802.95 621.514 -2.87695
8020 1443.58 14629.9 619.884 -2.87731
8030 1329.12 20286.9 618.526 -2.87722
8040 1428 19850 617.526 -2.87688
8050 1461.33 18722.5 616.877 -2.87648
8060 1393.11 19490.2 616.556 -2.87612
8070 1383.17 18077.6 616.565 -2.87571
8080 1455.17 14167.6 616.874 -2.8752
8090 1535.96 12294.8 617.422 -2.87469
8100 1632.63 9423.42 618.169 -2.87436
8110 1626.12 9115.73 619.074 -2.87437
8120 1607.1 8838.01 620.123 -2.87475
8130 1596.27 8976.23 621.312 -2.8754
8140 1580.38 7477.99 622.638 -2.87625
8150 1460.06 8702.79 624.085 -2.87714
8160 1411.11 7849.11 625.662 -2.87789
8170 1429.73 2807.28 627.349 -2.8783
8180 1358.74 1088.54 629.076 -2.87838
8190 1284.96 -1912.06 630.8 -2.8781
8200 1287 -4789.23 632.474 -2.87735
8210 1351.62 -5576.22 634.05 -2.8762
8220 1433.67 -5935.94 635.512 -2.87482
8230 1501.4 -6553.71 636.855 -2.87341
8240 1475.79 -7686.28 638.068 -2.87211
8250 1320.38 -5531.42 639.139 -2.87095
8260 1273.63 -3212.06 640.102 -2.86973
8270 1554.95 -7884.54 640.985 -2.86819
8280 1664.04 -8342.21 641.729 -2.86666
8290 1609.51 -5968.45 642.322 -2.86573
8300 1536.64 -5040.42 642.802 -2.86525
8310 1434.02 -1176.43 643.196 -2.86494
8320 1372.18 2632.73 643.567 -2.8646
8330 1377.38 4885.75 643.983 -2.86406
8340 1491.31 3241.44 644.48 -2.86336
8350 1624.62 -2106.43 645.028 -2.86265
8360 1675.6 -7960.19 645.535 -2.86224
8370 1577.41 -11359.7 645.901 -2.86226
8380 1456.68 -13379 646.062 -2.86246
8390 1428.27 -14901.4 645.984 -2.86262
8400 1462.43 -15883.4 645.642 -2.86268
8410 1512.13 -15160.5 645.026 -2.86276
8420 1480.6 -11363.9 644.156 -2.86289
8430 1390.67 -5895.77 643.105 -2.86293
8440 1378.98 -3169.75 641.965 -2.86269
8450 1474.88 -3569.89 640.789 -2.86222
8460 1608.08 -4798.78 639.573 -2.86177
8470 1657.59 -4369.53 638.302 -2.86162
8480 1642.7 -3529.47 636.982 -2.86188
8490 1592.12 -914.229 635.632 -2.86241
8500 1577.1 854.434 634.294 -2.86306
8510 1551.49 5236.69 633.005 -2.86372
8520 1513.57 9798.5 631.835 -2.86429
8530 1526.3 11270.1 630.856 -2.86476
8540 1578.22 10872.2 630.091 -2.86529
8550 1483.83 12841.7 629.536 -2.86591
8560 1243.59 17300.5 629.22 -2.8663
8570 1200.66 19959.8 629.211 -2.86622
8580 1469.63 13192 629.535 -2.86572
8590 1700.21 5094.56 630.086 -2.86511
8600 1711.32 -450.788 630.727 -2.86495
8610 1598.24 -4259.66 631.36 -2.86526
8620 1483.05 -6083.2 631.918 -2.86572
8630 1419.5 -5748.14 632.371 -2.86605
8640 1499.08 -8460.8 632.718 -2.8662
8650 1671.98 -13318.9 632.914 -2.86639
8660 1678.51 -11137 632.892 -2.867
8670 1456.07 -1123.38 632.694 -2.86787
8680 1217.95 9361.43 632.487 -2.8684
8690 1173.31 13643.3 632.44 -2.86831
8700 1328.35 11727 632.625 -2.8677
8710 1504.09 10143.9 633.019 -2.86677
8720 1595.65 8464.05 633.591 -2.8659
8730 1604.01 3812.91 634.303 -2.86533
8740 1510.16 1400.64 635.081 -2.86505
8750 1424.1 1213.56 635.884 -2.86482
8760 1514.72 -4094.82 636.692 -2.86448
8770 1680.42 -9076.64 637.424 -2.86413
8780 1769.78 -12091.7 637.994 -2.86425
8790 1711.08 -12954.1 638.351 -2.86504
8800 1571.62 -11164.3 638.483 -2.86624
8810 1405.91 -7284.87 638.424 -2.86739
8820 1253.66 -278.02 638.248 -2.86806
8830 1293.04 418.313 638.064 -2.86818
8840 1397.3 -2381.96 637.889 -2.86788
8850 1348.11 -516.803 637.688 -2.86734
8860 1284.93 375.015 637.483 -2.86658
8870 1380.08 -1618.83 637.289 -2.86553
8880 1482.09 -4223.3 637.073 -2.86428
8890 1418.61 -1208.38 636.8 -2.86309
8900 1387.87 1223.15 636.515 -2.86193
8910 1532.16 -3843.88 636.247 -2.8607
8920 1630.19 -6346.21 635.927 -2.85963
8930 1610.1 -6518.22 635.509 -2.85899
8940 1540.61 -5187.1 634.991 -2.85873
8950 1461.69 -2414.15 634.398 -2.8586
8960 1442.96 -1085.96 633.775 -2.8584
8970 1477.21 -1190.64 633.145 -2.85811
8980 1524.78 648.842 632.514 -2.85779
8990 1586.26 1314.01 631.907 -2.85755
9000 1629.29 1080.4 631.338 -2.85754
9010 1666.09 -747.095 630.799 -2.85789
9020 1620.3 1666.57 630.268 -2.85859
9030 1470.82 6996.45 629.784 -2.85938
9040 1278.89 11375.7 629.432 -2.85989
9050 1125.1 15886 629.286 -2.85988
9060 1124.27 15903.5 629.415 -2.85931
9070 1351.29 9377.85 629.81 -2.85816
9080 1622.67 3344.25 630.369 -2.85659
9090 1846.06 -4158.36 630.981 -2.85528
9100 1992.41 -10738.7 631.521 -2.85496
9110 2000.31 -11794 631.882 -2.85614
9120 1905.57 -7469.96 632.048 -2.85864
9130 1806.75 -4578.43 632.086 -2.86187
9140 1720.54 -1725.28 632.051 -2.86535
9150 1647.12 118.578 631.991 -2.86878
9160 1547 406.965 631.937 -2.87192
9170 1421.48 1638.67 631.9 -2.87448
9180 1368.02 -771.789 631.89 -2.87638
9190 1374.61 -4224.84 631.871 -2.87769
9200 1437.41 -8492.87 631.782 -2.8786
9210 1486.67 -10477 631.557 -2.87929
9220 1518.17 -10436.6 631.16 -2.87992
9230 1522.87 -6249.83 630.601 -2.88052
9240 1490.66 99.1341 629.95 -2.88103
9250 1500.71 3805.59 629.312 -2.8814
9260 1517.41 4377.14 628.752 -2.8817
9270 1504.67 3067.7 628.278 -2.882
9280 1485.37 -779.54 627.865 -2.88226
9290 1541.69 -5940.83 627.448 -2.88255
9300 1555.89 -8586.25 626.945 -2.88292
9310 1505.05 -10347.1 626.309 -2.88342
9320 1421.55 -7426.89 625.519 -2.88387
9330 1365.51 -3167.18 624.621 -2.88405
9340 1340.13 600.894 623.689 -2.88389
9350 1298.48 5865.59 622.789 -2.88332
9360 1359.06 7384.12 622.001 -2.88238
9370 1494.91 3074.06 621.345 -2.88125
9380 1497.58 3223.29 620.764 -2.88019
9390 1419.75 6041.47 620.255 -2.87925
9400 1459.43 6535.1 619.855 -2.87831
9410 1611.26 4528.57 619.574 -2.8774
9420 1636.85 2732.98 619.377 -2.87681
9430 1530.1 6428.33 619.244 -2.8766
9440 1479.42 7315.18 619.221 -2.87653
9450 1512.95 5017.98 619.321 -2.87646
9460 1561.92 4703.26 619.512 -2.87645
9470 1573.26 5359.62 619.786 -2.87658
9480 1597.66 4953.77 620.15 -2.8769
9490 1578.1 4231.08 620.597 -2.87742
9500 1502.18 5465.16 621.118 -2.87803
9510 1438.97 6910.45 621.73 -2.87858
9520 1432.8 8685.38 622.456 -2.87897
9530 1483.56 9550.5 623.324 -2.87924
9540 1557.39 7351.3 624.342 -2.87949
9550 1545.11 6449 625.481 -2.87983
9560 1405.11 6265.73 626.722 -2.8802
9570 1304.03 5635.41 628.059 -2.88034
9580 1356.26 1009.21 629.477 -2.88007
9590 1518.39 -6509.07 630.895 -2.87934
9600 1639.01 -10654.7 632.193 -2.87854
9610 1634.13 -12312.6 633.299 -2.87808
9620 1588.6 -12657.2 634.184 -2.87802
9630 1597.46 -13245.4 634.84 -2.87821
9640 1638.59 -15175 635.257 -2.87868
9650 1570.34 -13091.7 635.415 -2.87945
9660 1390.93 -7609.65 635.352 -2.88024
9670 1215.91 -886.747 635.162 -2.88063
9680 1170.51 4884.45 634.963 -2.88042
9690 1222.9 7962.21 634.853 -2.87963
9700 1296.18 9371.38 634.887 -2.87839
9710 1396 6801.4 635.083 -2.87686
9720 1513.15 2439.95 635.399 -2.8752
9730 1648.29 -4277.66 635.755 -2.87366
9740 1721.65 -9299.74 636.039 -2.87258
9750 1709.31 -9546 636.169 -2.8722
9760 1620.72 -6319.57 636.141 -2.87242
9770 1486.29 -2366.62 636.007 -2.8729
9780 1322.01 3305.84 635.843 -2.87319
9790 1311.82 4810.84 635.738 -2.87311
9800 1433.08 4876.08 635.722 -2.87267
9810 1541.18 4732.06 635.797 -2.87211
9820 1579.37 5282.07 635.961 -2.87169
9830 1522.79 6508.83 636.223 -2.87152
9840 1420.33 6869.98 636.6 -2.87144
9850 1332.04 7905.6 637.1 -2.87125
9860 1334 8735.27 637.739 -2.8708
9870 1413.01 5855.32 638.521 -2.8701
9880 1443.48 2770.63 639.404 -2.86921
9890 1450.44 -1083.9 640.329 -2.86826
9900 1527.8 -6951.3 641.225 -2.86725
9910 1623.49 -12308.7 641.991 -2.86631
9920 1680.82 -15347.1 642.535 -2.86574
9930 1688.09 -16109.7 642.805 -2.86575
9940 1669.26 -16230.2 642.789 -2.86631
9950 1610.35 -15485.7 642.488 -2.8673
9960 1497.72 -14892.8 641.919 -2.86846
9970 1304.91 -9279.03 641.106 -2.86939
9980 1210.05 -3697.76 640.143 -2.86969
9990 1415.17 -5811.11 639.122 -2.86946
10000 1582.76 -7695.23 638.022 -2.86907
