# Time-averaged data for fix 2
# TimeStep c_mytemp c_mypress v_vmyvol v_avgEtotal
10 1403.39 91514.7 512.085 -3.05027
20 1439.34 91431.4 511.978 -3.05021
30 1589.97 88571.4 511.765 -3.05024
40 1653.3 86105.2 511.417 -3.05068
50 1438.15 91348.8 510.916 -3.05131
60 1194.21 96507.5 510.32 -3.05146
70 1112.24 101036 509.697 -3.05092
80 1120.36 102700 509.099 -3.04983
90 1117.9 103264 508.55 -3.04838
100 1068.62 104153 508.057 -3.04662
110 1252.31 101896 507.625 -3.0446
120 1451.53 101182 507.231 -3.04242
130 1457.66 102354 506.866 -3.04059
140 1403 104655 506.545 -3.03926
150 1519.76 102497 506.286 -3.03835
160 1713.75 101394 506.069 -3.03807
170 1680.79 103923 505.883 -3.03882
180 1400.64 108107 505.757 -3.04019
190 1214.66 107690 505.733 -3.04148
200 1218.74 105626 505.806 -3.04247
210 1235.28 104949 505.954 -3.04324
220 1160.91 103177 506.162 -3.04379
230 1062.61 103955 506.412 -3.04402
240 1097.23 103414 506.71 -3.04389
250 1269.65 101412 507.047 -3.0434
260 1428.38 99513.9 507.399 -3.04274
270 1446.44 99911.3 507.747 -3.04234
280 1314.32 101754 508.093 -3.0423
290 1206.55 104886 508.462 -3.04241
300 1312.6 103087 508.884 -3.04248
310 1556.43 97316.9 509.338 -3.04255
320 1710.43 90916.3 509.754 -3.04307
330 1583.64 89878.2 510.06 -3.04432
340 1238.18 96050.2 510.249 -3.04568
350 1035.64 100157 510.385 -3.04646
360 1142.46 98880.1 510.519 -3.04661
370 1409.12 92603.1 510.633 -3.04633
380 1543.18 92559.9 510.665 -3.04599
390 1512.52 94216.9 510.609 -3.04598
400 1414.25 97683.2 510.489 -3.04624
410 1347.28 97855.6 510.342 -3.04651
420 1295.94 97772.7 510.175 -3.04665
430 1266.37 98890.4 509.988 -3.04655
440 1311.37 98347.8 509.793 -3.04624
450 1389.18 97408.8 509.585 -3.04582
460 1412.49 96736.6 509.352 -3.04544
470 1366.53 97868.6 509.09 -3.04511
480 1386.19 95726.8 508.807 -3.0448
490 1385.14 96680.1 508.482 -3.04447
500 1262.63 102437 508.132 -3.04404
510 1238.28 104499 507.818 -3.04346
520 1352.21 105193 507.568 -3.04279
530 1428.2 104287 507.39 -3.04227
540 1350.62 103963 507.274 -3.04204
550 1238.19 104085 507.214 -3.04191
560 1257.62 102814 507.208 -3.04168
570 1451.72 98680 507.238 -3.04139
580 1567.76 97194 507.259 -3.04134
590 1481.4 98783.3 507.253 -3.04174
600 1313.19 102774 507.24 -3.04232
610 1292.5 100297 507.258 -3.04282
620 1359.94 99167.7 507.286 -3.04317
630 1366.99 101461 507.311 -3.04351
640 1236.98 103637 507.358 -3.04383
650 1116.08 104855 507.453 -3.04397
660 1132.02 104416 507.608 -3.04382
670 1260.16 103291 507.82 -3.04341
680 1348.26 100261 508.07 -3.04289
690 1313.41 99880.7 508.328 -3.04246
700 1260.23 101806 508.587 -3.04209
710 1364.42 98355.9 508.863 -3.04173
720 1479.95 94698.2 509.119 -3.04139
730 1544.66 93145.6 509.311 -3.04131
740 1507.39 93852.6 509.422 -3.04161
750 1407.73 95090.3 509.458 -3.04214
760 1382.38 98222.5 509.44 -3.04263
770 1497.79 94163.5 509.395 -3.04317
780 1483.98 98350.3 509.296 -3.04385
790 1481.87 99295.7 509.175 -3.04471
800 1499.08 97889.5 509.05 -3.0458
810 1390.48 98158.3 508.907 -3.04695
820 1244.31 100583 508.752 -3.04786
830 1176.61 102496 508.608 -3.04832
840 1213.05 103034 508.501 -3.04842
850 1252.29 102419 508.437 -3.04828
860 1183.01 99842.2 508.405 -3.04797
870 1101.45 99222.3 508.379 -3.04738
880 1225.64 97082.2 508.345 -3.04641
890 1468.14 94144.3 508.278 -3.04512
900 1590.08 95012.4 508.148 -3.04401
910 1585.4 96966.7 507.964 -3.0435
920 1506.33 99265.1 507.749 -3.04356
930 1414.22 102816 507.537 -3.04389
940 1452.92 100824 507.361 -3.04439
950 1508.72 99181.3 507.203 -3.04512
960 1416.82 102399 507.048 -3.04608
970 1159.7 106409 506.93 -3.04689
980 953.375 109130 506.897 -3.04723
990 1034.61 107370 506.976 -3.0471
1000 1279.15 102482 507.144 -3.04656
1010 1380.93 101911 507.351 -3.04587
1020 1355.27 101450 507.583 -3.0454
1030 1331.87 101546 507.836 -3.04513
1040 1419.01 100363 508.106 -3.04499
1050 1500.12 96615.1 508.379 -3.04506
1060 1448.47 94332.7 508.611 -3.04543
1070 1344.73 97718.5 508.781 -3.04592
1080 1336.33 97415.9 508.92 -3.04634
1090 1400.7 97007.4 509.029 -3.04667
1100 1463.54 96960.7 509.103 -3.04705
1110 1467.4 95740.6 509.142 -3.04761
1120 1349.63 98966.2 509.137 -3.04826
1130 1173.73 103894 509.125 -3.04872
1140 1142.46 104332 509.161 -3.04886
1150 1293.77 99275.5 509.248 -3.04871
1160 1402.14 95909.6 509.332 -3.04842
1170 1293.15 96579.6 509.372 -3.04815
1180 1138.77 99167.9 509.375 -3.04776
1190 1154.95 100275 509.369 -3.04706
1200 1294.21 98544.7 509.368 -3.04604
1210 1397.96 96630.8 509.352 -3.04489
1220 1419.38 97894.7 509.303 -3.04388
1230 1433.16 98463.2 509.232 -3.04311
1240 1423.99 98626.2 509.146 -3.04259
1250 1406.65 100334 509.052 -3.04227
1260 1518.39 94451.3 508.959 -3.04218
1270 1609.53 92131.7 508.807 -3.04244
1280 1487.31 95093.4 508.569 -3.04309
1290 1186.23 102478 508.284 -3.0436
1300 1017.35 105095 508.032 -3.04356
1310 1141.94 101690 507.844 -3.04302
1320 1390.65 98646.5 507.685 -3.04214
1330 1498.99 97851.5 507.518 -3.04131
1340 1418.05 100180 507.336 -3.04082
1350 1318.39 102395 507.162 -3.04053
1360 1319.13 104340 507.026 -3.04025
1370 1412.24 100721 506.943 -3.04005
1380 1425.83 99773.1 506.878 -3.04002
1390 1336.21 102900 506.82 -3.04012
1400 1332.74 103129 506.801 -3.04025
1410 1451.05 99961.5 506.821 -3.04045
1420 1524.04 99425.3 506.848 -3.0409
1430 1506.59 98744.1 506.873 -3.04172
1440 1392.25 100219 506.888 -3.04276
1450 1253.55 105590 506.916 -3.04369
1460 1227.72 104584 507.009 -3.04442
1470 1247.53 103871 507.162 -3.04495
1480 1237.14 103182 507.366 -3.04532
1490 1245.79 100174 507.608 -3.04552
1500 1309.32 100176 507.856 -3.04555
1510 1398.95 99944.8 508.108 -3.04554
1520 1447.37 96851.1 508.356 -3.04567
1530 1377.14 96906.4 508.57 -3.04597
1540 1266.96 95910.2 508.745 -3.04628
1550 1189.36 96920.9 508.873 -3.04632
1560 1264.55 100022 508.967 -3.04603
1570 1481.13 97558.2 509.058 -3.0456
1580 1601.7 96077.5 509.123 -3.04546
1590 1546.32 94931.6 509.143 -3.04587
1600 1422.07 94552.4 509.105 -3.04659
1610 1332.66 96117.4 509.007 -3.04722
1620 1333.51 96428.9 508.864 -3.04762
1630 1348.42 97843.6 508.684 -3.04783
1640 1260.24 99442.2 508.484 -3.04789
1650 1089.8 101783 508.285 -3.04763
1660 1041.19 100760 508.112 -3.04694
1670 1105.58 99988.1 507.955 -3.04578
1680 1225.87 99704 507.803 -3.04421
1690 1265.95 101093 507.656 -3.04244
1700 1212.78 104479 507.531 -3.04071
1710 1260.03 103399 507.463 -3.03908
1720 1286.74 102071 507.442 -3.03746
1730 1305.22 102560 507.453 -3.03598
1740 1380.52 101687 507.499 -3.03465
1750 1527.06 100221 507.569 -3.03357
1760 1639.94 98846.5 507.646 -3.03305
1770 1668.22 96630.8 507.712 -3.03337
1780 1613.03 97201.9 507.743 -3.03447
1790 1464.8 99070.1 507.746 -3.03598
1800 1278.8 99933.5 507.741 -3.03739
1810 1156.88 100576 507.739 -3.03833
1820 1151 100154 507.746 -3.03876
1830 1220.51 101702 507.762 -3.03878
1840 1188.31 102484 507.802 -3.03855
1850 1016.67 103794 507.877 -3.0381
1860 1003.64 104209 508 -3.03736
1870 1282.67 102070 508.175 -3.03613
1880 1635.27 98333 508.376 -3.03464
1890 1799.41 95111.6 508.559 -3.03384
1900 1762.38 94996.1 508.688 -3.03436
1910 1620.86 97661.3 508.762 -3.0359
1920 1452.71 99165.4 508.809 -3.03779
1930 1285.72 102433 508.852 -3.03949
1940 1264.5 101549 508.924 -3.04081
1950 1352.77 96161.8 509.013 -3.04189
1960 1311.86 96593 509.065 -3.04274
1970 1168.51 99179.3 509.079 -3.04327
1980 1055.78 100220 509.085 -3.04332
1990 1074.56 100680 509.096 -3.04288
2000 1184.68 100841 509.12 -3.04197
2010 1328 98277.7 509.154 -3.04078
2020 1365.82 98307.3 509.174 -3.03955
2030 1377.24 99651.8 509.178 -3.0385
2040 1415.49 101089 509.182 -3.03765
2050 1472.44 99335.4 509.201 -3.03708
2060 1575.64 96661.5 509.215 -3.0369
2070 1711.12 94573.8 509.194 -3.03734
2080 1707.03 92115.9 509.109 -3.03865
2090 1448.25 95180.9 508.938 -3.04038
2100 1105.38 99329 508.715 -3.04156
2110 965.119 102175 508.488 -3.04183
2120 1105.81 104688 508.296 -3.04142
2130 1422.85 100443 508.161 -3.04067
2140 1598.39 97837.7 508.041 -3.04008
2150 1516.3 99217.5 507.905 -3.0401
2160 1277.43 101077 507.765 -3.0404
2170 1063.28 104811 507.648 -3.04043
2180 1108.94 104980 507.592 -3.04005
2190 1374.81 101320 507.598 -3.03934
2200 1663.42 99679.6 507.629 -3.03873
2210 1768.37 96326.2 507.657 -3.03899
2220 1641.36 95054.6 507.648 -3.0403
2230 1405.89 96981.5 507.585 -3.04194
2240 1189.51 100998 507.493 -3.04317
2250 1102.1 103227 507.417 -3.0438
2260 1105.07 105982 507.386 -3.04393
2270 1192.7 105567 507.431 -3.04374
2280 1282.76 102813 507.545 -3.04337
2290 1328.86 101765 507.699 -3.04297
2300 1365.62 100458 507.878 -3.04264
2310 1395.61 99302.8 508.064 -3.04244
2320 1356.13 99957 508.245 -3.0424
2330 1231.7 101544 508.429 -3.04243
2340 1086.18 104349 508.636 -3.04235
2350 1102.87 103187 508.893 -3.04202
2360 1314.21 99566.6 509.188 -3.04131
2370 1603.79 94480.1 509.476 -3.04045
2380 1823.31 90180.9 509.697 -3.04017
2390 1768.29 91332.7 509.803 -3.0411
2400 1478.9 96158.2 509.809 -3.04275
2410 1233.27 98751 509.769 -3.04417
2420 1174.97 99593.1 509.716 -3.04501
2430 1243.09 96579.5 509.657 -3.04539
2440 1288.42 95658.2 509.564 -3.04541
2450 1274 97513 509.424 -3.04518
2460 1210.52 99684.9 509.259 -3.04471
2470 1181.4 102527 509.099 -3.04398
2480 1272.77 100300 508.969 -3.04304
2490 1393.75 98515.5 508.85 -3.04199
2500 1464.99 99049 508.722 -3.04109
2510 1478.4 100181 508.589 -3.04052
2520 1425.46 100497 508.464 -3.04033
2530 1243.68 103420 508.355 -3.04026
2540 1204.51 103607 508.291 -3.04007
2550 1409.35 100590 508.273 -3.03972
2560 1600.61 98836.9 508.269 -3.03958
2570 1480.03 100354 508.259 -3.03999
2580 1175.11 106459 508.266 -3.04055
2590 1123.09 106810 508.349 -3.04086
2600 1368.99 101142 508.512 -3.04092
2610 1545.68 97707.8 508.696 -3.04101
2620 1555.23 97270.8 508.856 -3.04154
2630 1500.44 97628.9 508.987 -3.04252
2640 1394.98 96014.8 509.088 -3.04367
2650 1230.47 98971.8 509.148 -3.0446
2660 1212.6 99528 509.195 -3.04513
2670 1391.43 95554 509.234 -3.04537
2680 1487.3 95470.2 509.227 -3.04561
2690 1387.28 95976.1 509.167 -3.04598
2700 1225.94 99940 509.067 -3.04623
2710 1180.1 102893 508.97 -3.04618
2720 1161.42 103573 508.912 -3.04584
2730 1128.6 106867 508.907 -3.04525
2740 1265.56 104343 508.986 -3.04449
2750 1491.57 98929.3 509.117 -3.04365
2760 1559.82 97789.5 509.244 -3.04316
2770 1519.94 97570.9 509.348 -3.04325
2780 1436.91 97706.8 509.425 -3.04373
2790 1308.42 99063.2 509.479 -3.04428
2800 1242.27 100650 509.525 -3.04465
2810 1343.54 99061.4 509.579 -3.04481
2820 1479.93 93162.2 509.619 -3.04495
2830 1443.53 93296.4 509.585 -3.0452
2840 1351.86 94681.2 509.473 -3.04546
2850 1326.37 96102.6 509.301 -3.04557
2860 1258.23 99048.3 509.087 -3.04546
2870 1141.85 102620 508.87 -3.04505
2880 1112.73 103451 508.689 -3.04432
2890 1210.37 103312 508.557 -3.04328
2900 1385.54 100224 508.469 -3.04206
2910 1532.08 98519.2 508.391 -3.04099
2920 1596.2 97809.4 508.302 -3.04044
2930 1508.56 98157.3 508.192 -3.04052
2940 1289.65 97830.4 508.066 -3.04082
2950 1235.07 96954.4 507.917 -3.0409
2960 1274.13 97507.6 507.738 -3.04063
2970 1289.57 99903 507.537 -3.04014
2980 1248.54 105798 507.347 -3.03949
2990 1330.39 105076 507.227 -3.03884
3000 1505.81 102067 507.175 -3.03833
3010 1612.68 99443.1 507.154 -3.03832
3020 1551.66 98981.9 507.135 -3.03896
3030 1365.35 100680 507.11 -3.03992
3040 1219 101993 507.098 -3.04071
3050 1225.61 100891 507.112 -3.04117
3060 1260.24 100960 507.143 -3.04135
3070 1255.99 103251 507.192 -3.04134
3080 1250.22 105164 507.284 -3.04124
3090 1289.86 101942 507.438 -3.04109
3100 1262.79 100287 507.621 -3.0409
3110 1154.72 101541 507.811 -3.04062
3120 1033.25 104570 508.024 -3.04017
3130 961.615 108479 508.296 -3.03952
3140 1052.27 106904 508.668 -3.03861
3150 1271.88 100927 509.119 -3.03726
3160 1509.59 96104.8 509.582 -3.03565
3170 1681.6 92708 509.997 -3.03439
3180 1738.26 91504 510.322 -3.03406
3190 1655.52 92569.9 510.544 -3.03475
3200 1480.27 92301.6 510.673 -3.03602
3210 1259.02 94332.8 510.71 -3.03715
3220 1149.9 97931.3 510.682 -3.0377
3230 1290.29 95443.2 510.624 -3.0378
3240 1410.63 95647.9 510.519 -3.03764
3250 1388.81 96602.9 510.364 -3.03749
3260 1343.16 99752.4 510.176 -3.03732
3270 1438.15 95569.4 509.983 -3.03716
3280 1494.91 95154 509.747 -3.03714
3290 1441.74 97263.2 509.461 -3.03727
3300 1452.74 98142 509.149 -3.03749
3310 1561.64 95719.1 508.818 -3.03793
3320 1537.32 97064.4 508.448 -3.03869
3330 1402.84 98385.1 508.051 -3.03956
3340 1292.24 101273 507.647 -3.04018
3350 1245.79 102556 507.265 -3.04048
3360 1163.85 106769 506.93 -3.04043
3370 1049.83 108257 506.684 -3.04005
3380 1028.43 105555 506.543 -3.03934
3390 1139.24 105720 506.481 -3.03827
3400 1379.73 104346 506.491 -3.03693
3410 1600.04 101912 506.559 -3.03576
3420 1638.12 100330 506.656 -3.03536
3430 1538.59 101081 506.762 -3.03581
3440 1439.5 101976 506.887 -3.03672
3450 1428.09 101436 507.037 -3.03784
3460 1395.35 99482.8 507.207 -3.03904
3470 1336.35 100648 507.376 -3.04019
3480 1356.58 101903 507.556 -3.04123
3490 1459.5 97730.9 507.755 -3.0423
3500 1463.81 94861.8 507.929 -3.04348
3510 1313.88 96656.1 508.046 -3.04464
3520 1127.75 101770 508.129 -3.04541
3530 1154.97 102562 508.231 -3.04571
3540 1389.65 96568.8 508.359 -3.04571
3550 1505.01 96202.4 508.455 -3.04569
3560 1465.05 98054.1 508.51 -3.04595
3570 1435.06 96452.3 508.539 -3.04645
3580 1443.78 96766 508.531 -3.04705
3590 1385.56 99223.2 508.489 -3.04769
3600 1249.48 100346 508.442 -3.04825
3610 1086.6 102183 508.404 -3.04846
3620 1031.28 102173 508.395 -3.0482
3630 1192.8 97926.4 508.413 -3.04747
3640 1313.14 96002.9 508.411 -3.04635
3650 1303.45 98839.5 508.369 -3.04513
3660 1388.86 99059.8 508.314 -3.04395
3670 1646.23 94124 508.247 -3.04298
3680 1708.95 92581.4 508.117 -3.0427
3690 1509.68 96480.8 507.907 -3.04315
3700 1343.1 100456 507.662 -3.04372
3710 1356.82 101185 507.426 -3.04415
3720 1409.32 100803 507.211 -3.04457
3730 1356.82 102318 507.016 -3.045
3740 1283.41 103982 506.858 -3.04538
3750 1233.45 104853 506.756 -3.04559
3760 1210.24 101898 506.714 -3.04564
3770 1071.67 101593 506.703 -3.0454
3780 962.334 102110 506.717 -3.04479
3790 1016.12 102232 506.76 -3.04372
3800 1225.41 99323.6 506.829 -3.04211
3810 1432.13 97088.6 506.895 -3.04017
3820 1490.88 96365.6 506.929 -3.03843
3830 1398.92 99213.6 506.926 -3.0372
3840 1300.55 103246 506.92 -3.03632
3850 1327.16 105331 506.957 -3.03558
3860 1518.1 101287 507.056 -3.03505
3870 1623.04 97883 507.177 -3.035
3880 1552.85 98291.2 507.278 -3.03562
3890 1473.74 100398 507.365 -3.03667
3900 1437.53 99285.6 507.455 -3.03791
3910 1316.67 100425 507.543 -3.03914
3920 1151.12 102262 507.641 -3.04006
3930 1116.55 100010 507.764 -3.04052
3940 1205.71 98359.2 507.89 -3.04051
3950 1292.91 99114.1 508.001 -3.04018
3960 1334.62 99033.1 508.102 -3.03973
3970 1391.31 101811 508.199 -3.03932
3980 1591.27 99824.7 508.315 -3.03915
3990 1783.19 94423.1 508.428 -3.0397
4000 1712.41 93392.8 508.482 -3.0413
4010 1429.46 96216.1 508.461 -3.04332
4020 1153.32 102736 508.403 -3.04485
4030 1087.79 103231 508.376 -3.04568
4040 1188.2 100318 508.39 -3.046
4050 1331.48 99295.4 508.415 -3.04599
4060 1426.54 97283.7 508.432 -3.04593
4070 1367.98 98788.7 508.426 -3.04597
4080 1253.8 99436.5 508.406 -3.046
4090 1202.44 99188.7 508.383 -3.04581
4100 1250.13 100406 508.357 -3.04537
4110 1340.23 100427 508.338 -3.04475
4120 1423.8 97331.2 508.326 -3.04416
4130 1506.95 94397.8 508.285 -3.04377
4140 1540.36 94730.6 508.184 -3.04369
4150 1491.81 97605.4 508.026 -3.04396
4160 1377.86 100929 507.846 -3.0444
4170 1306.44 100963 507.681 -3.04478
4180 1330.24 98543.2 507.531 -3.04502
4190 1386.46 98864.5 507.373 -3.04515
4200 1434.14 99069.8 507.208 -3.04532
4210 1407.94 100506 507.039 -3.04561
4220 1267.73 104827 506.887 -3.04591
4230 1088.44 107636 506.799 -3.04601
4240 1009.71 108830 506.81 -3.0458
4250 1112.2 103525 506.926 -3.04525
4260 1253.39 98746.2 507.09 -3.04433
4270 1287.98 96056.4 507.241 -3.04321
4280 1260.31 96477.7 507.349 -3.04205
4290 1341.93 98456.1 507.418 -3.04083
4300 1532.7 97932 507.467 -3.03966
4310 1626.29 97480.5 507.496 -3.03897
4320 1534.54 97917.1 507.499 -3.03901
4330 1370.56 100809 507.483 -3.03945
4340 1284.72 103104 507.482 -3.03988
4350 1286.09 104293 507.522 -3.04022
4360 1268.09 106118 507.621 -3.04049
4370 1204.62 105101 507.796 -3.04072
4380 1083.05 106785 508.039 -3.04082
4390 973.453 107513 508.366 -3.04073
4400 967.768 105741 508.783 -3.04036
4410 1095.13 101426 509.268 -3.03956
4420 1165.12 99671.8 509.77 -3.03831
4430 1150.8 100065 510.269 -3.03695
4440 1208.1 99652.1 510.765 -3.03553
4450 1381.62 94620.6 511.248 -3.03395
4460 1502.43 91788.4 511.664 -3.03237
4470 1483.24 92306.6 511.978 -3.03123
4480 1479.04 95709 512.201 -3.03053
4490 1710.28 90695.2 512.36 -3.03029
4500 1873.88 88743.3 512.409 -3.03096
4510 1720.16 89922.3 512.322 -3.03278
4520 1415.62 95624.1 512.121 -3.0348
4530 1279.41 97832.1 511.867 -3.03626
4540 1335.33 95188 511.588 -3.03725
4550 1359.58 95516.5 511.259 -3.03797
4560 1190.66 98909.5 510.887 -3.03829
4570 1036.13 102554 510.511 -3.038
4580 1067.02 103246 510.172 -3.03716
4590 1232.85 101358 509.88 -3.03591
4600 1379.43 97320.7 509.611 -3.03446
4610 1355.16 100691 509.326 -3.03309
4620 1312.44 102654 509.055 -3.03187
4630 1422.7 100716 508.822 -3.03078
4640 1558.7 99478.3 508.607 -3.02996
4650 1571.8 99357.3 508.394 -3.02971
4660 1451.65 100966 508.184 -3.02996
4670 1382.8 103046 507.994 -3.03038
4680 1419.13 101548 507.844 -3.03088
4690 1391.87 104649 507.727 -3.0315
4700 1341.24 106747 507.673 -3.03217
4710 1385.6 103070 507.701 -3.03293
4720 1377.02 103743 507.778 -3.03376
4730 1339.8 102665 507.902 -3.03464
4740 1294 102552 508.063 -3.03548
4750 1242.91 104479 508.261 -3.03617
4760 1271.38 100212 508.509 -3.03671
4770 1358.39 98008.7 508.764 -3.03707
4780 1521.4 93976 508.991 -3.03743
4790 1619.24 92606.9 509.149 -3.03812
4800 1497.14 94064.4 509.219 -3.03925
4810 1221.58 98303.4 509.222 -3.04028
4820 1117.78 99731.1 509.206 -3.0408
4830 1255.32 96444.8 509.183 -3.04082
4840 1423.58 96818.2 509.126 -3.04056
4850 1505.61 97649 509.034 -3.04042
4860 1465.11 100065 508.921 -3.04059
4870 1348.13 101729 508.814 -3.04096
4880 1215.33 103504 508.735 -3.04125
4890 1189.78 103797 508.703 -3.04129
4900 1317.46 101122 508.72 -3.04112
4910 1438.79 99212 508.756 -3.0409
4920 1519.52 97994.7 508.787 -3.04092
4930 1518.86 97596 508.799 -3.04134
4940 1391.25 99454.4 508.788 -3.04203
4950 1207.45 102684 508.776 -3.04263
4960 1137.65 103294 508.799 -3.04289
4970 1238.46 103175 508.865 -3.04283
4980 1364.74 101794 508.975 -3.04261
4990 1461.71 97617.6 509.105 -3.04249
5000 1469.52 95672.8 509.212 -3.0426
5010 1437.42 94773 509.269 -3.04292
5020 1463.7 95602.3 509.266 -3.04335
5030 1439.58 96864.9 509.213 -3.04391
5040 1233.89 100117 509.128 -3.04441
5050 1103 101226 509.048 -3.04452
5060 1228.2 98631.1 508.984 -3.04422
5070 1380.3 98403.1 508.91 -3.04363
5080 1392.04 99598.2 508.823 -3.04306
5090 1382.36 97062.6 508.733 -3.04266
5100 1408.34 96241.5 508.614 -3.04231
5110 1452.59 95643.8 508.454 -3.04208
5120 1380.06 96357.1 508.248 -3.04195
5130 1199.59 100144 508.008 -3.04173
5140 1131.46 102470 507.775 -3.04117
5150 1241.76 102731 507.577 -3.0403
5160 1343.81 103423 507.422 -3.03929
5170 1315.05 102334 507.313 -3.03839
5180 1235.2 102662 507.241 -3.0376
5190 1231.22 103661 507.208 -3.03676
5200 1340.46 102773 507.223 -3.03587
5210 1464.39 102937 507.278 -3.03509
5220 1531.4 101888 507.372 -3.03474
5230 1485.18 99959.3 507.492 -3.03494
5240 1370.33 100642 507.618 -3.03546
5250 1335.25 101224 507.755 -3.03602
5260 1430.99 99217.3 507.907 -3.0366
5270 1455.17 98940 508.053 -3.03732
5280 1324.4 102054 508.193 -3.03816
5290 1154.28 104102 508.36 -3.03886
5300 1087.69 103004 508.576 -3.03924
5310 1128.75 101571 508.83 -3.03921
5320 1202.67 101090 509.105 -3.03882
5330 1279.32 100945 509.396 -3.03823
5340 1407.25 95497.9 509.692 -3.03756
5350 1516.19 94009.1 509.937 -3.03699
5360 1594.88 92722.5 510.108 -3.03681
5370 1593.73 92807.6 510.192 -3.03717
5380 1492.67 94206.6 510.19 -3.03796
5390 1349.67 97633.7 510.123 -3.03878
5400 1356.89 95883.1 510.025 -3.03943
5410 1406.86 95550 509.883 -3.03992
5420 1494.48 95931.2 509.693 -3.04041
5430 1565.86 94461 509.457 -3.04114
5440 1429.36 99234.8 509.168 -3.04207
5450 1215.85 104162 508.877 -3.04275
5460 1140.42 104279 508.642 -3.04302
5470 1155.3 101317 508.464 -3.04289
5480 1252.92 99458.1 508.31 -3.0424
5490 1373.13 98037 508.156 -3.04173
5500 1386.83 100267 507.987 -3.04109
5510 1355.26 104708 507.832 -3.04056
5520 1484.34 101616 507.734 -3.04026
5530 1526.74 99786.3 507.663 -3.04035
5540 1379.8 103152 507.603 -3.04078
5550 1283.59 103345 507.582 -3.04126
5560 1343.58 102362 507.608 -3.04166
5570 1440.92 97306.9 507.661 -3.04208
5580 1412.56 97840.1 507.691 -3.04261
5590 1326.66 101241 507.702 -3.04314
5600 1316.97 100037 507.727 -3.0436
5610 1312.98 100982 507.76 -3.04392
5620 1349.63 99048.1 507.805 -3.04418
5630 1377.36 98056.5 507.843 -3.0444
5640 1326.15 99338.7 507.864 -3.0446
5650 1242.53 99849.4 507.879 -3.0447
5660 1183.96 102800 507.899 -3.04459
5670 1168.23 105837 507.958 -3.04425
5680 1188.11 105745 508.09 -3.04376
5690 1261.61 102182 508.291 -3.04316
5700 1357.17 98438.9 508.522 -3.04248
5710 1421.98 96064.9 508.735 -3.04186
5720 1403.54 96542.7 508.904 -3.04142
5730 1335.76 99553.5 509.035 -3.04116
5740 1295.08 99351.7 509.16 -3.04095
5750 1261.71 97188.2 509.276 -3.04068
5760 1212.33 98553.2 509.365 -3.04022
5770 1301.57 96264.7 509.433 -3.03955
5780 1514.1 93366.3 509.457 -3.03874
5790 1664.11 92952.3 509.405 -3.03827
5800 1591.97 93636.7 509.272 -3.03847
5810 1406.76 97690.7 509.07 -3.03904
5820 1307.52 99869.8 508.845 -3.03948
5830 1364.53 98741.7 508.621 -3.03978
5840 1353.3 100981 508.394 -3.03997
5850 1280.85 102371 508.185 -3.04008
5860 1207.18 102606 508.012 -3.04
5870 1207.64 104288 507.879 -3.0397
5880 1215.58 104411 507.804 -3.03921
5890 1208.99 101620 507.786 -3.0386
5900 1241.86 102474 507.797 -3.03782
5910 1412.02 101258 507.84 -3.03696
5920 1592.59 98392.9 507.902 -3.03633
5930 1610.29 96614.8 507.948 -3.03634
5940 1461.73 98322.1 507.961 -3.03693
5950 1286.02 99949 507.957 -3.03761
5960 1244.58 100237 507.955 -3.03805
5970 1328.59 100661 507.961 -3.03825
5980 1409.98 99625.3 507.977 -3.03841
5990 1386.36 100593 507.996 -3.03867
6000 1346.45 99730.7 508.024 -3.039
6010 1287.02 99465.1 508.053 -3.03927
6020 1228.46 101991 508.083 -3.03937
6030 1224.71 102251 508.139 -3.03929
6040 1206.94 103069 508.227 -3.03901
6050 1232.06 102500 508.354 -3.03858
6060 1327.11 99820.6 508.513 -3.03804
6070 1467.82 98686.5 508.674 -3.0375
6080 1522.38 99696.1 508.823 -3.03729
6090 1425.46 103222 508.975 -3.03754
6100 1356.88 100766 509.162 -3.03806
6110 1397.92 96429 509.359 -3.03862
6120 1412.48 94793 509.516 -3.03919
6130 1322.04 95335 509.612 -3.03971
6140 1214.97 100843 509.66 -3.04
6150 1288.65 100324 509.713 -3.04004
6160 1494.39 94880.3 509.769 -3.03999
6170 1579.26 90930.7 509.766 -3.04017
6180 1469.34 92596.2 509.661 -3.04069
6190 1207.93 99467.2 509.474 -3.04112
6200 934.683 108858 509.29 -3.04103
6210 862.773 111805 509.216 -3.04047
6220 977.719 108849 509.288 -3.03951
6230 1118.65 107108 509.475 -3.03813
6240 1271.48 104215 509.751 -3.0365
6250 1496.42 97976.3 510.077 -3.03482
6260 1746.06 92526.8 510.379 -3.03348
6270 1843.5 91283.2 510.592 -3.03323
6280 1620.59 96196.2 510.706 -3.03424
6290 1272.77 100164 510.774 -3.03556
6300 1197.18 98030.4 510.842 -3.03648
6310 1306.62 95134.2 510.886 -3.03696
6320 1441.76 93619.3 510.875 -3.03722
6330 1545.3 92124.5 510.787 -3.03756
6340 1526.78 94505.2 510.611 -3.03817
6350 1382.14 96921.3 510.372 -3.03889
6360 1211.06 100485 510.105 -3.03932
6370 1152.46 99685.8 509.846 -3.03931
6380 1212.24 99085.1 509.591 -3.03886
6390 1310.51 96992.4 509.331 -3.03812
6400 1353.93 97666.3 509.044 -3.03725
6410 1360.8 100136 508.738 -3.03637
6420 1412.03 102005 508.443 -3.03556
6430 1539.06 99920.9 508.177 -3.03504
6440 1580.92 97878.4 507.919 -3.03502
6450 1445.5 97561.1 507.644 -3.03544
6460 1250.84 102669 507.355 -3.03581
6470 1174.23 104815 507.103 -3.03583
6480 1218.67 106460 506.919 -3.03559
6490 1302.69 105785 506.818 -3.03521
6500 1412.76 103666 506.794 -3.03492
6510 1492.75 101701 506.821 -3.03489
6520 1521.38 99767.4 506.873 -3.03529
6530 1437.52 101104 506.93 -3.03606
6540 1255.51 104375 507.007 -3.03691
6550 1121.39 106537 507.14 -3.03752
6560 1157.38 107297 507.355 -3.03783
6570 1356.64 102010 507.655 -3.03796
6580 1435.17 99988.4 507.985 -3.0381
6590 1392.93 102057 508.32 -3.03849
6600 1438.14 101872 508.677 -3.03911
6610 1527.68 100541 509.058 -3.04004
6620 1473.42 97639.7 509.442 -3.04135
6630 1277.85 98076.9 509.802 -3.04271
6640 1212.37 96540.1 510.135 -3.04375
6650 1365.77 92062.9 510.418 -3.0444
6660 1509.05 93074.5 510.61 -3.04493
6670 1444.54 96297.5 510.72 -3.04563
6680 1191.57 100062 510.785 -3.04628
6690 1085.45 101552 510.852 -3.04653
6700 1243.38 96564.8 510.934 -3.04634
6710 1411.65 94483.5 510.979 -3.04583
6720 1428.73 94180 510.961 -3.04535
6730 1365.53 93791.2 510.874 -3.04497
6740 1358.59 92960.1 510.714 -3.04456
6750 1397.16 92571.7 510.472 -3.04404
6760 1452.88 93222.5 510.146 -3.0435
6770 1501.39 92495 509.742 -3.04308
6780 1479.92 93507.9 509.256 -3.04284
6790 1336.15 97347.3 508.704 -3.04262
6800 1168.85 102170 508.133 -3.04209
6810 1093.19 104874 507.599 -3.04112
6820 1180.04 103461 507.133 -3.0398
6830 1379.28 102310 506.721 -3.03827
6840 1545.19 101075 506.348 -3.03692
6850 1544.24 101155 506 -3.03613
6860 1441.57 102925 505.678 -3.03587
6870 1364.84 105812 505.403 -3.03585
6880 1375.16 107989 505.208 -3.03597
6890 1441.81 107481 505.117 -3.03632
6900 1440.06 104333 505.12 -3.03701
6910 1360.62 105844 505.186 -3.03791
6920 1316.56 108187 505.331 -3.03888
6930 1355.96 104696 505.571 -3.03991
6940 1379.16 103886 505.874 -3.04101
6950 1350.26 103819 506.227 -3.04219
6960 1285.21 103352 506.626 -3.04338
6970 1254.06 103174 507.067 -3.04445
6980 1298.48 99812.5 507.541 -3.04536
6990 1361.11 96558.4 508.011 -3.04612
7000 1370.96 97356.7 508.442 -3.04683
7010 1296.46 99210.2 508.839 -3.04752
7020 1188.17 101885 509.227 -3.04811
7030 1158.39 99364.3 509.631 -3.04845
7040 1208.41 96182.8 510.025 -3.04843
7050 1296.27 95057.5 510.372 -3.04808
7060 1377.48 91742.3 510.653 -3.04754
7070 1417.84 92765.6 510.836 -3.04697
7080 1417.52 95062.8 510.931 -3.04651
7090 1398.38 94675.1 510.965 -3.04619
7100 1410.29 92535.3 510.932 -3.04593
7110 1422.05 93239.3 510.815 -3.04569
7120 1364.22 94633.4 510.618 -3.04545
7130 1251.27 97625.2 510.364 -3.04509
7140 1182.36 98849.3 510.085 -3.04445
7150 1212.87 97851 509.796 -3.04349
7160 1310.4 96742.1 509.49 -3.04225
7170 1336.73 97149.3 509.152 -3.04091
7180 1233.39 102804 508.794 -3.03954
7190 1220.83 103742 508.475 -3.03813
7200 1359.66 100282 508.207 -3.03666
7210 1506.63 98265.1 507.952 -3.03529
7220 1497.91 96761.3 507.685 -3.03434
7230 1347.17 100718 507.392 -3.03373
7240 1253.95 105825 507.118 -3.03314
7250 1364.6 104582 506.918 -3.03256
7260 1501.65 103576 506.782 -3.03216
7270 1500.7 102243 506.698 -3.03223
7280 1318.9 104439 506.65 -3.03264
7290 1150.71 109421 506.667 -3.03298
7300 1198.46 105955 506.794 -3.03318
7310 1252.53 102733 506.998 -3.03317
7320 1337.33 102168 507.241 -3.03309
7330 1421.3 102291 507.512 -3.03306
7340 1522.81 101369 507.812 -3.03334
7350 1610.87 98513.8 508.128 -3.03411
7360 1702.6 94739.4 508.425 -3.03559
7370 1640.41 94957.9 508.662 -3.0378
7380 1425 97697.4 508.841 -3.04025
7390 1186.77 103591 508.997 -3.04225
7400 1186.64 103313 509.194 -3.0437
7410 1247.45 99635 509.428 -3.04479
7420 1173.99 100862 509.666 -3.04551
7430 1154.31 99795.5 509.912 -3.04589
7440 1197.94 99253.6 510.157 -3.04589
7450 1235.68 98564.3 510.393 -3.04559
7460 1267.37 96265.6 510.61 -3.04508
7470 1384.88 93816.6 510.781 -3.04441
7480 1576.27 92007.2 510.876 -3.04375
7490 1662.11 92025.9 510.877 -3.04356
7500 1523.97 93283.4 510.784 -3.044
7510 1339.67 93999.7 510.611 -3.04456
7520 1273.21 94670 510.37 -3.04483
7530 1270.46 96434.9 510.07 -3.04472
7540 1213.83 98682.6 509.734 -3.04427
7550 1146.18 102370 509.393 -3.04346
7560 1310.21 100375 509.083 -3.04236
7570 1573.75 96950.2 508.785 -3.04125
7580 1599.09 98327.4 508.465 -3.04064
7590 1401.22 102063 508.136 -3.04056
7600 1278.55 102056 507.837 -3.04054
7610 1353.07 101553 507.573 -3.04042
7620 1496.67 100294 507.335 -3.04033
7630 1625.5 96919.2 507.107 -3.04069
7640 1500.07 100862 506.858 -3.04153
7650 1290.28 105696 506.628 -3.04244
7660 1108.07 110270 506.476 -3.04301
7670 1162.22 107122 506.449 -3.04323
7680 1421.42 100934 506.512 -3.04332
7690 1494.6 102171 506.599 -3.04356
7700 1340.37 106209 506.718 -3.04415
7710 1184.18 108268 506.916 -3.04479
7720 1269.15 105529 507.213 -3.04533
7730 1463.13 102563 507.579 -3.04584
7740 1524.19 99854.6 507.976 -3.04667
7750 1384.88 100050 508.375 -3.04783
7760 1262.36 99032.6 508.773 -3.049
7770 1304.1 93496.7 509.152 -3.0499
7780 1321.15 93944 509.455 -3.05051
7790 1227.1 97823.7 509.687 -3.05089
7800 1154.57 98912.9 509.889 -3.05099
7810 1242.13 98561.8 510.077 -3.05074
7820 1436.68 94352.3 510.245 -3.05024
7830 1523.18 92284 510.344 -3.04985
7840 1351.24 97530.3 510.36 -3.04972
7850 1162.02 101155 510.347 -3.04957
7860 1199.55 99720.7 510.345 -3.04916
7870 1432.84 96657.9 510.344 -3.04847
7880 1654.98 91999.1 510.302 -3.04793
7890 1567.25 93124 510.173 -3.04802
7900 1243.55 97382.7 509.966 -3.04831
7910 1067.91 101179 509.736 -3.04816
7920 1250.91 96431.2 509.515 -3.04753
7930 1493.56 92463.6 509.259 -3.04664
7940 1479.16 93392.3 508.922 -3.04592
7950 1231.48 100853 508.519 -3.04529
7960 1099.44 105389 508.133 -3.0444
7970 1291.41 101372 507.815 -3.04323
7980 1585.04 96365.6 507.521 -3.04202
7990 1634.56 95849.1 507.197 -3.04135
8000 1423.39 100316 506.836 -3.04127
8010 1215.75 104709 506.489 -3.04118
8020 1219.21 104060 506.204 -3.04087
8030 1349.61 101785 505.976 -3.0404
8040 1373.77 102781 505.78 -3.03998
8050 1205.91 107936 505.632 -3.03964
8060 1110.28 109400 505.583 -3.03923
8070 1297.08 106261 505.651 -3.0387
8080 1491.8 104957 505.801 -3.0382
8090 1405.89 105471 506.017 -3.03816
8100 1206.58 107003 506.305 -3.03847
8110 1210.55 105468 506.675 -3.03879
8120 1405.19 101299 507.111 -3.03899
8130 1540.61 98474.5 507.562 -3.03932
8140 1494.98 96947.7 507.995 -3.0401
8150 1317.61 100021 508.394 -3.04111
8160 1275.87 101102 508.791 -3.04207
8170 1426.2 96168.7 509.193 -3.04289
8180 1527 95085.3 509.552 -3.04379
8190 1476.17 94223.5 509.848 -3.04496
8200 1271.77 96739 510.077 -3.04612
8210 1089.07 100313 510.267 -3.04687
8220 1176.34 98405.3 510.456 -3.04711
8230 1499.53 93160.6 510.623 -3.04698
8240 1717.01 89685.6 510.707 -3.04706
8250 1607.35 92449.7 510.673 -3.04787
8260 1284.49 98578.7 510.554 -3.04887
8270 1049.61 100714 510.417 -3.04935
8280 1010.32 99221.1 510.291 -3.04917
8290 1145 96901.1 510.16 -3.04839
8300 1338.74 93666 509.994 -3.04712
8310 1428.46 93069.8 509.758 -3.04572
8320 1368.96 97752.1 509.449 -3.04444
8330 1279.32 101801 509.12 -3.04326
8340 1282.93 102803 508.819 -3.04207
8350 1412.22 100633 508.558 -3.0409
8360 1550.31 98929.5 508.315 -3.03997
8370 1615.59 97131.8 508.066 -3.03961
8380 1534.75 98562 507.794 -3.03985
8390 1368.15 100991 507.513 -3.04036
8400 1195.6 103273 507.254 -3.04068
8410 1131.02 103032 507.04 -3.04062
8420 1119.42 106551 506.875 -3.04017
8430 1231.3 106955 506.795 -3.03947
8440 1439.25 102345 506.8 -3.03873
8450 1497.92 101974 506.844 -3.03825
8460 1562.11 99701.1 506.914 -3.03829
8470 1622.6 96664.5 506.985 -3.03894
8480 1583.38 97224.4 507.022 -3.04017
8490 1453.62 100102 507.031 -3.04171
8500 1319.55 102080 507.046 -3.04319
8510 1211.46 105068 507.092 -3.04437
8520 1192.45 105570 507.201 -3.04521
8530 1233.35 103069 507.378 -3.0458
8540 1213.86 103757 507.6 -3.04616
8550 1261.13 100785 507.865 -3.04637
8560 1346.72 97247 508.141 -3.04642
8570 1345.14 95146.3 508.383 -3.0464
8580 1261.15 97185.9 508.572 -3.04632
8590 1261.31 97722.9 508.724 -3.04608
8600 1430.28 96863.1 508.849 -3.04568
8610 1622.42 95319.8 508.936 -3.04545
8620 1633.91 94598.2 508.97 -3.04585
8630 1467.58 94103.1 508.941 -3.04676
8640 1260.48 96584.3 508.847 -3.0476
8650 1150.4 98765.3 508.714 -3.04794
8660 1153.11 99106.6 508.571 -3.04781
8670 1088.92 99576.3 508.423 -3.04723
8680 1001.89 101272 508.275 -3.04623
8690 1019.44 102371 508.149 -3.04481
8700 1128.87 101457 508.055 -3.04295
8710 1139.14 100976 507.984 -3.04082
8720 1075.74 103193 507.935 -3.03863
8730 1135.26 102834 507.926 -3.03638
8740 1309.15 100569 507.954 -3.03389
8750 1461.12 101149 507.996 -3.03141
8760 1521.07 100926 508.056 -3.02944
8770 1504.01 101886 508.133 -3.02821
8780 1506.8 101893 508.236 -3.02765
8790 1553.15 101212 508.366 -3.02768
8800 1604.68 99307.6 508.513 -3.02832
8810 1576.44 97637.1 508.655 -3.02957
8820 1415.55 98170 508.773 -3.03112
8830 1214.97 101736 508.875 -3.03245
8840 1150.26 104093 508.999 -3.03333
8850 1206.69 102920 509.173 -3.03385
8860 1229.68 100487 509.384 -3.03411
8870 1168.44 102687 509.608 -3.03414
8880 1192.04 104186 509.866 -3.03397
8890 1357.15 101389 510.172 -3.03363
8900 1617.86 93561.2 510.49 -3.03335
8910 1740.92 90646.1 510.734 -3.03363
8920 1692.9 93308.9 510.869 -3.03485
8930 1499.28 96384.6 510.922 -3.03662
8940 1266.8 100615 510.935 -3.03822
8950 1212.15 101470 510.957 -3.03934
8960 1327.05 97838.9 510.996 -3.04013
8970 1395.44 97359.9 511.015 -3.04075
8980 1354.97 98995.3 511.007 -3.04133
8990 1260.67 99308.3 510.989 -3.04179
9000 1171.01 100303 510.969 -3.04193
9010 1212.23 98502.1 510.953 -3.04174
9020 1339.4 96259.3 510.923 -3.04125
9030 1440.41 94287.3 510.849 -3.04067
9040 1472.4 94203.5 510.711 -3.04022
9050 1502.82 95533.9 510.509 -3.03998
9060 1576.5 94373.4 510.256 -3.04007
9070 1596.24 93261 509.94 -3.0406
9080 1489.47 94690.2 509.552 -3.04144
9090 1294.28 99183.9 509.111 -3.04212
9100 1097.47 103244 508.671 -3.04225
9110 986.257 106593 508.28 -3.04179
9120 1003.51 106927 507.978 -3.0408
9130 1177.25 104812 507.766 -3.03944
9140 1328.36 104311 507.624 -3.03782
9150 1428.49 101912 507.539 -3.03635
9160 1444.41 101791 507.487 -3.03524
9170 1435.14 101241 507.462 -3.03455
9180 1500.09 99461.9 507.456 -3.03422
9190 1648.86 97320.8 507.449 -3.03437
9200 1652.28 96665 507.415 -3.03525
9210 1491.85 98499.7 507.347 -3.03664
9220 1321.51 102488 507.269 -3.03801
9230 1227.06 106215 507.228 -3.03906
9240 1218.96 105646 507.265 -3.03985
9250 1200.71 101573 507.37 -3.04039
9260 1111.34 103296 507.505 -3.04062
9270 1078.69 105033 507.682 -3.04051
9280 1151.32 104468 507.921 -3.04008
9290 1253.34 103578 508.216 -3.03942
9300 1362.25 102225 508.556 -3.03871
9310 1488.54 97416 508.92 -3.03816
9320 1568.87 93641.2 509.252 -3.03796
9330 1560.36 93897.4 509.509 -3.03827
9340 1484.11 99493.2 509.699 -3.03901
9350 1397.31 100939 509.878 -3.04002
9360 1297.46 101574 510.071 -3.04104
9370 1216.92 100440 510.284 -3.04186
9380 1148.72 99684.2 510.503 -3.04234
9390 1133.41 101000 510.723 -3.04243
9400 1269.81 97634.7 510.95 -3.04215
9410 1426.25 95444 511.15 -3.04165
9420 1420.87 95891 511.297 -3.04126
9430 1253.76 97266.1 511.396 -3.04103
9440 1091.59 98354.4 511.463 -3.04065
9450 1085.89 95618.3 511.508 -3.03988
9460 1200.07 92867 511.499 -3.03859
9470 1327.16 92103.3 511.407 -3.03688
9480 1375.78 94194.8 511.224 -3.03504
9490 1361.89 98633.4 510.977 -3.03331
9500 1357.26 98840.4 510.715 -3.03175
9510 1441.59 96947.5 510.446 -3.03036
9520 1501.15 95289.2 510.147 -3.02922
9530 1487.18 94200.9 509.798 -3.02843
9540 1455.24 94778 509.388 -3.02789
9550 1444.45 97567.3 508.926 -3.02748
9560 1443.4 99910.8 508.444 -3.02719
9570 1366.54 104295 507.975 -3.027
9580 1259.34 108000 507.571 -3.02677
9590 1271.62 108159 507.271 -3.02649
9600 1371.75 108074 507.084 -3.02625
9610 1485.53 103780 506.998 -3.02629
9620 1498.47 102548 506.97 -3.02674
9630 1410.3 104141 506.981 -3.02754
9640 1305.44 106278 507.048 -3.02843
9650 1327.39 105481 507.194 -3.0293
9660 1414.29 104465 507.411 -3.03022
9670 1504.83 100936 507.682 -3.03138
9680 1502.46 98987.7 507.967 -3.03287
9690 1354.06 103322 508.249 -3.03451
9700 1214.3 107291 508.572 -3.03603
9710 1198.62 106275 508.98 -3.03732
9720 1279.71 100700 509.461 -3.03839
9730 1303.15 98287.7 509.953 -3.03926
9740 1293.77 96179.8 510.421 -3.03995
9750 1356.89 93721.8 510.839 -3.04046
9760 1452.1 92321 511.177 -3.04085
9770 1496.62 94240.8 511.422 -3.04133
9780 1535.39 93566.5 511.594 -3.04207
9790 1506.54 91228.5 511.684 -3.04307
9800 1428.95 90160.9 511.669 -3.04411
9810 1365.63 92059.8 511.537 -3.04496
9820 1299.59 93849.4 511.31 -3.04547
9830 1238.02 95075.2 511.013 -3.04557
9840 1230.83 97345.7 510.663 -3.04523
9850 1257.32 97983 510.287 -3.04455
9860 1229.33 97846.2 509.894 -3.04362
9870 1186.87 100160 509.487 -3.04242
9880 1211.16 101831 509.091 -3.04097
9890 1266.24 102453 508.727 -3.03935
9900 1342.88 100329 508.399 -3.03771
9910 1391.22 100623 508.089 -3.03617
9920 1459.84 99797.8 507.793 -3.03486
9930 1562.65 100594 507.506 -3.03394
9940 1591.97 100344 507.233 -3.03365
9950 1453.42 102766 506.978 -3.03391
9960 1333.51 104672 506.764 -3.03432
9970 1409.33 103543 506.613 -3.03477
9980 1442.34 102839 506.513 -3.03539
9990 1289.12 107877 506.461 -3.03612
10000 1164.27 109225 506.508 -3.03673
