# Time-averaged data for fix 2
# TimeStep c_mytemp c_mypress v_vmyvol v_avgEtotal
10 1415.34 8103.02 658.259 -2.83945
20 1388.9 9403.34 658.422 -2.83931
30 1358.51 10318.3 658.765 -2.83898
40 1338.54 12227.9 659.303 -2.8385
50 1321.64 11889.3 660.064 -2.83785
60 1343.46 9061.8 661.037 -2.837
70 1468.9 3603.11 662.166 -2.83591
80 1597.99 -2034.46 663.349 -2.8347
90 1644.77 -4320.77 664.484 -2.83375
100 1603.9 -2517.61 665.528 -2.83327
110 1534.87 1933.95 666.517 -2.83317
120 1493.62 5420.31 667.53 -2.83326
130 1511.81 3231.86 668.626 -2.83337
140 1549.79 -1358.06 669.769 -2.83344
150 1570.31 -7381.21 670.869 -2.83351
160 1545.34 -12213.5 671.813 -2.83362
170 1523.88 -16001.1 672.507 -2.83378
180 1514.44 -18041.6 672.885 -2.83402
190 1508.38 -19243.9 672.907 -2.83437
200 1504.16 -19639.8 672.557 -2.83481
210 1552.47 -22943.4 671.83 -2.83541
220 1587.04 -28556.8 670.669 -2.83639
230 1578.72 -29365.7 668.988 -2.83789
240 1557.4 -27193.4 666.784 -2.83975
250 1499.56 -23592.9 664.111 -2.84176
260 1401.46 -16606 661.061 -2.84348
270 1353.54 -10125.5 657.771 -2.84456
280 1410.36 -6109.31 654.371 -2.84497
290 1591.83 -6646.87 650.938 -2.84512
300 1759.76 -8405.83 647.471 -2.84562
310 1764.87 -6148.84 643.951 -2.84681
320 1617.38 445.436 640.422 -2.8482
330 1443.98 8082.86 636.996 -2.84912
340 1333.96 14341.1 633.803 -2.84922
350 1352.69 14870 630.936 -2.84876
360 1421.51 14208.5 628.4 -2.84807
370 1454.69 13226.1 626.172 -2.84731
380 1459.69 12924.9 624.229 -2.84655
390 1548.48 10960.7 622.553 -2.84586
400 1705.64 6955.87 621.101 -2.84548
410 1838.99 4469.5 619.807 -2.84579
420 1871.91 4873.54 618.629 -2.84705
430 1772.41 5849.08 617.562 -2.84911
440 1581.89 11153.5 616.631 -2.85134
450 1517.71 12359.7 615.902 -2.85329
460 1543.49 12966 615.398 -2.85505
470 1560.1 15238.3 615.125 -2.85672
480 1551.25 15588.1 615.11 -2.85836
490 1510.55 16410.3 615.358 -2.85995
500 1454.02 16746 615.877 -2.86138
510 1502.24 14021.4 616.663 -2.86262
520 1634.72 11041.4 617.671 -2.86382
530 1720.7 9053.87 618.852 -2.8653
540 1638.27 8095.99 620.171 -2.86712
550 1436.9 8132.15 621.61 -2.86889
560 1353.59 7936.6 623.166 -2.87022
570 1516.12 3355.3 624.828 -2.87114
580 1675.14 -1750.51 626.524 -2.8719
590 1633.57 -1596.02 628.176 -2.87289
600 1478.31 -1818.62 629.778 -2.87397
610 1426.58 -5006.61 631.324 -2.87477
620 1511.73 -10266.1 632.757 -2.87519
630 1689.77 -13292.7 633.996 -2.87559
640 1783.59 -15083.6 634.989 -2.87644
650 1700.61 -13341.5 635.711 -2.87794
660 1437.62 -5589.56 636.203 -2.87959
670 1283.82 -1290.17 636.586 -2.88076
680 1282.26 -262.425 636.938 -2.88133
690 1279.01 2042.52 637.288 -2.88141
700 1227.6 5775.78 637.674 -2.88106
710 1221.73 5343.64 638.154 -2.88028
720 1445.36 -2253.8 638.713 -2.87903
730 1610.28 -8779.16 639.23 -2.87753
740 1607.78 -11908.2 639.591 -2.87637
750 1528.9 -11528 639.746 -2.87567
760 1500.59 -11567.8 639.698 -2.87521
770 1528.27 -11135.3 639.452 -2.87487
780 1577.65 -10252.7 639.018 -2.87469
790 1577.57 -6856.86 638.42 -2.87471
800 1582.54 -4917.5 637.715 -2.87494
810 1463.92 -289.99 636.948 -2.87526
820 1273.62 6472.46 636.198 -2.87533
830 1209.64 11111.7 635.579 -2.8749
840 1342.93 8979.2 635.159 -2.87401
850 1487.73 6926.75 634.911 -2.87285
860 1493.79 4758.19 634.794 -2.87173
870 1398.43 4730.68 634.771 -2.87078
880 1352.68 4747.9 634.837 -2.86978
890 1543.02 -898.223 634.98 -2.86866
900 1665.73 -4450.46 635.115 -2.86761
910 1598.49 -3153.72 635.181 -2.86705
920 1501.68 -825.66 635.2 -2.86684
930 1472.95 -382.993 635.207 -2.86668
940 1448.54 -486.418 635.21 -2.86649
950 1385.9 2114.64 635.216 -2.8662
960 1387.65 1513.15 635.257 -2.86573
970 1443.29 -65.5772 635.328 -2.86507
980 1536.59 -2096.73 635.402 -2.86436
990 1576.68 -1698.57 635.448 -2.86378
1000 1586.48 0.756989 635.471 -2.86346
1010 1571.86 314.647 635.496 -2.86338
1020 1545.78 -479.235 635.531 -2.86349
1030 1526.95 -3836.89 635.559 -2.86369
1040 1509.65 -7341.78 635.524 -2.86393
1050 1496.85 -6925.31 635.373 -2.86417
1060 1544.13 -9224.05 635.104 -2.86441
1070 1656.86 -13609.4 634.679 -2.86483
1080 1720.2 -13967.4 634.036 -2.8657
1090 1695.06 -13151.7 633.169 -2.86709
1100 1603.56 -12685.9 632.092 -2.86882
1110 1451.06 -7515.31 630.829 -2.87045
1120 1366.41 -1950.15 629.465 -2.87157
1130 1341.32 1807.09 628.094 -2.87215
1140 1307.47 5303.66 626.784 -2.87223
1150 1246.52 10736.2 625.597 -2.87178
1160 1309.04 11465.9 624.612 -2.87086
1170 1422.66 8567.31 623.837 -2.86967
1180 1472.45 8522.21 623.232 -2.86842
1190 1563.85 5526.44 622.782 -2.86727
1200 1720.3 1412.99 622.436 -2.86642
1210 1861.09 -1884.94 622.127 -2.86627
1220 1844.57 -2108.07 621.803 -2.86713
1230 1736.53 -1192.21 621.457 -2.86874
1240 1687.71 -2015.24 621.1 -2.87073
1250 1649.07 -1432.31 620.723 -2.87292
1260 1573.08 3459.24 620.342 -2.87505
1270 1593.92 3043.2 620.021 -2.87705
1280 1636.91 1770.29 619.762 -2.87907
1290 1575.58 3946.64 619.547 -2.88111
1300 1430.84 6235.84 619.408 -2.88289
1310 1294.14 7870.26 619.379 -2.88414
1320 1271.53 8046.07 619.486 -2.88478
1330 1360.6 4096.65 619.722 -2.88492
1340 1439.08 694.947 620.03 -2.88473
1350 1456.25 -12.3426 620.354 -2.88441
1360 1405.64 1002.76 620.681 -2.88402
1370 1358.79 1768.06 621.024 -2.8835
1380 1379.15 1728.48 621.396 -2.88277
1390 1528.66 -360.921 621.793 -2.88188
1400 1618.13 -2026.76 622.184 -2.88107
1410 1558.91 -1503.23 622.543 -2.88061
1420 1423.32 115.605 622.879 -2.88036
1430 1304.82 2853.39 623.22 -2.88
1440 1327.01 3430.22 623.604 -2.87938
1450 1417.51 3777.72 624.047 -2.87845
1460 1482.37 1762.22 624.548 -2.87742
1470 1500.18 -636.978 625.077 -2.87643
1480 1494.07 -4106.25 625.591 -2.87553
1490 1538.87 -6760.6 626.034 -2.87473
1500 1628.34 -7480.18 626.364 -2.87409
1510 1845.41 -10212.7 626.563 -2.87393
1520 1934.2 -9234.64 626.597 -2.87476
1530 1806.76 -5519.47 626.484 -2.87667
1540 1569.46 -361.352 626.286 -2.87894
1550 1357.42 5859.12 626.094 -2.88074
1560 1395.1 4949.04 625.998 -2.88198
1570 1456.4 1697.92 625.99 -2.88287
1580 1404.64 1186.69 626.021 -2.8835
1590 1367.63 892.588 626.077 -2.88383
1600 1409.54 -346.209 626.151 -2.88386
1610 1453.91 -1423.52 626.224 -2.88368
1620 1404.43 -1134.96 626.278 -2.8834
1630 1279.14 2000.45 626.321 -2.88296
1640 1198.14 6551.31 626.405 -2.8822
1650 1298 5891.25 626.596 -2.88102
1660 1459.33 4573.69 626.889 -2.87948
1670 1508.14 3761.09 627.262 -2.87792
1680 1364.24 5650 627.704 -2.87659
1690 1166.08 10355.4 628.246 -2.87537
1700 1175.08 9384.73 628.954 -2.87395
1710 1316.02 5749.97 629.815 -2.87201
1720 1403.71 4153.37 630.772 -2.86975
1730 1445.63 2606.69 631.793 -2.8675
1740 1483.12 659.822 632.85 -2.86538
1750 1509.11 -89.3888 633.912 -2.86347
1760 1525.1 -1984.28 634.962 -2.8618
1770 1510.6 -1718.68 635.974 -2.8604
1780 1555.14 -3471.92 636.943 -2.85923
1790 1621.09 -6446.82 637.842 -2.85828
1800 1645.88 -7990.14 638.623 -2.85771
1810 1621.01 -9175.09 639.258 -2.85755
1820 1535.88 -7251.59 639.731 -2.85771
1830 1409.04 -3932.13 640.076 -2.85794
1840 1286.48 -27.045 640.352 -2.85795
1850 1205.31 3702.59 640.629 -2.85757
1860 1220.66 4498.52 640.968 -2.85673
1870 1336.31 1551.6 641.381 -2.85544
1880 1449.54 -940.128 641.822 -2.85385
1890 1485.6 -760.503 642.249 -2.85225
1900 1525.48 -568.176 642.663 -2.85082
1910 1599.03 -2531.9 643.062 -2.84961
1920 1575.45 -152.779 643.423 -2.84875
1930 1496.67 2658.24 643.783 -2.84822
1940 1483.61 1117.57 644.185 -2.8478
1950 1500.92 -469.541 644.606 -2.84739
1960 1527.98 -2826.97 645.018 -2.84703
1970 1554.26 -5664.32 645.378 -2.84676
1980 1457.86 -4883.06 645.641 -2.84662
1990 1378.1 -3371.85 645.819 -2.84641
2000 1449.19 -4931.94 645.932 -2.84604
2010 1386.09 -2242.56 645.967 -2.84553
2020 1313.2 1412.97 645.967 -2.84489
2030 1311.19 1320.69 645.992 -2.84399
2040 1404.77 -892.056 646.042 -2.84281
2050 1510.76 -4794.55 646.078 -2.84149
2060 1553.66 -6198.13 646.036 -2.84031
2070 1557.87 -5978.99 645.891 -2.8394
2080 1580.78 -6391.42 645.643 -2.83879
2090 1567.88 -6123.66 645.29 -2.83845
2100 1515.36 -4414.06 644.84 -2.83833
2110 1486.34 -3436.1 644.321 -2.83825
2120 1545.89 -2488.23 643.752 -2.83819
2130 1638.18 -3097.38 643.152 -2.83823
2140 1743.92 -7124.03 642.505 -2.83872
2150 1645.14 -5631.6 641.757 -2.83975
2160 1465.18 -2575.38 640.926 -2.84084
2170 1406.21 -2489.16 640.063 -2.84169
2180 1400.45 -286.561 639.178 -2.8422
2190 1430.07 1471.84 638.306 -2.84239
2200 1476.63 2348.79 637.479 -2.84239
2210 1509.15 2916.8 636.709 -2.84232
2220 1580.64 5012.65 636.013 -2.84227
2230 1717.92 5465.34 635.417 -2.84245
2240 1787.9 8309.14 634.938 -2.84319
2250 1746.36 11089.4 634.618 -2.84459
2260 1641.95 14573.5 634.505 -2.84639
2270 1581.37 15823.9 634.652 -2.84829
2280 1631.21 11855.3 635.073 -2.85024
2290 1687.47 4870.58 635.697 -2.85234
2300 1687.14 1449.92 636.412 -2.85458
2310 1738.83 -4124.38 637.144 -2.857
2320 1790.42 -9471.91 637.8 -2.85977
2330 1669.52 -8791.49 638.296 -2.86279
2340 1500.35 -6661.63 638.638 -2.86553
2350 1499.74 -9775.12 638.853 -2.86782
2360 1512.79 -10559.4 638.901 -2.86981
2370 1440.32 -8370.43 638.771 -2.87151
2380 1340.93 -5208.36 638.5 -2.87277
2390 1250.51 -675.481 638.149 -2.87343
2400 1272.84 411.138 637.788 -2.87351
2410 1349.13 3421.71 637.451 -2.87311
2420 1479.41 1912.64 637.175 -2.87245
2430 1423.36 1975.99 636.946 -2.87175
2440 1242.19 5198.4 636.765 -2.87099
2450 1282.88 846.763 636.671 -2.86997
2460 1370.68 -2491.56 636.601 -2.86857
2470 1486.77 -6319.25 636.491 -2.86701
2480 1706.24 -12180.2 636.274 -2.86555
2490 1875.55 -15242.2 635.856 -2.86478
2500 1898.35 -12917.4 635.191 -2.8652
2510 1810.3 -10018.4 634.316 -2.8667
2520 1678.75 -3475.11 633.293 -2.86871
2530 1623.27 1917.26 632.229 -2.87071
2540 1632.02 2238.55 631.212 -2.87273
2550 1517.89 7125.52 630.266 -2.87463
2560 1445.5 8789.64 629.457 -2.87612
2570 1523.27 7418.81 628.813 -2.87736
2580 1617.6 7445.2 628.314 -2.87857
2590 1630.77 7176.29 627.956 -2.87995
2600 1504.17 7086.16 627.733 -2.88138
2610 1352.25 6198 627.639 -2.8825
2620 1313.27 2114.39 627.653 -2.88314
2630 1353.4 -1037.49 627.709 -2.88332
2640 1405.6 -2992.79 627.753 -2.88317
2650 1402.55 -3300.22 627.752 -2.88283
2660 1314.66 589.274 627.707 -2.88231
2670 1285.15 3862.05 627.676 -2.88153
2680 1315.22 6803.5 627.716 -2.88044
2690 1347.46 9999.36 627.876 -2.87912
2700 1357.96 10705.5 628.208 -2.87767
2710 1384.84 7985.64 628.719 -2.87615
2720 1390.38 5837.54 629.368 -2.87457
2730 1383.14 3170.5 630.113 -2.87297
2740 1347.82 4262.45 630.915 -2.87135
2750 1395.19 3655.77 631.782 -2.86969
2760 1509.23 1675.39 632.704 -2.86795
2770 1571.34 2626.59 633.655 -2.86634
2780 1634.82 2187.8 634.643 -2.86512
2790 1715.77 -978.226 635.658 -2.86437
2800 1620.4 405.231 636.659 -2.86417
2810 1482.68 2624.54 637.66 -2.86434
2820 1425.21 -76.1232 638.691 -2.86447
2830 1388.45 1276.36 639.721 -2.86439
2840 1384.87 3051.14 640.766 -2.86414
2850 1406.4 3494.22 641.855 -2.86371
2860 1415.63 3059 642.997 -2.86313
2870 1500.12 2508 644.186 -2.86246
2880 1560.27 2367.57 645.411 -2.86183
2890 1484.14 1774.83 646.669 -2.8614
2900 1342.05 2527.7 647.952 -2.86099
2910 1321.59 953.418 649.267 -2.8604
2920 1490.69 -6122.94 650.578 -2.85941
2930 1570.74 -9044.11 651.772 -2.85829
2940 1464.25 -8938.25 652.794 -2.85741
2950 1302.01 -9307.04 653.642 -2.85664
2960 1221.47 -10041.2 654.309 -2.85565
2970 1333.24 -14960.8 654.777 -2.85429
2980 1561.48 -20560.2 654.963 -2.85265
2990 1696.22 -21796.8 654.776 -2.85132
3000 1636.58 -18966.9 654.197 -2.85074
3010 1438.02 -11725.8 653.287 -2.85065
3020 1264.17 -4540.67 652.179 -2.85043
3030 1258.3 1723.33 651.01 -2.84972
3040 1425.75 1243.04 649.885 -2.84853
3050 1599.95 -2707.04 648.8 -2.84728
3060 1536.17 -864.22 647.7 -2.84632
3070 1406.55 1579.01 646.608 -2.84559
3080 1300.62 3238.93 645.565 -2.84476
3090 1339.34 3651.56 644.601 -2.84368
3100 1443.98 3015.63 643.723 -2.84236
3110 1536.61 2262.84 642.919 -2.84101
3120 1653.68 -903.257 642.17 -2.8399
3130 1765.99 -2301.73 641.424 -2.83932
3140 1827.39 -2686.62 640.658 -2.83952
3150 1794.03 -4155.84 639.861 -2.84062
3160 1658.89 -2767.82 639.015 -2.84228
3170 1600.21 -3207.69 638.134 -2.84404
3180 1661.07 -4681.05 637.216 -2.84589
3190 1703.7 -4912.38 636.238 -2.84799
3200 1674.99 -4753.33 635.197 -2.85032
3210 1696.6 -7359.41 634.09 -2.85283
3220 1730.15 -9243.6 632.88 -2.85566
3230 1701.43 -5162.01 631.545 -2.8587
3240 1586.6 727.253 630.151 -2.86159
3250 1421.84 7250.63 628.8 -2.86385
3260 1425.72 8272.55 627.595 -2.86541
3270 1580.66 3335.72 626.546 -2.86679
3280 1654.64 1760.37 625.584 -2.86828
3290 1675.57 508.726 624.673 -2.87002
3300 1595 31.8201 623.791 -2.87192
3310 1423.94 5835.18 622.942 -2.87356
3320 1347.56 7404.17 622.202 -2.87463
3330 1359.87 5831.19 621.598 -2.87526
3340 1360.58 7320.36 621.113 -2.8755
3350 1380.25 6485.92 620.759 -2.87542
3360 1401.89 5572.58 620.525 -2.8751
3370 1483.15 4957.05 620.393 -2.87463
3380 1610.19 3460.99 620.35 -2.87419
3390 1664.45 4356.62 620.375 -2.87404
3400 1630.48 5821.7 620.478 -2.87433
3410 1523.92 7996.91 620.686 -2.87488
3420 1380.7 8697.94 621.027 -2.87541
3430 1218.54 11814 621.52 -2.87562
3440 1155.77 12219 622.205 -2.87538
3450 1241.14 8331.16 623.084 -2.8746
3460 1377.34 3748.99 624.097 -2.87328
3470 1515.6 -3621.51 625.16 -2.87165
3480 1571.5 -6652.95 626.16 -2.87005
3490 1595.81 -7043.96 627.042 -2.86879
3500 1564.77 -3313.52 627.805 -2.86793
3510 1532.43 -79.8359 628.504 -2.86742
3520 1472.75 725.688 629.195 -2.86707
3530 1447.97 210.594 629.892 -2.86674
3540 1428.99 1029.32 630.592 -2.86633
3550 1417.97 1146.1 631.302 -2.86585
3560 1333.28 3691.6 632.034 -2.86526
3570 1262.89 6103.85 632.824 -2.8645
3580 1283.76 6190.36 633.711 -2.86347
3590 1300.3 7115.92 634.701 -2.86215
3600 1315.97 5055.32 635.802 -2.86062
3610 1276.94 5159.52 636.989 -2.85892
3620 1282.37 4836.6 638.255 -2.85709
3630 1484.77 -586.659 639.586 -2.85495
3640 1578.23 -1904 640.904 -2.85269
3650 1525.67 -2534.45 642.176 -2.85088
3660 1434.82 -3217.38 643.391 -2.84943
3670 1367.71 -682.164 644.545 -2.84812
3680 1446.24 -2343.64 645.668 -2.84678
3690 1557.61 -5637.91 646.738 -2.84536
3700 1565.44 -8268.17 647.696 -2.84414
3710 1459.13 -6455.79 648.504 -2.84322
3720 1405.98 -4507.47 649.188 -2.84244
3730 1412.56 -5041.1 649.781 -2.84157
3740 1524.93 -6693.8 650.276 -2.84065
3750 1626.09 -9250.68 650.646 -2.83981
3760 1690.63 -10656.5 650.848 -2.8394
3770 1738.45 -12108.1 650.856 -2.83956
3780 1746.95 -12647.8 650.649 -2.8404
3790 1711.97 -12940.9 650.22 -2.8418
3800 1736.96 -16130.9 649.56 -2.8437
3810 1738.04 -16952.1 648.625 -2.84613
3820 1688.57 -14749.4 647.406 -2.84893
3830 1620.44 -10426.5 645.949 -2.85177
3840 1572.17 -6392.78 644.333 -2.85439
3850 1529.68 -2071 642.635 -2.85668
3860 1469.05 3045.86 640.938 -2.85848
3870 1517.59 1149.17 639.318 -2.85991
3880 1576.12 -2862.91 637.75 -2.86135
3890 1525.59 -3649.04 636.17 -2.86282
3900 1436.03 -4319.78 634.559 -2.86411
3910 1341.53 -1991.46 632.91 -2.86502
3920 1279.42 2097.79 631.264 -2.86533
3930 1398.82 3625.23 629.683 -2.8651
3940 1582.5 2833.82 628.195 -2.86466
3950 1704.91 2516.85 626.788 -2.86447
3960 1667.68 3351.76 625.456 -2.86479
3970 1501.59 7619.45 624.216 -2.86533
3980 1446.55 9624.07 623.128 -2.86569
3990 1631.2 5483.84 622.217 -2.86602
4000 1772.3 3928.05 621.423 -2.86676
4010 1705.45 5308.59 620.72 -2.86802
4020 1760.98 4648.57 620.12 -2.86973
4030 1781.4 6043.8 619.616 -2.87197
4040 1606.95 12253.6 619.235 -2.87447
4050 1350.12 20240.6 619.074 -2.87657
4060 1201.61 23580.1 619.25 -2.87793
4070 1296.17 20899.2 619.814 -2.87877
4080 1387.93 17253.9 620.723 -2.87921
4090 1412.11 15632.9 621.918 -2.87943
4100 1467.34 13396.5 623.364 -2.87953
4110 1515.87 14597.5 625.029 -2.87961
4120 1528.3 15995.3 626.928 -2.87991
4130 1448.14 18633.9 629.086 -2.88043
4140 1359.08 22358.4 631.548 -2.88116
4150 1278.7 22768.6 634.368 -2.88192
4160 1202.32 22154.1 637.563 -2.88249
4170 1279.22 14384.6 641.109 -2.88256
4180 1413.1 4193.72 644.875 -2.8816
4190 1416.97 383.486 648.694 -2.88003
4200 1357.32 -4808.91 652.478 -2.87828
4210 1363.66 -11323.8 656.132 -2.87605
4220 1368.72 -15254.5 659.539 -2.87343
4230 1439 -19014.1 662.616 -2.87064
4240 1494.62 -19886.3 665.3 -2.86786
4250 1546.2 -21626.4 667.564 -2.86539
4260 1585.6 -21560.6 669.385 -2.86334
4270 1618.9 -22772.4 670.761 -2.86186
4280 1571.05 -23485 671.674 -2.86093
4290 1400.42 -20518.2 672.124 -2.86044
4300 1237.87 -16721.3 672.171 -2.86001
4310 1149.9 -14703.6 671.89 -2.8593
4320 1155.92 -13443.9 671.329 -2.85818
4330 1241.14 -13744.7 670.518 -2.85663
4340 1370.81 -16881.3 669.452 -2.85477
4350 1458.73 -18332.7 668.088 -2.85292
4360 1521.67 -19889.6 666.4 -2.85136
4370 1587.27 -22258.2 664.367 -2.85029
4380 1662.8 -23526.8 661.959 -2.84989
4390 1675.81 -20541.4 659.169 -2.8502
4400 1588.27 -13325.6 656.066 -2.85087
4410 1443.17 -5210.13 652.795 -2.85135
4420 1349.88 -2295.05 649.498 -2.85136
4430 1379.21 -1712.55 646.238 -2.85107
4440 1348.52 2336.79 643.036 -2.85037
4450 1373.34 1827.48 639.949 -2.84933
4460 1506.78 -2375.8 636.966 -2.84829
4470 1654.59 -4889.8 634.019 -2.84753
4480 1743.77 -2469.6 631.072 -2.84723
4490 1753.15 1460.71 628.161 -2.84744
4500 1588.81 9128.96 625.356 -2.84795
4510 1426.89 17969.1 622.782 -2.84797
4520 1626.51 15423.9 620.557 -2.84785
4530 1708.42 18697.5 618.657 -2.84818
4540 1570.86 26522 617.122 -2.84866
4550 1597.44 27869.9 616.055 -2.84935
4560 1570.89 29322.7 615.477 -2.85029
4570 1563.41 26542.4 615.391 -2.85152
4580 1597.82 24809.6 615.754 -2.85296
4590 1758.15 19257 616.516 -2.85478
4600 1855.69 14891.7 617.592 -2.85723
4610 1817.71 14577.5 618.91 -2.86041
4620 1729.24 10882.1 620.447 -2.864
4630 1546.87 12024.8 622.158 -2.86743
4640 1500.24 8054.61 624.039 -2.87039
4650 1557.23 1909.2 626.028 -2.87284
4660 1502.15 1134.05 628.031 -2.87493
4670 1336 4155.63 630.033 -2.87664
4680 1190.04 5585.26 632.076 -2.87771
4690 1352.39 650.446 634.179 -2.8781
4700 1586.2 -6685.52 636.26 -2.87788
4710 1654.47 -8212.39 638.203 -2.87768
4720 1564.02 -6230.05 639.981 -2.87785
4730 1451.87 -5093.14 641.622 -2.87814
4740 1455.69 -5578.83 643.147 -2.87832
4750 1511.44 -4355.15 644.554 -2.87838
4760 1472.39 -482.067 645.869 -2.8785
4770 1379.23 734.412 647.152 -2.87858
4780 1286.52 2896.15 648.435 -2.87843
4790 1301.48 2473.38 649.749 -2.87795
4800 1365.64 1770.01 651.089 -2.87709
4810 1403.21 4112.13 652.451 -2.87606
4820 1414.13 4454.94 653.867 -2.875
4830 1350.46 4193.77 655.346 -2.87391
4840 1197.98 5573.21 656.887 -2.87278
4850 1097.37 5784.38 658.51 -2.87146
4860 1143.37 3327.66 660.217 -2.8697
4870 1405.69 -6733.41 661.948 -2.86713
4880 1621.08 -14572.9 663.532 -2.86395
4890 1643.72 -18915.5 664.822 -2.86116
4900 1515.38 -17369.4 665.743 -2.85918
4910 1394.65 -14667.6 666.321 -2.85775
4920 1392.82 -18140.6 666.599 -2.85646
4930 1350.28 -17554.7 666.535 -2.8552
4940 1325.5 -17207.2 666.138 -2.85396
4950 1375.32 -18865.6 665.418 -2.85268
4960 1423.58 -17232.9 664.36 -2.85142
4970 1432.4 -14709.3 663.001 -2.85021
4980 1465.44 -14505.5 661.39 -2.84912
4990 1440.92 -13533.9 659.543 -2.84819
5000 1365.27 -10942.9 657.489 -2.84733
5010 1333.31 -9710 655.277 -2.8464
5020 1350.27 -9461.58 652.936 -2.84533
5030 1391.59 -9671.25 650.476 -2.84415
5040 1439.18 -7608.52 647.902 -2.8429
5050 1481.26 -4788.99 645.253 -2.84158
5060 1479.47 -423.368 642.587 -2.84023
5070 1524.7 3416.42 639.979 -2.83882
5080 1598.13 3732.59 637.491 -2.83752
5090 1624.43 4086.08 635.131 -2.83658
5100 1623.93 5935.02 632.905 -2.83598
5110 1680.97 5850.01 630.834 -2.83577
5120 1686.13 6762.86 628.918 -2.83602
5130 1571.58 10068.5 627.17 -2.83656
5140 1565.04 10614.9 625.633 -2.83711
5150 1671.83 7787.31 624.31 -2.83787
5160 1651.44 7135.18 623.157 -2.839
5170 1573.9 6831.41 622.153 -2.84028
5180 1577.8 6971.43 621.291 -2.84161
5190 1509.73 8962.37 620.573 -2.84285
5200 1513.55 9142.88 620.019 -2.84396
5210 1449.2 10472.8 619.637 -2.84491
5220 1432.28 10484.2 619.44 -2.84562
5230 1473.51 9460.61 619.425 -2.84614
5240 1566.91 8796.64 619.576 -2.84658
5250 1705.81 3519.3 619.868 -2.84723
5260 1655.83 4410.26 620.23 -2.84827
5270 1430.34 10458.9 620.672 -2.84943
5280 1349.17 14127.7 621.284 -2.85035
5290 1383.01 16955.3 622.126 -2.85096
5300 1456.81 19537 623.244 -2.85142
5310 1573.57 21748.3 624.681 -2.852
5320 1554.86 23847.3 626.47 -2.85292
5330 1412.2 25128.8 628.644 -2.85417
5340 1280.79 24178.4 631.222 -2.85541
5350 1248.01 21170.5 634.185 -2.8563
5360 1313.06 17002.7 637.482 -2.8567
5370 1456.12 9661.79 641.036 -2.85646
5380 1510.32 3665.27 644.724 -2.85571
5390 1489.99 -1727.76 648.434 -2.85474
5400 1447.47 -5010.16 652.07 -2.85357
5410 1451.87 -8097.32 655.567 -2.85227
5420 1458.54 -13169.5 658.862 -2.85072
5430 1436.9 -15821.6 661.868 -2.84901
5440 1419.47 -15334 664.535 -2.84732
5450 1458.43 -15860.7 666.867 -2.84572
5460 1392.48 -13103.3 668.862 -2.84425
5470 1116.97 -5198.69 670.585 -2.84297
5480 1177.92 -7530.09 672.161 -2.84152
5490 1448.79 -15970.7 673.555 -2.83921
5500 1584.12 -21098.4 674.62 -2.83672
5510 1603.19 -23955.9 675.257 -2.83471
5520 1553.52 -22120.3 675.422 -2.8334
5530 1504.33 -19641.3 675.152 -2.83261
5540 1503.51 -20301.3 674.5 -2.83213
5550 1483.64 -20324.2 673.468 -2.8319
5560 1456.47 -20522.7 672.062 -2.83187
5570 1473.06 -20276.8 670.292 -2.832
5580 1506 -20273.2 668.172 -2.83222
5590 1591.87 -23607 665.708 -2.83279
5600 1667.44 -23614.1 662.86 -2.8339
5610 1702.96 -20548.5 659.643 -2.83549
5620 1737.32 -19147.2 656.121 -2.83759
5630 1667.48 -15327.3 652.343 -2.84011
5640 1541.18 -9338.04 648.392 -2.84242
5650 1478.29 -5779.81 644.376 -2.84424
5660 1478.34 -1156.18 640.375 -2.84551
5670 1575.98 -3225.85 636.454 -2.84649
5680 1717.59 -7247.92 632.588 -2.84793
5690 1711.53 -4103.31 628.722 -2.84986
5700 1622.86 3210.45 624.905 -2.85163
5710 1559.23 10474.7 621.255 -2.85288
5720 1560.06 16191 617.886 -2.85361
5730 1648.47 18242 614.88 -2.85417
5740 1786.48 13007.8 612.247 -2.85527
5750 1842.05 10696.7 609.909 -2.85727
5760 1781.69 12080.9 607.815 -2.85992
5770 1612.28 16853 605.98 -2.86257
5780 1497.36 20344.9 604.464 -2.8648
5790 1377.59 24090.4 603.315 -2.86648
5800 1334.77 25569.8 602.574 -2.86763
5810 1378.87 25957.3 602.257 -2.86842
5820 1539.66 22770.9 602.357 -2.86911
5830 1700.19 18222 602.815 -2.87002
5840 1758.48 16173 603.561 -2.87145
5850 1743.94 13551.7 604.553 -2.87344
5860 1702.81 10752.1 605.745 -2.8758
5870 1687.68 6982.7 607.09 -2.87835
5880 1614.38 6589 608.531 -2.88095
5890 1462.3 8427.86 610.058 -2.88332
5900 1373.1 11866 611.701 -2.88531
5910 1297.72 13058.7 613.506 -2.88681
5920 1282.13 11587.7 615.493 -2.88778
5930 1350.57 9056.57 617.638 -2.88823
5940 1473.05 3986.22 619.894 -2.88822
5950 1467.31 3440.12 622.189 -2.888
5960 1389.56 2646.14 624.505 -2.88776
5970 1357.55 491.839 626.828 -2.8873
5980 1332.72 -2374.72 629.119 -2.8865
5990 1313.34 -3624.02 631.336 -2.88538
6000 1329.73 -4643.98 633.454 -2.884
6010 1421.76 -8132.82 635.454 -2.88232
6020 1522.25 -12344.8 637.277 -2.88045
6030 1580.19 -13530.5 638.857 -2.87872
6040 1578.33 -12609.7 640.176 -2.8774
6050 1546.85 -13196.3 641.248 -2.87648
6060 1431.24 -9619.86 642.075 -2.87583
6070 1306.99 -4683.18 642.721 -2.87522
6080 1368.26 -4781.73 643.267 -2.8744
6090 1551.78 -6957.5 643.717 -2.87334
6100 1628.98 -5970.55 644.045 -2.87244
6110 1583.13 -4778.55 644.263 -2.87196
6120 1431.73 249.865 644.404 -2.87174
6130 1313.52 3796.83 644.549 -2.87144
6140 1362.53 1934.97 644.756 -2.87086
6150 1474.75 398.095 645 -2.87003
6160 1538.08 1033.56 645.254 -2.86919
6170 1509.52 1727 645.528 -2.86852
6180 1434.15 2442.92 645.835 -2.86798
6190 1355.33 -809.669 646.178 -2.86739
6200 1318.03 -3625.29 646.506 -2.86659
6210 1402.6 -7878.59 646.764 -2.86552
6220 1554.83 -12889.8 646.878 -2.86432
6230 1664.35 -14890.8 646.766 -2.86335
6240 1694.95 -15281.7 646.394 -2.86298
6250 1560.92 -11907.9 645.765 -2.86317
6260 1403.01 -7382.98 644.941 -2.86347
6270 1333.42 -3162.62 644.004 -2.86351
6280 1340.7 -146.124 643.034 -2.86315
6290 1358.7 -143.438 642.081 -2.86249
6300 1352.12 379.482 641.152 -2.86159
6310 1389.09 -474.742 640.252 -2.86051
6320 1577.66 -6706.05 639.357 -2.85935
6330 1857.52 -12911.4 638.368 -2.85859
6340 1952.16 -13398.9 637.187 -2.85897
6350 1774.61 -8614.5 635.808 -2.86053
6360 1495.49 354.543 634.321 -2.86223
6370 1496.09 1735.22 632.865 -2.8635
6380 1679.41 -1804 631.468 -2.86477
6390 1694.39 -1996.43 630.08 -2.86644
6400 1490.79 3674.57 628.701 -2.86812
6410 1331.1 7539.06 627.416 -2.86927
6420 1290.91 9421.52 626.289 -2.86978
6430 1370.24 6866.2 625.343 -2.86985
6440 1479.42 5247.18 624.54 -2.86967
6450 1582.64 2789.92 623.844 -2.8695
6460 1639.7 -715.196 623.214 -2.86959
6470 1612.57 -990.971 622.595 -2.87001
6480 1514.9 657.95 621.979 -2.87061
6490 1417.78 3254.02 621.394 -2.87109
6500 1405.52 3434.87 620.875 -2.87133
6510 1428.21 3185.57 620.428 -2.87133
6520 1465.54 2654.01 620.047 -2.87119
6530 1470.98 3917.56 619.726 -2.87096
6540 1499.18 4803.73 619.48 -2.87072
6550 1468.84 6965.23 619.328 -2.87047
6560 1448.85 7499.57 619.295 -2.8702
6570 1554.71 6102.06 619.393 -2.8699
6580 1714.6 3005.08 619.592 -2.86978
6590 1831.39 93.8001 619.846 -2.87025
6600 1838.96 -4558.61 620.099 -2.87158
6610 1691.62 -5434.34 620.284 -2.87354
6620 1489.09 -2084.26 620.388 -2.87552
6630 1366.29 1964.48 620.462 -2.87705
6640 1366.69 3732.4 620.568 -2.87808
6650 1372.41 6761.65 620.742 -2.87869
6660 1351.52 8464.47 621.03 -2.87897
6670 1362.57 5916.75 621.453 -2.87894
6680 1350.75 2942.25 621.973 -2.8786
6690 1339.05 1145.71 622.541 -2.87798
6700 1405.11 1279.52 623.128 -2.87711
6710 1502.14 1157.53 623.732 -2.87612
6720 1503.47 3177.47 624.354 -2.87523
6730 1370.02 6329.59 625.028 -2.87448
6740 1386.24 3803.93 625.795 -2.87368
6750 1511.22 -1210.32 626.617 -2.87267
6760 1530.57 -1355.13 627.418 -2.87168
6770 1467.1 -558.043 628.19 -2.8709
6780 1500.23 -3597.93 628.94 -2.87019
6790 1507.35 -3090.75 629.629 -2.86951
6800 1491.75 -888.492 630.259 -2.86896
6810 1451.43 1654.19 630.872 -2.8685
6820 1423.99 4349.46 631.509 -2.86804
6830 1442.36 6825 632.216 -2.86753
6840 1493.75 8237.82 633.036 -2.86701
6850 1513.79 7972.26 633.991 -2.86657
6860 1482.48 5132.72 635.071 -2.86623
6870 1301.04 7263.22 636.242 -2.86588
6880 1178.16 7592.56 637.524 -2.86535
6890 1271.39 4109.26 638.92 -2.86433
6900 1442.99 1455.09 640.377 -2.86281
6910 1566.18 -1452.65 641.844 -2.86113
6920 1573.96 -3557.77 643.271 -2.85967
6930 1515.36 -4335.04 644.622 -2.85856
6940 1428.57 -1812.68 645.885 -2.85767
6950 1393.61 869.551 647.104 -2.85687
6960 1377.78 80.3147 648.32 -2.85598
6970 1300.21 1830.07 649.53 -2.85496
6980 1260.89 359.002 650.756 -2.85377
6990 1328.95 -6395.93 651.966 -2.85219
7000 1350.17 -7955.68 653.055 -2.85028
7010 1342.94 -7344.61 653.989 -2.84832
7020 1405.33 -10363.3 654.77 -2.84629
7030 1519.94 -14169.3 655.35 -2.84421
7040 1576.71 -14243.8 655.668 -2.84238
7050 1537.25 -12271.4 655.725 -2.84102
7060 1426.04 -7775.62 655.56 -2.84001
7070 1347.73 -3636.55 655.257 -2.83907
7080 1273.56 -303.991 654.896 -2.83798
7090 1230.13 6.85008 654.534 -2.83663
7100 1225.98 -966.248 654.181 -2.835
7110 1244.57 -719.169 653.824 -2.83307
7120 1317.92 -2086.31 653.46 -2.83087
7130 1441.15 -2444.6 653.07 -2.82847
7140 1539.94 -1607.99 652.649 -2.82612
7150 1508.17 2265.25 652.215 -2.8241
7160 1419.68 6574.5 651.836 -2.82242
7170 1470.49 5002.02 651.582 -2.82088
7180 1509.58 3210.17 651.429 -2.81944
7190 1477.77 3564.2 651.347 -2.81819
7200 1515.3 1552.82 651.334 -2.81713
7210 1542.43 2402.96 651.36 -2.81622
7220 1460.14 4703.85 651.438 -2.81551
7230 1349.41 8379.93 651.609 -2.81488
7240 1298.87 10652.3 651.937 -2.81412
7250 1340.77 6932.01 652.451 -2.81311
7260 1398.86 3816.38 653.094 -2.81185
7270 1459.22 1111.9 653.804 -2.81047
7280 1572.31 -2889.93 654.526 -2.80911
7290 1624.75 -5794.96 655.194 -2.80797
7300 1568.86 -3963.58 655.758 -2.80726
7310 1444.12 -1299.33 656.244 -2.80683
7320 1471.44 -1320.58 656.702 -2.8064
7330 1688.68 -5077.61 657.128 -2.806
7340 1789.53 -6702.1 657.462 -2.80606
7350 1666.08 -6140.52 657.674 -2.80682
7360 1486.15 -3051 657.78 -2.80778
7370 1564.06 -6260.48 657.821 -2.80865
7380 1762.27 -13674.2 657.742 -2.80972
7390 1735.97 -13472.8 657.428 -2.8114
7400 1550.11 -11449.8 656.872 -2.81337
7410 1380.05 -5297.14 656.125 -2.81501
7420 1388.46 -3287.12 655.288 -2.81609
7430 1476.96 -3055.91 654.406 -2.81685
7440 1441.12 263.224 653.493 -2.81739
7450 1361.82 2011.35 652.6 -2.81768
7460 1252.76 5096.37 651.769 -2.81757
7470 1279.55 4427.75 651.043 -2.81701
7480 1408.64 1772.88 650.412 -2.81608
7490 1483.91 1030.91 649.832 -2.81501
7500 1507.43 1892.51 649.289 -2.81397
7510 1790.04 -3404.1 648.784 -2.81317
7520 2089.66 -9899.73 648.228 -2.81332
7530 2060.89 -8266.74 647.522 -2.81528
7540 1801.73 -4038.34 646.688 -2.8184
7550 1601.98 -1146.06 645.799 -2.82155
7560 1490.77 1251.99 644.908 -2.82425
7570 1410.41 3818.29 644.061 -2.82636
7580 1393.98 4750.59 643.298 -2.8279
7590 1339.97 7719.92 642.642 -2.82894
7600 1299.99 8763.73 642.137 -2.82941
7610 1485.21 4300.05 641.794 -2.82952
7620 1725.56 -480.267 641.538 -2.82966
7630 1797.73 -551.995 641.291 -2.83039
7640 1684.41 2077.76 641.049 -2.83172
7650 1577.89 3767.74 640.852 -2.83326
7660 1556.07 1450.12 640.725 -2.83475
7670 1603.24 -575.574 640.632 -2.83619
7680 1723.29 -2402.9 640.538 -2.83782
7690 1737.54 -4784.48 640.405 -2.83985
7700 1600.12 -2106.37 640.205 -2.84212
7710 1462.52 976.991 639.978 -2.84409
7720 1525.16 -3072.41 639.762 -2.84573
7730 1628.2 -4001.51 639.509 -2.8473
7740 1701.4 -5211.09 639.193 -2.84908
7750 1663.39 -6033.28 638.795 -2.85116
7760 1531.03 -4556.53 638.306 -2.8532
7770 1528.05 -6888.16 637.744 -2.855
7780 1616.4 -11632.4 637.071 -2.85677
7790 1678.2 -13722 636.212 -2.85876
7800 1664.41 -14440.1 635.133 -2.86104
7810 1598.01 -10928.7 633.832 -2.86343
7820 1536.93 -7073.81 632.366 -2.8656
7830 1516.7 -5257.74 630.805 -2.8675
7840 1479 -788.759 629.19 -2.86908
7850 1378.95 4874.09 627.596 -2.87017
7860 1298.36 8743.67 626.115 -2.87063
7870 1321.9 10153.9 624.809 -2.87057
7880 1379.1 8799.65 623.699 -2.87014
7890 1451.99 6184.63 622.759 -2.86955
7900 1566.81 2178.81 621.942 -2.86897
7910 1679.62 -923.901 621.181 -2.86867
7920 1692.8 39.1692 620.429 -2.86886
7930 1618.93 2695.13 619.698 -2.86945
7940 1548.65 5978.12 619.03 -2.87019
7950 1482.05 9966.13 618.48 -2.87089
7960 1406.86 11128 618.104 -2.87142
7970 1313.87 13336.6 617.927 -2.87166
7980 1270.61 16461.9 617.98 -2.87155
7990 1305.31 17090.4 618.307 -2.87112
8000 1369.54 18850.1 618.922 -2.87044
8010 1441.06 18911.7 619.844 -2.8697
8020 1475.74 17565.1 621.076 -2.86901
8030 1510.89 15770.6 622.591 -2.86846
8040 1576.75 12593.2 624.358 -2.86807
8050 1639.01 8290.29 626.323 -2.86787
8060 1636.42 2421.31 628.409 -2.86788
8070 1553.28 -981.498 630.522 -2.86805
8080 1456.99 -3484.44 632.601 -2.8682
8090 1464.57 -8394.05 634.595 -2.86811
8100 1547.27 -12055.5 636.424 -2.86779
8110 1622.8 -13182.9 638.027 -2.86757
8120 1622.95 -13043.8 639.384 -2.86767
8130 1504.18 -10865.2 640.498 -2.86803
8140 1387.31 -9371.34 641.408 -2.86835
8150 1414.12 -10773.5 642.138 -2.86844
8160 1477.76 -11583.5 642.669 -2.86834
8170 1487.16 -9861.73 642.995 -2.8682
8180 1510.6 -9404.14 643.142 -2.86809
8190 1587.75 -9899.6 643.121 -2.86808
8200 1595.38 -8279.57 642.931 -2.8683
8210 1485.19 -5244.53 642.603 -2.86868
8220 1315.52 -1380.17 642.194 -2.86894
8230 1235.25 -1381.47 641.765 -2.86876
8240 1360.64 -6852.91 641.314 -2.86817
8250 1520.13 -12715.6 640.752 -2.86736
8260 1559.98 -13520.7 639.984 -2.86673
8270 1460.8 -6807.17 639.008 -2.8663
8280 1426.59 -4157.52 637.925 -2.86583
8290 1512.96 -7446.05 636.781 -2.86533
8300 1565.99 -7897.36 635.538 -2.86494
8310 1665.36 -9424.04 634.18 -2.86485
8320 1716.54 -8564.37 632.691 -2.86522
8330 1753.67 -5865.46 631.088 -2.86615
8340 1679.63 -1448.26 629.42 -2.86749
8350 1554.1 3244.01 627.764 -2.86889
8360 1473.81 6823.61 626.198 -2.87001
8370 1508.26 6653.29 624.774 -2.87089
8380 1568.29 6777.08 623.496 -2.87171
8390 1562.95 7487.82 622.361 -2.87257
8400 1510.61 8064.04 621.376 -2.87341
8410 1465.5 9999.75 620.55 -2.87414
8420 1423.32 14306.1 619.916 -2.87461
8430 1516.81 13168.3 619.527 -2.87493
8440 1616.7 12523 619.37 -2.87534
8450 1614.45 13336.9 619.434 -2.87602
8460 1582.52 10400.5 619.72 -2.87691
8470 1599.66 4323 620.176 -2.87794
8480 1525.45 2481.48 620.711 -2.87898
8490 1452.1 2378.26 621.287 -2.8799
8500 1511.41 286.677 621.897 -2.88061
8510 1636.09 -3003.46 622.506 -2.8813
8520 1633.77 -1795.83 623.071 -2.8822
8530 1529.63 -1061.79 623.599 -2.88327
8540 1366.45 2369.98 624.114 -2.88417
8550 1379.13 1037.69 624.659 -2.88468
8560 1560.77 -5171 625.209 -2.8849
8570 1633.27 -5510.01 625.681 -2.8852
8580 1560.49 -5460.97 626.056 -2.88574
8590 1468.93 -3914.99 626.343 -2.88631
8600 1514.1 -7224.02 626.556 -2.88679
8610 1564.01 -9269.94 626.649 -2.88725
8620 1499.9 -6549.28 626.595 -2.88779
8630 1363.65 569.215 626.443 -2.8882
8640 1327.9 3732.69 626.302 -2.88827
8650 1361.89 3224 626.223 -2.88798
8660 1363.04 6170.76 626.215 -2.88742
8670 1487.52 3938.6 626.308 -2.88667
8680 1625.26 1281.7 626.47 -2.88594
8690 1541.51 4825.07 626.669 -2.88553
8700 1305.07 12070.5 626.957 -2.88532
8710 1125.92 17440.1 627.45 -2.88492
8720 1284.2 14984.4 628.228 -2.88409
8730 1525.51 10383.8 629.256 -2.88277
8740 1616.67 7759.2 630.459 -2.8815
8750 1523.71 6294.72 631.787 -2.88061
8760 1371 5716.87 633.216 -2.87999
8770 1291.11 3528.99 634.73 -2.87926
8780 1327.41 -888.929 636.286 -2.87817
8790 1392.67 -3102.25 637.817 -2.87671
8800 1410.61 -6429.25 639.276 -2.87511
8810 1325.63 -7687.49 640.61 -2.87346
8820 1203.58 -5647.5 641.801 -2.87179
8830 1283.69 -10414.1 642.867 -2.86987
8840 1395.24 -12231 643.741 -2.86754
8850 1473.76 -11217.5 644.392 -2.86522
8860 1505.67 -9643.19 644.836 -2.86311
8870 1497.6 -5516.44 645.11 -2.86133
8880 1517.44 -3009.19 645.282 -2.85984
8890 1562.69 -2682.38 645.399 -2.85858
8900 1585.33 -2800.72 645.472 -2.85763
8910 1508.59 622.719 645.505 -2.85699
8920 1419.54 3020.07 645.552 -2.85648
8930 1409.5 1174.72 645.651 -2.85593
8940 1347.54 421.996 645.778 -2.85523
8950 1376.54 -1434.61 645.914 -2.85434
8960 1515.99 -3723.41 646.026 -2.85329
8970 1600.21 -3168.38 646.079 -2.85232
8980 1628.25 -2487.05 646.079 -2.8517
8990 1621.24 -2687.3 646.039 -2.85148
9000 1517.79 335.112 645.963 -2.85156
9010 1428.85 2705.65 645.898 -2.85165
9020 1459.15 2179.57 645.884 -2.85161
9030 1601.52 -1802.09 645.91 -2.85151
9040 1715.53 -7393.17 645.906 -2.85168
9050 1689.42 -9309.18 645.781 -2.85236
9060 1640.98 -12161.4 645.492 -2.85347
9070 1630.57 -14731.1 644.994 -2.85486
9080 1645.84 -13944.2 644.249 -2.85649
9090 1654.47 -13197.5 643.269 -2.85837
9100 1591.06 -12170.9 642.073 -2.86042
9110 1430.2 -5883.75 640.695 -2.86226
9120 1294.7 -3633.88 639.232 -2.86345
9130 1275.98 -5562.73 637.729 -2.86408
9140 1399.02 -5884.32 636.16 -2.86427
9150 1563.64 -7361.96 634.518 -2.86427
9160 1662.93 -9132.89 632.781 -2.8645
9170 1604.11 -6112.4 630.929 -2.86513
9180 1501.74 -550.778 629.014 -2.86571
9190 1603.22 -1446.11 627.118 -2.86625
9200 1675.82 1563.06 625.246 -2.86696
9210 1704.62 6413.72 623.441 -2.8679
9220 1620.01 13448.3 621.785 -2.86906
9230 1387.59 23384.2 620.397 -2.86985
9240 1445.99 23794.8 619.414 -2.87033
9250 1472.48 21941.7 618.847 -2.87074
9260 1449.26 18594.1 618.658 -2.87116
9270 1570.17 13799.4 618.786 -2.87159
9280 1740.98 9122.34 619.148 -2.87224
9290 1800.41 5530.81 619.664 -2.87349
9300 1702.13 3710.08 620.274 -2.87531
9310 1529.78 4741.77 620.949 -2.87725
9320 1397.66 5043.4 621.697 -2.87887
9330 1337.87 4765.13 622.524 -2.88
9340 1353.73 3412.21 623.425 -2.88065
9350 1402.33 -315.192 624.371 -2.88087
9360 1463.15 -4030.42 625.305 -2.8808
9370 1512.96 -6728.62 626.164 -2.8806
9380 1537.72 -7124.25 626.904 -2.88042
9390 1545.53 -5978.37 627.521 -2.88036
9400 1533.04 -5826.43 628.03 -2.88043
9410 1466.92 -4956.58 628.439 -2.88054
9420 1458.6 -6952.51 628.756 -2.88058
9430 1521.75 -8775.06 628.956 -2.88054
9440 1581.3 -11070.8 629.006 -2.88058
9450 1571.11 -10267.9 628.876 -2.88083
9460 1509.62 -7930.47 628.578 -2.88121
9470 1486.57 -7416.04 628.151 -2.8816
9480 1448.15 -5427.83 627.611 -2.8819
9490 1381.58 -2900.81 626.994 -2.88203
9500 1331.03 -2387.66 626.338 -2.88187
9510 1381.31 -2051.89 625.656 -2.8814
9520 1546.6 -2113.87 624.954 -2.88074
9530 1627.72 -281.361 624.237 -2.88018
9540 1595.39 2787.87 623.533 -2.87995
9550 1475.93 7473.49 622.896 -2.87991
9560 1362.25 11210.1 622.4 -2.87979
9570 1309.91 11728.4 622.1 -2.87944
9580 1293.27 10578.3 622.005 -2.87879
9590 1298.24 9483.12 622.095 -2.87786
9600 1350.84 7604.12 622.347 -2.87666
9610 1422.28 4681.4 622.727 -2.87526
9620 1510.52 3311.25 623.187 -2.87381
9630 1541.99 3945.58 623.706 -2.87252
9640 1426.73 6490.54 624.292 -2.87153
9650 1158.97 13080.1 624.992 -2.87069
9660 1027.18 16753.8 625.906 -2.86974
9670 1231.08 10863.3 627.083 -2.86823
9680 1440.57 6544.41 628.44 -2.86596
9690 1534.18 4319.3 629.9 -2.86358
9700 1617.37 661.329 631.419 -2.86147
9710 1657.16 68.5103 632.943 -2.85982
9720 1638.02 -2296.62 634.451 -2.85874
9730 1611.29 -4484.33 635.907 -2.8581
9740 1592.13 -7447.37 637.269 -2.85776
9750 1603.59 -9498.71 638.488 -2.85764
9760 1630.18 -10420.7 639.531 -2.85777
9770 1708.79 -13416.3 640.377 -2.85824
9780 1703.82 -14229.1 640.981 -2.85918
9790 1595.04 -11843.2 641.333 -2.8605
9800 1429.03 -8020.4 641.475 -2.8618
9810 1275.44 -3613.98 641.48 -2.86266
9820 1261.02 -4460.66 641.415 -2.86294
9830 1364.92 -7472.35 641.273 -2.86276
9840 1456.24 -8019.61 641.008 -2.86231
9850 1496.27 -5476.35 640.614 -2.8618
9860 1529.62 -3288.99 640.132 -2.86135
9870 1556.85 411.204 639.608 -2.86101
9880 1452.55 7182.24 639.11 -2.86077
9890 1267.73 12451.4 638.75 -2.86042
9900 1166.06 14802.5 638.618 -2.85973
9910 1346.16 11945.5 638.747 -2.85863
9920 1460.29 6858.58 639.088 -2.85717
9930 1402.74 4565.54 639.556 -2.85577
9940 1325.65 2997.65 640.106 -2.85443
9950 1316.56 -914.518 640.702 -2.85294
9960 1409.04 -4941.77 641.278 -2.85123
9970 1486.12 -8055.77 641.764 -2.8494
9980 1593.13 -11514.3 642.104 -2.84772
9990 1606.6 -10830.4 642.244 -2.84642
10000 1506.7 -4299.82 642.203 -2.84559
