# Time-averaged data for fix 3
# TimeStep c_mytemp c_mypress v_vmyvol v_avgEtotal
1000 384.546 261.246 542.553 -3.31287
2000 690.842 -224.845 554.296 -3.22807
3000 698.211 -308.521 555.054 -3.225
4000 701.257 -40.0658 555.619 -3.22429
5000 700.62 195.009 554.535 -3.22557
6000 697.481 -679.793 555.015 -3.22614
7000 698.297 123.792 555.045 -3.22557
8000 698.361 -85.3455 555.387 -3.22496
9000 701.189 -408.287 555.337 -3.22443
10000 697.662 135.705 554.737 -3.22555
11000 701.087 -358.742 554.708 -3.22521
12000 701.547 -324.084 554.703 -3.22605
13000 698.576 -108.806 554.872 -3.22542
14000 699.31 -5.53528 554.516 -3.22542
15000 698.983 -251.767 555.236 -3.22514
16000 702.594 -460.283 554.808 -3.22596
17000 696.347 198.396 555.113 -3.22528
18000 698.515 -269.409 554.8 -3.22585
19000 699.988 -195.771 554.866 -3.22565
20000 698.541 -120.152 555.244 -3.22503
21000 701.655 -106.618 555.036 -3.22488
22000 699.824 -19.2446 554.765 -3.22534
23000 700.018 -164.572 554.7 -3.22598
24000 699.661 -86.3547 554.662 -3.22613
25000 699.451 -459.188 554.933 -3.22521
26000 698.879 -291.02 555.441 -3.22384
27000 700.049 90.8517 554.637 -3.22566
28000 698.721 -155.9 554.394 -3.22633
29000 697.116 -407.035 555.787 -3.22455
30000 700.224 105.091 554.886 -3.22479
31000 698.829 -328.609 555.685 -3.22431
32000 700.96 -190.936 555.168 -3.22472
33000 700.579 14.766 554.746 -3.22455
34000 700.063 -135.116 554.588 -3.22605
35000 697.754 135.849 554.54 -3.22574
36000 700.512 -614.45 554.912 -3.22574
37000 696.293 -140.544 555.071 -3.22433
38000 702.987 56.0143 555.18 -3.22436
39000 696.381 -270.568 555.194 -3.22509
40000 704.457 -328.622 555.05 -3.22556
41000 693.898 127.542 555.147 -3.22481
42000 703.179 -171.946 554.648 -3.22487
43000 696.278 -126.778 554.458 -3.22632
44000 701.013 -233.281 555.35 -3.22494
45000 701.367 -189.037 554.528 -3.22631
46000 697.544 -208.672 555.371 -3.22463
47000 702.3 -345.939 555.381 -3.22437
48000 696.392 8.21626 554.926 -3.22467
49000 699.899 67.6375 554.752 -3.22524
50000 701.145 -417.129 554.811 -3.22572
51000 700.372 -331.924 555.45 -3.22467
52000 697.904 39.4058 555.135 -3.22393
53000 701.477 -212.378 554.95 -3.22519
54000 697.613 120.359 554.511 -3.22643
55000 702.355 -101.913 554.699 -3.22598
56000 695.063 -815.941 555.973 -3.22408
57000 699.376 216.584 554.411 -3.2249
58000 700.664 -12.5493 554.847 -3.22544
59000 700.259 -244.38 554.612 -3.22584
60000 700.906 -292.716 555.106 -3.22437
61000 694.759 -136.266 555.47 -3.22439
62000 699.177 -103.183 555.402 -3.22387
63000 699.793 -123.831 555.132 -3.22465
64000 700.324 -114.437 555.344 -3.22445
65000 698.501 -143.763 554.244 -3.22625
66000 702.731 -354.475 554.904 -3.22569
67000 696.963 31.7831 554.724 -3.22563
68000 697.962 -362.175 554.719 -3.22615
69000 703.442 -96.9077 554.834 -3.22491
70000 699.724 -31.1558 555.037 -3.22528
71000 695.1 -283.586 555.35 -3.22534
72000 701.504 -239.416 555.389 -3.22396
73000 700.042 150.791 554.809 -3.22474
74000 699.646 -102.348 554.529 -3.22558
75000 699.25 -551.877 555.328 -3.2249
76000 698.966 85.6471 554.648 -3.22525
77000 700.598 -254.457 555.407 -3.22445
78000 697.726 -44.8697 555.133 -3.22461
79000 701.541 -360.7 555.213 -3.22487
80000 696.343 14.1207 555.269 -3.22485
81000 702.21 -92.4413 555.332 -3.22419
82000 700.602 -196.079 554.747 -3.22503
83000 697.916 257.571 554.161 -3.2267
84000 695.085 -511.213 554.968 -3.22652
85000 703.059 -116.926 554.365 -3.22543
86000 697.838 -54.588 554.263 -3.2268
87000 702.087 -282.918 554.591 -3.22654
88000 695.707 -95.2031 554.976 -3.22555
89000 700.233 -351.006 555.892 -3.22361
90000 699.93 -233.778 555.152 -3.22464
91000 701.205 221.477 554.5 -3.22577
92000 699.115 -153.896 555.053 -3.22441
93000 697.941 -186.376 555.298 -3.22466
94000 699.862 -421.149 555.067 -3.22514
95000 699.233 -255.96 555.232 -3.22481
96000 701.103 -31.481 554.958 -3.22392
97000 696.324 84.5296 554.766 -3.22526
98000 701.462 -364.74 555.493 -3.22446
99000 696.525 -91.7829 555.286 -3.2247
100000 700.233 -267.569 555.098 -3.22554
101000 701.336 -271.224 554.813 -3.22548
102000 698.576 58.655 554.655 -3.22582
103000 699.287 -129.383 555.046 -3.22502
104000 697.306 -249.526 555.302 -3.22396
105000 699.42 -334.315 555.236 -3.22452
106000 699.475 -188.152 555.703 -3.22315
107000 700.837 246.181 554.869 -3.22441
108000 697.895 -206.716 555.792 -3.22334
109000 699.911 -396.797 555.495 -3.22436
110000 698.537 63.4352 555.153 -3.22465
111000 701.541 -34.2271 554.706 -3.22511
112000 696.519 -449.003 555.221 -3.22521
113000 699.976 64.8284 554.276 -3.22608
114000 699.349 -218.678 554.824 -3.22515
115000 700.043 34.9092 555.022 -3.22432
116000 701.563 -501.581 554.698 -3.22583
117000 698.924 -117.436 554.496 -3.22655
118000 700.344 -97.69 554.498 -3.22626
119000 695.997 -255.997 555.377 -3.22536
120000 704.088 -103.098 554.979 -3.22498
121000 698.974 -243.528 555 -3.22543
122000 696.544 -186.468 554.714 -3.226
123000 697.77 -247.61 555.178 -3.226
124000 701.582 149.797 554.223 -3.22564
125000 700.925 -312.225 554.389 -3.22626
126000 697.85 -159.785 554.57 -3.22621
127000 698.703 -167.979 554.691 -3.22548
128000 699.143 -308.786 555.254 -3.22476
129000 702.181 -55.0228 554.689 -3.22554
130000 694.321 -183.626 554.413 -3.22639
131000 704.883 -154.142 554.867 -3.22508
132000 694.688 53.08 555.319 -3.22426
133000 702.388 -218.077 554.913 -3.22497
134000 700.01 -104.907 554.956 -3.22586
135000 698.025 -135.177 554.847 -3.22604
136000 699.432 -269.559 555.205 -3.22496
137000 701.731 -399.383 555.011 -3.22499
138000 697.3 223.188 554.278 -3.22564
139000 700.56 -300.795 554.551 -3.22522
140000 695.562 -172.101 555.254 -3.22411
141000 702.268 -101.653 554.041 -3.22562
142000 699.351 -110.16 554.559 -3.22507
143000 698.797 -280.542 554.785 -3.22515
144000 700.784 -434.85 555.793 -3.22374
145000 697.096 -0.514503 555.192 -3.22477
146000 703.065 -53.4362 554.861 -3.2246
147000 698.347 -34.395 555.228 -3.22476
148000 698.397 -301.858 555.285 -3.22524
149000 699.799 -22.7331 554.597 -3.22629
150000 697.47 -169.21 555.335 -3.22489
151000 702.523 -206.029 554.448 -3.22524
152000 697.741 -171.132 554.841 -3.22619
153000 699.809 -138.754 555.28 -3.22548
154000 700.016 -59.4424 555.37 -3.22457
155000 698.966 -126.428 555.058 -3.22438
156000 697.906 -229.452 554.977 -3.22498
157000 700.004 46.838 555.136 -3.22482
158000 696.977 -571.195 555.602 -3.22399
159000 702.834 101.166 554.423 -3.2254
160000 697.002 -283.634 554.999 -3.225
161000 702.119 -3.45237 554.61 -3.2254
162000 696.293 -385.735 555.259 -3.22516
163000 700.303 -140.646 554.699 -3.22569
164000 702.988 -356.731 555.188 -3.22499
165000 696.65 227.046 554.989 -3.22492
166000 699.796 -273.861 554.473 -3.2263
167000 698.172 -254.739 554.857 -3.22585
168000 702.709 -79.8737 554.841 -3.2255
169000 694.037 -75.9806 555.648 -3.22394
170000 704.797 -291.83 554.856 -3.22526
171000 692.119 -82.7032 555.404 -3.2253
172000 701.1 -126.861 555.28 -3.22436
173000 701.873 -470.467 555.119 -3.22502
174000 697.735 -290.557 554.41 -3.22609
175000 701.876 271.576 554.431 -3.2257
176000 699.142 -171.953 554.708 -3.22571
177000 697.835 -284.489 554.091 -3.2272
178000 698.807 -56.1927 555.019 -3.22526
179000 703.787 64.2901 553.734 -3.22684
180000 696.164 -492.62 554.117 -3.2277
181000 700.753 -47.1767 554.497 -3.2258
182000 697.257 -14.6009 554.663 -3.22545
183000 702.062 -223.815 554.673 -3.22524
184000 695.629 -9.59457 554.098 -3.2263
185000 699.068 -441.345 554.849 -3.22564
186000 700.235 -32.3123 554.683 -3.22559
187000 697.891 8.6536 554.831 -3.22517
188000 701.414 -261.804 554.646 -3.22537
189000 697.764 -415.444 555.27 -3.22498
190000 701.193 189.868 555.116 -3.22419
191000 699.756 -405.574 555.309 -3.225
192000 699.063 -247.876 555.256 -3.22509
193000 701.114 -11.8645 554.931 -3.22482
194000 700.424 -40.006 554.103 -3.22601
195000 697.065 -130.679 553.878 -3.2263
196000 700.208 -484.855 554.363 -3.22601
197000 697.994 2.23304 554.976 -3.22549
198000 700.111 -193.044 554.583 -3.22545
199000 699.644 -116.693 554.826 -3.22497
200000 701.801 -180.08 554.461 -3.22602
201000 696.373 -190.528 554.986 -3.22511
202000 698.1 -162.598 555.18 -3.22449
203000 703.364 -143.697 554.912 -3.22464
204000 698.482 -165.253 554.958 -3.22547
205000 700.016 -78.8873 554.392 -3.22642
206000 698.145 -112.412 554.45 -3.22591
207000 699.132 -252.423 554.85 -3.22549
208000 697.906 -294.856 555.11 -3.22515
209000 701.162 119.928 554.24 -3.22645
210000 699.135 -405.026 554.415 -3.22658
211000 698.616 -25.1161 554.364 -3.22568
212000 701.477 -90.5796 554.491 -3.22569
213000 699.327 -313.975 554.447 -3.22617
214000 697.805 -25.9897 554.381 -3.22575
215000 698.537 -129.342 554.874 -3.22544
216000 697.733 -174.636 556.022 -3.22362
217000 704.571 -385.604 555.454 -3.22478
218000 696.789 -73.285 555.767 -3.22431
219000 701.798 -188.007 555.145 -3.22503
220000 698.552 -94.4586 555.339 -3.22493
221000 698.863 -14.3809 555.662 -3.22378
222000 699.546 -163.765 555.815 -3.22314
223000 698.403 106.412 554.693 -3.22554
224000 703.346 -305.47 555.06 -3.22451
225000 694.592 -333.327 555.204 -3.22599
226000 703.536 -348.056 554.804 -3.22473
227000 696.775 -177.701 554.548 -3.22633
228000 698.733 -83.1251 554.549 -3.22535
229000 699.866 159.272 553.881 -3.22702
230000 700.535 -281.439 554.29 -3.22598
231000 699.426 -127.867 553.946 -3.22647
232000 697.791 -335.087 553.958 -3.2267
233000 700.469 -172.375 554.433 -3.22569
234000 698.718 -34.571 554.686 -3.22541
235000 701.129 -360.358 555.16 -3.22466
236000 696.905 -46.0122 554.683 -3.22563
237000 700.152 -136.311 555.116 -3.22483
238000 697.982 -191.89 554.252 -3.22643
239000 702.844 -109.352 554.551 -3.2252
240000 697.255 -335.181 554.019 -3.22672
241000 697.773 -133.516 553.938 -3.22688
242000 703.159 38.4343 554.139 -3.22544
243000 697.772 14.5101 554.509 -3.22555
244000 701.426 -564.582 554.991 -3.22526
245000 698.354 162.094 554.727 -3.2248
246000 696.013 -155.386 554.99 -3.22489
247000 702.696 -434.296 554.703 -3.2255
248000 699.811 74.7105 554.655 -3.22605
249000 698.346 117.139 554.316 -3.22662
250000 697.673 -331.88 554.389 -3.22695
251000 699.326 -265.128 554.512 -3.22596
252000 702.114 -154.812 554.656 -3.22522
253000 698.661 -172.878 554.337 -3.22688
254000 696.648 -214.014 554.805 -3.22647
255000 701.393 -139.361 554.605 -3.22597
256000 698.276 -308.248 554.531 -3.22704
257000 700.903 -184.218 554.377 -3.22653
258000 698.202 158.897 554.392 -3.22611
259000 698.448 -271.119 555.309 -3.22518
260000 697.504 212.934 555.054 -3.22467
261000 701.111 -508.49 555.916 -3.22381
262000 698.31 -15.2976 555.26 -3.22532
263000 699.621 -377.27 555.463 -3.22494
264000 702.013 -72.2587 554.988 -3.22534
265000 697.055 -201.622 555.478 -3.22558
266000 698.672 -383.272 554.984 -3.22627
267000 698.967 205.651 554.711 -3.22553
268000 699.628 -216.032 554.872 -3.22615
269000 702.147 -2.64833 554.669 -3.22552
270000 702.344 -205.852 554.94 -3.2256
271000 695.523 -352.894 555.273 -3.22594
272000 698.332 -92.8033 555.244 -3.22568
273000 696.594 -259.361 555.375 -3.22535
274000 701.335 -36.2845 555.12 -3.22484
275000 701.724 -169.115 554.981 -3.22561
276000 697.602 -231.293 555.506 -3.22437
277000 698.86 144.889 554.836 -3.22513
278000 699.3 -371.763 554.85 -3.22501
279000 702.585 -331.418 554.783 -3.22542
280000 697.484 436.094 554.188 -3.2257
281000 700.594 -659.986 554.822 -3.22532
282000 696.8 96.6979 555.018 -3.22442
283000 699.295 59.8536 555.313 -3.22454
284000 702.494 -590.548 554.891 -3.2258
285000 695.551 28.9966 554.55 -3.22616
286000 699.658 -251.478 554.464 -3.22648
287000 698.914 -358.604 555.148 -3.22424
288000 701.146 72.7164 555.086 -3.22485
289000 699.072 -251.375 555.312 -3.22494
290000 699.359 -143.016 555.035 -3.22504
291000 698.438 -127.18 554.9 -3.22444
292000 694.682 41.3369 555.033 -3.22455
293000 705.297 -523.464 554.566 -3.22524
294000 696.589 178.487 554.611 -3.22532
295000 701.083 -96.1372 554.454 -3.22575
296000 697.986 -579.319 555.392 -3.22522
297000 704.061 -224.256 554.948 -3.22476
298000 697.37 161.914 554.878 -3.2245
299000 698.763 -225.271 554.972 -3.22557
300000 699.864 -30.8427 554.59 -3.2258
301000 698.659 -342.137 554.685 -3.2261
302000 699.08 142.59 554.742 -3.22513
303000 701.859 -368.979 555.042 -3.22522
304000 693.563 -209.364 554.856 -3.226
305000 701.632 -267.935 554.855 -3.22497
306000 701.445 38.2907 554.635 -3.2245
307000 700.747 -254.82 554.791 -3.22531
308000 699.16 -105.089 554.445 -3.22627
309000 696.836 -100.412 554.37 -3.22636
310000 703.528 -452.093 554.984 -3.22578
311000 693.044 116.935 554.707 -3.22566
312000 700.602 -153.739 554.972 -3.22489
313000 698.955 133.606 555.067 -3.22435
314000 700.961 -427.563 555.208 -3.22542
315000 698.215 6.80223 554.722 -3.22601
316000 702.426 -290.295 554.694 -3.22604
317000 697.29 -28.1284 554.411 -3.22633
318000 699.222 -397.672 554.714 -3.22641
319000 699.932 -0.874077 554.709 -3.22558
320000 700.996 -503.44 554.604 -3.2255
321000 699.403 126.67 554.448 -3.22554
322000 699.265 -363.532 554.855 -3.22545
323000 699.281 67.0645 554.699 -3.22514
324000 699.313 -58.1719 555.041 -3.22499
325000 697.624 -329.097 555.625 -3.22434
326000 700.984 -416.808 554.999 -3.22554
327000 701.072 165.484 554.73 -3.22541
328000 696.654 -449.493 555.553 -3.22405
329000 696.772 319.835 554.534 -3.22509
330000 698.401 -200.411 555.147 -3.22408
331000 699.915 -342.771 555.274 -3.22448
332000 700.831 13.7483 554.692 -3.2256
333000 699.116 -389.606 555.241 -3.22491
334000 704.117 -155.146 555.293 -3.22357
335000 695.958 -68.3199 554.545 -3.22593
336000 700.789 120.79 554.189 -3.22589
337000 697.789 -622.039 554.793 -3.22656
338000 699.742 37.2582 554.509 -3.22619
339000 699.077 -327.791 554.667 -3.22563
340000 701.278 -145.542 554.325 -3.22663
341000 696.926 -90.83 554.337 -3.22529
342000 701.347 -166.891 554.348 -3.22587
343000 697.787 -46.7606 554.726 -3.22581
344000 701.983 -315.521 555.003 -3.22535
345000 699.285 93.8443 554.817 -3.22559
346000 698.03 -467.212 554.747 -3.22573
347000 699.648 -19.9369 554.693 -3.22531
348000 699.69 -253.645 554.424 -3.2254
349000 699.377 -111.95 554.673 -3.22564
350000 699.564 239.463 554.293 -3.22573
351000 700.754 -386.059 554.403 -3.22616
352000 699.431 -150.687 555.099 -3.22491
353000 697.767 -223.958 555.441 -3.22441
354000 700.996 -320.661 554.589 -3.22583
355000 699.435 -147.617 554.83 -3.22497
356000 699.752 61.6685 554.568 -3.22542
357000 697.971 -406.485 555.97 -3.2229
358000 701.469 -240.676 554.569 -3.22539
359000 695.261 175.337 554.335 -3.22588
360000 703.491 -475.268 554.713 -3.22462
361000 695.988 -75.1288 555.058 -3.22458
362000 701.767 -23.0087 555.482 -3.224
363000 695.357 -135.939 555.548 -3.22418
364000 700.33 -134.43 555.1 -3.2246
365000 701.32 -151.791 554.52 -3.225
366000 701.052 -290.93 554.687 -3.22611
367000 698.23 186.659 554.345 -3.22598
368000 697.691 -434.683 555.024 -3.22546
369000 700.976 -208.145 554.437 -3.22646
370000 700.349 -203.35 554.765 -3.22614
371000 695.862 -145.884 554.824 -3.2258
372000 699.469 -75.8863 554.365 -3.22608
373000 702.7 -336.11 554.231 -3.22598
374000 695.462 -291.881 554.585 -3.22577
375000 703.564 -117.561 554.451 -3.22539
376000 698.579 -127.661 554.993 -3.22493
377000 697.531 28.1523 554.722 -3.22564
378000 698.579 -136.462 554.521 -3.22647
379000 702.518 -127.531 554.911 -3.22565
380000 695.852 -232.936 555.355 -3.22519
381000 701.777 -354.136 555.125 -3.22499
382000 699.481 100.337 554.812 -3.22561
383000 696.421 -34.6703 555.482 -3.22465
384000 698.189 -247.261 556.071 -3.22363
385000 702.256 -294.76 555.503 -3.22476
386000 699.287 -237.696 555.231 -3.22444
387000 700.525 172.985 554.982 -3.22464
388000 698.834 -265.717 555.579 -3.22452
389000 699.037 -207.092 555.731 -3.22355
390000 696.87 -270.398 555.391 -3.22393
391000 701.562 -21.3945 554.978 -3.22456
392000 701.009 -329.932 554.577 -3.22614
393000 700.111 -195.235 554.611 -3.22624
394000 698.43 -79.397 554.908 -3.22517
395000 700.133 -319.442 554.978 -3.22566
396000 698.095 -57.7019 554.924 -3.22568
397000 700.46 7.5588 554.478 -3.22557
398000 698.99 -192.713 554.653 -3.2259
399000 698.513 -226.287 555.009 -3.22468
400000 700.416 43.9006 555.126 -3.22406
401000 701.709 -398.153 554.602 -3.22576
402000 695.474 14.8102 554.313 -3.22622
403000 700.703 -185.927 553.885 -3.22687
404000 701.131 -272.495 554.142 -3.22625
405000 700.08 -185.203 554.579 -3.22606
406000 697.193 -176.656 554.293 -3.22643
407000 699.385 90.3232 554.552 -3.22561
408000 699.939 -411.448 555.575 -3.22451
409000 697.76 -3.66808 555.978 -3.22317
410000 700.965 -213.072 555.864 -3.22361
411000 699.117 -152.572 555.597 -3.22374
412000 698.284 -290.148 555.493 -3.22421
413000 700.406 -191.636 555.119 -3.22453
414000 698.366 189.584 554.243 -3.22558
415000 701.202 -350.325 555.222 -3.22397
416000 697.774 -58.0134 554.828 -3.22513
417000 699.573 -302.189 555.475 -3.22458
418000 699.992 -196.187 554.908 -3.22552
419000 698.544 45.7186 554.572 -3.22617
420000 701.243 -207.894 554.503 -3.22654
421000 696.338 -119.325 554.231 -3.22709
422000 699.556 -191.67 554.724 -3.22598
423000 698.071 -54.1213 554.856 -3.22557
424000 701.058 -469.819 555.317 -3.22494
425000 701.473 -211.77 554.906 -3.22497
426000 696.583 169.526 554.418 -3.22579
427000 703.128 -320.781 554.676 -3.22505
428000 698.022 -88.4154 555.289 -3.22375
429000 699.674 -544.887 554.89 -3.22599
430000 694.202 233.335 555.101 -3.22502
431000 703.062 -344.6 555.709 -3.22396
432000 697.792 22.644 555.081 -3.22491
433000 703.205 -4.74253 554.491 -3.22499
434000 698.623 -275.179 555.567 -3.22351
435000 696.955 -132.077 555.247 -3.22497
436000 698.663 -177.983 554.982 -3.22442
437000 700.322 -325.088 555.646 -3.22366
438000 700.441 190.685 554.986 -3.22475
439000 699.308 -322.621 555.072 -3.22525
440000 696.58 -253.235 554.616 -3.22626
441000 701.631 9.50126 554.827 -3.2254
442000 701.452 -278.18 555.412 -3.22468
443000 698.33 -257.578 555.074 -3.22553
444000 698.665 -95.3056 554.839 -3.22503
445000 700.698 -310.131 555.024 -3.22528
446000 697.808 -14.131 554.505 -3.2252
447000 700.703 -111.672 554.412 -3.22576
448000 702.183 -49.3026 554.638 -3.22559
449000 695.927 -296.193 554.902 -3.22592
450000 703.015 -246.747 555.479 -3.22437
451000 695.832 -82.8887 555.006 -3.22539
452000 700.094 -228.564 554.664 -3.22595
453000 701.619 -83.6297 554.722 -3.2246
454000 695.409 -91.6161 555.096 -3.22493
455000 700.153 -189.657 554.459 -3.22568
456000 699.19 -296.533 554.883 -3.22537
457000 701.449 -139.693 554.874 -3.22499
458000 697.784 -21.8393 555.086 -3.22475
459000 700.076 -262.787 554.803 -3.22569
460000 700.391 -138.466 554.634 -3.22592
461000 698.169 -332.705 555.348 -3.22458
462000 699.819 177.843 555.527 -3.22353
463000 699.262 -233.519 554.989 -3.22513
464000 701.314 -270.941 555.181 -3.22449
465000 698.952 -256.572 555.196 -3.22484
466000 699.012 -68.1996 554.991 -3.2249
467000 694.974 -190.998 555.41 -3.22508
468000 703.977 -352.571 555.334 -3.22433
469000 700.284 202.724 554.485 -3.22594
470000 695.459 -251.592 555.149 -3.22513
471000 703.178 -64.6079 555.074 -3.22463
472000 700.916 -347.04 554.85 -3.22612
473000 697.037 -148.52 555.108 -3.22502
474000 699.838 186.998 554.949 -3.22481
475000 699.799 -158.783 554.784 -3.22605
476000 695.481 -316.485 555.343 -3.22505
477000 700.557 -229.324 555.143 -3.22513
478000 697.044 -637.033 555.6 -3.22458
479000 701.196 357.056 554.89 -3.22448
480000 699.846 -204.771 555.291 -3.22499
481000 700.628 182.594 554.272 -3.22598
482000 696.819 -195.068 555.018 -3.2248
483000 701.224 -425.492 556.164 -3.22274
484000 697.38 -461.653 555.48 -3.22435
485000 700.075 236.2 553.918 -3.22655
486000 702.343 -315.325 554.446 -3.22625
487000 695.945 -190.836 555.292 -3.22519
488000 700.508 -78.001 555.176 -3.22378
489000 700.385 -133.2 555.188 -3.22513
490000 697.499 -314.539 555.189 -3.22494
491000 699.635 -236.066 555.097 -3.22491
492000 698.417 79.1621 554.961 -3.22439
493000 701.259 -63.4552 554.973 -3.22501
494000 699.615 -321.074 554.134 -3.22678
495000 698.938 -224.776 554.769 -3.22525
496000 696.578 -16.4983 554.952 -3.22509
497000 702.164 2.91406 554.858 -3.2254
498000 696.42 -250.805 555.213 -3.22522
499000 700.949 -271.655 554.945 -3.22507
500000 700.389 -43.364 555.285 -3.22398
501000 698.22 -161.837 555.151 -3.2241
502000 702.487 -252.935 554.942 -3.22414
503000 697.96 -152.117 555.041 -3.22496
504000 699.189 -295.058 554.556 -3.22616
505000 700.198 113.283 555.306 -3.22393
506000 696.345 112.97 555.139 -3.22452
507000 702.04 -646.708 555.676 -3.22354
508000 696.57 46.7043 554.841 -3.22518
509000 699.096 -171.27 555.366 -3.22509
510000 701.444 -180.044 555.528 -3.22425
511000 697.725 92.6948 554.565 -3.22572
512000 703.209 -632.149 554.929 -3.22525
513000 696.092 160.227 554.839 -3.22519
514000 699.398 -119.975 554.82 -3.22465
515000 697.888 -196.327 553.92 -3.22691
516000 701.58 -396.695 554.857 -3.22551
517000 699.658 -38.8479 554.465 -3.22596
518000 702.215 -305 554.471 -3.22552
519000 695.568 148.302 554.992 -3.22437
520000 699.846 -145.536 555.087 -3.2248
521000 700.657 -349.694 555.356 -3.22432
522000 700.084 -310.927 555.134 -3.22444
523000 696.013 -165.113 554.983 -3.22485
524000 699.304 93.1598 554.956 -3.22498
525000 702.922 -57.7813 555.482 -3.22398
526000 695.893 -99.8736 554.913 -3.22585
527000 701.792 -632.188 555.439 -3.22462
528000 698.799 175.648 554.614 -3.22541
529000 701.112 -64.6837 554.814 -3.22473
530000 695.386 -48.4888 555.41 -3.22453
531000 698.598 -621.309 555.375 -3.22482
532000 699.797 94.3509 554.632 -3.22543
533000 699.569 -23.7147 554.769 -3.22606
534000 700.382 -127.426 555.243 -3.22499
535000 699.031 -151.566 555.053 -3.22524
536000 700.528 -396.327 555.266 -3.22465
537000 695.998 -183.223 554.81 -3.22568
538000 702.859 -41.496 554.322 -3.226
539000 699.608 -318.456 554.853 -3.22605
540000 699.972 -190.555 554.089 -3.22637
541000 695.982 254.183 554.524 -3.22551
542000 700.174 -341.644 555.089 -3.22464
543000 699.969 -347.092 555.666 -3.22417
544000 698.361 106.902 554.937 -3.2246
545000 702.384 -252.806 555.054 -3.22508
546000 695.027 -339.691 555.441 -3.22515
547000 700.91 36.7518 554.972 -3.22479
548000 700.298 75.5389 554.433 -3.2254
549000 698.426 -366.074 555.061 -3.22587
550000 701.071 -359.196 554.784 -3.22499
551000 701.502 -102.917 554.523 -3.22611
552000 696.434 -288.098 555.15 -3.22531
553000 700.695 148.739 554.248 -3.22568
554000 698.097 -318.556 554.919 -3.22555
555000 700.077 -184.523 554.957 -3.22516
556000 696.833 -461.633 555.253 -3.22481
557000 700.422 -20.196 554.927 -3.22506
558000 695.997 264.728 555.622 -3.22363
559000 701.23 -309.191 554.943 -3.22545
560000 701.823 -112.644 555.37 -3.22441
561000 699.428 -3.52877 554.915 -3.22528
562000 702.06 -143.436 554.683 -3.22611
563000 696.333 -315.747 554.704 -3.22645
564000 700.157 -218.386 555.655 -3.22385
565000 698.657 -154.336 554.486 -3.22558
566000 697.143 -134.496 554.59 -3.22592
567000 699.303 -227.622 555.279 -3.22444
568000 704.52 -76.665 554.482 -3.22485
569000 697.94 -141.132 554.387 -3.22622
570000 697.866 -141.921 554.687 -3.22529
571000 700.172 96.5853 554.338 -3.22599
572000 700.463 -363.982 555.512 -3.22441
573000 699.2 -66.1525 555.32 -3.22449
574000 698.196 -530.963 555.593 -3.22464
575000 698.784 37.9146 554.875 -3.22576
576000 699.07 113.987 554.551 -3.22536
577000 701.116 -612.856 554.961 -3.22573
578000 699.435 37.3881 554.877 -3.22481
579000 698.255 4.78307 554.959 -3.22528
580000 702.423 -428.006 554.713 -3.22545
581000 698.526 -121.564 554.405 -3.22649
582000 698.724 -70.015 554.283 -3.22644
583000 698.62 -53.2142 554.433 -3.22573
584000 699.486 -155.436 554.563 -3.22556
585000 701.559 -369.834 554.818 -3.22535
586000 693.286 114.552 554.286 -3.22668
587000 703.382 -646.544 555.865 -3.22368
588000 702.223 -23.3122 554.667 -3.22557
589000 696.352 158.623 554.943 -3.22488
590000 701.157 -234.166 555.06 -3.22508
591000 696.96 -248.553 555.525 -3.22505
592000 698.981 -210.621 555.61 -3.22474
593000 700.252 -248.943 554.885 -3.22506
594000 701.318 -21.4232 554.511 -3.22625
595000 696.788 182.464 555.413 -3.22432
596000 697.262 -190.959 555.509 -3.22392
597000 700.871 -522.577 555.496 -3.22369
598000 701.322 -36.4357 554.863 -3.22469
599000 698.356 -170.378 555.107 -3.2241
600000 698.551 -306.923 555.093 -3.22445
601000 698.74 -59.2712 555.055 -3.22521
602000 698.909 15.2852 555.167 -3.22449
603000 701.541 -347.313 554.921 -3.22547
604000 695.856 -74.768 556.148 -3.22381
605000 702.756 -173.262 555.9 -3.22238
606000 700.829 -227.484 554.634 -3.22594
607000 697.702 18.6949 554.955 -3.22457
608000 699.951 -27.3144 555 -3.22389
609000 697.366 -422.468 554.735 -3.22506
610000 704.367 -274.294 554.462 -3.2255
611000 697.709 166.773 554.572 -3.22531
612000 695.699 -348.07 555.316 -3.22475
613000 701.426 -405.482 554.946 -3.22441
614000 701.404 37.5921 554.408 -3.22602
615000 699.205 70.0212 554.675 -3.22568
616000 700 -312.284 554.802 -3.22558
617000 697.14 -536.646 555.198 -3.2254
618000 700.483 150.407 554.996 -3.22526
619000 697.742 55.3788 554.862 -3.22584
620000 702.925 -290.384 555.527 -3.22394
621000 695.995 -153.416 555.417 -3.2248
622000 701.725 -177.851 554.578 -3.22536
623000 699.629 -73.4605 554.62 -3.22606
624000 698.116 -388.555 555.023 -3.22531
625000 697.435 79.7721 555.642 -3.22378
626000 702.874 -258.693 555.656 -3.22394
627000 699.415 -74.7964 555.549 -3.22425
628000 699.793 -378.79 555.587 -3.2241
629000 699.808 127.79 555.047 -3.22424
630000 698.533 -78.1894 555.516 -3.22419
631000 698.281 -206.282 554.275 -3.22612
632000 702.459 -381.895 554.601 -3.22571
633000 695.839 -139.505 554.773 -3.22493
634000 701.787 -48.1037 554.209 -3.22586
635000 697.002 -387.328 555.094 -3.22532
636000 700.715 2.35875 554.449 -3.22546
637000 700.404 -322.273 554.34 -3.22639
638000 699.131 -236.935 554.454 -3.22641
639000 698.273 132.794 554.771 -3.22551
640000 699.259 -172.179 555.328 -3.22456
641000 699.964 -254.541 554.703 -3.22573
642000 698.755 -171.685 554.756 -3.22533
643000 695.129 -84.5618 555.484 -3.22439
644000 704.16 -330.625 554.773 -3.22492
645000 702.384 -72.9722 554.691 -3.22521
646000 699.253 -278.995 554.35 -3.2268
647000 696.243 165.23 554.344 -3.22582
648000 698.228 -263.987 555.347 -3.22497
649000 701.131 -244.133 555.23 -3.2244
650000 699.793 -256.808 555.66 -3.22457
651000 696.574 56.8311 555.067 -3.22555
652000 701.949 -35.5785 554.791 -3.22512
653000 702.436 -507.697 555.73 -3.22438
654000 698.924 -58.8021 554.666 -3.22595
655000 700.061 -241.427 554.641 -3.22647
656000 697.485 136.713 554.603 -3.22599
657000 699.14 -245.734 554.296 -3.22622
658000 696.308 -39.7811 554.401 -3.22637
659000 701.464 -341.782 554.902 -3.22467
660000 700.602 -187.061 554.877 -3.22628
661000 699.085 -94.7849 554.797 -3.22571
662000 697.139 -286.723 554.887 -3.22582
663000 702.021 -133.237 554.65 -3.22577
664000 701.851 -243.006 555.164 -3.22497
665000 698.057 86.2663 554.65 -3.226
666000 696.119 -393.333 555.234 -3.22569
667000 703.219 35.7823 554.364 -3.22621
668000 696.488 -157.19 555.08 -3.22501
669000 700.459 -294.122 554.752 -3.22604
670000 699.491 -160.856 554.992 -3.22597
671000 694.628 -104.329 555.613 -3.22438
672000 704.223 -503.861 555.232 -3.22439
673000 698.678 188.27 554.921 -3.22496
674000 700.599 27.2555 555.233 -3.2243
675000 697.035 -45.4559 554.09 -3.22642
676000 700.383 -259.017 554.587 -3.22571
677000 699.323 -230.885 555.265 -3.22448
678000 699.016 -207.019 555.214 -3.22477
679000 698.763 -198.396 555.842 -3.22439
680000 700.761 -252.177 555.896 -3.22364
681000 701.405 52.9627 554.768 -3.22581
682000 694.772 -396.332 554.867 -3.22601
683000 702.012 18.7231 554.512 -3.22582
684000 700.525 -91.9651 554.708 -3.22528
685000 693.256 144.126 555.032 -3.22492
686000 700.101 -665.353 555.382 -3.22366
687000 700.64 97.4218 554.956 -3.22436
688000 699.083 -512.116 555.439 -3.22518
689000 699.301 88.4093 554.61 -3.22508
690000 699.138 -98.5547 555.212 -3.225
691000 698.696 -309.616 554.927 -3.2251
692000 698.645 147.413 554.546 -3.22526
693000 702.857 -316.93 554.967 -3.22366
694000 697.895 4.28438 554.74 -3.22537
695000 700.56 -468.854 554.821 -3.22589
696000 699.167 15.0184 554.798 -3.22523
697000 699.429 -551.619 554.941 -3.22609
698000 698.49 102.823 554.481 -3.22569
699000 699.73 -179.604 555.119 -3.2243
700000 701.121 29.7488 555.034 -3.22479
701000 698.326 -98.6926 554.666 -3.22548
702000 698.617 -243.373 554.611 -3.22518
703000 697.988 -297.495 554.826 -3.22604
704000 698.59 -269.766 555.521 -3.22421
705000 701.655 -277.835 555.8 -3.22392
706000 697.534 346.713 554.846 -3.22486
707000 701.756 -146.391 554.84 -3.22552
708000 695.604 -162.363 555.068 -3.22556
709000 702.635 -43.4873 555.838 -3.22398
710000 697.341 -326.947 556.099 -3.22419
711000 699.019 -159.323 555.849 -3.22357
712000 698.539 -153.064 554.843 -3.2259
713000 700.102 -194.595 554.964 -3.22519
714000 701.515 -3.02578 555.032 -3.22492
715000 697.037 -391.434 555.706 -3.22461
716000 701.122 -203.954 555.065 -3.22444
717000 699.054 -51.4294 554.974 -3.22504
718000 698.623 251.407 554.62 -3.22475
719000 694.956 -386.128 555.262 -3.22546
720000 705.648 -341.033 555.088 -3.22429
721000 697.487 -104.09 554.083 -3.22674
722000 701.382 -95.1255 554.842 -3.22531
723000 697.313 -324.029 554.693 -3.22613
724000 699.678 195.657 554.293 -3.22603
725000 699.593 -245.682 554.799 -3.22579
726000 699.532 -422.724 554.533 -3.22607
727000 700.892 44.0163 553.816 -3.22581
728000 698.109 -130.889 554.226 -3.2263
729000 698.953 -309.7 554.818 -3.2257
730000 699.026 -279.679 554.759 -3.22617
731000 700.685 -186.901 555.396 -3.22421
732000 699.709 -129.601 555.154 -3.2247
733000 698.329 47.6824 553.962 -3.22716
734000 698.408 -107.63 554.663 -3.22667
735000 696.385 -359.04 555.089 -3.22454
736000 702.742 -325.775 555.407 -3.22359
737000 699.424 103.007 554.757 -3.22474
738000 695.978 -43.1667 554.24 -3.22661
739000 702.288 -202.454 554.166 -3.22628
740000 700.063 -211.107 554.532 -3.22622
741000 699.039 -46.2476 554.865 -3.22453
742000 696.858 -83.9716 555.316 -3.22431
743000 704.389 -574.741 555.405 -3.22375
744000 693.974 112.063 555.171 -3.22467
745000 700.194 -220.136 555.281 -3.22424
746000 700.036 18.4586 555.105 -3.2245
747000 694.84 -5.10151 555.778 -3.22358
748000 704.086 -592.657 554.925 -3.22493
749000 698.559 -58.5575 554.674 -3.22624
750000 697.829 174.325 556.005 -3.22331
751000 700.619 -534.931 556.086 -3.22365
752000 700.722 -201.855 555.261 -3.22505
753000 701.272 -44.4579 554.502 -3.22554
754000 697.012 -257.109 555.112 -3.22521
755000 700.169 -427.544 555.177 -3.22531
756000 698.966 151.312 554.795 -3.22466
757000 699.188 30.2348 554.897 -3.22481
758000 698.949 -257.242 554.6 -3.22547
759000 702.642 -205.264 554.55 -3.22494
760000 697.767 -311.239 554.484 -3.22649
761000 699.127 -103.527 554.683 -3.22564
762000 698.707 -358.859 555.201 -3.22466
763000 698.344 41.4244 554.574 -3.22593
764000 700.08 -69.0658 555.581 -3.22438
765000 698.718 15.2546 555.193 -3.22477
766000 701.689 -447.709 554.654 -3.22638
767000 700.833 -142.479 554.827 -3.2256
768000 698.464 -11.4934 554.91 -3.22534
769000 699.698 -94.9037 555.025 -3.22529
770000 698.346 -148.243 555.374 -3.22432
771000 698.089 -320.497 554.994 -3.22556
772000 697.777 94.9584 554.542 -3.22553
773000 702.709 -536.356 554.522 -3.22584
774000 696.906 180.157 554.418 -3.22589
775000 699.667 -250.111 554.68 -3.22569
776000 699.379 -198.222 554.712 -3.22597
777000 702.711 -428.908 555.179 -3.22462
778000 698.766 206.179 554.932 -3.22453
779000 694.559 -124.676 555.206 -3.22537
780000 702.069 -436.67 555.66 -3.22389
781000 699.094 46.3906 555.214 -3.22444
782000 696.828 -13.2784 554.503 -3.22548
783000 701.775 -341.651 555.179 -3.22406
784000 702.15 -20.5286 554.904 -3.22483
785000 695.736 -45.3777 555.56 -3.22399
786000 699.779 -670.542 555.277 -3.22502
787000 698.468 270.814 555.301 -3.22327
788000 698.579 -241.962 556.122 -3.22299
789000 703.782 -247.737 554.832 -3.22475
790000 697.151 -233.762 554.638 -3.2266
791000 698.919 243.533 554.643 -3.22522
792000 699.886 -542.628 555.224 -3.2252
793000 700.848 -150.731 554.369 -3.22643
794000 697.375 -103.031 555.255 -3.2246
795000 699.066 19.6572 554.94 -3.22549
796000 698.73 -457.438 555.101 -3.22534
797000 703.217 -121.238 554.388 -3.22577
798000 699.864 -4.43653 554.746 -3.2256
799000 698.516 -262.714 555.38 -3.22422
800000 696.471 29.6582 554.925 -3.22491
801000 699.797 -277.267 555.047 -3.22503
802000 699.207 -54.6514 554.681 -3.22461
803000 699.817 -251.772 554.652 -3.22468
804000 697.899 -307.459 554.34 -3.22656
805000 701.235 27.4478 554.806 -3.22494
806000 700.11 -156.41 554.44 -3.22532
807000 698.16 -121.728 554.861 -3.22493
808000 700.844 -55.9005 555.119 -3.22429
809000 699.627 -380.717 554.933 -3.22483
810000 697.001 -67.1557 554.945 -3.22534
811000 700.3 29.4319 554.886 -3.22498
812000 700.573 -357.279 555.743 -3.22421
813000 697.602 -246.782 555.171 -3.22579
814000 700.164 -157.241 554.972 -3.22519
815000 699.133 15.6041 555.245 -3.22475
816000 700.195 -240.426 555.337 -3.22485
817000 696.968 -138.209 554.81 -3.22628
818000 700.85 -438.962 555.44 -3.22514
819000 699.928 7.86 554.606 -3.22577
820000 700.442 137.177 554.378 -3.22596
821000 701.917 -505.704 555.434 -3.22491
822000 694.655 -19.6394 554.906 -3.22552
823000 699.618 -208.536 554.914 -3.22601
824000 703.264 25.1634 555.013 -3.22516
825000 696.395 -276.306 555.043 -3.22537
826000 697.509 -388.442 555.909 -3.22466
827000 699.45 20.6255 555.001 -3.22449
828000 697.952 -114.566 555.195 -3.22468
829000 704.231 151.32 555.192 -3.22318
830000 700.446 -444.744 554.705 -3.22591
831000 697.011 -178.231 555.184 -3.22452
832000 698.177 39.2583 554.321 -3.22586
833000 699.864 -295.498 555.148 -3.22552
834000 702.337 -291.252 555.016 -3.22515
835000 698.426 -76.2549 555.222 -3.22441
836000 697.436 -51.7958 555.478 -3.22458
837000 702.537 -267.547 554.755 -3.22553
838000 696.243 -18.8081 555.315 -3.22407
839000 698.225 -308.91 555.115 -3.22527
840000 701.065 -181.838 554.702 -3.22591
841000 699.667 -268.663 555.419 -3.22415
842000 697.832 117.585 555.417 -3.22425
843000 700.898 -310.204 554.985 -3.2245
844000 699.249 -45.1278 554.702 -3.22472
845000 700.336 -351.517 554.071 -3.22713
846000 696.169 -58.0086 554.276 -3.2259
847000 704.415 -96.8754 554.421 -3.22592
848000 695.728 155.258 554.932 -3.22552
849000 700.896 -399.847 555.112 -3.22543
850000 697.783 -207.206 554.964 -3.22544
851000 703.68 -335.984 555.255 -3.22432
852000 695.963 -115.282 554.478 -3.22687
853000 699.207 -232.672 555.061 -3.22564
854000 701.753 -162.484 555.132 -3.22491
855000 699.058 -111.621 554.842 -3.22573
856000 699.001 -57.3153 554.847 -3.22517
857000 700.708 -7.03914 554.613 -3.22543
858000 696.462 -160.946 555.053 -3.22516
859000 699.927 -345.021 555.433 -3.22467
860000 699.158 -106.056 555.337 -3.22423
861000 699.201 -293.661 555.007 -3.22548
862000 702.591 -91.2413 554.204 -3.22607
863000 699.024 -138.399 554.162 -3.2266
864000 696.395 -305.487 554.62 -3.22596
865000 704.135 -270.747 555.053 -3.22477
866000 695.943 45.0851 554.849 -3.22579
867000 700.756 -144.881 554.891 -3.22522
868000 694.883 -85.8616 554.432 -3.22573
869000 702.759 -208.408 554.494 -3.22532
870000 701.727 -302.635 554.478 -3.22616
871000 699.326 -54.1367 554.377 -3.22555
872000 698.658 -163.551 554.331 -3.22623
873000 699.038 -67.4586 554.707 -3.22493
874000 697.928 -160.976 554.773 -3.22544
875000 701.358 -459.252 554.383 -3.22649
876000 698.565 164.567 554.208 -3.22579
877000 697.323 -148.902 554.879 -3.22496
878000 700.355 -124.822 555.174 -3.22464
879000 701.564 -415.35 555.831 -3.2245
880000 697.716 -134.673 554.854 -3.22627
881000 700.413 -29.9627 555.001 -3.22485
882000 695.865 17.0495 555.15 -3.22469
883000 704.496 -387.927 555.02 -3.22496
884000 699.504 8.53792 555.291 -3.22427
885000 698.246 -519.368 555.312 -3.22501
886000 698.928 -175.48 555.103 -3.22525
887000 700.08 97.3846 555.338 -3.22363
888000 699.725 -430.948 555.425 -3.22461
889000 695.239 -71.5866 554.965 -3.22586
890000 704.483 -206.952 554.823 -3.22542
891000 696.274 81.4076 554.124 -3.22717
892000 701.559 -92.8732 554.44 -3.22565
893000 697.565 22.7632 554.496 -3.22578
894000 698.866 -413.382 555.357 -3.22458
895000 699.149 -339.469 554.961 -3.22559
896000 699.738 -231.086 555.553 -3.22368
897000 701.198 50.867 554.662 -3.2248
898000 700.315 240.343 554.191 -3.22603
899000 698.618 -302.595 554.615 -3.22626
900000 699.335 -289.878 555.273 -3.22447
901000 696.05 -240.783 554.824 -3.22581
902000 701.789 -242.828 555.232 -3.22501
903000 699.64 -56.3792 555.001 -3.22489
904000 701.002 -86.6087 554.364 -3.22551
905000 698.724 -257.545 554.907 -3.22472
906000 699.748 -334.822 554.624 -3.22505
907000 699.942 -238.765 554.637 -3.22523
908000 695.402 259.542 554.998 -3.22491
909000 704.1 -118.069 555.632 -3.22383
910000 697.168 -310.541 555.314 -3.22519
911000 696.875 -40.8739 554.755 -3.22597
912000 702.952 -95.8261 554.991 -3.22457
913000 700.035 -443.619 555.055 -3.2252
914000 699.089 -183.646 554.158 -3.22655
915000 695.932 -147.558 555.521 -3.22468
916000 701.94 -62.519 554.504 -3.22508
917000 699.998 -86.2294 554.737 -3.22482
918000 697.616 -147.907 555.026 -3.22527
919000 696.339 -199.858 555.449 -3.22458
920000 701.93 -354.785 555.307 -3.22545
921000 698.858 130.25 554.955 -3.22493
922000 701.887 -345.671 555.167 -3.22454
923000 697.675 -334.049 555.061 -3.22541
924000 700.533 124.138 554.605 -3.22497
925000 697.807 -320.937 554.394 -3.226
926000 698.579 28.5628 553.794 -3.22731
927000 700.715 -179.041 554.575 -3.22615
928000 698.513 -174.972 554.474 -3.22625
929000 700.219 -376.213 554.809 -3.22606
930000 698.048 36.3921 554.672 -3.22565
931000 698.554 87.1074 554.729 -3.22534
932000 701.358 -653.516 555.343 -3.22484
933000 696.715 62.7329 555.022 -3.22551
934000 701.647 -253.885 555.288 -3.22483
935000 703.082 -222.937 554.982 -3.22576
936000 694.386 -73.1338 555.727 -3.22336
937000 701.237 13.2177 554.751 -3.22455
938000 696.79 -140.868 554.888 -3.22602
939000 699.495 -320.358 555.22 -3.22512
940000 699.609 -259.027 554.592 -3.22659
941000 700.985 131.649 554.421 -3.22546
942000 696.362 18.2081 554.304 -3.22621
943000 700.088 -346.18 555.037 -3.22545
944000 701.899 -314.334 554.333 -3.22635
945000 698.586 52.4864 554.76 -3.22514
946000 699.237 -509.946 555.023 -3.22585
947000 700.427 -139.257 554.483 -3.22584
948000 699.102 363.408 554.681 -3.22562
949000 700.022 -558.02 555.179 -3.22514
950000 700.257 26.9709 554.263 -3.22633
951000 699.27 -34.0798 555.118 -3.22429
952000 699.632 -113.881 555.202 -3.22528
953000 698.241 -303.928 555.577 -3.22401
954000 695.873 23.4984 554.989 -3.22534
955000 701.654 -463.908 554.951 -3.22595
956000 701.244 -70.891 554.133 -3.22602
957000 697.487 10.5874 554.652 -3.22596
958000 703.338 -176.218 554.442 -3.22549
959000 697.792 -131.461 554.248 -3.22651
960000 695.362 -263.973 554.872 -3.22599
961000 702.661 101.063 554.953 -3.22422
962000 698.358 -469.853 555.305 -3.22495
963000 696.771 93.4611 555.17 -3.22481
964000 698.783 -263.771 554.873 -3.22502
965000 697.67 -20.4133 555.194 -3.2242
966000 701.964 -397.492 555.207 -3.22457
967000 699.172 -45.8858 555.384 -3.22381
968000 703.465 -360.881 554.78 -3.22566
969000 699.5 -130.553 554.768 -3.2254
970000 699.202 -4.93431 554.097 -3.22635
971000 695.617 -274.681 553.89 -3.22688
972000 701.306 -179.544 554.564 -3.22569
973000 699.633 56.9344 554.639 -3.22503
974000 701.63 -261.71 554.638 -3.22587
975000 698.353 -340.481 554.949 -3.22574
976000 699.054 -63.496 554.62 -3.22598
977000 699.177 -124.169 554.441 -3.22615
978000 700.481 -83.5128 554.578 -3.22592
979000 699.181 -94.2489 554.94 -3.22474
980000 695.705 -320.045 554.469 -3.22599
981000 702.01 31.1487 554.31 -3.22562
982000 698.267 -230.238 554.667 -3.22511
983000 699.189 -423.321 554.943 -3.2253
984000 698.992 55.3694 555.756 -3.2243
985000 698.361 -106.196 555.233 -3.22464
986000 701.262 -49.9593 554.709 -3.22468
987000 702.773 -229.882 554.61 -3.22595
988000 694.84 -611.768 555.316 -3.22514
989000 697.724 262.033 554.505 -3.22557
990000 700.339 -269.845 555.343 -3.22447
991000 700.736 -14.9667 555.614 -3.22473
992000 698.735 -327.526 555.575 -3.2246
993000 703.371 -28.204 554.752 -3.22517
994000 695.9 -162.118 554.765 -3.22555
995000 700.286 -107.305 554.177 -3.22637
996000 696.672 -154.55 554.312 -3.22643
997000 700.507 -454.245 554.502 -3.22561
998000 700.099 372.502 553.923 -3.2264
999000 701.548 -688.878 554.481 -3.22601
1000000 697.069 63.6368 554.394 -3.22618
