# Time-averaged data for fix 2
# TimeStep c_mytemp c_mypress v_vmyvol v_avgEtotal
10 868.296 -3377.8 568.323 -3.15957
20 831.214 -2085.92 568.25 -3.15939
30 862.931 -3673.22 568.131 -3.15903
40 913.155 -5165.77 567.938 -3.15854
50 957.714 -5583.36 567.641 -3.15803
60 992.278 -4930.91 567.234 -3.15763
70 1006.7 -3903.82 566.732 -3.15738
80 962.858 -2291.17 566.161 -3.15729
90 856.059 -492.813 565.556 -3.15722
100 756.009 1686.45 564.957 -3.15696
110 727.055 4090.68 564.412 -3.15641
120 766.212 4925.72 563.968 -3.15551
130 835.376 3654.5 563.64 -3.15435
140 926.723 224.577 563.398 -3.15302
150 1051.85 -3568.39 563.17 -3.15174
160 1145.84 -5003.25 562.879 -3.15079
170 1146.93 -3861.9 562.494 -3.15047
180 1080.17 -1538.58 562.042 -3.15071
190 1011.03 497.765 561.57 -3.15122
200 971.442 2310.77 561.122 -3.15178
210 933.819 5343.48 560.74 -3.15227
220 905.568 6908.66 560.483 -3.15264
230 912.171 7668.9 560.383 -3.15287
240 961.025 7543.84 560.453 -3.15303
250 979.869 7584.22 560.689 -3.15322
260 896.773 9184.74 561.094 -3.15346
270 744.594 10094.6 561.693 -3.15359
280 650.658 9662.2 562.503 -3.15342
290 713.638 7167.52 563.509 -3.15284
300 884.055 2776.04 564.655 -3.15175
310 1022.71 -934.225 565.85 -3.15037
320 1058.31 -2510.82 567.015 -3.14917
330 1042.84 -4184.35 568.111 -3.14836
340 1042.28 -5530.8 569.104 -3.14788
350 1052.42 -6835.81 569.961 -3.14769
360 1015.3 -6037.6 570.663 -3.14776
370 927.412 -4347.28 571.224 -3.14798
380 845.265 -3432.31 571.682 -3.14811
390 812.044 -2856.66 572.059 -3.14802
400 817.249 -3647.53 572.368 -3.14768
410 843.776 -5921.08 572.59 -3.14711
420 882.837 -7767.42 572.68 -3.14638
430 928.306 -8616.36 572.601 -3.14559
440 968.133 -9240.72 572.334 -3.14486
450 1000.36 -9729.28 571.869 -3.1443
460 1023.68 -9983.26 571.2 -3.14397
470 1017 -9213.63 570.327 -3.14391
480 976.734 -7359.31 569.272 -3.14404
490 928.172 -3881.87 568.082 -3.1442
500 925.635 -1093.27 566.832 -3.14424
510 982.176 1505.26 565.587 -3.14418
520 1033.13 3026.07 564.401 -3.14416
530 1002.83 4195.89 563.309 -3.14429
540 908.018 6442.36 562.336 -3.14447
550 833.065 9214.66 561.527 -3.14447
560 860.357 8562.07 560.93 -3.14425
570 967.216 7456.98 560.532 -3.14391
580 1051.36 6568.36 560.307 -3.14366
590 1032.81 6967.49 560.237 -3.14367
600 956.468 6732.71 560.321 -3.14388
610 942.276 5824.05 560.553 -3.1441
620 1045.62 3831.19 560.91 -3.14433
630 1181.9 992.026 561.347 -3.14484
640 1197.06 703.125 561.81 -3.14594
650 1046.02 1140.07 562.288 -3.14745
660 853.014 2776.55 562.79 -3.14877
670 756.393 5125.06 563.352 -3.14959
680 808.055 5167.13 564.016 -3.14998
690 926.227 3713.65 564.785 -3.15006
700 982.576 2467.7 565.628 -3.15006
710 946.373 1588.96 566.519 -3.15011
720 882.551 651.425 567.437 -3.15012
730 866.153 -791.045 568.359 -3.14998
740 909.613 -3399.57 569.252 -3.14966
750 961.482 -5768.05 570.061 -3.14924
760 975.447 -7162.83 570.736 -3.14885
770 935.565 -6132.73 571.25 -3.14857
780 923.131 -6891.12 571.62 -3.14832
790 1011.34 -11843.7 571.825 -3.14808
800 1063.07 -14861.5 571.771 -3.14804
810 1054.62 -13920.4 571.397 -3.14836
820 1035.88 -11001.2 570.726 -3.14897
830 1026.3 -8022.31 569.826 -3.14975
840 969.588 -3080.41 568.773 -3.15056
850 858.094 750.775 567.673 -3.15115
860 771.134 4210.52 566.613 -3.15135
870 791.607 5485.54 565.665 -3.15115
880 907.308 3777.55 564.853 -3.15067
890 1005.18 3269.01 564.145 -3.15012
900 1027.22 3293.3 563.526 -3.14974
910 980.709 4060.61 562.997 -3.14958
920 925.833 4941.94 562.57 -3.14951
930 903.234 5759.31 562.263 -3.14941
940 917.509 5462.16 562.088 -3.14923
950 945.835 5692.56 562.04 -3.14902
960 956.273 6572.86 562.123 -3.14883
970 933.98 6437.09 562.35 -3.14869
980 917.175 5496.88 562.717 -3.14856
990 960.802 2720.69 563.199 -3.14839
1000 1043.28 -332.94 563.738 -3.14825
1010 1083.06 -1726.03 564.271 -3.14833
1020 1041.27 -2096.13 564.765 -3.14871
1030 970.841 -1238.07 565.213 -3.14923
1040 943.308 -139.745 565.633 -3.14973
1050 947.777 827.767 566.048 -3.15016
1060 932.065 1489.73 566.48 -3.15054
1070 872.122 1278.16 566.941 -3.15079
1080 825.55 981.6 567.429 -3.15084
1090 852.844 -322.512 567.933 -3.15064
1100 946.099 -1971.54 568.427 -3.15025
1110 1013.74 -4120.49 568.873 -3.14985
1120 989.93 -3771.62 569.231 -3.14961
1130 912.94 -2696.24 569.506 -3.1495
1140 854.242 -2737.31 569.72 -3.14934
1150 871.491 -4060.49 569.871 -3.14902
1160 959.184 -6833.17 569.931 -3.14858
1170 1044.71 -8182.84 569.846 -3.14819
1180 1062.09 -7159.34 569.589 -3.1481
1190 1000.98 -4934.92 569.184 -3.14829
1200 915.129 -2042.86 568.682 -3.14855
1210 848.076 809.457 568.148 -3.14867
1220 794.53 1644.67 567.641 -3.14855
1230 730.682 2505.61 567.182 -3.14815
1240 701.413 3310.88 566.79 -3.14743
1250 813.401 1957.66 566.477 -3.14636
1260 999.928 121.407 566.216 -3.14497
1270 1144.8 -2250.71 565.966 -3.1437
1280 1185.65 -4195.68 565.676 -3.14303
1290 1140.7 -3656.98 565.309 -3.14312
1300 1048.39 -2027.8 564.875 -3.14369
1310 940.807 1010.68 564.413 -3.14435
1320 878.411 3452.37 563.983 -3.14483
1330 908.8 3499.68 563.635 -3.1451
1340 973.936 3927.99 563.375 -3.14527
1350 988.36 5384.71 563.212 -3.14546
1360 948.108 6893.6 563.174 -3.14572
1370 896.251 6786.26 563.288 -3.14594
1380 882.074 4855.24 563.55 -3.14603
1390 921.028 1341.69 563.916 -3.14597
1400 989.017 -1052.26 564.313 -3.14583
1410 1043.04 -1352.51 564.691 -3.1458
1420 1035.37 -1764.81 565.038 -3.14599
1430 972.769 -309.08 565.351 -3.14633
1440 940.781 -197.327 565.654 -3.14669
1450 967.704 -2367.07 565.95 -3.14698
1460 1013.29 -4549.95 566.194 -3.14728
1470 1059.75 -5363.76 566.343 -3.14772
1480 1098.55 -5022.27 566.378 -3.14842
1490 1089.17 -3560.51 566.31 -3.14943
1500 1002.53 -1296.41 566.172 -3.15059
1510 871.901 1102.49 566.012 -3.1516
1520 758.133 3216.04 565.884 -3.1522
1530 717.26 3311.95 565.828 -3.15233
1540 767.867 1959.89 565.847 -3.15204
1550 880.128 -187.662 565.911 -3.15142
1560 980.734 -1021.97 565.978 -3.15064
1570 992.642 313.44 566.03 -3.14999
1580 915.048 2191.96 566.094 -3.14951
1590 834.477 4505.17 566.212 -3.14907
1600 841.99 3136.6 566.424 -3.1485
1610 927.455 -26.3978 566.704 -3.14776
1620 1030.77 -3394.58 566.983 -3.14699
1630 1091.31 -6393.78 567.189 -3.14646
1640 1070.72 -6177.51 567.263 -3.14634
1650 992.203 -4119.28 567.209 -3.14654
1660 926.464 -3098.76 567.066 -3.14681
1670 904.807 -671.473 566.865 -3.14699
1680 912.219 982.887 566.655 -3.14705
1690 892.803 1942.91 566.473 -3.14701
1700 828.826 3576.57 566.344 -3.14682
1710 873.998 1454.49 566.292 -3.14644
1720 1026.79 -2328.14 566.274 -3.14595
1730 1116.75 -3901.86 566.215 -3.14565
1740 1090.27 -4084.69 566.078 -3.1458
1750 993.503 -1661.66 565.865 -3.14626
1760 917.289 809.918 565.623 -3.14672
1770 918.303 1973.51 565.405 -3.14705
1780 970.926 2027.77 565.236 -3.14728
1790 1001.92 2241.84 565.119 -3.14753
1800 967.148 3004.48 565.06 -3.14787
1810 874.959 4591.94 565.074 -3.14816
1820 774.699 5797.37 565.192 -3.14825
1830 730.502 5941.31 565.439 -3.14803
1840 791.547 3865.87 565.812 -3.14746
1850 922.762 730.937 566.268 -3.14657
1860 1031.03 -3156.38 566.737 -3.1456
1870 1034.02 -4704.56 567.139 -3.14485
1880 955.224 -4838.85 567.44 -3.14441
1890 894.383 -3751.93 567.637 -3.14408
1900 940.467 -4016.52 567.75 -3.14372
1910 1044.8 -5207.78 567.776 -3.14337
1920 1090.95 -5294.71 567.693 -3.14329
1930 1047.69 -4815.94 567.501 -3.14357
1940 971.397 -3589.08 567.212 -3.14404
1950 933.087 -2649.32 566.851 -3.14448
1960 949.919 -1890.93 566.443 -3.14483
1970 975.952 -1960.56 566.002 -3.14515
1980 977.971 -3040.46 565.528 -3.14549
1990 955.222 -2465.78 565.002 -3.14585
2000 931.681 -751.878 564.436 -3.14617
2010 907.994 1893.71 563.87 -3.14636
2020 929.808 2195.98 563.354 -3.14643
2030 983.757 1116.07 562.896 -3.14646
2040 1040.1 1349.92 562.477 -3.14658
2050 1072.86 1617.23 562.098 -3.14691
2060 1081.03 1929.54 561.766 -3.14752
2070 1079.21 2226.83 561.486 -3.14839
2080 1052.01 3490.94 561.266 -3.14947
2090 981.6 5235.83 561.13 -3.1506
2100 899.369 6735.99 561.115 -3.15157
2110 866.946 6621.12 561.248 -3.15228
2120 881.317 6484.15 561.526 -3.15274
2130 885.865 6699.59 561.947 -3.15302
2140 856.258 7328.09 562.514 -3.15314
2150 826.74 6840.73 563.234 -3.15309
2160 822.917 5713.87 564.098 -3.15282
2170 837.021 4607.58 565.082 -3.15234
2180 889.403 1258.81 566.155 -3.15166
2190 968.674 -3428.76 567.242 -3.15081
2200 1007.07 -5632.78 568.252 -3.15
2210 1002.14 -6807.52 569.13 -3.14938
2220 972.056 -6329.32 569.854 -3.14897
2230 939.493 -5323.4 570.432 -3.1487
2240 913.375 -5062.59 570.887 -3.14846
2250 898.133 -4830.39 571.228 -3.14818
2260 901.935 -5301.92 571.459 -3.14783
2270 919.858 -6031.67 571.571 -3.14743
2280 936.364 -6161.89 571.552 -3.14702
2290 947.624 -5198.65 571.403 -3.14664
2300 957.845 -4194.37 571.143 -3.14632
2310 944.269 -3371.36 570.798 -3.14605
2320 880.059 -2896.41 570.387 -3.14581
2330 797.024 -1333.14 569.924 -3.14547
2340 779.469 130.218 569.442 -3.14489
2350 861.848 21.4638 568.972 -3.14406
2360 978.366 -1499 568.511 -3.14306
2370 1069.25 -3540.16 568.027 -3.14218
2380 1112.75 -4422.17 567.48 -3.14171
2390 1102.14 -4330.55 566.851 -3.14173
2400 1055.2 -3548.13 566.142 -3.14214
2410 993.741 -1737.66 565.374 -3.14274
2420 938.592 626.047 564.586 -3.1433
2430 913.601 2908.63 563.829 -3.14371
2440 932.976 3927.92 563.149 -3.14397
2450 973.934 4394.72 562.569 -3.14417
2460 987.457 5358.19 562.099 -3.14439
2470 967.497 6330.8 561.758 -3.14466
2480 956.463 7121.81 561.565 -3.14494
2490 974.47 6176.83 561.529 -3.14524
2500 967.827 5760.51 561.635 -3.14556
2510 898.676 6155.89 561.87 -3.14587
2520 839.904 6106.67 562.24 -3.14602
2530 914.654 3326.96 562.737 -3.14597
2540 1062.97 1056.59 563.306 -3.14584
2550 1142.59 468.564 563.898 -3.146
2560 1055.45 2341.04 564.504 -3.1466
2570 893.946 5129.28 565.161 -3.14731
2580 837.401 3143.93 565.917 -3.14781
2590 903.383 -136.862 566.735 -3.14799
2600 1001.7 -2823.33 567.545 -3.14802
2610 1017.91 -4824.63 568.288 -3.14813
2620 934.727 -4198.01 568.925 -3.14833
2630 837.188 -3460.25 569.465 -3.14847
2640 813.724 -3782.96 569.923 -3.14836
2650 882.123 -5248.62 570.292 -3.148
2660 978.759 -6677.8 570.544 -3.14752
2670 1033.79 -7841.68 570.648 -3.14714
2680 1016.98 -7276.79 570.584 -3.14701
2690 972.547 -6779.28 570.362 -3.14708
2700 941.65 -5130.44 570 -3.14721
2710 925.22 -4930.76 569.53 -3.14731
2720 915.219 -4776.84 568.963 -3.14736
2730 929.852 -4271.63 568.303 -3.14734
2740 980.673 -3502.44 567.564 -3.14729
2750 1033.3 -3048.55 566.764 -3.14732
2760 1045.57 -1856.72 565.915 -3.14755
2770 1006.65 998.365 565.047 -3.14794
2780 940.166 3788.65 564.22 -3.14834
2790 880.62 5615.76 563.492 -3.14861
2800 848.65 6298.26 562.9 -3.14867
2810 854.496 7439.08 562.46 -3.14853
2820 889.474 6261.33 562.188 -3.14821
2830 952.099 4637.74 562.06 -3.14782
2840 1054 3259.57 562.04 -3.14748
2850 1152.24 1072.47 562.094 -3.14745
2860 1161.48 388.17 562.18 -3.14796
2870 1076.34 1527.4 562.283 -3.14894
2880 964.006 3581.44 562.424 -3.15002
2890 890.244 5740.45 562.647 -3.15093
2900 853.606 6953.39 562.995 -3.15158
2910 852.126 5857.36 563.49 -3.15196
2920 904.896 2622.27 564.107 -3.15209
2930 964.042 222.804 564.78 -3.15208
2940 1021.64 -1638.63 565.454 -3.15209
2950 1028.77 -2811.36 566.09 -3.15225
2960 944.88 -1740.85 566.665 -3.15254
2970 821.514 886.644 567.202 -3.15276
2980 770.175 893.716 567.751 -3.15271
2990 824.021 -810.495 568.313 -3.15233
3000 931.738 -3416.22 568.852 -3.15169
3010 1003.97 -4655.2 569.316 -3.15101
3020 989.832 -5233.11 569.676 -3.1505
3030 933.136 -4679.86 569.921 -3.15017
3040 900.241 -3084.96 570.066 -3.14987
3050 912.338 -2992.91 570.141 -3.14953
3060 935.217 -4474.03 570.15 -3.14914
3070 929.577 -5630.56 570.064 -3.14877
3080 898.741 -5729.93 569.86 -3.14842
3090 885.44 -5173.05 569.538 -3.14803
3100 917.273 -4871.76 569.109 -3.14756
3110 979.217 -3601.39 568.584 -3.14708
3120 1009.73 -2069.06 567.993 -3.1467
3130 986.641 -1049.94 567.37 -3.14648
3140 958.32 -133.598 566.737 -3.14638
3150 974.872 387.209 566.116 -3.14632
3160 1004.45 398.608 565.516 -3.14633
3170 983.885 1345.78 564.942 -3.14644
3180 908.41 3574.81 564.413 -3.14659
3190 845.509 6131.1 563.976 -3.14659
3200 894.737 4615.4 563.676 -3.14641
3210 957.59 3219.96 563.486 -3.14612
3220 998.355 2894.21 563.376 -3.14589
3230 997.521 3710.72 563.338 -3.14579
3240 947.798 4072.25 563.386 -3.14581
3250 892.406 3907.54 563.526 -3.14583
3260 880.113 4344.59 563.756 -3.14574
3270 925.047 4041.16 564.08 -3.14554
3280 989.696 2523.2 564.491 -3.1453
3290 1037.89 559.816 564.956 -3.14516
3300 1059.1 -485.726 565.435 -3.14525
3310 1044.44 -731.36 565.903 -3.14559
3320 996.596 -262.459 566.355 -3.14611
3330 926.075 1010.04 566.803 -3.14664
3340 852.237 1972.37 567.271 -3.14702
3350 798.754 2266.37 567.78 -3.14715
3360 774.065 1579.39 568.335 -3.14697
3370 798.621 -102.541 568.919 -3.14647
3380 874.445 -1747.08 569.499 -3.1457
3390 969.686 -3460.43 570.035 -3.14479
3400 1040.08 -5015.51 570.493 -3.14395
3410 1070.18 -6162.72 570.838 -3.14342
3420 1048.87 -6974.38 571.047 -3.14326
3430 972.685 -6661.47 571.104 -3.14337
3440 870.733 -5002.44 571.018 -3.14351
3450 789.358 -2408.04 570.828 -3.14347
3460 763.324 -2367.88 570.586 -3.14315
3470 789.475 -3021.46 570.297 -3.14252
3480 877.571 -4020.45 569.948 -3.14164
3490 1010.84 -5021.09 569.519 -3.14064
3500 1134.97 -6796.17 568.988 -3.13985
3510 1196.46 -8104.65 568.321 -3.13966
3520 1178.62 -7334.84 567.494 -3.14021
3530 1099.55 -4772.3 566.527 -3.1413
3540 1012.11 -1536.52 565.477 -3.14252
3550 948.502 1791.78 564.416 -3.14359
3560 912.106 4927.49 563.416 -3.14441
3570 895.283 6795.8 562.541 -3.14497
3580 894.283 7161.55 561.829 -3.14532
3590 899.618 7295.09 561.288 -3.14551
3600 904.7 8132.09 560.919 -3.14558
3610 889.161 9793.84 560.738 -3.14555
3620 861.169 10239.8 560.774 -3.14543
3630 872.052 9891.37 561.033 -3.14518
3640 954.299 8537.65 561.506 -3.14485
3650 1030.47 6024.67 562.161 -3.14457
3660 1022.25 3725.53 562.944 -3.14447
3670 994.564 1853.49 563.804 -3.14454
3680 1047.33 -925.784 564.697 -3.14472
3690 1132.41 -3874.13 565.564 -3.14512
3700 1117.49 -5520.62 566.342 -3.14591
3710 983.703 -4321.84 566.999 -3.14693
3720 834.333 -755.513 567.562 -3.14778
3730 757.495 2485.95 568.105 -3.14825
3740 750.068 3240.75 568.695 -3.14832
3750 783.536 952.702 569.347 -3.148
3760 861.693 -2471.99 570.014 -3.14735
3770 967.83 -6429.26 570.62 -3.1465
3780 1050.6 -9071.84 571.081 -3.14571
3790 1054.3 -9142.19 571.343 -3.14524
3800 979.138 -7500.54 571.405 -3.14512
3810 896.729 -5749.45 571.303 -3.1451
3820 879.468 -5876.52 571.075 -3.145
3830 943.389 -7418.98 570.719 -3.14481
3840 1013.18 -7382.65 570.211 -3.14464
3850 1022.43 -5633.02 569.555 -3.14465
3860 958.98 -3556.51 568.789 -3.1448
3870 894.119 -1723.26 567.96 -3.14493
3880 893.093 -793.991 567.109 -3.14492
3890 931.948 -1391.43 566.255 -3.14479
3900 951.449 -877.16 565.392 -3.14463
3910 948.306 691.136 564.529 -3.14447
3920 962.096 3045.16 563.702 -3.14431
3930 995.874 4574.69 562.958 -3.14416
3940 1036.29 4355.88 562.327 -3.14414
3950 1077.85 3213.26 561.804 -3.14436
3960 1099.97 2525.2 561.364 -3.14492
3970 1048.48 3776.3 560.995 -3.14576
3980 923.976 7471.37 560.725 -3.14663
3990 853.919 8492.53 560.619 -3.14727
4000 886.008 6972.23 560.697 -3.14765
4010 972.892 5983.2 560.931 -3.14789
4020 1052.2 4397.71 561.295 -3.1482
4030 1042 4125.65 561.758 -3.14871
4040 949.207 5353.26 562.312 -3.14935
4050 860.666 6139.12 562.979 -3.14989
4060 858.331 5617.31 563.774 -3.1502
4070 927.93 2451.27 564.68 -3.15028
4080 979.895 -57.6555 565.636 -3.15025
4090 981.067 -2243.05 566.583 -3.15025
4100 966.085 -3625.68 567.475 -3.15028
4110 974.672 -4607.49 568.281 -3.15034
4120 1003.76 -6177.29 568.978 -3.15044
4130 1012.11 -7747.39 569.534 -3.15065
4140 965.966 -7300.19 569.918 -3.15097
4150 870.547 -5978.71 570.14 -3.15126
4160 806.357 -5446.78 570.229 -3.15134
4170 844.773 -5269.1 570.198 -3.15116
4180 962.185 -6959.68 570.051 -3.15079
4190 1048.09 -7529.96 569.757 -3.15048
4200 1023.4 -6392.97 569.308 -3.15044
4210 933.114 -5310.72 568.729 -3.15058
4220 890.377 -5386.85 568.044 -3.15068
4230 932.198 -6739.56 567.252 -3.1507
4240 985.699 -6210.48 566.331 -3.15071
4250 975.199 -1980.46 565.302 -3.15076
4260 925.395 2074.53 564.25 -3.15077
4270 873.799 4382.66 563.26 -3.15068
4280 874.631 5273.59 562.385 -3.1504
4290 974.161 3137.46 561.637 -3.15003
4300 1062.74 3194.76 560.978 -3.14975
4310 1071.86 4639.25 560.407 -3.14976
4320 1022.57 5186.04 559.948 -3.15005
4330 977.962 5065.9 559.611 -3.15048
4340 971.49 6022.63 559.397 -3.15092
4350 1012.68 5439.24 559.316 -3.15139
4360 1014.09 6695.56 559.363 -3.15197
4370 934.863 9498.56 559.561 -3.15261
4380 822.054 12042.3 559.966 -3.15313
4390 805.305 10608.3 560.622 -3.15338
4400 938.12 5188.13 561.496 -3.15335
4410 1103.92 -434.127 562.475 -3.15321
4420 1144.72 -2453.2 563.445 -3.1534
4430 1018.45 -1346.65 564.361 -3.15401
4440 838.709 1703.87 565.244 -3.15463
4450 754.841 2587.93 566.154 -3.15493
4460 814.154 -281.525 567.105 -3.15483
4470 935.714 -4678.08 568.04 -3.1544
4480 1004.12 -7510.59 568.867 -3.15387
4490 982.659 -7184.7 569.526 -3.1535
4500 923.57 -5135.02 570.025 -3.15328
4510 891.615 -4205.29 570.405 -3.15307
4520 904.812 -5165.52 570.686 -3.15277
4530 927.291 -6506.32 570.852 -3.15242
4540 925.458 -7498.98 570.875 -3.15206
4550 860.78 -6232.81 570.738 -3.15171
4560 781.272 -3637.03 570.472 -3.15126
4570 762.519 -2155.19 570.13 -3.15058
4580 851.012 -2632.83 569.745 -3.14963
4590 1008.07 -4964.27 569.308 -3.14849
4600 1137.68 -8625.37 568.769 -3.14754
4610 1171.29 -9106.84 568.06 -3.14722
4620 1086.54 -5129.23 567.173 -3.14755
4630 904.721 1697.6 566.199 -3.14803
4640 737.899 7016.71 565.28 -3.14818
4650 715.495 8322.86 564.526 -3.14789
4660 865.178 5248.68 563.961 -3.14723
4670 1070.78 -30.7809 563.521 -3.14642
4680 1182.81 -3386.82 563.095 -3.14594
4690 1158.17 -2423.9 562.616 -3.14615
4700 1059.73 2158.62 562.104 -3.14685
4710 943.977 8505.77 561.656 -3.1476
4720 868.514 10101.8 561.395 -3.14818
4730 836.199 9581.99 561.358 -3.14852
4740 813.94 8572.15 561.532 -3.14861
4750 794.059 7382.85 561.893 -3.14845
4760 830.953 6637.56 562.416 -3.14803
4770 965.522 3406.71 563.074 -3.1474
4780 1119.28 -129.253 563.804 -3.14678
4790 1209.97 -3889.73 564.525 -3.14659
4800 1203.38 -5443.65 565.163 -3.14713
4810 1106.35 -4277.35 565.683 -3.14826
4820 953.965 303.345 566.115 -3.14953
4830 808.598 2912.97 566.548 -3.1505
4840 729.382 3759.53 567.041 -3.151
4850 755.401 2840.43 567.612 -3.15104
4860 863.915 -701.078 568.236 -3.15069
4870 960.736 -3500.75 568.843 -3.15012
4880 978.209 -5864.55 569.369 -3.14958
4890 914.51 -5247.28 569.768 -3.14916
4900 854.273 -4268.32 570.049 -3.14875
4910 869.614 -4032.1 570.235 -3.14824
4920 956.562 -4475.02 570.331 -3.14762
4930 1030.32 -5955.35 570.328 -3.14705
4940 1015.88 -5206.32 570.202 -3.14673
4950 951.226 -4386.53 569.967 -3.14661
4960 938.194 -4743.1 569.639 -3.14654
4970 976.638 -3698.32 569.219 -3.14649
4980 989.495 -2714.2 568.727 -3.14649
4990 927.065 -2249.67 568.187 -3.14656
5000 846.454 115.484 567.614 -3.14655
5010 849.253 505.407 567.052 -3.14634
5020 913.962 530.168 566.514 -3.14594
5030 973.984 911.8 566.002 -3.14548
5040 1018.34 492.619 565.52 -3.14511
5050 1065.3 -125.486 565.062 -3.14497
5060 1083.16 -687.292 564.613 -3.14514
5070 1046.36 -262.903 564.163 -3.14562
5080 979.77 2308.46 563.724 -3.14624
5090 916.809 5906.4 563.349 -3.14678
5100 871.484 7975.39 563.11 -3.14715
5110 838.339 8289.14 563.05 -3.1473
5120 827.884 7853.95 563.174 -3.14724
5130 860.471 6617.65 563.472 -3.14697
5140 930.371 3237.34 563.909 -3.14654
5150 987.376 1726.41 564.421 -3.14607
5160 1024.36 1011.6 564.969 -3.14573
5170 1054.26 1073.47 565.54 -3.14562
5180 1043.58 972.812 566.132 -3.14578
5190 954.077 1689.63 566.744 -3.14612
5200 838.258 2158.37 567.39 -3.1464
5210 798.551 1089.23 568.077 -3.14642
5220 879.985 -2571.68 568.778 -3.14613
5230 981.883 -5000.82 569.421 -3.14564
5240 1036.61 -6129.91 569.95 -3.14525
5250 1024.27 -5973.2 570.343 -3.1451
5260 978.042 -6060.43 570.602 -3.14516
5270 945.805 -6160.17 570.727 -3.14529
5280 954.117 -5648.54 570.718 -3.14541
5290 989.486 -5894.95 570.586 -3.14556
5300 990.76 -5353.51 570.331 -3.14579
5310 931.835 -2863.53 569.969 -3.14606
5320 843.464 265.184 569.554 -3.14622
5330 781.379 3614.64 569.156 -3.14612
5340 774.995 3936.68 568.843 -3.14571
5350 818.253 1959.72 568.622 -3.14503
5360 902.706 -1389.61 568.449 -3.14413
5370 1004.18 -4967.13 568.252 -3.14318
5380 1070.39 -6958.72 567.956 -3.14245
5390 1063.27 -6035.42 567.521 -3.1421
5400 1011.89 -2815.14 566.969 -3.14209
5410 982.955 -749.522 566.365 -3.14221
5420 984.554 1094.76 565.76 -3.14239
5430 1014.8 -265.244 565.187 -3.14263
5440 1055.78 -1638.2 564.621 -3.14303
5450 1070.46 -242.643 564.039 -3.14367
5460 1027.71 2526.04 563.468 -3.14448
5470 938.493 6124.02 562.968 -3.14528
5480 877.946 8443.04 562.612 -3.14586
5490 913.215 7733.92 562.443 -3.14625
5500 972.937 6860.97 562.45 -3.14656
5510 974.466 5553.63 562.609 -3.1469
5520 907.059 6820.32 562.898 -3.14722
5530 868.169 7604.5 563.336 -3.14745
5540 887.1 7549.99 563.936 -3.14751
5550 935.108 5874.42 564.696 -3.14746
5560 983.121 1656 565.575 -3.14734
5570 1029.98 -2842.91 566.484 -3.14726
5580 1050.82 -4719.62 567.328 -3.14733
5590 1001.37 -4368.61 568.067 -3.14761
5600 886.085 -3049.25 568.707 -3.14794
5610 785.311 -2826.1 569.272 -3.14807
5620 787.622 -3823.62 569.769 -3.14787
5630 897.367 -5104.32 570.178 -3.14737
5640 1030.2 -6732.28 570.47 -3.14677
5650 1087.24 -7595.92 570.615 -3.14639
5660 1037.34 -7931.84 570.594 -3.1464
5670 934.624 -6704.45 570.404 -3.14663
5680 841.861 -3657.46 570.076 -3.14679
5690 800.52 -1013.26 569.674 -3.14671
5700 809.43 66.3615 569.257 -3.14634
5710 847.906 414.781 568.85 -3.14572
5720 894.189 870.659 568.464 -3.14494
5730 931.032 806.204 568.106 -3.14411
5740 943.653 34.5701 567.774 -3.14332
5750 925.303 358.244 567.456 -3.14262
5760 908.707 191.776 567.153 -3.14197
5770 894.16 1666.52 566.868 -3.14133
5780 884.861 3744.41 566.629 -3.14065
5790 894.09 4244.05 566.478 -3.13992
5800 936.758 2916.85 566.424 -3.13917
5810 1015.49 -114.181 566.436 -3.13846
5820 1109.69 -2661.26 566.452 -3.13797
5830 1186.7 -3377.38 566.419 -3.13797
5840 1188.7 -2797.2 566.319 -3.13864
5850 1092.46 27.8549 566.17 -3.13982
5860 942.716 4284.3 566.032 -3.14106
5870 803.383 8519.21 565.996 -3.14197
5880 746.955 9242.36 566.145 -3.14242
5890 799.412 5897.97 566.491 -3.14248
5900 878.6 2479.14 566.969 -3.14222
5910 946.857 -482.682 567.5 -3.14179
5920 992.329 -2084.41 568.02 -3.14137
5930 1020.71 -3062.09 568.494 -3.14108
5940 1011.42 -3983.45 568.899 -3.14099
5950 954.629 -4175.83 569.216 -3.14104
5960 880.118 -3563.98 569.442 -3.14109
5970 854.919 -3408.6 569.59 -3.14099
5980 922.748 -4477.7 569.661 -3.14073
5990 1028.77 -5304.89 569.637 -3.14043
6000 1117.08 -5894.67 569.501 -3.14037
6010 1127.72 -6324.6 569.241 -3.14077
6020 1041.35 -5804.82 568.851 -3.14157
6030 918.632 -3517.59 568.347 -3.1424
6040 839.465 -531.754 567.779 -3.14298
6050 844.003 1406.51 567.21 -3.14322
6060 918.331 593.712 566.678 -3.14322
6070 984.528 347.607 566.176 -3.14315
6080 1006.22 -171.053 565.691 -3.14317
6090 994.639 134.454 565.218 -3.14331
6100 982.911 938.445 564.76 -3.14354
6110 991.332 1189.51 564.334 -3.14381
6120 1015.05 374.967 563.943 -3.14416
6130 1025.68 949.05 563.574 -3.14464
6140 1002.2 3431.65 563.24 -3.14521
6150 939.811 6372.89 562.992 -3.14579
6160 862.526 8686.67 562.89 -3.14624
6170 806.552 9442.25 562.981 -3.14644
6180 819.68 7666.84 563.276 -3.14638
6190 926.717 3288.62 563.733 -3.14607
6200 1065.02 -583.807 564.262 -3.14569
6210 1138.7 -3145.07 564.779 -3.14559
6220 1096.08 -3422.4 565.231 -3.14597
6230 1005.42 -3203.43 565.607 -3.14663
6240 960.495 -3113.07 565.913 -3.14731
6250 981.766 -3387.91 566.151 -3.14794
6260 1025.76 -4462.69 566.314 -3.14859
6270 1042.27 -4051.94 566.385 -3.14936
6280 1019.63 -3166.32 566.372 -3.15025
6290 958.799 -1787.76 566.295 -3.15115
6300 874.687 781.958 566.187 -3.15188
6310 793.931 2937.78 566.101 -3.15231
6320 740.406 4309.35 566.085 -3.15235
6330 747.876 5009.12 566.166 -3.15203
6340 811.74 4443.3 566.358 -3.15137
6350 905.827 2753.8 566.648 -3.15046
6360 1001.09 -421.735 566.996 -3.14949
6370 1060.46 -3770.15 567.335 -3.14868
6380 1063.71 -4938.32 567.596 -3.14822
6390 998.097 -3038.04 567.755 -3.1481
6400 900.492 665.809 567.853 -3.14812
6410 830.741 2565.66 567.966 -3.14804
6420 847.303 1549.07 568.133 -3.14776
6430 945.765 -1856.74 568.333 -3.14728
6440 1052.22 -6135.12 568.491 -3.14681
6450 1074.37 -8283.51 568.52 -3.14662
6460 994.015 -6575.39 568.378 -3.14677
6470 863.679 -2535.97 568.101 -3.14698
6480 773.364 1478.73 567.776 -3.14696
6490 792.734 2712.07 567.488 -3.14661
6500 913.954 4.10001 567.26 -3.14598
6510 1051.15 -3815.11 567.038 -3.14529
6520 1117.84 -5413.78 566.745 -3.1449
6530 1093.51 -3752.69 566.349 -3.14499
6540 1025.26 -2237.42 565.88 -3.14543
6550 941.398 -147.544 565.376 -3.14594
6560 894.339 1473.39 564.881 -3.14632
6570 917.724 786.6 564.425 -3.14654
6580 987.295 -506.438 563.996 -3.14668
6590 1049.72 -963.469 563.57 -3.14692
6600 1060.48 -801.968 563.135 -3.14737
6610 1017.77 316.181 562.696 -3.14803
6620 954.047 2953.71 562.279 -3.1487
6630 890.077 5683.82 561.937 -3.14925
6640 819.384 7876.17 561.728 -3.14955
6650 774.742 8292.98 561.693 -3.14956
6660 819.036 6774.25 561.839 -3.14926
6670 959.279 3118.75 562.131 -3.14873
6680 1098.12 -1622.53 562.489 -3.14821
6690 1152 -4366.03 562.816 -3.14807
6700 1117.52 -4999.37 563.054 -3.14848
6710 1055.1 -4293.54 563.187 -3.14925
6720 1021.35 -2095.11 563.234 -3.15018
6730 1001.07 162.743 563.239 -3.15115
6740 947.618 1864.55 563.252 -3.15206
6750 878.927 2732.83 563.309 -3.15279
6760 844.591 3715.14 563.429 -3.15325
6770 863.487 3529.35 563.632 -3.15344
6780 895.38 3620.82 563.913 -3.15344
6790 911.094 4289.34 564.276 -3.15332
6800 922.608 4449 564.733 -3.15315
6810 924.477 2392.43 565.281 -3.15293
6820 907.711 190.614 565.879 -3.15267
6830 882.52 -845.116 566.481 -3.15234
6840 854.281 -1571.34 567.061 -3.15191
6850 822.664 -2010.73 567.604 -3.15134
6860 798.075 -1778.32 568.101 -3.15061
6870 807.662 -1878.81 568.555 -3.1497
6880 857.044 -3108.08 568.964 -3.14859
6890 932.808 -5483.89 569.3 -3.14736
6900 1010.93 -6500.51 569.517 -3.14618
6910 1055.55 -6989.77 569.592 -3.14525
6920 1018.67 -6874.65 569.516 -3.14471
6930 894.856 -3334.52 569.301 -3.14443
6940 821.977 -684.188 569.017 -3.14408
6950 972.228 -4021.26 568.715 -3.14358
6960 1164.58 -9434.72 568.329 -3.14318
6970 1221 -11957.4 567.75 -3.14344
6980 1123.43 -9617.42 566.931 -3.14444
6990 996.739 -5032.91 565.922 -3.14566
7000 951.714 -1478.37 564.822 -3.14672
7010 962.867 949.435 563.709 -3.14759
7020 960.011 4136.75 562.641 -3.14831
7030 905.077 7488.15 561.686 -3.14887
7040 795.121 11716.4 560.915 -3.14913
7050 775.736 11838.1 560.405 -3.14905
7060 921.44 7949.15 560.154 -3.14872
7070 1083.41 4322.86 560.086 -3.14837
7080 1150.01 1728.4 560.116 -3.14839
7090 1079.73 2669.17 560.198 -3.14889
7100 1017.16 3710.04 560.341 -3.14965
7110 983.105 4555.08 560.568 -3.15045
7120 972.148 4749.19 560.893 -3.15123
7130 986.666 4397.33 561.321 -3.15198
7140 1001.41 4751.15 561.846 -3.15275
7150 972.809 5572.95 562.472 -3.15354
7160 904.869 5753.74 563.216 -3.15427
7170 842.696 5465.13 564.08 -3.15478
7180 818.132 4828.98 565.056 -3.15502
7190 830.08 2842.86 566.128 -3.15496
7200 843.153 233.011 567.253 -3.15463
7210 850.271 -2470.81 568.374 -3.15405
7220 884.836 -5552.35 569.428 -3.15329
7230 924.124 -6371.37 570.356 -3.15241
7240 935.744 -6644.11 571.133 -3.15157
7250 916.135 -5853.06 571.759 -3.15081
7260 891.575 -5012.99 572.25 -3.15011
7270 893.384 -6342.21 572.622 -3.1494
7280 935.725 -9664.59 572.846 -3.14865
7290 997.857 -12188.8 572.855 -3.14798
7300 1017.36 -12823.3 572.597 -3.14754
7310 953.432 -9568.26 572.069 -3.14735
7320 910.106 -7967.91 571.334 -3.14725
7330 894.835 -6556.26 570.436 -3.14711
7340 884.776 -3554.14 569.413 -3.14685
7350 913.998 -1853.02 568.331 -3.14646
7360 987.501 -2073.24 567.226 -3.14602
7370 1073.8 -2851.13 566.097 -3.14573
7380 1112.51 -2298.29 564.932 -3.1458
7390 1076.74 1299.14 563.747 -3.14622
7400 996.538 5426.5 562.617 -3.14679
7410 940.188 7981.75 561.625 -3.14729
7420 933.943 8698.41 560.824 -3.14768
7430 949.876 8732.76 560.227 -3.148
7440 942.535 9423.1 559.834 -3.1483
7450 872.098 10485.7 559.655 -3.14854
7460 762.041 12170.5 559.711 -3.14861
7470 687.219 12936.7 560.03 -3.1484
7480 723.02 10802.3 560.623 -3.14786
7490 870.976 6983.18 561.442 -3.14693
7500 1056.38 1940.9 562.403 -3.14572
7510 1180.16 -2266.24 563.402 -3.1447
7520 1188.33 -4924.06 564.347 -3.14433
7530 1112.78 -5347.73 565.182 -3.14463
7540 1028.44 -3792.32 565.898 -3.14529
7550 977.943 -1768.32 566.527 -3.14606
7560 941.907 -139.343 567.114 -3.14677
7570 900.752 -300.328 567.689 -3.14736
7580 874.532 -1046.37 568.256 -3.14772
7590 902.998 -4472.69 568.79 -3.14788
7600 952.85 -7494.23 569.223 -3.14788
7610 973.424 -7728.54 569.493 -3.1479
7620 946.358 -6632.97 569.593 -3.14797
7630 876.313 -3077.47 569.555 -3.14803
7640 805.625 -250.194 569.452 -3.14792
7650 803.785 -353.579 569.343 -3.14755
7660 920.962 -4934.57 569.223 -3.14694
7670 1125.68 -10229 568.999 -3.14631
7680 1281.55 -13618.7 568.56 -3.14626
7690 1268.02 -12441.9 567.84 -3.14726
7700 1101.53 -7841.19 566.869 -3.14897
7710 911.579 -2327.79 565.748 -3.15055
7720 792.34 2507.43 564.598 -3.15155
7730 758.216 5504.26 563.522 -3.15198
7740 767.125 8071.31 562.588 -3.15194
7750 793.619 9168.1 561.845 -3.15153
7760 840.928 9750.56 561.316 -3.15088
7770 904.925 9308.93 561.008 -3.15008
7780 962.432 7869.63 560.91 -3.14928
7790 1000.21 7089.49 560.989 -3.14861
7800 1008.23 7274.66 561.228 -3.14815
7810 993.255 6636.02 561.624 -3.14792
7820 985.684 5400.63 562.164 -3.14785
7830 1005.41 3442.81 562.817 -3.14789
7840 1034.56 1227.43 563.541 -3.14805
7850 1059.27 -1706.89 564.287 -3.14837
7860 1054.95 -3617.3 564.991 -3.1489
7870 980.084 -2029.98 565.619 -3.14957
7880 909.997 68.1193 566.201 -3.1502
7890 859.398 940.815 566.778 -3.15064
7900 841.251 607.194 567.371 -3.15083
7910 856.684 -1146.64 567.971 -3.15076
7920 896.62 -2968.09 568.541 -3.15049
7930 929.013 -3444.83 569.046 -3.15011
7940 937.085 -3251.23 569.472 -3.14972
7950 933.076 -3350.96 569.825 -3.14935
7960 932.779 -3014.32 570.104 -3.149
7970 936.288 -3167.17 570.315 -3.14866
7980 922.872 -3564.18 570.456 -3.14833
7990 892.319 -3756.25 570.521 -3.14799
8000 879.918 -3283.63 570.508 -3.14758
8010 918.39 -3259.66 570.424 -3.14709
8020 991.697 -4188.66 570.272 -3.14658
8030 1044.48 -6086.42 570.031 -3.14623
8040 1038.5 -6169.42 569.668 -3.14616
8050 981.536 -4938.91 569.179 -3.14631
8060 915.979 -2301.01 568.597 -3.14651
8070 881.245 769.538 567.977 -3.14658
8080 890.392 2503.38 567.387 -3.14647
8090 933.313 2124.74 566.861 -3.14624
8100 971.546 1392.89 566.394 -3.146
8110 961.202 2438.74 565.974 -3.14583
8120 901.557 4200.43 565.62 -3.14569
8130 853.124 5444.13 565.367 -3.14546
8140 860.943 5297.99 565.24 -3.14509
8150 916.678 4208.98 565.233 -3.14459
8160 966.359 3137.7 565.324 -3.14405
8170 964.528 2917.9 565.489 -3.14361
8180 917.896 4130.72 565.724 -3.14326
8190 864.531 4789.28 566.05 -3.14292
8200 826.822 4784.04 566.481 -3.14249
8210 820.431 4362.49 567.015 -3.1419
8220 859.75 2914.3 567.641 -3.14112
8230 942.088 -615.976 568.324 -3.14019
8240 1032.78 -4443.7 568.988 -3.13925
8250 1085.93 -5953.79 569.554 -3.13854
8260 1097.86 -6155.31 569.989 -3.13828
8270 1080.95 -7185.19 570.283 -3.13844
8280 1025.63 -6515.81 570.422 -3.13891
8290 949.796 -4472.29 570.421 -3.13948
8300 906.281 -3809.26 570.322 -3.13996
8310 907.376 -4638.75 570.141 -3.14028
8320 946.163 -5698.51 569.864 -3.1405
8330 1000.05 -6075.13 569.469 -3.1407
8340 1045.23 -6044.72 568.951 -3.14104
8350 1044.65 -4645.08 568.315 -3.14159
8360 1002.23 -2811.41 567.591 -3.14226
8370 965.475 -1969.83 566.819 -3.14294
8380 970.723 -1440.59 566.021 -3.14356
8390 997.049 489.218 565.21 -3.14416
8400 988.136 3975.3 564.432 -3.14474
8410 931.99 7131.8 563.757 -3.14526
8420 865.926 7724.58 563.248 -3.14561
8430 846.186 7350.6 562.918 -3.14576
8440 882.931 7496.29 562.759 -3.14569
8450 934.642 7709.01 562.77 -3.14552
8460 957.221 7626.93 562.953 -3.14534
8470 949.452 7389.6 563.304 -3.14523
8480 936.587 6234.81 563.816 -3.14515
8490 953.446 2939.5 564.457 -3.14506
8500 988.198 -114.456 565.16 -3.14496
8510 1021.63 -1987.29 565.859 -3.14493
8520 1024.15 -2114.93 566.513 -3.14507
8530 979.599 -1595.17 567.118 -3.14536
8540 902.184 712.503 567.69 -3.14566
8550 898.448 692.077 568.269 -3.14584
8560 950.569 -1718.13 568.855 -3.14588
8570 976.972 -3847.12 569.402 -3.14589
8580 981.271 -5481.23 569.861 -3.14594
8590 978.346 -6115.98 570.199 -3.14605
8600 967.469 -5929.48 570.402 -3.14623
8610 924.36 -4493.68 570.477 -3.14642
8620 867.748 -3502.51 570.453 -3.14652
8630 864.167 -2686.76 570.357 -3.14644
8640 953.537 -4340.89 570.201 -3.14622
8650 1047.08 -5839.54 569.956 -3.14603
8660 1049.78 -4844.08 569.595 -3.1461
8670 954.115 -2422.59 569.138 -3.14637
8680 830.693 832.364 568.641 -3.14657
8690 756.658 3466.07 568.173 -3.14647
8700 762.81 5918.22 567.794 -3.14603
8710 851.484 6539.27 567.551 -3.14527
8720 965.896 5990.07 567.459 -3.14434
8730 1029.88 4209.1 567.503 -3.1435
8740 986.284 1930.29 567.645 -3.14293
8750 882.437 2305.23 567.837 -3.14254
8760 831.776 2093.69 568.082 -3.14211
8770 877.99 -1542.42 568.366 -3.14152
8780 934.231 -2797.59 568.623 -3.14079
8790 966.469 -2855.52 568.821 -3.14009
8800 969.589 -2845.12 568.957 -3.13951
8810 967.473 -2976.86 569.033 -3.13906
8820 966.043 -2741.01 569.048 -3.13871
8830 954.725 -2353.67 569.006 -3.13845
8840 937.541 -897.157 568.92 -3.13823
8850 939.499 1120.5 568.821 -3.13802
8860 970.009 1638.25 568.751 -3.13782
8870 1018.13 -517.115 568.717 -3.13769
8880 1052.72 -2493.95 568.678 -3.13775
8890 1036.45 -2544.89 568.594 -3.13806
8900 960.647 -719.108 568.463 -3.1385
8910 872.854 2165.32 568.325 -3.13887
8920 830.577 3438.02 568.239 -3.13901
8930 857.41 2580.1 568.23 -3.1389
8940 944.189 -109.518 568.28 -3.13861
8950 1039.67 -1885.47 568.334 -3.13833
8960 1061.15 -1636.65 568.354 -3.13829
8970 979.824 -741.217 568.344 -3.13849
8980 877.65 644.589 568.323 -3.13872
8990 861.041 1137.87 568.321 -3.13876
9000 956.348 -1833.58 568.341 -3.13864
9010 1052.19 -4133.27 568.327 -3.13853
9020 1089.9 -5098.65 568.229 -3.1387
9030 1059.58 -4044.08 568.028 -3.13921
9040 983.826 -1290.01 567.75 -3.13988
9050 917.866 1400.36 567.452 -3.14049
9060 910.01 3024.51 567.192 -3.14092
9070 967.281 2372.4 567.003 -3.14124
9080 1037.14 326.381 566.872 -3.14158
9090 1071.32 -1677.58 566.755 -3.14212
9100 1043.3 -2453.62 566.611 -3.14289
9110 957.881 -253.675 566.425 -3.14374
9120 848.648 4308 566.246 -3.1444
9130 794.56 7150.43 566.166 -3.14471
9140 821.616 7846.17 566.245 -3.14471
9150 897.285 7401.53 566.498 -3.14448
9160 969.929 4409.66 566.911 -3.14416
9170 1002.4 1810.99 567.422 -3.14389
9180 1001.68 -746.576 567.972 -3.14375
9190 979.659 -3160.76 568.503 -3.14373
9200 928.258 -3587.14 568.966 -3.14376
9210 877.859 -3180.95 569.349 -3.14373
9220 872.323 -3605.47 569.659 -3.14356
9230 944.741 -5530.69 569.886 -3.14326
9240 1072.95 -8667.63 569.989 -3.14298
9250 1181.75 -11813.9 569.903 -3.14309
9260 1198.79 -12285.3 569.565 -3.14389
9270 1112.51 -8589.58 568.972 -3.14529
9280 979.845 -4485.14 568.203 -3.14678
9290 865.649 -850.358 567.351 -3.14796
9300 778.723 3919.29 566.5 -3.14864
9310 755.873 6015 565.748 -3.14882
9320 778.576 5290.6 565.137 -3.14862
9330 817.433 4878.38 564.658 -3.14811
9340 897.632 3464.42 564.294 -3.14739
9350 1005.1 1362.06 564.015 -3.14661
9360 1098.83 -99.9553 563.776 -3.14602
9370 1156.5 -1741.71 563.544 -3.14588
9380 1166.65 -2739.13 563.284 -3.14634
9390 1112.97 -1991.74 562.977 -3.14732
9400 996.072 1594.55 562.642 -3.1485
9410 871.364 6784.69 562.355 -3.14946
9420 839.451 8306.34 562.217 -3.15008
9430 859.603 9330.3 562.266 -3.15041
9440 913.101 8020.48 562.517 -3.15056
9450 980.524 4974.34 562.941 -3.15064
9460 1021.36 2954.93 563.475 -3.15077
9470 1002.43 1869.25 564.073 -3.15104
9480 927.65 2219.07 564.712 -3.15138
9490 846.531 3139.71 565.398 -3.15161
9500 812.955 3057.94 566.146 -3.15161
9510 849.674 959.747 566.954 -3.15135
9520 941.253 -3367.43 567.772 -3.15085
9530 1048.04 -8543.7 568.508 -3.15028
9540 1123.58 -12090.2 569.053 -3.14998
9550 1117.98 -12618.7 569.333 -3.15018
9560 1027.1 -9825.63 569.34 -3.15082
9570 905.806 -4674.37 569.137 -3.15152
9580 819.765 -216.178 568.837 -3.15196
9590 802.552 1746.65 568.536 -3.15206
9600 840.309 1910.36 568.279 -3.15186
9610 891.885 67.6194 568.069 -3.15145
9620 904.606 -762.928 567.87 -3.15095
9630 876.429 -1070.99 567.662 -3.15042
9640 856.963 -577.88 567.439 -3.14982
9650 848.001 1865.92 567.216 -3.1491
9660 870.32 3192.33 567.039 -3.14827
9670 912.475 2726.29 566.937 -3.14736
9680 947.761 1409.02 566.899 -3.14645
9690 952.414 939.562 566.9 -3.14564
9700 933.869 1574.86 566.928 -3.14495
9710 936.041 2376.57 566.996 -3.14432
9720 995.861 1886.51 567.118 -3.14376
9730 1089.12 157.895 567.283 -3.14336
9740 1137.71 -843.841 567.456 -3.14336
9750 1097.34 -1109.3 567.615 -3.14384
9760 981.669 -372.663 567.755 -3.14457
9770 852.685 2548.74 567.894 -3.14521
9780 776.738 5659.89 568.093 -3.14553
9790 782.466 4352.79 568.41 -3.1455
9800 788.324 3234.71 568.825 -3.14515
9810 785.034 1701.88 569.309 -3.14452
9820 802.004 -623.675 569.827 -3.14366
9830 850.792 -2247.25 570.331 -3.14256
9840 932.877 -3331.2 570.783 -3.14133
9850 1033.99 -5614.67 571.156 -3.14012
9860 1090.78 -7001.88 571.406 -3.1392
9870 1070.35 -6268.67 571.505 -3.13875
9880 994.426 -4385.85 571.469 -3.13868
9890 927.007 -1943.86 571.342 -3.13873
9900 900.682 -456.8 571.176 -3.13873
9910 914.256 -594.461 571.003 -3.13863
9920 956.716 -1164.03 570.824 -3.13847
9930 1006.78 -3078.67 570.624 -3.13835
9940 990.28 -4355.7 570.364 -3.13838
9950 926.831 -4180.64 570.018 -3.13848
9960 929.874 -4659.02 569.587 -3.13855
9970 1034.48 -5727.62 569.062 -3.13862
9980 1120.23 -4300.38 568.429 -3.13892
9990 1096.17 -1534.67 567.717 -3.1396
10000 1008.91 534.16 566.987 -3.14048
