# Time-averaged data for fix 4
# TimeStep c_mytemp c_mypress v_vmyvol v_avgEtotal
10 1148.85 1569.15 612.193 -2.93677
20 1162.99 1100.06 611.816 -2.93554
30 1192.85 166.919 611.469 -2.93423
40 1268.84 -2426.59 611.133 -2.93289
50 1371.66 -2862.58 610.765 -2.93166
60 1447.13 -3142.27 610.353 -2.93079
70 1422.92 -1367.58 609.897 -2.93043
80 1343.97 -409.545 609.426 -2.93048
90 1261.3 1129.62 608.962 -2.93067
100 1288.7 3846.63 608.533 -2.93081
110 1427.28 4910.93 608.186 -2.93101
120 1502.47 3961.89 607.94 -2.93159
130 1428.79 4082.85 607.781 -2.93266
140 1263.98 5966.97 607.709 -2.93386
150 1155.72 10483.8 607.763 -2.93478
160 1254.36 9096.38 608.008 -2.9354
170 1436.25 6850.82 608.426 -2.93602
180 1483.9 5540.29 608.977 -2.93699
190 1418.3 3589.57 609.63 -2.93835
200 1300.68 6019.72 610.356 -2.9398
210 1220.63 8375.05 611.193 -2.9411
220 1214.14 6884.85 612.177 -2.94213
230 1207.77 7397.45 613.292 -2.94291
240 1180.2 6046.07 614.536 -2.94346
250 1100.13 5098.15 615.889 -2.94371
260 1010.47 5725.31 617.33 -2.94362
270 981.928 6364.8 618.871 -2.94313
280 1093.49 4260.63 620.518 -2.94219
290 1186.54 631.434 622.232 -2.9408
300 1165.58 -1803.81 623.944 -2.93926
310 1098.82 -3819.05 625.605 -2.93768
320 1110.02 -5169.05 627.176 -2.93597
330 1190.53 -5046.49 628.63 -2.93409
340 1219.49 -3897.51 629.969 -2.93221
350 1148.15 -1688.34 631.22 -2.9305
360 1078.12 -1621.13 632.42 -2.9289
370 1068.62 -1597.21 633.577 -2.92721
380 1112.65 -2154.69 634.689 -2.92534
390 1194.8 -5129.23 635.742 -2.92328
400 1271.71 -8062.55 636.68 -2.92116
410 1323.7 -10630.5 637.444 -2.91922
420 1319.07 -10020.5 637.987 -2.91765
430 1263.19 -7554.41 638.322 -2.91646
440 1177.65 -4315.16 638.502 -2.91549
450 1130.46 -870.58 638.595 -2.91451
460 1278.64 -2235.82 638.665 -2.9134
470 1509.76 -8779.88 638.682 -2.91233
480 1590.15 -13133.1 638.526 -2.91196
490 1449.16 -13193.5 638.113 -2.9125
500 1234.11 -9075.96 637.447 -2.91337
510 1211.32 -8374 636.6 -2.91403
520 1373.23 -10821 635.593 -2.91461
530 1506.47 -12985.4 634.385 -2.91552
540 1491.49 -11717.9 632.944 -2.91703
550 1390.29 -9138.99 631.295 -2.91884
560 1321.82 -7830 629.493 -2.92065
570 1280.62 -6026.69 627.571 -2.92226
580 1283.19 -5515.36 625.566 -2.92364
590 1317.68 -6950.27 623.489 -2.92495
600 1322.69 -6227.26 621.322 -2.92626
610 1294.15 -4305.44 619.08 -2.92746
620 1276.06 -914.109 616.805 -2.92846
630 1255.01 3446.17 614.562 -2.92914
640 1182.04 8803.13 612.435 -2.92947
650 1117.87 15040 610.525 -2.92925
660 1219.32 14572.2 608.93 -2.92872
670 1368.82 14543.3 607.647 -2.92817
680 1529.26 14302.7 606.666 -2.92798
690 1564.39 16007.5 605.982 -2.92855
700 1491.42 19605.2 605.619 -2.92985
710 1432.02 21866.2 605.634 -2.93161
720 1399.65 24645.2 606.068 -2.93373
730 1293.75 25021.9 606.96 -2.93597
740 1298.58 22459.8 608.313 -2.93821
750 1259.55 18345.1 610.078 -2.94027
760 1261.96 12477.6 612.172 -2.94206
770 1298.26 7712.97 614.489 -2.9435
780 1348.28 2945.41 616.93 -2.94471
790 1348.87 -392.401 619.407 -2.94577
800 1278.94 57.5941 621.859 -2.94676
810 1161.59 1007.46 624.287 -2.94759
820 1072.1 -137.216 626.705 -2.94803
830 1097.96 -3015 629.092 -2.94793
840 1207.65 -8773.04 631.385 -2.9473
850 1191.61 -12259.4 633.478 -2.94633
860 1124.3 -15484.2 635.295 -2.94522
870 1121.79 -19947.6 636.767 -2.94389
880 1178.84 -22354.7 637.811 -2.94243
890 1222.55 -20692.2 638.387 -2.94104
900 1210.98 -17367 638.529 -2.93985
910 1126.49 -13796.7 638.312 -2.93882
920 1010.89 -9967.19 637.819 -2.93776
930 1027.78 -10977.1 637.121 -2.9365
940 1179.45 -16558.2 636.204 -2.93496
950 1277.72 -20097.2 634.971 -2.93346
960 1310.92 -21338.9 633.355 -2.93234
970 1300.34 -19336.7 631.346 -2.9317
980 1299.25 -15853.2 628.99 -2.93132
990 1344.13 -13064.3 626.367 -2.9311
1000 1390.42 -9900.06 623.546 -2.93105
1010 1370.23 -7244.92 620.592 -2.93124
1020 1229.74 379.826 617.577 -2.93136
1030 1167.53 4724.46 614.636 -2.93104
1040 1217.41 5584.21 611.848 -2.93045
1050 1226.81 10800.7 609.242 -2.9296
1060 1250.13 13748.3 606.9 -2.92854
1070 1233.01 14839.9 604.868 -2.9275
1080 1171.19 19457.5 603.169 -2.92642
1090 1184.49 21646.8 601.866 -2.92526
1100 1243.83 21301.5 600.991 -2.92414
1110 1263.57 21606.6 600.533 -2.92319
1120 1197.29 24681.5 600.492 -2.92248
1130 1163.29 25203.4 600.907 -2.92197
1140 1176.05 25439.2 601.786 -2.92155
1150 1221.91 25376.3 603.128 -2.92127
1160 1290.9 21771.5 604.92 -2.92112
1170 1309.1 20568.6 607.105 -2.92115
1180 1276.9 20585.2 609.655 -2.92153
1190 1231.59 18095.8 612.562 -2.92207
1200 1161.43 18447.6 615.791 -2.92266
1210 1094.14 18589.1 619.34 -2.92328
1220 1132.62 14914.4 623.208 -2.92366
1230 1232.74 8933.31 627.325 -2.92349
1240 1300.04 1972.57 631.571 -2.92279
1250 1255.53 -3895.74 635.809 -2.92172
1260 1164.29 -7122.97 639.918 -2.92042
1270 1108.05 -9350.51 643.826 -2.9189
1280 1126.87 -13303.2 647.477 -2.91702
1290 1169.04 -17272.8 650.79 -2.91476
1300 1200.59 -19150.7 653.683 -2.91235
1310 1222.01 -18639.3 656.117 -2.91009
1320 1272.9 -19141.6 658.101 -2.90805
1330 1324.54 -20827 659.626 -2.90626
1340 1342.98 -21251 660.668 -2.90489
1350 1348.51 -21251.6 661.222 -2.904
1360 1339.2 -20569 661.297 -2.90358
1370 1319.78 -20257.5 660.917 -2.90354
1380 1313.6 -21223.2 660.097 -2.90383
1390 1282.78 -21307.1 658.831 -2.9044
1400 1240.87 -20583.3 657.129 -2.90513
1410 1242.16 -20883.4 655.017 -2.90595
1420 1262.38 -20108.6 652.507 -2.90686
1430 1260.6 -18150.9 649.631 -2.90781
1440 1205.11 -14378.9 646.445 -2.90868
1450 1113.57 -8642.1 643.045 -2.90916
1460 1037.16 -1385.14 639.561 -2.90895
1470 1097.29 1729.43 636.136 -2.90801
1480 1241.8 2292.7 632.84 -2.90666
1490 1327.34 4989.13 629.687 -2.9052
1500 1347.12 8349.21 626.725 -2.90378
1510 1341.99 8241.21 624.007 -2.90263
1520 1271.68 10157 621.535 -2.90172
1530 1256.16 9794.35 619.326 -2.9009
1540 1335.49 7096.53 617.365 -2.90022
1550 1428.59 6268.9 615.601 -2.89983
1560 1467.05 8596.18 614.013 -2.89985
1570 1415.85 11511.4 612.635 -2.90027
1580 1309.26 14358.1 611.517 -2.90087
1590 1238.6 14933.8 610.7 -2.90144
1600 1285.87 13026.7 610.186 -2.90193
1610 1417.31 10094.5 609.936 -2.90252
1620 1474.54 9441.8 609.894 -2.90348
1630 1381.87 9756.93 610.037 -2.90482
1640 1235.61 10605.3 610.371 -2.90612
1650 1288.62 6170.74 610.897 -2.90721
1660 1460.92 596.592 611.531 -2.90828
1670 1558.8 1713.4 612.183 -2.90977
1680 1535.81 4364.81 612.864 -2.9119
1690 1362.89 7975.6 613.623 -2.91431
1700 1171.16 9594.22 614.524 -2.9164
1710 1083.11 6961.53 615.592 -2.91783
1720 1205.68 1421.5 616.774 -2.91869
1730 1362.4 -3408.65 617.966 -2.91925
1740 1412.98 -4674.99 619.083 -2.91991
1750 1358.92 -4406.14 620.095 -2.92078
1760 1252.1 -3266.11 621.009 -2.92166
1770 1240.3 -3216.66 621.846 -2.92237
1780 1296.13 -4341.54 622.605 -2.92293
1790 1340.77 -4381.57 623.272 -2.92347
1800 1318.24 -3274.17 623.847 -2.92409
1810 1241.97 -11.321 624.355 -2.92471
1820 1159.27 3312.59 624.859 -2.92517
1830 1131.56 4934 625.422 -2.92536
1840 1127.21 5917.27 626.077 -2.92525
1850 1124.27 6144.31 626.843 -2.92489
1860 1104.44 6483.51 627.723 -2.9243
1870 1040.79 6103.12 628.722 -2.9235
1880 957.28 4725 629.829 -2.92245
1890 979.278 932.63 631.014 -2.92101
1900 1110.04 -4577.26 632.197 -2.91901
1910 1269.58 -9437.5 633.272 -2.91661
1920 1356.72 -12933.4 634.142 -2.91426
1930 1294.66 -13958.9 634.742 -2.91238
1940 1147.85 -11483.2 635.054 -2.91097
1950 1047.19 -8373.72 635.13 -2.9097
1960 1050.05 -6131.02 635.035 -2.90828
1970 1095.48 -4675.19 634.819 -2.90662
1980 1135.3 -4501.03 634.512 -2.90477
1990 1199.86 -5784 634.122 -2.90285
2000 1354.63 -7925.75 633.624 -2.90096
2010 1468.93 -8422.11 632.981 -2.8994
2020 1426.46 -7674.65 632.186 -2.89852
2030 1298.66 -3509.19 631.264 -2.89815
2040 1301.88 -3086.23 630.286 -2.89792
2050 1393.36 -5513.66 629.264 -2.89787
2060 1390.82 -3680.83 628.166 -2.89809
2070 1293.75 -2553.46 627.019 -2.89852
2080 1220.94 2438.3 625.856 -2.89887
2090 1232.69 5761.27 624.766 -2.89895
2100 1329.1 5419.33 623.812 -2.89894
2110 1312.26 8901.76 622.997 -2.89902
2120 1214.24 12291 622.379 -2.8991
2130 1148.98 10698.3 622.011 -2.89906
2140 1171.38 10663.7 621.872 -2.89883
2150 1257.27 8431.08 621.945 -2.89844
2160 1348.14 6896.86 622.192 -2.89807
2170 1381.76 3181.06 622.571 -2.89791
2180 1287.14 3397.59 623.022 -2.89798
2190 1248.36 2509.77 623.537 -2.89809
2200 1370.73 -2888.17 624.089 -2.89816
2210 1481.19 -5043.99 624.587 -2.89843
2220 1485.08 -4348.95 624.987 -2.8992
2230 1406.56 -1148.85 625.305 -2.90038
2240 1430.81 -900.122 625.594 -2.90175
2250 1549.44 -2950.94 625.862 -2.90349
2260 1534.55 -2290.51 626.079 -2.90575
2270 1453.54 -1687.24 626.252 -2.90832
2280 1401.88 -2222.27 626.393 -2.91088
2290 1443.49 -3998.78 626.491 -2.91343
2300 1488.8 -6467.78 626.511 -2.91614
2310 1499.16 -6305.98 626.412 -2.91907
2320 1492.3 -5742.8 626.195 -2.92219
2330 1431.87 -3753.83 625.876 -2.92536
2340 1306.25 -249.108 625.495 -2.92821
2350 1229.35 1704.94 625.119 -2.93049
2360 1222.03 4038.8 624.789 -2.93227
2370 1219.89 7420.25 624.553 -2.93364
2380 1217.82 7495.03 624.468 -2.93469
2390 1186.22 7717.26 624.541 -2.93545
2400 1172.34 7649.61 624.77 -2.93593
2410 1206.16 5980.28 625.151 -2.93616
2420 1265.15 3317.9 625.65 -2.93622
2430 1296.59 -423.216 626.211 -2.93622
2440 1275 -4083 626.76 -2.93621
2450 1287.18 -8451.4 627.223 -2.93619
2460 1352.27 -11576.1 627.517 -2.9362
2470 1430.46 -15170.6 627.576 -2.93646
2480 1409.15 -16798.8 627.338 -2.93715
2490 1304.16 -15397.3 626.778 -2.93812
2500 1258 -13726.3 625.923 -2.9391
2510 1285.49 -11820 624.813 -2.94
2520 1254.92 -8029.34 623.496 -2.94079
2530 1172.31 -3016.13 622.051 -2.94133
2540 1149.36 -125.183 620.574 -2.94147
2550 1221.22 342.876 619.122 -2.94131
2560 1332.47 -988.434 617.705 -2.94107
2570 1383.57 1160.35 616.307 -2.94097
2580 1386.22 3442.19 614.961 -2.94107
2590 1368.89 4313.08 613.71 -2.94141
2600 1285.12 8216.82 612.575 -2.94183
2610 1187.53 11191.3 611.621 -2.94211
2620 1141.61 12564.3 610.902 -2.94215
2630 1155 10995.2 610.434 -2.94195
2640 1189.99 10590.4 610.19 -2.94157
2650 1247.12 10474.9 610.158 -2.94108
2660 1284.28 10202.9 610.331 -2.94062
2670 1236.8 12655.4 610.706 -2.94028
2680 1151.91 12643.5 611.318 -2.93998
2690 1160.74 7916.36 612.159 -2.93956
2700 1147.6 6716.35 613.153 -2.93891
2710 1224.68 3094.04 614.263 -2.93811
2720 1293.84 -1999.17 615.419 -2.93713
2730 1240.43 -1954.49 616.536 -2.93623
2740 1249.63 -4798.55 617.598 -2.9354
2750 1379.09 -10172 618.551 -2.93453
2760 1484.31 -11190.5 619.307 -2.93395
2770 1525.06 -12987.7 619.835 -2.934
2780 1481.28 -12238.7 620.111 -2.93474
2790 1370.71 -10517.4 620.148 -2.93591
2800 1219.56 -4613.35 619.993 -2.93707
2810 1116.19 -498.229 619.75 -2.93785
2820 1086.46 638.177 619.501 -2.93818
2830 1107.94 859.482 619.272 -2.93809
2840 1153.48 1627.1 619.069 -2.93767
2850 1212.44 2713.02 618.906 -2.93703
2860 1286.25 2269.24 618.802 -2.93631
2870 1313.79 2611.14 618.751 -2.93568
2880 1277.85 2320.02 618.756 -2.93521
2890 1220.59 2181.43 618.812 -2.93482
2900 1200.32 1541.27 618.915 -2.93439
2910 1229.43 -970.509 619.047 -2.93387
2920 1224.66 -2356.79 619.167 -2.93328
2930 1202.61 -2053.67 619.247 -2.93267
2940 1216.62 -3400.3 619.286 -2.93199
2950 1270.81 -5791.63 619.262 -2.93127
2960 1323.71 -6949.89 619.132 -2.93062
2970 1374.56 -6110.28 618.876 -2.93018
2980 1386.3 -4355.92 618.511 -2.93004
2990 1349.7 -1631.83 618.075 -2.93017
3000 1290.43 1266.24 617.619 -2.93043
3010 1254.89 2874.63 617.198 -2.93066
3020 1312.03 1760.28 616.841 -2.93085
3030 1411.17 -859.414 616.527 -2.93114
3040 1474.35 -871.912 616.211 -2.93177
3050 1417.66 1445.03 615.893 -2.93282
3060 1204.31 5686.88 615.617 -2.93392
3070 950.091 10167 615.462 -2.93454
3080 881.3 10719.5 615.504 -2.9345
3090 1103.59 4621.99 615.745 -2.93385
3100 1392.88 -1692.7 616.077 -2.93273
3110 1521.38 -2658.42 616.387 -2.93185
3120 1448.46 -420.237 616.652 -2.93168
3130 1292.99 1716.66 616.91 -2.93197
3140 1204.45 3495.85 617.204 -2.93226
3150 1306.54 306.028 617.558 -2.93241
3160 1445.67 -4082.23 617.916 -2.93264
3170 1439.02 -3931.73 618.204 -2.93322
3180 1354.99 -3609.03 618.416 -2.93411
3190 1238.85 -1576.47 618.564 -2.93501
3200 1143.18 1965.41 618.687 -2.93565
3210 1111.44 2981.29 618.846 -2.93593
3220 1100.41 3197.38 619.065 -2.93586
3230 1039.48 4817.66 619.352 -2.93545
3240 981.877 4559.37 619.731 -2.9347
3250 1011.73 3948.13 620.197 -2.93357
3260 1099.58 2591.38 620.739 -2.93202
3270 1264.57 -1779.85 621.323 -2.93016
3280 1370.96 -3913.93 621.874 -2.92828
3290 1376.47 -4105.58 622.348 -2.9268
3300 1325.38 -5014.28 622.739 -2.92579
3310 1227.42 -3454.86 623.035 -2.92506
3320 1228.89 -2930.89 623.261 -2.9244
3330 1369.02 -5010.09 623.426 -2.92373
3340 1452.87 -6037.64 623.498 -2.92332
3350 1439.18 -6021.24 623.455 -2.92341
3360 1367.53 -3226.56 623.304 -2.9239
3370 1316.16 515.412 623.1 -2.92452
3380 1367.27 -2011.98 622.902 -2.92519
3390 1442.7 -5964.62 622.671 -2.92607
3400 1399.01 -6670.39 622.337 -2.92726
3410 1266.78 -4790.93 621.884 -2.92852
3420 1124.32 -141.929 621.355 -2.92944
3430 1117.18 -119.124 620.827 -2.92989
3440 1189.6 -2804.58 620.305 -2.93
3450 1259.54 -3138.9 619.745 -2.92991
3460 1405.03 -4964.35 619.135 -2.92985
3470 1530.81 -6713.57 618.442 -2.93018
3480 1518.02 -4616.94 617.642 -2.93116
3490 1371.21 -1491.91 616.771 -2.93254
3500 1178.99 1978.06 615.891 -2.93375
3510 1129.12 4125.51 615.067 -2.93445
3520 1289.85 1598.5 614.332 -2.93484
3530 1464.58 -213.961 613.646 -2.93531
3540 1507.16 -1426.55 612.973 -2.93625
3550 1440 266.378 612.295 -2.93764
3560 1357.35 1040.5 611.637 -2.93917
3570 1321.37 39.4854 611.012 -2.94064
3580 1340 835.721 610.405 -2.94204
3590 1408.28 -545.167 609.826 -2.94346
3600 1443.82 -2107.59 609.249 -2.94512
3610 1298.6 1531.05 608.658 -2.94683
3620 1145.37 3650.6 608.106 -2.94815
3630 1128.63 3229.15 607.633 -2.94894
3640 1259.78 190.593 607.229 -2.94941
3650 1423.92 -3128.9 606.838 -2.94986
3660 1524.02 -4075.07 606.404 -2.95071
3670 1488.6 -538.734 605.914 -2.95209
3680 1393.59 3499.39 605.428 -2.95373
3690 1356.13 5533.07 605.016 -2.95536
3700 1340.98 7303.18 604.72 -2.95697
3710 1202.66 11116.5 604.575 -2.95839
3720 1094.58 13103.6 604.642 -2.95935
3730 1205.82 6978.8 604.945 -2.95992
3740 1306.46 1660.71 605.381 -2.96028
3750 1301.52 454.15 605.854 -2.96061
3760 1297.76 -599.995 606.335 -2.96097
3770 1273.34 -211.342 606.805 -2.96131
3780 1251.2 718.46 607.272 -2.9616
3790 1302.06 190.182 607.749 -2.96183
3800 1376.37 -1741.51 608.227 -2.96211
3810 1391.71 -3021.73 608.672 -2.96258
3820 1307.47 -4110.19 609.059 -2.96323
3830 1181.3 -3983.49 609.371 -2.9638
3840 1135.83 -4154.21 609.607 -2.96407
3850 1198.29 -4865.5 609.763 -2.96406
3860 1265.32 -2388.1 609.837 -2.96386
3870 1364.31 -2931.27 609.862 -2.96368
3880 1431.77 -3028.79 609.839 -2.96374
3890 1416.61 -1989.51 609.765 -2.96418
3900 1333.09 -340.455 609.662 -2.96488
3910 1216.66 952.265 609.559 -2.96558
3920 1085.68 3246.72 609.482 -2.96599
3930 984.231 6007.23 609.473 -2.96596
3940 1006.31 4712.37 609.577 -2.96544
3950 1102.73 3153.65 609.772 -2.96446
3960 1192.15 2798.89 610.032 -2.96319
3970 1208.04 2526.47 610.346 -2.96183
3980 1176.6 2002.38 610.709 -2.96051
3990 1191.51 -350.447 611.108 -2.9592
4000 1213.4 134.736 611.504 -2.95784
4010 1236.06 3697.71 611.907 -2.95654
4020 1263.48 6073.32 612.379 -2.95535
4030 1201.24 9250.88 612.969 -2.95432
4040 1059.35 13989.1 613.737 -2.95345
4050 988.434 14435.2 614.763 -2.95256
4060 1038.23 11325.5 616.055 -2.95138
4070 1116.55 7207.75 617.555 -2.9498
4080 1180.86 2206.93 619.182 -2.94793
4090 1271.37 -5707.82 620.833 -2.94584
4100 1300.26 -10298.6 622.363 -2.94372
4110 1260.91 -10974.1 623.681 -2.94192
4120 1181.94 -9823.85 624.773 -2.9404
4130 1165.9 -9429.19 625.657 -2.939
4140 1162.42 -8896.56 626.346 -2.93759
4150 1197.35 -8784.94 626.852 -2.93616
4160 1276.72 -11326.8 627.173 -2.93473
4170 1338.94 -14299.6 627.266 -2.93347
4180 1256.38 -12816.1 627.083 -2.93256
4190 1093.84 -8432.59 626.655 -2.93185
4200 927.127 -2020.69 626.073 -2.93098
4210 907.228 61.0238 625.454 -2.92973
4220 991.078 -715.907 624.846 -2.92799
4230 1009.36 2104.63 624.243 -2.92586
4240 922.038 4181.44 623.694 -2.92357
4250 992.696 639.409 623.232 -2.92115
4260 1123.93 -1593.88 622.796 -2.91833
4270 1189.04 -2100.78 622.341 -2.91543
4280 1203.93 -379.191 621.862 -2.91271
4290 1232.07 101.53 621.386 -2.91025
4300 1332.79 -2428.63 620.917 -2.90802
4310 1406.33 -4459.62 620.415 -2.90618
4320 1417.09 -3455.66 619.844 -2.90492
4330 1358.58 186.025 619.223 -2.90418
4340 1328.76 1311.64 618.617 -2.90377
4350 1356.6 1553.2 618.05 -2.90355
4360 1421.29 919.37 617.527 -2.90358
4370 1473.31 -214.988 617.035 -2.904
4380 1464.86 282.449 616.554 -2.90488
4390 1427.47 1005.79 616.094 -2.90609
4400 1409.34 -760.823 615.66 -2.90753
4410 1386.06 911.631 615.231 -2.90908
4420 1405.96 1868.41 614.83 -2.91071
4430 1409.28 2506.72 614.476 -2.91244
4440 1365.51 5361.39 614.186 -2.91423
4450 1279.65 9317.01 614.012 -2.91589
4460 1196.5 10925.9 614.022 -2.91726
4470 1133.28 10822.2 614.245 -2.91824
4480 1120.26 11553.2 614.68 -2.91884
4490 1188.28 11804.7 615.338 -2.91912
4500 1329.16 8195.14 616.215 -2.91925
4510 1388.32 4923.11 617.246 -2.91945
4520 1313.94 5027.4 618.373 -2.91986
4530 1266.75 1917.29 619.583 -2.9203
4540 1266.93 -386.803 620.824 -2.92061
4550 1257.02 -2457.31 622.048 -2.92081
4560 1251.08 -4743.97 623.211 -2.92088
4570 1264.02 -5614.89 624.274 -2.92087
4580 1282.3 -5675.06 625.217 -2.92081
4590 1288.39 -5985.3 626.04 -2.92079
4600 1252.81 -6107.79 626.736 -2.92077
4610 1235.47 -6965.89 627.306 -2.92071
4620 1326.49 -11621.3 627.724 -2.92059
4630 1443.65 -14415.1 627.912 -2.92065
4640 1476.05 -13437.6 627.818 -2.92119
4650 1358.31 -8589.21 627.468 -2.92219
4660 1173.22 -3808.34 626.955 -2.9231
4670 1119.21 -2854.08 626.371 -2.92365
4680 1167.28 -3092.57 625.743 -2.9238
4690 1294.2 -4979.39 625.064 -2.92375
4700 1370.29 -4474.06 624.306 -2.92376
4710 1359.99 -4494.36 623.474 -2.92399
4720 1310.71 -3541.61 622.574 -2.92438
4730 1315.07 -1917.69 621.625 -2.92481
4740 1325.36 -464.725 620.657 -2.92527
4750 1274.03 2698.94 619.706 -2.92572
4760 1186.28 4009.06 618.822 -2.92604
4770 1082.79 8061.97 618.043 -2.92605
4780 1167.62 9393.78 617.434 -2.92569
4790 1356.3 5070.53 617.011 -2.92517
4800 1373.43 2854.96 616.705 -2.92486
4810 1211.56 5842.65 616.474 -2.92479
4820 1089.34 7982.18 616.362 -2.9246
4830 1163.45 7273.26 616.407 -2.92416
4840 1222.48 9314.1 616.604 -2.92349
4850 1299.24 8770.74 616.98 -2.92282
4860 1368.49 6702.27 617.524 -2.92228
4870 1388.75 5745.31 618.2 -2.92204
4880 1335.39 6491.5 618.989 -2.92212
4890 1341.35 4216.93 619.895 -2.92237
4900 1427.76 -257.653 620.874 -2.92275
4910 1383.43 -316.44 621.851 -2.92338
4920 1307.34 837.087 622.815 -2.92417
4930 1306.12 814.766 623.788 -2.92495
4940 1353.88 -2293.01 624.764 -2.9257
4950 1362.15 -4978.57 625.688 -2.92649
4960 1298.63 -5048.48 626.51 -2.92733
4970 1230.86 -4446.48 627.227 -2.92807
4980 1179.13 -2864.06 627.852 -2.92861
4990 1113.56 -1652.49 628.414 -2.92885
5000 1056.42 -528.062 628.94 -2.92874
5010 1044.18 -1142.54 629.45 -2.92825
5020 1104.01 -3243.81 629.932 -2.92736
5030 1217.42 -8606.64 630.34 -2.92615
5040 1330.79 -13833.9 630.573 -2.92487
5050 1363.4 -16540 630.53 -2.92386
5060 1314.54 -14760.6 630.165 -2.92329
5070 1259.97 -11361.2 629.514 -2.92298
5080 1221.23 -8409 628.645 -2.92272
5090 1184.41 -3383 627.631 -2.92236
5100 1207.13 -1498.92 626.563 -2.92181
5110 1265.94 -1516.48 625.485 -2.92116
5120 1332.03 -3684.75 624.396 -2.92057
5130 1399.86 -6227.43 623.256 -2.92025
5140 1473.19 -8499.95 622.017 -2.92037
5150 1517.63 -8566.34 620.64 -2.92108
5160 1521.43 -6293.57 619.127 -2.92238
5170 1493.01 -3242.25 617.525 -2.92411
5180 1453.26 -295.901 615.893 -2.92609
5190 1425.58 3489.91 614.292 -2.92812
5200 1448.82 3087.06 612.784 -2.93019
5210 1509.66 131.498 611.363 -2.9326
5220 1480.8 1571.66 609.983 -2.93531
5230 1340.74 5661.32 608.666 -2.93793
5240 1183.53 10693.9 607.487 -2.93991
5250 1173.27 9720.26 606.523 -2.94127
5260 1264.22 7750.96 605.763 -2.94233
5270 1325.85 8514.9 605.169 -2.9433
5280 1348.18 9575.5 604.751 -2.94426
5290 1352.55 8889.72 604.521 -2.9453
5300 1300.25 10713.9 604.471 -2.94638
5310 1192.62 13023.8 604.629 -2.94734
5320 1078.53 12979.3 605.029 -2.94799
5330 1024.49 11767.9 605.671 -2.94822
5340 1083.84 8770.11 606.525 -2.94799
5350 1257.07 4041.63 607.536 -2.94737
5360 1369.99 -87.9286 608.616 -2.94662
5370 1301.44 1841.05 609.697 -2.94612
5380 1151.31 4991.72 610.805 -2.94583
5390 1078.34 5189.39 611.994 -2.94546
5400 986.879 5097.87 613.272 -2.94478
5410 1001.86 4025.61 614.634 -2.94376
5420 1119.25 -783.087 616.054 -2.94225
5430 1233.08 -5186.03 617.445 -2.94032
5440 1233.93 -3859.05 618.734 -2.93841
5450 1154.27 -1601.05 619.936 -2.93676
5460 1097.39 -632.583 621.093 -2.93522
5470 1112.81 -1142.65 622.226 -2.9336
5480 1218.31 -5421.81 623.317 -2.93176
5490 1265.99 -6850.15 624.296 -2.92986
5500 1210.68 -5448.11 625.137 -2.9282
5510 1189.88 -5418.96 625.858 -2.92672
5520 1174.19 -3936.19 626.469 -2.92527
5530 1169.1 -4260.64 626.992 -2.92385
5540 1176.08 -4890.83 627.429 -2.9224
5550 1236.67 -6087.39 627.764 -2.92093
5560 1324.71 -8060.1 627.975 -2.91952
5570 1351.83 -8863.42 628.029 -2.91836
5580 1353.15 -9985.09 627.907 -2.91756
5590 1397.61 -13427.6 627.585 -2.91716
5600 1231.24 -9203.81 627.021 -2.91709
5610 1087.36 -7309.34 626.279 -2.91696
5620 1210.32 -10932.4 625.397 -2.9166
5630 1427.9 -13488.7 624.319 -2.91622
5640 1530.79 -14387 622.998 -2.91635
5650 1391.72 -10248.4 621.429 -2.91712
5660 1180.99 -4557.7 619.695 -2.9179
5670 1113.9 -1450.22 617.901 -2.91827
5680 1145.3 2430.03 616.118 -2.91815
5690 1273.04 3922.05 614.415 -2.91769
5700 1406.71 3837.66 612.82 -2.91724
5710 1483.16 3949.63 611.334 -2.91715
5720 1532.46 3053.04 609.955 -2.91763
5730 1612.81 644.74 608.662 -2.91887
5740 1663.03 273.944 607.413 -2.92104
5750 1559.56 5171.85 606.206 -2.92392
5760 1347.37 13394.6 605.129 -2.92674
5770 1139.1 21166 604.327 -2.9288
5780 1076.91 23452.3 603.929 -2.93017
5790 1090.54 23394.5 603.977 -2.93109
5800 1236.91 18668.6 604.459 -2.93177
5810 1408.6 9996.62 605.281 -2.93239
5820 1447.32 6416.08 606.294 -2.93323
5830 1418.02 2241.22 607.42 -2.93434
5840 1383.98 -1179.66 608.578 -2.93558
5850 1342.38 -1049.49 609.712 -2.93683
5860 1328.7 -2084.03 610.813 -2.93808
5870 1252.65 -2826.01 611.866 -2.93919
5880 1105.4 1552.83 612.863 -2.94002
5890 1035 5047.17 613.88 -2.94043
5900 1164.25 2494.16 614.975 -2.94041
5910 1201.4 1902.43 616.113 -2.94006
5920 1143.95 1419.46 617.276 -2.9396
5930 1088.29 -177.335 618.454 -2.93894
5940 1057.59 -1174.6 619.618 -2.938
5950 1041.19 -236.942 620.753 -2.93679
5960 1037.88 -1907.02 621.865 -2.93532
5970 1033.33 -4326.63 622.929 -2.93355
5980 1156.84 -8619.88 623.893 -2.93147
5990 1293.51 -12525.4 624.676 -2.92912
6000 1336.39 -11739.7 625.211 -2.92701
6010 1325.56 -8658.84 625.513 -2.92537
6020 1306.69 -5525.59 625.644 -2.92415
6030 1319.9 -4757.45 625.662 -2.92319
6040 1393.32 -5741.1 625.588 -2.9225
6050 1444.32 -6252.75 625.408 -2.92218
6060 1400.24 -5689.56 625.112 -2.92234
6070 1256.55 -5171.59 624.713 -2.92274
6080 1126.25 -3920.43 624.223 -2.92302
6090 1126.27 -3573.63 623.667 -2.92299
6100 1217.27 -2261.08 623.055 -2.92266
6110 1298.4 1467.56 622.417 -2.92219
6120 1334.27 3445.77 621.82 -2.92177
6130 1334.42 3743.45 621.305 -2.92153
6140 1332.68 2559.03 620.875 -2.92147
6150 1346.26 -1215.07 620.502 -2.9216
6160 1290.08 -712.934 620.126 -2.92184
6170 1279.86 -875.299 619.745 -2.92211
6180 1314.92 -1344.17 619.357 -2.92237
6190 1321.28 269.17 618.958 -2.92269
6200 1269.87 2645.15 618.579 -2.92304
6210 1232.25 1730.09 618.256 -2.9233
6220 1309.73 -2247.95 617.972 -2.92349
6230 1381.07 -3580.19 617.659 -2.92377
6240 1401.68 -2608.94 617.29 -2.92427
6250 1413.42 -2036.1 616.881 -2.92505
6260 1428.21 -2693.18 616.443 -2.92606
6270 1518.1 -5774.41 615.96 -2.92746
6280 1591.18 -5292.67 615.387 -2.92943
6290 1658.47 -8056.56 614.72 -2.93219
6300 1596.74 -7479.59 613.92 -2.93576
6310 1339.32 -12.2487 613.007 -2.93926
6320 1126.25 6981.01 612.113 -2.94175
6330 1160.6 7298.04 611.362 -2.94339
6340 1342.74 3585.66 610.761 -2.94476
6350 1479.62 98.1257 610.244 -2.94631
6360 1473.4 -1206.13 609.746 -2.94821
6370 1375.58 0.156899 609.243 -2.95026
6380 1281.53 1266.46 608.753 -2.95212
6390 1216.04 4234.07 608.304 -2.9536
6400 1188.7 5902.72 607.944 -2.9547
6410 1167.48 8683.65 607.709 -2.95542
6420 1166.81 8254.77 607.641 -2.95583
6430 1137.65 9577.9 607.738 -2.95598
6440 1086.84 10991.3 608.02 -2.95585
6450 1050.73 10486.6 608.507 -2.95545
6460 1036.97 9849.55 609.191 -2.95474
6470 1098.72 6177.37 610.053 -2.95369
6480 1208.71 1472.7 611.024 -2.95229
6490 1307.17 -1809.44 612.017 -2.95075
6500 1283.16 -2357.44 612.974 -2.94939
6510 1174.77 -2666.73 613.877 -2.94827
6520 1073.89 -1588.83 614.725 -2.94718
6530 1132.81 -3034.61 615.531 -2.94591
6540 1324.08 -6509.8 616.268 -2.94437
6550 1464.55 -7316.29 616.88 -2.94295
6560 1453.71 -6459.67 617.348 -2.94214
6570 1343.47 -3384.99 617.693 -2.94191
6580 1232.92 2043.49 617.978 -2.94191
6590 1178.88 6074.54 618.301 -2.94187
6600 1189.49 6719.98 618.738 -2.94168
6610 1244.87 5472.24 619.302 -2.94134
6620 1328.52 4039.03 619.972 -2.94098
6630 1324.6 4654.02 620.72 -2.94077
6640 1123.77 11147.4 621.568 -2.94074
6650 1037.43 12065.4 622.621 -2.94061
6660 1133.9 6457.17 623.891 -2.94007
6670 1196.18 3892.5 625.288 -2.93917
6680 1262.39 -1807.85 626.744 -2.93809
6690 1323.34 -7640.1 628.15 -2.93693
6700 1346.77 -12350.5 629.392 -2.93587
6710 1304.14 -15976.9 630.374 -2.93506
6720 1185.93 -16855.9 631.027 -2.93445
6730 1043.36 -13311.4 631.341 -2.93386
6740 1050.34 -12527.9 631.378 -2.93305
6750 1192.73 -13831.9 631.159 -2.93192
6760 1297.86 -12112.1 630.672 -2.9307
6770 1361.21 -11789.1 629.948 -2.92968
6780 1391.41 -12006.7 629.002 -2.92904
6790 1446.21 -13317.7 627.832 -2.92889
6800 1480.32 -12460.4 626.423 -2.9293
6810 1436.8 -8888.11 624.798 -2.93021
6820 1304.46 -2970.01 623.036 -2.93125
6830 1146.23 2033.52 621.248 -2.93196
6840 1080.59 5321.98 619.534 -2.93214
6850 1115.65 5643.53 617.955 -2.93185
6860 1186.13 4106.34 616.515 -2.93129
6870 1235.33 1855.95 615.184 -2.93062
6880 1246.22 3039.98 613.922 -2.92996
6890 1249.02 7281.58 612.751 -2.92922
6900 1338.34 7220.63 611.737 -2.9285
6910 1361.96 8952.19 610.886 -2.92799
6920 1245.69 12545.2 610.23 -2.92769
6930 1087.19 16168.2 609.828 -2.92741
6940 961.953 20767 609.747 -2.92689
6950 1028.02 22082.4 610.062 -2.9261
6960 1189.2 20546.9 610.794 -2.92503
6970 1288.51 15071.7 611.905 -2.92386
6980 1203.7 12455.9 613.304 -2.92285
6990 1136.64 8902.39 614.928 -2.92196
7000 1256.57 1794.77 616.704 -2.92083
7010 1320.78 -2359.79 618.503 -2.9195
7020 1247.65 -3333.52 620.243 -2.91834
7030 1170.29 -4255.06 621.901 -2.91731
7040 1160.34 -5486.8 623.458 -2.91621
7050 1171.77 -3870.11 624.897 -2.915
7060 1276.94 -5607.89 626.237 -2.91374
7070 1346.14 -8750.87 627.449 -2.91247
7080 1323.65 -8260.81 628.48 -2.91149
7090 1238.82 -6771.12 629.337 -2.91079
7100 1146.13 -3130.76 630.054 -2.91019
7110 1127.03 -901.27 630.699 -2.90947
7120 1191.25 -1863.28 631.315 -2.90856
7130 1238.53 -3115.76 631.889 -2.90753
7140 1163.7 -2662.88 632.401 -2.90651
7150 1119.81 -3137.42 632.853 -2.90547
7160 1165.03 -6722.58 633.233 -2.90426
7170 1235.08 -9386.1 633.476 -2.90292
7180 1272.2 -9876.36 633.532 -2.90162
7190 1308.85 -10547.2 633.389 -2.90051
7200 1324.49 -11032.2 633.038 -2.89966
7210 1347.26 -11464.5 632.472 -2.89909
7220 1435.33 -12609.7 631.684 -2.89886
7230 1588.72 -12585.4 630.66 -2.89919
7240 1673.21 -8956.95 629.41 -2.90047
7250 1577.96 -1414.81 628.015 -2.90256
7260 1434.99 4418.21 626.618 -2.90491
7270 1284.59 9592.86 625.339 -2.90697
7280 1195.61 11756.1 624.276 -2.90852
7290 1213.63 10281.2 623.464 -2.90967
7300 1282.47 6899.29 622.87 -2.91065
7310 1250.4 7835.6 622.438 -2.91151
7320 1156.74 8528.74 622.171 -2.91216
7330 1057.71 9547.04 622.084 -2.91244
7340 1066.85 8430.09 622.188 -2.91231
7350 1176.68 6315.97 622.461 -2.91182
7360 1264.71 2862.66 622.858 -2.91112
7370 1355.74 -1506.14 623.31 -2.91043
7380 1436.6 -5294.85 623.731 -2.90997
7390 1489.28 -7080.91 624.05 -2.90996
7400 1498.03 -8557.8 624.23 -2.91055
7410 1409.98 -6228.22 624.251 -2.91162
7420 1314.71 -4649.81 624.15 -2.91282
7430 1300.65 -2913.19 623.965 -2.91393
7440 1327.21 -2678.16 623.726 -2.91498
7450 1307.18 1037.09 623.451 -2.91599
7460 1258.01 4163.42 623.204 -2.9169
7470 1179.47 7394.5 623.051 -2.91759
7480 1122.83 9110.07 623.048 -2.91798
7490 1112.78 8274.38 623.227 -2.91803
7500 1142.79 7432.55 623.574 -2.91778
7510 1143.18 7444.65 624.07 -2.9173
7520 1108.35 8053.66 624.714 -2.91665
7530 1057.1 9984.53 625.517 -2.91583
7540 1118.58 9837.35 626.51 -2.91481
7550 1154.59 7200.89 627.69 -2.91356
7560 1138.37 6884.49 629.008 -2.9122
7570 1181.12 6664.46 630.454 -2.91082
7580 1288.41 4676.86 632.021 -2.90935
7590 1405.31 2591.21 633.671 -2.90797
7600 1454.51 202.426 635.356 -2.90696
7610 1428.94 -1258.25 637.035 -2.90648
7620 1479.9 -8302.26 638.661 -2.90638
7630 1474.93 -10909.8 640.109 -2.90666
7640 1344.07 -8603.85 641.324 -2.90736
7650 1219.84 -5825.24 642.347 -2.9081
7660 1245.77 -7396.04 643.23 -2.90866
7670 1222.94 -8313.86 643.952 -2.90903
7680 1182.21 -9737.03 644.491 -2.90922
7690 1190.52 -10539.3 644.821 -2.90921
7700 1237.77 -11423.8 644.927 -2.90907
7710 1252.31 -12332.5 644.792 -2.90891
7720 1196.11 -10658.3 644.408 -2.90874
7730 1221.49 -10823.6 643.805 -2.90851
7740 1250.29 -11340.3 642.985 -2.90825
7750 1203.12 -8691.95 641.951 -2.90799
7760 1131.78 -5293.08 640.76 -2.90762
7770 1102.43 -4041.75 639.477 -2.907
7780 1214.4 -7413.47 638.127 -2.90617
7790 1313.79 -10144.5 636.653 -2.90535
7800 1362.38 -9979.13 635.006 -2.90476
7810 1441.6 -11200.6 633.185 -2.90456
7820 1456.6 -10769.5 631.176 -2.90491
7830 1318.46 -4843.76 629.002 -2.90557
7840 1179.77 -1084.42 626.771 -2.90602
7850 1180.7 2055.46 624.565 -2.90612
7860 1198.63 4579.85 622.446 -2.90587
7870 1199.53 7233.12 620.464 -2.90538
7880 1222 8974.61 618.664 -2.90469
7890 1276.57 7522.71 617.073 -2.90397
7900 1349.61 6846.2 615.664 -2.90337
7910 1376.83 7912.74 614.421 -2.903
7920 1293.95 12377.1 613.366 -2.90285
7930 1214.15 15793.9 612.57 -2.90271
7940 1214.36 15325.2 612.089 -2.90252
7950 1235.32 15559.4 611.917 -2.90229
7960 1312.42 15176.3 612.051 -2.9021
7970 1425.74 11441.6 612.472 -2.90211
7980 1482.84 9476.84 613.118 -2.90253
7990 1465.29 8228.6 613.943 -2.90348
8000 1358.48 9729.23 614.926 -2.90477
8010 1256.6 12013.9 616.093 -2.90612
8020 1290.81 9099.37 617.472 -2.90733
8030 1352.65 5752.94 619.015 -2.90843
8040 1373.84 2335.17 620.658 -2.90953
8050 1352.13 -793.899 622.331 -2.91063
8060 1277.19 -1664.13 623.976 -2.91165
8070 1170.57 -827.019 625.573 -2.91246
8080 1117.04 -342.262 627.139 -2.91293
8090 1190.11 -4340.49 628.673 -2.91298
8100 1281.51 -6490.33 630.106 -2.91276
8110 1293.09 -6977.61 631.396 -2.91251
8120 1293.68 -8254.6 632.528 -2.91233
8130 1271.09 -9249.32 633.481 -2.91218
8140 1232.25 -8625.86 634.24 -2.91206
8150 1194.7 -8685.12 634.813 -2.91187
8160 1198.02 -8644.25 635.203 -2.91155
8170 1286.37 -10954.8 635.411 -2.91115
8180 1400.45 -13677.8 635.392 -2.91084
8190 1445.7 -11914.6 635.106 -2.91093
8200 1369.09 -8558.25 634.587 -2.91146
8210 1196.95 -2083.39 633.912 -2.91205
8220 1070.21 1694.01 633.206 -2.91229
8230 1059.12 3340.85 632.547 -2.91209
8240 1146.72 4822.68 631.972 -2.91147
8250 1266.67 3975.38 631.506 -2.91062
8260 1312.24 2496.26 631.132 -2.9098
8270 1237.26 3203 630.827 -2.90916
8280 1133.07 3377.52 630.594 -2.90856
8290 1096.21 3434.34 630.44 -2.90779
8300 1172.72 2386.38 630.36 -2.90679
8310 1285.21 954.878 630.334 -2.90563
8320 1326.78 1396.65 630.337 -2.90457
8330 1279.39 2579.32 630.375 -2.90374
8340 1288.97 647.514 630.466 -2.90309
8350 1317.72 -1658.76 630.573 -2.90254
8360 1327.75 -1533.29 630.654 -2.90216
8370 1306.16 -1240.37 630.709 -2.90194
8380 1350.92 -3709.82 630.739 -2.90185
8390 1417.34 -7103.41 630.696 -2.90199
8400 1401.93 -6815.11 630.523 -2.90245
8410 1364.91 -7414.92 630.217 -2.90318
8420 1339.79 -6935.71 629.774 -2.90407
8430 1241.03 -2857.69 629.209 -2.90492
8440 1137.39 1065.57 628.6 -2.90549
8450 1118.05 1623.28 628.021 -2.90566
8460 1200.26 -1144.9 627.482 -2.90552
8470 1306.79 -974.043 626.941 -2.90524
8480 1415.11 -1334.27 626.392 -2.90505
8490 1524.42 -5457.64 625.824 -2.9053
8500 1520.17 -7137.18 625.167 -2.90624
8510 1408.39 -5863.43 624.39 -2.90764
8520 1347.06 -5916.9 623.511 -2.90915
8530 1381.33 -6002.44 622.536 -2.91068
8540 1438.49 -7714.56 621.459 -2.91238
8550 1422.41 -4993.79 620.264 -2.91431
8560 1404.09 -4250.72 618.992 -2.91625
8570 1498.55 -8416.01 617.655 -2.91846
8580 1515.96 -8091.62 616.192 -2.92112
8590 1400.38 -4437.2 614.608 -2.92392
8600 1266.51 376.57 612.975 -2.92628
8610 1277.67 833.53 611.376 -2.92813
8620 1379.01 1047.59 609.826 -2.92983
8630 1432.13 3587.69 608.334 -2.9316
8640 1391.94 7176.21 606.942 -2.93339
8650 1348.15 10360.6 605.716 -2.93505
8660 1379.44 9804.16 604.705 -2.93665
8670 1431.84 6173.61 603.894 -2.93839
8680 1399.84 6199.2 603.225 -2.94031
8690 1300.86 9049.69 602.692 -2.94215
8700 1187 11987.3 602.341 -2.94364
8710 1097.42 14748.8 602.224 -2.94464
8720 1107.67 12732.2 602.379 -2.9452
8730 1198.36 8250.34 602.769 -2.94541
8740 1311.51 4102.47 603.312 -2.94544
8750 1386.42 2767.37 603.934 -2.94554
8760 1351.32 5153.11 604.611 -2.94588
8770 1223.57 9752.21 605.384 -2.9464
8780 1073.13 13169.3 606.333 -2.94681
8790 995.521 15789.9 607.521 -2.94693
8800 1039.19 16584.3 608.994 -2.94673
8810 1147.35 14149.7 610.762 -2.94619
8820 1241.72 11469.7 612.785 -2.94539
8830 1256.26 9630.89 615.011 -2.94457
8840 1226.4 8061.26 617.404 -2.94385
8850 1159.12 5560.11 619.93 -2.94312
8860 1105.4 3336.23 622.542 -2.94226
8870 1084.7 -309.884 625.192 -2.9411
8880 1097.3 -4849.35 627.807 -2.93953
8890 1098.95 -6597.94 630.302 -2.93764
8900 1099.28 -8774.97 632.635 -2.93557
8910 1068.63 -11453.5 634.761 -2.93334
8920 1001 -13179.7 636.629 -2.931
8930 970.75 -14774.7 638.202 -2.92858
8940 1175.44 -20857.4 639.439 -2.92581
8950 1392.22 -24869 640.229 -2.92279
8960 1378.58 -22494.7 640.504 -2.92043
8970 1186.08 -17427.7 640.312 -2.91896
8980 1010.65 -12228.6 639.764 -2.91782
8990 1122.29 -12802.5 638.963 -2.91654
9000 1265.89 -12969.9 637.915 -2.91502
9010 1322.22 -10971.1 636.625 -2.91363
9020 1313.28 -7326.82 635.139 -2.91255
9030 1267.5 -2777.03 633.539 -2.91163
9040 1244.42 -1982.91 631.91 -2.91083
9050 1204.11 -515.057 630.279 -2.91004
9060 1248.1 -1286.43 628.668 -2.90923
9070 1294.54 -2862.61 627.066 -2.90849
9080 1274.71 -2689.87 625.446 -2.9079
9090 1307.32 -1893.63 623.81 -2.90739
9100 1447.29 -4245.44 622.166 -2.90707
9110 1566.27 -7078.66 620.476 -2.90735
9120 1536.24 -5235.56 618.694 -2.90842
9130 1448.95 -2466.83 616.852 -2.90993
9140 1438.21 -474.74 615.002 -2.91162
9150 1412.9 2970.71 613.188 -2.9134
9160 1325.24 6256.06 611.472 -2.91507
9170 1254.05 9564.79 609.915 -2.91643
9180 1317.86 10401 608.571 -2.91749
9190 1476.3 6262.7 607.444 -2.91874
9200 1476.04 6804.09 606.473 -2.92037
9210 1471.67 6506.31 605.651 -2.92233
9220 1388.69 8237.88 604.975 -2.92446
9230 1233.69 14834.2 604.479 -2.92633
9240 1162.78 17932.3 604.268 -2.92775
9250 1177.66 18158.9 604.397 -2.9288
9260 1290.94 15665.9 604.863 -2.92969
9270 1366.7 14216.2 605.623 -2.93061
9280 1369.89 14287.6 606.647 -2.93174
9290 1340.01 15242.9 607.934 -2.93305
9300 1325.49 12245.1 609.489 -2.93445
9310 1307.13 6906.5 611.258 -2.93572
9320 1281.36 3358.03 613.143 -2.93677
9330 1291.14 391.006 615.075 -2.93761
9340 1370.89 -4482.4 616.988 -2.93829
9350 1443.26 -5828.2 618.801 -2.93903
9360 1456.73 -5857.64 620.482 -2.94011
9370 1381.07 -4865.1 622.031 -2.94147
9380 1236.3 -2397.42 623.47 -2.94279
9390 1177.5 -2239.74 624.842 -2.9438
9400 1215.24 -4310.44 626.149 -2.94445
9410 1276.48 -5929.32 627.358 -2.94485
9420 1289.57 -7424.06 628.434 -2.94518
9430 1185.05 -6902.69 629.352 -2.94545
9440 1010.08 -2776.74 630.129 -2.94547
9450 1028.38 -3942.82 630.831 -2.94507
9460 1189.32 -8376.44 631.441 -2.94417
9470 1352.55 -12474.5 631.876 -2.94308
9480 1450.45 -16151.1 632.056 -2.94225
9490 1461.35 -18475.2 631.91 -2.94205
9500 1387.04 -18367.1 631.401 -2.94247
9510 1246.91 -15116.5 630.537 -2.9432
9520 1076.36 -9454.39 629.391 -2.94375
9530 938.182 -4277.57 628.078 -2.94376
9540 872.472 -1170.92 626.703 -2.94317
9550 901.105 370.486 625.331 -2.94198
9560 1026.18 -312.551 623.993 -2.9402
9570 1214.01 -3044.17 622.674 -2.93799
9580 1367.22 -5602.02 621.324 -2.93573
9590 1411.25 -6284.77 619.898 -2.9339
9600 1355.62 -5028.41 618.383 -2.93269
9610 1276.1 -2018.58 616.808 -2.93186
9620 1240.95 1870.26 615.23 -2.93111
9630 1257.26 4136.52 613.721 -2.93032
9640 1296.22 5195.18 612.323 -2.92952
9650 1378.4 4129.22 611.053 -2.92888
9660 1410.88 4882.06 609.893 -2.92857
9670 1371.37 8489.87 608.858 -2.92855
9680 1327.38 10928.8 608.006 -2.92874
9690 1248.57 14531.3 607.384 -2.92899
9700 1129.72 17652.9 607.05 -2.92916
9710 965.463 24317 607.068 -2.92907
9720 970.171 25460.9 607.538 -2.92873
9730 1128.36 20564.4 608.476 -2.92805
9740 1195.9 20044.1 609.804 -2.92716
9750 1133.44 21307.3 611.503 -2.92645
9760 1002 22070.8 613.593 -2.92596
9770 923.514 20324.5 616.082 -2.92547
9780 993.799 15915 618.936 -2.9246
9790 1109.65 9405.49 622.071 -2.92307
9800 1239.08 804.314 625.354 -2.92085
9810 1280.27 -3357.03 628.628 -2.91832
9820 1235.53 -5125.08 631.803 -2.916
9830 1197 -7914.81 634.835 -2.91386
9840 1183.75 -10725.7 637.669 -2.91172
9850 1212.65 -14262.9 640.243 -2.90953
9860 1256.89 -15990.9 642.491 -2.90735
9870 1246.53 -16770.5 644.374 -2.90537
9880 1183.94 -16090 645.878 -2.90368
9890 1083.84 -11734.1 647.029 -2.9022
9900 1082.22 -9228.25 647.909 -2.90073
9910 1164.78 -8630.25 648.577 -2.8991
9920 1179.33 -6118.71 649.058 -2.8974
9930 1120.71 -2117.72 649.407 -2.89579
9940 1107.18 -1042.38 649.703 -2.89418
9950 1188.58 -2790.53 649.971 -2.89244
9960 1286.98 -3886.05 650.181 -2.89064
9970 1339.62 -4106.76 650.31 -2.88902
9980 1283.57 -3597.8 650.356 -2.88776
9990 1155.46 -2442.59 650.33 -2.88677
10000 1114.69 -2261.04 650.255 -2.88576
