# Time-averaged data for fix 4
# TimeStep c_mytemp c_mypress v_vmyvol v_avgEtotal
10 935.348 3896.76 582.778 -3.06746
20 930.04 2603.21 583.208 -3.06653
30 929.154 1343.6 583.687 -3.06531
40 926.218 487.937 584.19 -3.06384
50 971.844 -1499.13 584.698 -3.06212
60 1102.85 -4927.8 585.172 -3.06015
70 1261.7 -8820.01 585.547 -3.0581
80 1344.94 -9793.72 585.756 -3.05644
90 1318.4 -8307.07 585.781 -3.05551
100 1232.87 -6806.66 585.649 -3.05519
110 1117.36 -3342.5 585.395 -3.05513
120 1052.3 -1719.1 585.083 -3.05501
130 1078.49 -3424.84 584.74 -3.05473
140 1181.88 -5332.97 584.341 -3.05435
150 1299.99 -5806.11 583.851 -3.0541
160 1335.07 -3499.22 583.267 -3.05426
170 1227.29 655.659 582.634 -3.05479
180 1058.67 4538.65 582.028 -3.05532
190 972.171 5976.14 581.52 -3.05552
200 1052.31 3528.44 581.133 -3.05536
210 1266.31 -2906.09 580.816 -3.05507
220 1432.09 -5853.59 580.459 -3.05513
230 1426.88 -3600.76 580.011 -3.05596
240 1276.41 1194.83 579.511 -3.05731
250 1094 6552.04 579.047 -3.05859
260 975.66 10431.1 578.719 -3.05941
270 986.658 10134.5 578.591 -3.05979
280 1076.24 8542.81 578.66 -3.05985
290 1143.47 6690.51 578.895 -3.05975
300 1148.46 6128.21 579.261 -3.05966
310 1130.76 5733.86 579.744 -3.05958
320 1135.97 4619.81 580.335 -3.05949
330 1157.41 2509.87 581.009 -3.05938
340 1157.25 1059.46 581.728 -3.05928
350 1126.62 1551.34 582.467 -3.0592
360 1101.5 1356.29 583.23 -3.05909
370 1095.84 123.429 584.013 -3.05889
380 1116 -2844.64 584.79 -3.05856
390 1163.08 -5506.05 585.507 -3.05816
400 1189.69 -8005.27 586.112 -3.05781
410 1145.26 -8815.93 586.56 -3.05757
420 1048.37 -6517.05 586.841 -3.05735
430 1102.62 -7578.94 586.989 -3.05702
440 1183.78 -9388.69 586.989 -3.05661
450 1202.15 -9234.25 586.815 -3.05634
460 1205.33 -8578.34 586.469 -3.05627
470 1223.08 -6685.55 585.969 -3.05636
480 1262.95 -6766.06 585.347 -3.05665
490 1228.87 -6247.03 584.61 -3.05719
500 1139.4 -4397.21 583.771 -3.05781
510 1100.09 -3388.76 582.864 -3.0583
520 1152.87 -3590.53 581.909 -3.05864
530 1242.22 -2939.32 580.906 -3.05899
540 1307.1 -2035.86 579.87 -3.05951
550 1376.14 -2857.35 578.813 -3.06045
560 1351.32 -723.363 577.731 -3.06187
570 1217.26 2239.8 576.659 -3.06346
580 1071.05 4931.23 575.652 -3.06476
590 1049.55 6112.03 574.757 -3.0656
600 1155.08 4704.79 573.99 -3.06619
610 1229.2 4978.69 573.332 -3.06677
620 1207.23 6847.9 572.784 -3.06743
630 1134.29 9410 572.379 -3.06809
640 1084.52 12532.2 572.161 -3.06861
650 1100.83 12707.4 572.179 -3.06896
660 1155.56 10499 572.434 -3.06924
670 1170.39 8358.96 572.887 -3.06952
680 1130.46 5608.49 573.493 -3.0698
690 1076.21 5552.8 574.206 -3.06999
700 1088.28 5627.31 575.018 -3.07004
710 1153.16 2902.03 575.925 -3.06996
720 1182.01 433.043 576.881 -3.06984
730 1179.81 -2364.05 577.837 -3.06975
740 1167.85 -1610.81 578.748 -3.06973
750 1167.49 -2234.73 579.618 -3.06976
760 1169.02 -3754.44 580.439 -3.06981
770 1180.25 -5057.98 581.182 -3.06987
780 1221.38 -6702.54 581.823 -3.07
790 1261.02 -9616.33 582.328 -3.07029
800 1189.17 -7928.8 582.656 -3.07079
810 1037.11 -4856.91 582.833 -3.07125
820 983.201 -5016.74 582.913 -3.07143
830 1062.89 -6105.11 582.898 -3.07127
840 1206.79 -7388.65 582.769 -3.07096
850 1304.63 -9268.79 582.505 -3.07082
860 1313.42 -11150.6 582.071 -3.07112
870 1273.92 -10625.7 581.439 -3.07186
880 1206.47 -6281.43 580.625 -3.07279
890 1139.41 -2661.12 579.708 -3.07365
900 1125.84 -776.219 578.756 -3.07432
910 1164.7 710.282 577.81 -3.07484
920 1194.14 2380.23 576.898 -3.07531
930 1163.37 4070.37 576.05 -3.07578
940 1099.43 6552.73 575.299 -3.07616
950 1056.46 8601.33 574.687 -3.07633
960 1070.63 7058.98 574.245 -3.0763
970 1141.14 4802.47 573.945 -3.07614
980 1209.77 3043.58 573.745 -3.076
990 1160.39 4650.87 573.615 -3.07599
1000 990.501 11230.1 573.588 -3.07597
1010 900.484 14570.8 573.77 -3.07573
1020 978.387 12016.7 574.217 -3.07516
1030 1031.96 9627.34 574.887 -3.0743
1040 992.701 8661.41 575.737 -3.07331
1050 979.149 6552.12 576.741 -3.0722
1060 1104.13 1887.64 577.856 -3.07084
1070 1311.24 -3387.93 578.998 -3.06929
1080 1526.59 -11392.5 580.061 -3.06806
1090 1617.21 -16559.2 580.904 -3.06796
1100 1528.73 -17022.5 581.432 -3.0693
1110 1323.46 -12301.7 581.642 -3.07145
1120 1154.09 -8435.59 581.616 -3.07354
1130 1111.35 -6336.48 581.432 -3.07524
1140 1163.67 -6302.42 581.129 -3.07666
1150 1210.17 -6269.17 580.715 -3.07797
1160 1217.69 -7170.97 580.191 -3.07929
1170 1153.83 -4016.48 579.551 -3.08056
1180 1050.21 259.119 578.85 -3.08153
1190 977.085 2897.03 578.168 -3.08205
1200 930.798 3900.05 577.554 -3.08213
1210 935.083 5172.94 577.026 -3.08177
1220 1019.42 4839.14 576.606 -3.08105
1230 1099.92 4320.58 576.289 -3.0801
1240 1142.59 5150.89 576.064 -3.07911
1250 1147.43 6476.13 575.945 -3.07823
1260 1143.93 4595.44 575.951 -3.07747
1270 1173.01 -536.117 576.042 -3.07681
1280 1224.55 -2930.94 576.131 -3.07627
1290 1259.07 -4490.64 576.171 -3.07598
1300 1263.56 -5707.76 576.131 -3.07599
1310 1254.93 -5595.88 575.992 -3.07631
1320 1229.96 -5501.35 575.755 -3.07684
1330 1202.77 -4036.6 575.425 -3.0775
1340 1192.02 -838.817 575.032 -3.07818
1350 1185.3 2143.65 574.634 -3.07885
1360 1148.97 3852.85 574.286 -3.07948
1370 1100.85 4234.98 574.018 -3.07999
1380 1086.75 3975.18 573.837 -3.08032
1390 1123.49 3239.27 573.736 -3.08049
1400 1170.66 3097.86 573.704 -3.08059
1410 1167.22 4101.41 573.737 -3.08072
1420 1122.24 5475.29 573.852 -3.08086
1430 1100.91 5111.78 574.07 -3.08094
1440 1141.76 3115.95 574.383 -3.08092
1450 1217.95 261.602 574.753 -3.08089
1460 1273.78 -2231.41 575.13 -3.081
1470 1289.21 -4233.14 575.465 -3.0814
1480 1277.27 -4030.91 575.725 -3.0821
1490 1241.22 -1369.56 575.916 -3.08302
1500 1175.55 2071.92 576.084 -3.08401
1510 1086.59 5271.03 576.295 -3.08488
1520 1019.13 4610.32 576.599 -3.08547
1530 984.552 3814.57 576.992 -3.08569
1540 992.223 2874.6 577.456 -3.08557
1550 1028.77 2389.59 577.973 -3.08514
1560 1052.29 4056.35 578.536 -3.08452
1570 1021.28 6896.48 579.176 -3.0838
1580 951.689 8749.2 579.942 -3.08301
1590 897.528 9071.14 580.868 -3.08208
1600 883.127 7456.2 581.957 -3.0809
1610 872.411 4353.1 583.177 -3.07941
1620 842.446 2171.33 584.473 -3.07765
1630 837.748 -926.581 585.796 -3.07561
1640 871.583 -3907.85 587.09 -3.07325
1650 912.577 -6151.41 588.296 -3.07061
1660 925.087 -7370.94 589.373 -3.06784
1670 953.966 -8844.02 590.293 -3.06507
1680 1023.31 -10659.3 591.029 -3.06225
1690 1107.2 -11927 591.55 -3.05949
1700 1198.48 -13515.5 591.831 -3.05696
1710 1278.22 -15477.5 591.843 -3.05489
1720 1334.77 -17053.3 591.553 -3.0535
1730 1342.04 -16073.7 590.94 -3.0529
1740 1282.77 -13689.3 590.025 -3.05299
1750 1192.53 -8846.89 588.866 -3.05341
1760 1177.82 -6920.09 587.552 -3.05386
1770 1250.03 -6981.74 586.125 -3.05437
1780 1322.13 -5403.64 584.595 -3.05512
1790 1328.71 -3489.27 582.993 -3.05617
1800 1329.86 -3420.44 581.355 -3.05755
1810 1245.51 -2553.76 579.686 -3.05916
1820 1131.42 1395.53 578.009 -3.06056
1830 1130.03 3523.09 576.39 -3.0616
1840 1201.65 3933.12 574.869 -3.06245
1850 1257.67 4092.7 573.452 -3.06335
1860 1240.2 5440.43 572.143 -3.06437
1870 1169.48 8446.05 570.967 -3.06535
1880 1138.04 10457.3 569.97 -3.06616
1890 1149.99 10207.5 569.183 -3.06683
1900 1136.49 12411.9 568.606 -3.06743
1910 1061.82 14566 568.271 -3.06789
1920 1002.71 15042 568.21 -3.06812
1930 1071.5 13315.1 568.426 -3.06812
1940 1232.7 11088.6 568.889 -3.06803
1950 1368.05 7380.95 569.551 -3.06817
1960 1413.51 5142.64 570.35 -3.06888
1970 1410.6 2307.27 571.236 -3.07021
1980 1390.07 1665.97 572.164 -3.07207
1990 1317.9 2708.46 573.119 -3.07428
2000 1213.19 1168.04 574.112 -3.07649
2010 1107.43 354.343 575.122 -3.07834
2020 1039.32 664.391 576.131 -3.07973
2030 1050.01 -1172.56 577.141 -3.08065
2040 1130.64 -4236.68 578.116 -3.08123
2050 1220.74 -6081.52 579.006 -3.08169
2060 1247.84 -7548.15 579.773 -3.08226
2070 1158.1 -6755.45 580.395 -3.08293
2080 992.116 -3924.39 580.887 -3.08346
2090 862.394 -1058.91 581.301 -3.08359
2100 843.83 997.473 581.692 -3.08323
2110 925.16 399.65 582.095 -3.08239
2120 1021.81 -1635.32 582.502 -3.08113
2130 1058.57 -2311.64 582.879 -3.07968
2140 1024.55 -1399.48 583.213 -3.07821
2150 982.317 -977.742 583.518 -3.07676
2160 968.786 -1114.9 583.804 -3.07523
2170 967.27 -782.332 584.07 -3.07357
2180 959.119 -602.878 584.32 -3.07181
2190 946.55 323.48 584.56 -3.06995
2200 954.186 1191.76 584.807 -3.068
2210 982.294 1521.55 585.078 -3.06594
2220 1021.18 429.185 585.376 -3.06381
2230 1079.62 -1342.9 585.682 -3.06164
2240 1155.18 -4370.98 585.959 -3.05954
2250 1211.72 -7147.54 586.153 -3.05766
2260 1196.38 -6628.8 586.215 -3.05617
2270 1150.84 -3751.85 586.156 -3.05506
2280 1151.96 -2677.36 586.027 -3.05417
2290 1147.59 -373.042 585.855 -3.05339
2300 1131.09 595.009 585.682 -3.05273
2310 1142.2 -145.654 585.524 -3.05212
2320 1210.15 -1196.04 585.371 -3.05159
2330 1302.28 -4889.09 585.197 -3.05128
2340 1307.95 -6514.23 584.94 -3.05138
2350 1232.7 -5525.99 584.571 -3.05187
2360 1202.14 -4704.67 584.105 -3.05248
2370 1330.62 -7160.36 583.555 -3.05326
2380 1420.93 -7669.67 582.883 -3.05454
2390 1346.24 -4228.29 582.088 -3.05632
2400 1256.64 -2383.21 581.228 -3.05827
2410 1189.69 -2180.65 580.338 -3.06009
2420 1165.86 -1328.07 579.427 -3.06171
2430 1191 -770.288 578.51 -3.06313
2440 1252.41 277.048 577.599 -3.06451
2450 1304.96 1055.48 576.714 -3.066
2460 1309.12 855.136 575.865 -3.0677
2470 1260.67 2491.71 575.057 -3.0695
2480 1201.96 2972.73 574.31 -3.07125
2490 1139 5385.16 573.64 -3.07276
2500 1082.62 7340.17 573.085 -3.07394
2510 1060.94 8446.12 572.679 -3.07477
2520 1108.95 9065.16 572.441 -3.07532
2530 1200.66 8362.58 572.377 -3.07578
2540 1250.72 7000.93 572.475 -3.07634
2550 1228.14 5319.92 572.705 -3.07707
2560 1175.84 4763.48 573.04 -3.07787
2570 1157.11 3243.18 573.462 -3.07862
2580 1166.88 2178.01 573.944 -3.07929
2590 1169.1 2196.78 574.468 -3.07991
2600 1135.04 2475.62 575.03 -3.08048
2610 1069.45 3835.31 575.639 -3.08092
2620 1018.03 4881.87 576.317 -3.08115
2630 1006.11 3186.8 577.077 -3.08109
2640 1002.96 1967.72 577.892 -3.08074
2650 1002.67 790.456 578.74 -3.08013
2660 1039.19 -3029.13 579.59 -3.07925
2670 1086.5 -4056.29 580.381 -3.07819
2680 1120.38 -2566.14 581.093 -3.07709
2690 1154.34 -1422.8 581.751 -3.07607
2700 1201.29 -1909.51 582.374 -3.07517
2710 1246.85 -4820.93 582.954 -3.07448
2720 1255.72 -8052.9 583.438 -3.07407
2730 1213.49 -9283.93 583.767 -3.07397
2740 1138.68 -7716.58 583.923 -3.07404
2750 1082 -6733.96 583.931 -3.0741
2760 1077.52 -6794.42 583.812 -3.07402
2770 1109.75 -6735.92 583.567 -3.07383
2780 1139.75 -5486.26 583.203 -3.07358
2790 1143.95 -4550.27 582.743 -3.07333
2800 1131.36 -3910.2 582.207 -3.0731
2810 1148.11 -5059.13 581.605 -3.07288
2820 1206.56 -4933.19 580.923 -3.07271
2830 1267.62 -4523.69 580.163 -3.07272
2840 1240.22 -1458.61 579.338 -3.07298
2850 1119.31 2449.46 578.505 -3.07334
2860 978.237 6030.23 577.737 -3.07348
2870 884.901 7766.7 577.096 -3.07324
2880 874.221 8972.13 576.614 -3.07259
2890 948.613 10527 576.315 -3.07151
2900 1069.53 10977.1 576.22 -3.07013
2910 1128.3 10780.2 576.338 -3.06866
2920 1099.69 10175.9 576.661 -3.06736
2930 1065.33 8733.22 577.177 -3.0662
2940 1112.6 5456.36 577.852 -3.06506
2950 1226.02 2846.04 578.628 -3.06391
2960 1329.17 -151.664 579.452 -3.06299
2970 1333.91 -1002.35 580.272 -3.06258
2980 1243.63 663.589 581.073 -3.06269
2990 1139.8 1476.3 581.88 -3.06302
3000 1105 1024.98 582.708 -3.06329
3010 1136.46 -1955.22 583.545 -3.06342
3020 1171.73 -3961.59 584.341 -3.06346
3030 1173.44 -5508.05 585.054 -3.06352
3040 1180.69 -7249.87 585.656 -3.06359
3050 1316.5 -11999 586.109 -3.06379
3060 1389.77 -15145.4 586.33 -3.06443
3070 1313.85 -13103.3 586.266 -3.06566
3080 1146.38 -6584 585.961 -3.06704
3090 1003.01 -1000.81 585.535 -3.06806
3100 959.373 2268.75 585.097 -3.06857
3110 1009.46 2418.58 584.709 -3.06864
3120 1041.08 3108.14 584.379 -3.0684
3130 1014.75 5831.56 584.123 -3.06795
3140 971.19 7338.52 583.985 -3.0673
3150 974.09 6467.78 583.993 -3.06642
3160 1078.21 1523.32 584.123 -3.0653
3170 1202.84 -4035.95 584.283 -3.06405
3180 1267.93 -7032.09 584.374 -3.06298
3190 1297.37 -8466.06 584.335 -3.06234
3200 1329.81 -8004.82 584.141 -3.06219
3210 1331.77 -7568.11 583.801 -3.06257
3220 1280.63 -7316.71 583.324 -3.06337
3230 1213.36 -4653.68 582.724 -3.06435
3240 1193.92 -3788.91 582.044 -3.06535
3250 1166.33 -1802.18 581.31 -3.06629
3260 1080.89 217.207 580.558 -3.06707
3270 991.398 3021.81 579.828 -3.06749
3280 995.298 3044.56 579.166 -3.06753
3290 1082.14 2099.83 578.575 -3.06727
3300 1166.83 1537.89 578.039 -3.06687
3310 1186.5 2516.1 577.547 -3.06654
3320 1159.77 5939.67 577.12 -3.06631
3330 1137.2 8337.13 576.815 -3.06613
3340 1111.65 8792.09 576.673 -3.06595
3350 1112.06 9440.79 576.706 -3.06575
3360 1170.1 7841.77 576.918 -3.06553
3370 1243.08 3961.93 577.276 -3.06539
3380 1291.55 158.091 577.71 -3.06548
3390 1333.77 -2553.3 578.149 -3.06591
3400 1362.13 -3280.85 578.541 -3.06679
3410 1293.99 -1412.8 578.877 -3.06809
3420 1117.74 2097.01 579.191 -3.06942
3430 1045.54 802.599 579.535 -3.0704
3440 1158.84 -3920.4 579.889 -3.07108
3450 1255.17 -5842.84 580.174 -3.07173
3460 1223.96 -5097.43 580.353 -3.07253
3470 1125.56 -3379.4 580.439 -3.07335
3480 1076.34 -1435.11 580.464 -3.07397
3490 1100.47 -306.516 580.465 -3.07437
3500 1128.95 -252.03 580.462 -3.0746
3510 1128.92 -635.954 580.46 -3.07475
3520 1122.27 -1795.88 580.449 -3.07484
3530 1118.98 -1656.84 580.411 -3.07485
3540 1108.02 -1719.27 580.346 -3.07478
3550 1101.61 -2396.04 580.253 -3.07464
3560 1127.35 -2666.63 580.121 -3.07441
3570 1183.99 -3227.46 579.945 -3.07417
3580 1218.77 -3340.23 579.714 -3.07405
3590 1177.66 -1005.6 579.434 -3.07407
3600 1154.35 390.833 579.141 -3.07416
3610 1145.97 923.574 578.864 -3.07424
3620 1120.27 2660.89 578.615 -3.07429
3630 1098.87 3874.05 578.425 -3.07426
3640 1087.19 4790.93 578.316 -3.07412
3650 1108.95 4269.14 578.302 -3.07388
3660 1160.91 3223.14 578.373 -3.07359
3670 1176.76 2539.52 578.51 -3.07335
3680 1099.92 3586.62 578.701 -3.07319
3690 986.026 5177.9 578.963 -3.07296
3700 957.43 6269.75 579.325 -3.07249
3710 1095.59 2534.53 579.798 -3.07172
3720 1230.05 -1095.22 580.318 -3.07079
3730 1251.5 -3464.71 580.817 -3.07007
3740 1185.37 -4226.23 581.252 -3.06966
3750 1121.9 -1564.15 581.61 -3.06942
3760 1103.34 1124.89 581.939 -3.06919
3770 1120.2 1512.36 582.286 -3.06891
3780 1148.77 -939.819 582.657 -3.06858
3790 1201.29 -5073.4 583.008 -3.06827
3800 1281.92 -8567.16 583.262 -3.06811
3810 1321.55 -9958.81 583.356 -3.06833
3820 1273.02 -8570.47 583.267 -3.06896
3830 1182.83 -5775.87 583.022 -3.06977
3840 1163.18 -4142.79 582.672 -3.07056
3850 1182.33 -4725.28 582.247 -3.07129
3860 1155.43 -2574.93 581.748 -3.07199
3870 1093.28 846.014 581.215 -3.07256
3880 1035.6 2681.21 580.707 -3.07287
3890 1033.83 4345.88 580.264 -3.07288
3900 1122.33 3099.46 579.909 -3.07267
3910 1252.85 -1012.54 579.619 -3.07244
3920 1333.91 -4735.15 579.32 -3.0725
3930 1341.04 -8031.76 578.942 -3.07306
3940 1291.85 -8630.19 578.427 -3.07408
3950 1214.34 -6814.58 577.764 -3.0753
3960 1150.32 -3315.22 576.99 -3.07643
3970 1184.34 -385.337 576.171 -3.07738
3980 1248.33 685.927 575.358 -3.07832
3990 1245.26 2786.51 574.578 -3.07936
4000 1176.6 4309.83 573.867 -3.08041
4010 1100.31 5198.88 573.251 -3.0813
4020 1061.57 5038.33 572.744 -3.08193
4030 1074.08 6133.59 572.346 -3.08228
4040 1134.73 6304.38 572.071 -3.08245
4050 1192.53 5339.62 571.92 -3.08258
4060 1191.21 6347.29 571.879 -3.0828
4070 1173.82 7784.34 571.962 -3.08309
4080 1201.24 5769.43 572.189 -3.08344
4090 1231.86 4175.82 572.525 -3.08388
4100 1201.08 4224.48 572.943 -3.08446
4110 1115 3502.42 573.438 -3.08505
4120 1017.54 4353.22 574 -3.08546
4130 942.897 6476.61 574.642 -3.08556
4140 920.893 6757.19 575.399 -3.08531
4150 923.008 5827.13 576.275 -3.08469
4160 934.944 5223.93 577.256 -3.08373
4170 997.156 1564.23 578.323 -3.08246
4180 1108.03 -3824.71 579.407 -3.08084
4190 1222.92 -6747.65 580.414 -3.07913
4200 1312.25 -8773.2 581.285 -3.07769
4210 1321.63 -8574.9 581.986 -3.07679
4220 1220.6 -4742.63 582.525 -3.07648
4230 1078.42 -1337.41 582.97 -3.07642
4240 1011.6 -100.827 583.384 -3.07626
4250 1075.76 -2846.81 583.788 -3.07586
4260 1201.88 -7160.21 584.134 -3.0753
4270 1246.17 -9417.39 584.345 -3.07488
4280 1185.32 -8978.45 584.381 -3.07474
4290 1109.52 -6377.27 584.25 -3.07474
4300 1091.32 -3483.18 584.004 -3.07467
4310 1093.96 -2235.61 583.695 -3.07448
4320 1060.65 -1052.91 583.352 -3.07418
4330 1002.42 1482.15 583.002 -3.07372
4340 987.757 3015.23 582.687 -3.07305
4350 1026.01 3176.66 582.438 -3.07213
4360 1081.94 713.634 582.253 -3.07105
4370 1126.03 -1465.1 582.091 -3.06992
4380 1168.57 -3054.49 581.907 -3.06887
4390 1179.93 -3115.78 581.676 -3.06797
4400 1154.92 -2291.91 581.395 -3.06727
4410 1148.72 -1736.22 581.079 -3.06668
4420 1188.49 -1410.41 580.738 -3.06618
4430 1227.79 -387.424 580.382 -3.06583
4440 1213.9 1202.46 580.03 -3.06569
4450 1138.25 2835.79 579.712 -3.06569
4460 1045.52 5334.35 579.458 -3.06566
4470 1014.83 5674.88 579.312 -3.06542
4480 1132.02 509.524 579.27 -3.06497
4490 1266.3 -3158.25 579.248 -3.06449
4500 1361.77 -5228.03 579.172 -3.06435
4510 1391.55 -5629.58 579.007 -3.06481
4520 1319 -4330.24 578.746 -3.06583
4530 1223.97 -2838.22 578.413 -3.06708
4540 1231.63 -1987.9 578.035 -3.06832
4550 1338.24 -4136.91 577.624 -3.06972
4560 1395.3 -4670.36 577.151 -3.07154
4570 1343.02 -1747.17 576.607 -3.07376
4580 1196.92 5204.91 576.052 -3.07594
4590 1051.4 8141.98 575.601 -3.07764
4600 968.773 9975.46 575.314 -3.07876
4610 1018.52 8506.86 575.217 -3.07938
4620 1149.05 2914.22 575.278 -3.07974
4630 1205.71 253.348 575.404 -3.08004
4640 1220.49 -2368.05 575.538 -3.08043
4650 1205.2 -2606.24 575.634 -3.08093
4660 1182.83 -1417.16 575.688 -3.08149
4670 1181.46 -2903.08 575.715 -3.08206
4680 1158.03 -2896.38 575.694 -3.0826
4690 1162.72 -1707.11 575.627 -3.08309
4700 1235.84 -1673.79 575.531 -3.08359
4710 1320.83 -2449.61 575.409 -3.08428
4720 1336.95 -2252.3 575.25 -3.08535
4730 1239.39 -578.707 575.059 -3.0867
4740 1071.84 2484.71 574.868 -3.08793
4750 937.248 6069.58 574.732 -3.08869
4760 890.962 7858.6 574.712 -3.08891
4770 896.04 8262.95 574.842 -3.08867
4780 884.807 9408.9 575.131 -3.08803
4790 865.785 10098.4 575.596 -3.08706
4800 914.013 9064.35 576.246 -3.08576
4810 1025.1 8150.52 577.064 -3.08413
4820 1130.12 5665.01 578.028 -3.0823
4830 1143.87 3584.93 579.093 -3.08054
4840 1082.46 2316.95 580.219 -3.07902
4850 1042.14 654.2 581.381 -3.07764
4860 1065.19 -381.941 582.547 -3.07624
4870 1113.83 -2323.27 583.694 -3.07479
4880 1144.86 -4589.44 584.786 -3.07336
4890 1166.44 -6698.92 585.781 -3.07206
4900 1185.09 -8953.49 586.638 -3.07093
4910 1196.13 -11000.9 587.313 -3.07001
4920 1187.29 -10729.5 587.774 -3.06933
4930 1187.95 -9106.22 588.025 -3.06888
4940 1212.57 -8124.6 588.097 -3.06863
4950 1195.72 -5995.41 588.016 -3.06856
4960 1132 -3079.11 587.825 -3.06861
4970 1046.64 321.308 587.583 -3.0686
4980 967.389 1203.34 587.35 -3.06838
4990 869.263 2184.12 587.15 -3.06785
5000 794.323 3156.1 586.999 -3.06697
5010 840.949 2503.6 586.913 -3.06566
5020 1040.83 -1877.15 586.874 -3.06383
5030 1220.89 -4756.44 586.807 -3.06167
5040 1289.23 -5576.17 586.656 -3.05977
5050 1237.21 -3597.05 586.409 -3.05846
5060 1158.87 -1803.94 586.1 -3.05761
5070 1123.92 -36.3502 585.766 -3.05694
5080 1172.72 -392.334 585.437 -3.05632
5090 1276.26 -4379.1 585.105 -3.05584
5100 1349.3 -7997.47 584.698 -3.05576
5110 1356.64 -9371.94 584.152 -3.05627
5120 1298.34 -6543.29 583.446 -3.05725
5130 1228.87 -2819.4 582.631 -3.05842
5140 1160.12 2175.96 581.782 -3.0595
5150 1132.63 4237.44 580.988 -3.06036
5160 1166.27 836.362 580.284 -3.0611
5170 1209.2 -2506.74 579.612 -3.06185
5180 1200.08 -3532.32 578.911 -3.06267
5190 1134.44 -569.218 578.166 -3.06345
5200 1082.42 4498.41 577.431 -3.064
5210 1118.88 5299.9 576.788 -3.0643
5220 1206.93 5746.38 576.261 -3.06453
5230 1254.19 6543.93 575.855 -3.06487
5240 1219.68 6942.7 575.584 -3.06541
5250 1169.67 6035.43 575.451 -3.06603
5260 1176.58 3893.69 575.436 -3.06664
5270 1216.56 1347.91 575.499 -3.06726
5280 1218.26 434.213 575.595 -3.06796
5290 1189.83 1062.05 575.705 -3.06871
5300 1172.77 2493.74 575.84 -3.06945
5310 1169.06 3718.53 576.025 -3.07015
5320 1174.76 3072.2 576.279 -3.07081
5330 1217.03 535.961 576.59 -3.07146
5340 1289.67 -2247.27 576.912 -3.07221
5350 1330.75 -3417.9 577.196 -3.07326
5360 1262.48 -1569.85 577.421 -3.0746
5370 1081.47 2664.2 577.622 -3.0759
5380 907.896 7519.31 577.878 -3.07672
5390 910.677 6549.86 578.267 -3.077
5400 1011.05 3257.7 578.776 -3.0768
5410 1098.03 623.138 579.346 -3.0763
5420 1098.81 -736.321 579.927 -3.07569
5430 1013.13 -278.439 580.494 -3.07504
5440 935.129 449.442 581.053 -3.07427
5450 965.357 -1521.41 581.613 -3.07324
5460 1081.86 -3431.2 582.142 -3.07188
5470 1222.48 -6409.79 582.599 -3.0704
5480 1326.66 -9358.29 582.932 -3.06916
5490 1345.88 -9846.19 583.09 -3.0685
5500 1309.62 -9333.78 583.063 -3.06848
5510 1217.7 -6351.94 582.866 -3.06888
5520 1125.12 -3237.44 582.555 -3.06935
5530 1072.09 -3517.29 582.185 -3.06969
5540 1060.16 -3330.3 581.759 -3.06982
5550 1113.41 -4546.21 581.277 -3.06977
5560 1176.78 -6436.42 580.719 -3.06967
5570 1208.69 -7800.81 580.053 -3.06967
5580 1236.99 -7887.58 579.254 -3.06985
5590 1315.35 -8110.94 578.324 -3.07029
5600 1423.19 -9161.14 577.258 -3.07123
5610 1435.88 -6415.53 576.048 -3.07288
5620 1280.81 -1150.58 574.748 -3.07489
5630 1066.81 4188.05 573.452 -3.07656
5640 951.604 9003.39 572.261 -3.07752
5650 965.488 12512.1 571.258 -3.07787
5660 1018.2 14934.2 570.505 -3.07781
5670 1022 15488.8 570.042 -3.07751
5680 981.78 15735.5 569.875 -3.07705
5690 956.957 15831 570.005 -3.07643
5700 993.685 15583.5 570.43 -3.07562
5710 1077.42 13838.7 571.139 -3.07465
5720 1138.04 11032.3 572.098 -3.07363
5730 1154.16 6631.92 573.253 -3.07268
5740 1151.74 3842.47 574.526 -3.07181
5750 1169.34 1123.44 575.86 -3.07103
5760 1248 -1917.48 577.204 -3.07032
5770 1370.69 -6425.8 578.497 -3.06986
5780 1430.54 -10008.4 579.66 -3.06994
5790 1390.54 -13068.6 580.624 -3.07072
5800 1320.34 -14067.4 581.334 -3.07199
5810 1293.42 -13550.7 581.772 -3.07355
5820 1301.49 -12511.6 581.951 -3.07534
5830 1272.78 -10084.6 581.893 -3.07731
5840 1158.84 -5387.86 581.652 -3.07919
5850 1049.5 -2135.23 581.314 -3.08069
5860 959.186 1047.57 580.946 -3.08163
5870 912.9 3188.47 580.604 -3.08201
5880 924.014 4898.66 580.333 -3.08189
5890 979.33 4405.06 580.16 -3.08137
5900 1019.81 3027.37 580.076 -3.08056
5910 1000.25 3249.49 580.059 -3.07957
5920 964.375 4261.75 580.109 -3.07846
5930 988.385 3754.21 580.243 -3.07716
5940 1042.5 2006.34 580.449 -3.07568
5950 1104.38 -384.636 580.693 -3.0741
5960 1162.82 -3685.23 580.93 -3.07255
5970 1218.68 -6843.34 581.099 -3.07117
5980 1279.24 -8018.07 581.142 -3.07012
5990 1347.21 -7630.11 581.039 -3.06955
6000 1344.12 -6461.78 580.798 -3.06958
6010 1242.52 -3819.62 580.446 -3.07008
6020 1143.39 -2383.82 580.029 -3.07068
6030 1154.28 -4021.21 579.572 -3.07121
6040 1185.14 -3228.13 579.056 -3.07171
6050 1151.07 -713.285 578.493 -3.07219
6060 1040.79 2409.41 577.931 -3.07255
6070 919.086 8066.86 577.433 -3.07255
6080 938.34 8652.87 577.091 -3.07213
6090 1081.71 6116.2 576.917 -3.07136
6100 1234.34 4595.86 576.867 -3.07047
6110 1315.37 2856.17 576.91 -3.06982
6120 1307.73 902.45 577.011 -3.06966
6130 1268.92 -78.1103 577.135 -3.06992
6140 1225.44 1262 577.266 -3.07044
6150 1166.68 4054.3 577.426 -3.07107
6160 1062.71 6878.7 577.666 -3.07161
6170 994.506 9060.49 578.037 -3.07191
6180 1017.05 7793.43 578.574 -3.07191
6190 1099.66 2319.22 579.249 -3.07162
6200 1175.4 -695.716 579.969 -3.07117
6210 1230.9 -3197.34 580.672 -3.0708
6220 1248.31 -5410.91 581.31 -3.07063
6230 1222.17 -6152.09 581.844 -3.0707
6240 1173.58 -6946.48 582.257 -3.07093
6250 1142.12 -5915.36 582.54 -3.07118
6260 1192.86 -7350.28 582.705 -3.07141
6270 1298.95 -11432 582.726 -3.07178
6280 1304.83 -11564 582.54 -3.07253
6290 1172.7 -7402.93 582.146 -3.07352
6300 1018.03 -2671.51 581.621 -3.07431
6310 950.728 676.118 581.055 -3.07465
6320 999.617 1293.88 580.511 -3.07455
6330 1119 -828.435 580 -3.07416
6340 1252.77 -2506.78 579.486 -3.07375
6350 1313.5 -2932 578.939 -3.07362
6360 1236.8 -991.6 578.355 -3.07389
6370 1075.29 2089.49 577.767 -3.07425
6380 980.446 5500.69 577.234 -3.07435
6390 1041.33 5286.6 576.811 -3.07411
6400 1164.57 4628.05 576.499 -3.07368
6410 1234.74 3687.68 576.282 -3.0733
6420 1210.75 2640.92 576.144 -3.07315
6430 1158.1 3015.97 576.065 -3.07317
6440 1153.74 4058.92 576.05 -3.07322
6450 1186.29 5730.41 576.119 -3.0733
6460 1170.66 6095.07 576.297 -3.07346
6470 1077.62 5716.17 576.591 -3.07363
6480 1001.06 6355.44 576.998 -3.07363
6490 1075.73 3088.44 577.516 -3.07338
6500 1223.18 -1910.12 578.087 -3.07294
6510 1259.85 -2844.77 578.626 -3.07264
6520 1207.85 -1200.1 579.115 -3.07263
6530 1174.47 -765.773 579.577 -3.07278
6540 1188.5 -732.478 580.023 -3.07299
6550 1218.86 -1941.83 580.452 -3.07327
6560 1245.31 -5527.75 580.839 -3.07367
6570 1229.7 -6069.77 581.126 -3.07423
6580 1188.15 -4896.1 581.301 -3.0749
6590 1141.4 -5468.53 581.381 -3.07556
6600 1085.43 -5628.72 581.361 -3.07609
6610 1062.84 -4426.64 581.241 -3.0764
6620 1124.65 -4682.42 581.039 -3.07652
6630 1192.9 -5194.58 580.755 -3.07658
6640 1155.72 -4119.46 580.383 -3.07672
6650 1057.84 -2158.41 579.944 -3.07682
6660 1042.55 -1496.38 579.473 -3.07673
6670 1082.45 -590.614 578.986 -3.07643
6680 1099.01 619.931 578.5 -3.07599
6690 1097.32 1771.86 578.038 -3.07547
6700 1118.22 1194.6 577.618 -3.07491
6710 1156.11 1359.71 577.234 -3.07435
6720 1217.51 -780.73 576.882 -3.07387
6730 1261.23 -2367.57 576.526 -3.07361
6740 1283.51 -2232.14 576.14 -3.07367
6750 1283.45 -908.261 575.724 -3.07406
6760 1245.61 2507.19 575.307 -3.07471
6770 1190.34 3869.46 574.944 -3.07546
6780 1150.36 5831.49 574.666 -3.07617
6790 1157.07 5903.2 574.503 -3.0768
6800 1141.56 6122.44 574.459 -3.07737
6810 1051.58 8652.56 574.539 -3.07782
6820 940.49 10857 574.784 -3.07801
6830 898.063 11308.9 575.231 -3.07784
6840 943.175 10847.4 575.888 -3.0773
6850 1036.94 8644.7 576.742 -3.07643
6860 1116.91 5681.48 577.752 -3.07535
6870 1165.74 2958.63 578.863 -3.07424
6880 1190.77 485.549 580.022 -3.07324
6890 1185.13 -1333.5 581.184 -3.07243
6900 1180.15 -4999.18 582.306 -3.07175
6910 1216.59 -7999.05 583.325 -3.07117
6920 1281.4 -9923.8 584.184 -3.0708
6930 1307.72 -10556 584.846 -3.0708
6940 1240.99 -10203 585.302 -3.0712
6950 1125.8 -9783.04 585.558 -3.07174
6960 1074.44 -9271.04 585.626 -3.07216
6970 1107.45 -10303.2 585.514 -3.07241
6980 1147.21 -10239.6 585.21 -3.07258
6990 1163.03 -9335.14 584.717 -3.07275
7000 1175.98 -7841.1 584.058 -3.07296
7010 1219.79 -6581.53 583.261 -3.07324
7020 1252.25 -4478.38 582.355 -3.07367
7030 1172.26 -233.346 581.388 -3.0742
7040 1041.33 2654.68 580.434 -3.07459
7050 983.177 3720.33 579.548 -3.07466
7060 1006.98 4022.57 578.75 -3.07439
7070 1058.39 3276.41 578.043 -3.07386
7080 1070.34 2712.13 577.414 -3.07318
7090 1038.71 3024.22 576.853 -3.07242
7100 1024.4 3392.61 576.362 -3.07154
7110 1091.49 2893.66 575.945 -3.07053
7120 1223.19 1522.33 575.593 -3.06945
7130 1350.88 711.144 575.28 -3.06863
7140 1409.89 481.808 574.992 -3.0684
7150 1391.66 1019.93 574.725 -3.06892
7160 1307.02 2506.79 574.488 -3.06997
7170 1214.16 4948.03 574.31 -3.07121
7180 1194.09 4667.51 574.227 -3.07241
7190 1178.81 3724.74 574.237 -3.07356
7200 1090.84 5537.31 574.327 -3.07455
7210 985.16 8826.59 574.526 -3.07523
7220 989.903 9151.54 574.888 -3.07551
7230 1151.59 4571.31 575.413 -3.0755
7240 1292.13 1578.92 576.025 -3.07544
7250 1335.33 563.062 576.667 -3.07573
7260 1299.49 714.021 577.319 -3.07643
7270 1248.2 929.589 577.982 -3.07742
7280 1198.98 278.868 578.659 -3.07848
7290 1119.91 -1145.64 579.335 -3.07945
7300 1024 -791.901 579.989 -3.08013
7310 1029.27 -3507.93 580.618 -3.08044
7320 1161.82 -7073.07 581.174 -3.08047
7330 1279.39 -7953.04 581.598 -3.08052
7340 1251.4 -7360.23 581.87 -3.08087
7350 1080.95 -3473.96 582.008 -3.08136
7360 889.1 1980.24 582.084 -3.08159
7370 812.832 4091.85 582.196 -3.08135
7380 872.259 2486.98 582.383 -3.08059
7390 979.511 425.292 582.619 -3.07935
7400 1061.15 -2004.87 582.863 -3.0778
7410 1110.02 -4300.92 583.07 -3.07618
7420 1152.45 -6455.25 583.195 -3.07463
7430 1211.13 -8056.34 583.201 -3.07327
7440 1248.68 -7480.93 583.059 -3.07222
7450 1224.79 -6195.77 582.782 -3.07155
7460 1149.06 -4107.98 582.396 -3.07118
7470 1047.96 -1121.47 581.943 -3.07086
7480 928.694 1552.65 581.479 -3.07039
7490 823.256 3780.87 581.056 -3.06963
7500 837.276 5399.24 580.714 -3.06846
7510 1009.67 3408.37 580.477 -3.06682
7520 1168.64 3680.4 580.319 -3.06483
7530 1205.71 4617.96 580.238 -3.06298
7540 1144.66 6706.95 580.256 -3.06153
7550 1139.56 5904.99 580.4 -3.06036
7560 1248.62 2160.61 580.657 -3.05933
7570 1374.7 -2905.56 580.954 -3.05861
7580 1446.55 -8527.59 581.197 -3.05854
7590 1437.2 -10031.1 581.286 -3.05931
7600 1393.31 -8664.4 581.192 -3.0608
7610 1336.67 -6624.09 580.939 -3.06274
7620 1209.41 -1581.41 580.575 -3.06475
7630 1027.22 3104.69 580.191 -3.06636
7640 883.212 5077.72 579.871 -3.06727
7650 863.821 4725.09 579.654 -3.06754
7660 982.86 2022.55 579.529 -3.06729
7670 1164.45 -1353.29 579.449 -3.0667
7680 1280.09 -2880.01 579.351 -3.06616
7690 1251.39 -1459.28 579.211 -3.06597
7700 1134.75 3101.38 579.055 -3.06603
7710 1034.65 6448.68 578.964 -3.06603
7720 1065.37 3707.84 578.992 -3.06583
7730 1202.04 -1408.65 579.09 -3.06547
7740 1362.48 -5334.12 579.168 -3.06528
7750 1444.97 -6975.64 579.152 -3.06568
7760 1422.29 -5650.35 579.015 -3.06687
7770 1346.59 -3673.5 578.779 -3.06861
7780 1254.13 -446.841 578.485 -3.07053
7790 1160.37 1553.84 578.19 -3.0723
7800 1074.96 2366.58 577.932 -3.07373
7810 1002.51 3386.66 577.728 -3.07471
7820 975.651 3914.54 577.594 -3.07523
7830 1014.86 3955.29 577.54 -3.07534
7840 1069.85 2996.8 577.565 -3.07518
7850 1060.43 3356.72 577.653 -3.07485
7860 1020.41 4385.77 577.809 -3.07437
7870 1043.47 2603.3 578.046 -3.07373
7880 1139.99 665.423 578.334 -3.07292
7890 1242.57 -1979.56 578.634 -3.07212
7900 1280.1 -3612.88 578.9 -3.07159
7910 1276.99 -5734.06 579.098 -3.07145
7920 1280.35 -7118.33 579.191 -3.07167
7930 1288.28 -8009.58 579.152 -3.07221
7940 1289.71 -7001.09 578.972 -3.07306
7950 1275.06 -5867.31 578.665 -3.07417
7960 1230.46 -3936.71 578.259 -3.07541
7970 1167.2 -2700.99 577.788 -3.07663
7980 1123.25 -2089.66 577.276 -3.07767
7990 1128.52 -968.308 576.739 -3.0785
8000 1141.94 512.361 576.197 -3.07917
8010 1103.09 3569.93 575.68 -3.0797
8020 1000.78 7269.65 575.243 -3.07997
8030 901.715 9303.38 574.952 -3.07989
8040 911.444 7533.23 574.837 -3.0794
8050 1071.93 3295.78 574.866 -3.07852
8060 1290.82 -908.712 574.961 -3.07746
8070 1434.78 -5541.5 575.042 -3.07676
8080 1447.04 -8119.66 575.027 -3.07691
8090 1340.59 -4674.92 574.876 -3.07786
8100 1163.34 1353.29 574.649 -3.07904
8110 972.71 7543.41 574.456 -3.07992
8120 881.172 10648.1 574.406 -3.08026
8130 1004.12 7919.66 574.552 -3.08013
8140 1200.24 4273.3 574.848 -3.07969
8150 1331.25 417.283 575.224 -3.07937
8160 1330.84 -2885.56 575.61 -3.0795
8170 1230.77 -1601.66 575.949 -3.08004
8180 1116.72 2086.29 576.263 -3.08066
8190 1069.84 3289.07 576.613 -3.08113
8200 1101.28 1754.56 577.021 -3.08136
8210 1221.27 -3646.99 577.455 -3.08149
8220 1277.82 -5892.95 577.826 -3.08173
8230 1203.18 -4728.2 578.089 -3.08223
8240 1071.12 -1449 578.269 -3.08273
8250 1021.09 845.951 578.422 -3.08299
8260 1082.75 -203.576 578.587 -3.08298
8270 1166.45 -3534.36 578.748 -3.08281
8280 1193.36 -6539.5 578.845 -3.08268
8290 1168.86 -7529.32 578.824 -3.08267
8300 1141.05 -6130.71 578.67 -3.08271
8310 1142.18 -3336.08 578.408 -3.08275
8320 1158.58 -981.984 578.091 -3.08276
8330 1160.88 -183.616 577.762 -3.08277
8340 1160.23 746.116 577.44 -3.0828
8350 1174.18 1189.19 577.14 -3.08286
8360 1182.46 576.254 576.872 -3.08296
8370 1170.03 -1193.72 576.62 -3.08313
8380 1122.42 -109.845 576.36 -3.08331
8390 1078.58 2854.88 576.109 -3.08338
8400 1049.1 3429.97 575.917 -3.0833
8410 1014.04 3232.09 575.796 -3.08301
8420 1021.92 3922.04 575.743 -3.08249
8430 1108.77 1461.16 575.763 -3.08178
8440 1200.74 331.336 575.819 -3.08101
8450 1242.69 449.467 575.887 -3.08042
8460 1226.95 1293.12 575.969 -3.08012
8470 1210.07 1733.56 576.079 -3.08005
8480 1215.43 2323.16 576.226 -3.08016
8490 1196 3187.19 576.42 -3.08041
8500 1128.97 3049.49 576.676 -3.08071
8510 1069.6 1679.6 576.988 -3.08092
8520 1071.08 261.579 577.333 -3.08093
8530 1121.28 -2231.98 577.681 -3.08077
8540 1148.79 -3418.3 577.99 -3.08054
8550 1132.85 -3696.37 578.236 -3.08031
8560 1150.14 -4674.38 578.411 -3.08009
8570 1196.76 -5207.41 578.501 -3.07992
8580 1196.63 -3660.96 578.5 -3.07986
8590 1129.29 -146.665 578.438 -3.07991
8600 1044.87 2609.37 578.377 -3.0799
8610 1043.49 2959.36 578.368 -3.07968
8620 1173.19 -1364.15 578.412 -3.07929
8630 1241.11 -3230.54 578.439 -3.07895
8640 1195.89 -2410.16 578.413 -3.07884
8650 1135.83 -2187.14 578.347 -3.07886
8660 1150.65 -4026.92 578.241 -3.07887
8670 1214.59 -6154.33 578.065 -3.07891
8680 1237.82 -7180.03 577.781 -3.07911
8690 1176.58 -4308.46 577.377 -3.07949
8700 1060.31 28.4861 576.905 -3.07982
8710 969.44 3315.99 576.443 -3.07987
8720 979.036 5721.5 576.054 -3.07955
8730 1095.75 5194.72 575.778 -3.07893
8740 1220.14 2375.36 575.604 -3.07822
8750 1280.81 -437.096 575.484 -3.07773
8760 1306.64 -2715.61 575.362 -3.07762
8770 1355.93 -3769.48 575.199 -3.07797
8780 1353.71 -1817.19 574.979 -3.07884
8790 1265.54 1327.76 574.735 -3.08006
8800 1129.75 3065.99 574.522 -3.08128
8810 1027.87 4908.22 574.376 -3.0822
8820 984.468 6300.31 574.327 -3.0827
8830 960.718 7829.86 574.401 -3.08281
8840 942.633 7998.47 574.624 -3.08257
8850 948.673 6532.47 574.996 -3.08199
8860 1032.63 3518.61 575.486 -3.08108
8870 1161.44 668.376 576.041 -3.07995
8880 1291.97 -2349.45 576.607 -3.07886
8890 1345.71 -3946.65 577.129 -3.07818
8900 1288.73 -3479.05 577.578 -3.07807
8910 1143.96 -36.88 577.966 -3.07832
8920 992.062 3362.59 578.353 -3.07851
8930 924.188 2546.07 578.797 -3.07839
8940 976.391 -983.718 579.282 -3.07786
8950 1136.83 -4971.57 579.747 -3.07698
8960 1318.87 -9761.51 580.114 -3.07604
8970 1412.44 -12773.6 580.297 -3.0756
8980 1383.55 -12000.7 580.246 -3.07595
8990 1258.53 -7303.03 579.98 -3.07686
9000 1141.85 -3586.53 579.581 -3.07784
9010 1112.69 -2910.05 579.118 -3.07864
9020 1111.84 -1039.8 578.616 -3.07923
9030 1124.84 -1437.49 578.101 -3.07966
9040 1126.2 -1887.06 577.571 -3.07998
9050 1141.59 -1661.64 577.02 -3.08021
9060 1185.11 -1965.74 576.45 -3.0804
9070 1233.34 -728.263 575.859 -3.08068
9080 1228.04 995.868 575.268 -3.08109
9090 1135.41 3994.67 574.713 -3.08158
9100 992.532 8149.77 574.248 -3.08187
9110 919.636 9866.58 573.943 -3.0818
9120 938.212 8532.58 573.826 -3.08135
9130 1010.79 5853.74 573.872 -3.08056
9140 1080.48 3417.17 574.032 -3.07954
9150 1127.71 763.919 574.257 -3.07844
9160 1187.07 983.304 574.505 -3.0774
9170 1336.26 -2496.99 574.766 -3.07655
9180 1482.88 -7451.32 574.981 -3.07625
9190 1510.98 -9677.47 575.062 -3.07694
9200 1388.55 -6356.53 574.976 -3.07855
9210 1166.34 273.404 574.783 -3.08038
9220 985.191 5261.11 574.601 -3.08168
9230 1063.82 4083.37 574.515 -3.08249
9240 1212.26 228.468 574.507 -3.08308
9250 1306.74 -2221.56 574.511 -3.08381
9260 1290.37 -1337.58 574.484 -3.08484
9270 1183.25 1239.16 574.44 -3.086
9280 1069.01 4938.32 574.428 -3.08699
9290 1011.81 6884.71 574.51 -3.08763
9300 993.002 4912.25 574.717 -3.08791
9310 944.816 4372.27 575.022 -3.08783
9320 879.956 5564.62 575.411 -3.0874
9330 879.99 5903.8 575.903 -3.08661
9340 919.914 4523.81 576.501 -3.08543
9350 1012.55 1952.92 577.178 -3.0839
9360 1106.9 13.3588 577.889 -3.08212
9370 1146.51 353.19 578.6 -3.08038
9380 1159.26 426.422 579.314 -3.07885
9390 1198.97 -1645.61 580.027 -3.07755
9400 1195.36 -2004.88 580.709 -3.07648
9410 1116.87 -349.72 581.352 -3.07569
9420 984.847 1690.52 581.985 -3.07501
9430 899.751 3523.55 582.647 -3.07422
9440 956.898 2907.92 583.368 -3.07314
9450 1120.16 258.946 584.138 -3.07169
9460 1250.43 -3684.46 584.905 -3.07014
9470 1237.73 -5675.19 585.599 -3.0689
9480 1156.44 -5999 586.183 -3.06805
9490 1164.43 -7548.64 586.644 -3.0674
9500 1235.69 -9150.55 586.957 -3.06687
9510 1257.91 -9673.2 587.093 -3.06663
9520 1156.11 -7304.7 587.048 -3.06666
9530 1021.07 -3064.99 586.87 -3.0667
9540 1004.69 -4177.47 586.629 -3.06652
9550 1034.02 -5558.98 586.315 -3.06607
9560 1050.24 -5545.15 585.903 -3.06544
9570 1092.65 -5871.56 585.395 -3.06469
9580 1186.52 -8163.68 584.779 -3.06392
9590 1260.12 -8252.44 584.024 -3.06333
9600 1265.53 -5919.71 583.131 -3.06307
9610 1275.06 -4626.65 582.141 -3.06314
9620 1304.16 -3337.4 581.082 -3.06354
9630 1272.47 -406.358 579.986 -3.06423
9640 1206.62 1897.58 578.903 -3.06505
9650 1144.73 5823.45 577.883 -3.0658
9660 1110.34 7936.91 576.99 -3.06635
9670 1120.08 7229.2 576.262 -3.06673
9680 1164.31 6287.7 575.686 -3.06703
9690 1226.3 4861.15 575.241 -3.06737
9700 1279.73 3263.97 574.9 -3.06789
9710 1276.39 3143.69 574.632 -3.06868
9720 1184.36 6349.1 574.439 -3.06963
9730 1073.5 8650.57 574.371 -3.07044
9740 1060.54 5387.31 574.462 -3.07099
9750 1121.74 1532.11 574.656 -3.07129
9760 1222.55 -749.688 574.884 -3.07151
9770 1329.64 -4299.73 575.098 -3.0719
9780 1385.63 -6466.15 575.235 -3.07274
9790 1386.3 -5704.57 575.261 -3.07413
9800 1362.62 -5485.6 575.183 -3.07598
9810 1323.14 -4219.49 575.012 -3.07813
9820 1262.41 -1425.78 574.771 -3.08035
9830 1182.48 2946.02 574.516 -3.08241
9840 1093.94 5877.83 574.322 -3.08411
9850 1003.7 6275.61 574.242 -3.08534
9860 914.391 6489.91 574.285 -3.08603
9870 847.327 7776.46 574.455 -3.08618
9880 876.599 7479.05 574.77 -3.08582
9890 1012.67 3698.28 575.218 -3.085
9900 1103.46 1881.06 575.739 -3.08386
9910 1140.13 1439.3 576.294 -3.08271
9920 1157.11 194.177 576.873 -3.08167
9930 1181.93 -1512.23 577.453 -3.08077
9940 1207.1 -2792.6 578.002 -3.08003
9950 1201.22 -4626.43 578.495 -3.07951
9960 1154.88 -6216.43 578.899 -3.07916
9970 1110.44 -7000.2 579.186 -3.07888
9980 1132.37 -7463.72 579.34 -3.07858
9990 1234.9 -8217.34 579.354 -3.07831
10000 1315.47 -6682.86 579.221 -3.0783
