# Time-averaged data for fix 2
# TimeStep c_mytemp c_mypress v_vmyvol v_avgEtotal
10 1210.27 3041.34 609.918 -2.94842
20 1251.72 2610.91 609.985 -2.94829
30 1198.56 2567.55 610.105 -2.9481
40 1069.99 5068.4 610.281 -2.9478
50 959.433 8771.2 610.557 -2.94724
60 965.003 8532.05 610.992 -2.94631
70 1059.14 4693.18 611.58 -2.94494
80 1120.15 3641.01 612.257 -2.94323
90 1199.4 2982.85 612.997 -2.9414
100 1313.85 -963.933 613.778 -2.93953
110 1329.67 -2497.64 614.538 -2.93787
120 1247.57 -1746.99 615.246 -2.93659
130 1184.57 -2591.15 615.909 -2.93551
140 1169.19 -2492.96 616.516 -2.93443
150 1179.65 567.178 617.075 -2.93331
160 1208.42 2063.07 617.636 -2.93216
170 1206.64 3957.12 618.235 -2.93103
180 1203.54 3175.87 618.901 -2.92993
190 1320.67 -4661.49 619.609 -2.92878
200 1401.85 -8302.75 620.228 -2.92772
210 1402.08 -8983.96 620.682 -2.92708
220 1343.8 -6997.12 620.962 -2.92686
230 1303.09 -5382.44 621.103 -2.92687
240 1285.65 -4193.24 621.141 -2.92697
250 1282.24 -1913.54 621.103 -2.92707
260 1346.95 -1177.88 621.031 -2.92721
270 1408.1 -2321.18 620.938 -2.92752
280 1378.45 -2852.24 620.81 -2.9281
290 1329.63 -4919.61 620.63 -2.92884
300 1314.75 -6891.25 620.362 -2.92964
310 1321.01 -7699.59 619.972 -2.93044
320 1381.3 -10090.7 619.439 -2.93133
330 1436.87 -9372.47 618.732 -2.93247
340 1420.24 -7816.36 617.859 -2.93391
350 1299.82 -4435.51 616.861 -2.93538
360 1252.34 -4060.57 615.795 -2.93665
370 1270.13 -3632.19 614.677 -2.93772
380 1306.24 -2335.45 613.517 -2.93863
390 1334.76 -1572.03 612.338 -2.93952
400 1325.24 2864.51 611.166 -2.94035
410 1349.22 3791.54 610.068 -2.94116
420 1328.37 5502.19 609.072 -2.942
430 1259.58 6763.19 608.203 -2.94277
440 1268.31 5722.8 607.481 -2.94339
450 1397.65 2487.72 606.881 -2.94404
460 1467.95 1920.05 606.348 -2.94498
470 1334.97 5701.54 605.875 -2.94619
480 1128.36 9882.05 605.524 -2.94718
490 1049.47 8344.07 605.358 -2.94768
500 1101.75 7108.71 605.358 -2.94771
510 1240.72 5821.51 605.496 -2.94743
520 1361.91 2322.17 605.741 -2.94706
530 1451.95 1571.81 606.037 -2.94694
540 1496.49 809.53 606.363 -2.9473
550 1422.53 3341.15 606.709 -2.94818
560 1245.2 9418.54 607.126 -2.94922
570 1224.19 8077.27 607.707 -2.9501
580 1286.38 3803.18 608.432 -2.95076
590 1290.6 2278.21 609.228 -2.95134
600 1235.03 1843.96 610.062 -2.95185
610 1208.92 189.634 610.921 -2.95218
620 1240.37 -1952.67 611.775 -2.9523
630 1305.92 -3012.82 612.586 -2.95232
640 1356.79 -4841.65 613.33 -2.95239
650 1348.01 -5383.95 613.978 -2.95262
660 1324.81 -4937.85 614.518 -2.95299
670 1287.12 -1192.36 614.966 -2.95344
680 1206.09 2972.67 615.39 -2.95387
690 1091.62 7345.32 615.871 -2.95409
700 1021.58 8328.48 616.485 -2.95399
710 1015.29 6095.66 617.251 -2.95348
720 1016.26 5340.78 618.132 -2.95254
730 1046.54 3618.07 619.108 -2.95126
740 1114.33 -1884.66 620.137 -2.94959
750 1168.04 -4951.48 621.124 -2.94765
760 1207.38 -8911.6 622.001 -2.94563
770 1187.83 -9149.21 622.7 -2.94369
780 1182.6 -8887.49 623.212 -2.94189
790 1247.22 -9447.06 623.543 -2.94015
800 1313.45 -9650.64 623.687 -2.93854
810 1332.49 -8120.58 623.646 -2.93721
820 1323.25 -6517.87 623.448 -2.93623
830 1357.11 -6782.5 623.127 -2.93553
840 1371.83 -6365.22 622.684 -2.93514
850 1340.3 -5249.66 622.128 -2.93504
860 1282.21 -4013.19 621.484 -2.93511
870 1233.66 -3896.36 620.774 -2.93519
880 1198.63 -3062.08 620.006 -2.93517
890 1191.26 -3101.49 619.196 -2.935
900 1223.93 -5243.24 618.339 -2.9347
910 1253.9 -4836.95 617.403 -2.93438
920 1211.97 628.295 616.404 -2.93397
930 1239.72 5201.75 615.438 -2.93342
940 1216.97 9871.37 614.594 -2.93276
950 1113.08 16450.6 613.964 -2.93202
960 1093.58 17754.5 613.658 -2.93114
970 1134.47 15909.4 613.699 -2.93011
980 1244.5 12062 614.049 -2.92897
990 1389.83 5706.93 614.625 -2.92781
1000 1451.51 4031.7 615.319 -2.92699
1010 1391.89 5670.2 616.092 -2.92671
1020 1254.35 9841.51 616.974 -2.92683
1030 1152.27 13247.7 618.039 -2.92702
1040 1182.94 12370.6 619.348 -2.9271
1050 1251 10079.7 620.885 -2.92699
1060 1257.45 8518.58 622.607 -2.92684
1070 1147.87 9462.09 624.486 -2.92672
1080 994.288 11321.8 626.539 -2.92654
1090 1024.25 5490.49 628.783 -2.92599
1100 1123.3 -1021.55 631.114 -2.92469
1110 1213.57 -4598.59 633.406 -2.92296
1120 1306.26 -9607.46 635.577 -2.92104
1130 1359.38 -14632.2 637.526 -2.91917
1140 1336.51 -19679.9 639.148 -2.91758
1150 1245.19 -20366.2 640.351 -2.91636
1160 1199.1 -19869.6 641.114 -2.9154
1170 1247.66 -19495 641.452 -2.91457
1180 1251.08 -15928.4 641.387 -2.91388
1190 1194.84 -12094.2 640.992 -2.91332
1200 1094.06 -8015.5 640.356 -2.91271
1210 1051.65 -5514.31 639.564 -2.91191
1220 1066.12 -6744.16 638.669 -2.91079
1230 1255.99 -12649.6 637.644 -2.90947
1240 1373.23 -14940.1 636.389 -2.90824
1250 1335.81 -14171.7 634.856 -2.90748
1260 1150.79 -9463.05 633.073 -2.90703
1270 1027.92 -4783.76 631.135 -2.90644
1280 1031.09 -3058.98 629.137 -2.90543
1290 1177.26 -6344.23 627.11 -2.9041
1300 1353.29 -7459.55 625.005 -2.90266
1310 1514.94 -6908.54 622.802 -2.90151
1320 1603.16 -5858.97 620.513 -2.90109
1330 1549.36 -1385.37 618.166 -2.90156
1340 1356.03 7873.04 615.858 -2.9023
1350 1217.74 11241.9 613.742 -2.90276
1360 1182.25 12398.5 611.887 -2.90296
1370 1175.3 19146.1 610.322 -2.90281
1380 1257.34 20810 609.146 -2.90242
1390 1369.25 21173.8 608.39 -2.90217
1400 1428.13 24430.2 608.06 -2.90231
1410 1449.31 27867 608.204 -2.90303
1420 1484.03 28028.4 608.875 -2.90443
1430 1617.18 21400.2 610.062 -2.90661
1440 1614.79 13718.5 611.645 -2.90956
1450 1424.38 11148.3 613.485 -2.91282
1460 1242.29 9404.48 615.522 -2.91569
1470 1230.64 6772.32 617.718 -2.91798
1480 1335.16 1759.08 620.018 -2.9198
1490 1500.02 -4872.43 622.322 -2.92148
1500 1539.19 -6357.64 624.516 -2.92344
1510 1478.08 -8707.36 626.556 -2.92568
1520 1414.87 -11285.3 628.397 -2.92795
1530 1335.89 -10050.1 629.997 -2.93007
1540 1273.81 -7603.83 631.376 -2.93197
1550 1201.56 -5376.62 632.584 -2.93354
1560 1130.57 -4374.26 633.665 -2.93467
1570 1069.44 -3839.19 634.645 -2.93529
1580 1077.75 -6261.07 635.529 -2.9354
1590 1168.12 -11969.7 636.268 -2.93507
1600 1200.89 -13762.9 636.759 -2.9345
1610 1180.01 -14470.7 636.964 -2.9339
1620 1132.27 -14517.5 636.87 -2.93327
1630 1082.92 -13342.8 636.484 -2.93253
1640 1091.05 -13645.3 635.83 -2.93163
1650 1135.89 -13431.4 634.912 -2.93056
1660 1160.89 -11134 633.742 -2.92937
1670 1162.1 -7151.55 632.375 -2.92808
1680 1163.98 -4457.5 630.888 -2.9267
1690 1172.52 -2850.33 629.344 -2.92522
1700 1213.75 -3042.16 627.774 -2.92372
1710 1268.61 -4119.63 626.177 -2.92226
1720 1399.12 -5768.63 624.532 -2.921
1730 1563.72 -7558.82 622.809 -2.92023
1740 1600.77 -6293.7 620.984 -2.92035
1750 1444.8 -577.087 619.084 -2.92122
1760 1192.16 7350.09 617.221 -2.92198
1770 1091.05 8051.77 615.53 -2.92226
1780 1099.29 8246.08 614.034 -2.92213
1790 1180.11 7665.3 612.729 -2.92165
1800 1329.96 2741.85 611.593 -2.92108
1810 1506.49 -2352.24 610.536 -2.92081
1820 1635.77 -3319.48 609.467 -2.92128
1830 1644.16 -2055.37 608.366 -2.92274
1840 1535.52 2798.86 607.259 -2.92494
1850 1446.79 6510.4 606.23 -2.92729
1860 1497.34 6543.24 605.341 -2.9298
1870 1536.41 10408.8 604.606 -2.93261
1880 1537.05 10842.5 604.078 -2.93575
1890 1477.96 10297.6 603.766 -2.93913
1900 1316.84 14970 603.668 -2.94226
1910 1256.77 17157.8 603.851 -2.94489
1920 1294.91 15621.7 604.351 -2.94719
1930 1333.93 13774.5 605.14 -2.94934
1940 1336.67 11040.8 606.181 -2.95136
1950 1388.38 6248.6 607.415 -2.95328
1960 1450.23 4045.27 608.76 -2.95523
1970 1427.35 2849.08 610.169 -2.95734
1980 1295.72 3274.81 611.622 -2.95938
1990 1160.12 2225.31 613.12 -2.96101
2000 1108.78 945.761 614.643 -2.96204
2010 1196.37 -1529.99 616.166 -2.96258
2020 1333.1 -6142.09 617.639 -2.96283
2030 1380.34 -8821.93 618.979 -2.96308
2040 1287.42 -7577.85 620.139 -2.96348
2050 1166.36 -6113.27 621.138 -2.96384
2060 1075.66 -6346.72 622.003 -2.96391
2070 1008.4 -4795.23 622.737 -2.9636
2080 940.658 -1324.85 623.373 -2.9629
2090 944.938 -2203.55 623.968 -2.96177
2100 985.476 -3489.78 624.513 -2.96018
2110 1021.57 -3152.07 624.987 -2.95822
2120 1048.04 -3056.22 625.395 -2.95601
2130 1088.05 -3920.46 625.738 -2.95364
2140 1111.54 -4634.86 626.001 -2.95118
2150 1070.58 -1120.04 626.18 -2.94877
2160 1054.42 2050.38 626.338 -2.94643
2170 1111.45 1472.65 626.531 -2.94402
2180 1175.62 55.9764 626.756 -2.94152
2190 1233.01 -4034.96 626.977 -2.9391
2200 1285.73 -8378.81 627.12 -2.93686
2210 1314.66 -11718.7 627.098 -2.93496
2220 1305.59 -12894.1 626.849 -2.93348
2230 1269.29 -11517.8 626.356 -2.93238
2240 1261.01 -10292.8 625.645 -2.93151
2250 1306.08 -8388.98 624.746 -2.93078
2260 1362.52 -6632.17 623.7 -2.93022
2270 1335.03 -2905.04 622.551 -2.9299
2280 1245.7 1820.7 621.371 -2.92968
2290 1158.74 7992.81 620.255 -2.92933
2300 1154.42 10956.4 619.316 -2.92872
2310 1204.97 10279.5 618.608 -2.92795
2320 1218.36 10048.9 618.119 -2.92712
2330 1245.82 6879.19 617.833 -2.92631
2340 1330.17 2543.05 617.691 -2.92557
2350 1416.12 -1498.11 617.606 -2.92504
2360 1409.76 -4009.89 617.504 -2.92492
2370 1390.18 -8405.43 617.326 -2.92515
2380 1446.94 -13031.5 616.992 -2.92576
2390 1491 -14093.5 616.422 -2.92682
2400 1530.82 -14359.2 615.594 -2.92847
2410 1516.19 -11242.9 614.514 -2.93067
2420 1447.87 -8844.76 613.241 -2.93317
2430 1336.83 -5440.1 611.828 -2.93561
2440 1268.28 -2120.04 610.342 -2.93766
2450 1268.61 471.302 608.846 -2.93933
2460 1221.93 4156.21 607.392 -2.94062
2470 1165.84 10409.9 606.053 -2.94142
2480 1160.22 12447.9 604.931 -2.94176
2490 1185.3 11901.9 604.061 -2.94186
2500 1149.94 16510.4 603.442 -2.94173
2510 1100.32 20061.9 603.145 -2.94141
2520 1068.28 21141.1 603.225 -2.94093
2530 1030.66 22823.9 603.706 -2.9403
2540 1060.15 20093.9 604.601 -2.93952
2550 1122.36 16770.2 605.867 -2.9385
2560 1230.87 10418.1 607.429 -2.93726
2570 1274.91 5938.92 609.176 -2.93586
2580 1262.34 4706.74 611.025 -2.93461
2590 1269.25 2669.16 612.946 -2.93349
2600 1310.44 -2754.85 614.892 -2.9324
2610 1352.62 -6767.49 616.768 -2.93132
2620 1372.53 -8365.12 618.498 -2.93047
2630 1309.15 -8638.63 620.047 -2.92992
2640 1136.98 -6234.18 621.416 -2.92953
2650 1003.14 -4650.27 622.646 -2.929
2660 1040.15 -4364.79 623.767 -2.92811
2670 1226.6 -6746.03 624.787 -2.9268
2680 1370.87 -7003.05 625.666 -2.92534
2690 1386.46 -5470.67 626.4 -2.92423
2700 1345.16 -5112.06 627.017 -2.92356
2710 1315.2 -4644.54 627.527 -2.92318
2720 1279.09 -989.999 627.949 -2.92298
2730 1242.36 -565.511 628.343 -2.92283
2740 1186.76 -1017.28 628.723 -2.92262
2750 1168.64 679.589 629.087 -2.92227
2760 1238.4 1301.14 629.461 -2.92176
2770 1329.17 1543.11 629.861 -2.92121
2780 1354.24 2575.73 630.294 -2.92084
2790 1292.53 3771.52 630.779 -2.9207
2800 1223.01 3599.61 631.336 -2.92063
2810 1275.2 330.063 631.96 -2.9205
2820 1361.57 -4037.67 632.584 -2.92033
2830 1414.4 -6275.48 633.125 -2.92035
2840 1450.15 -9018.91 633.535 -2.92073
2850 1402.2 -10510.2 633.762 -2.9215
2860 1291.97 -11002 633.777 -2.92244
2870 1202.97 -11418.1 633.571 -2.92329
2880 1148.87 -9959.03 633.142 -2.92388
2890 1143.08 -7660.07 632.522 -2.92417
2900 1123.1 -4505.73 631.762 -2.92413
2910 1078.21 -1630.92 630.926 -2.92376
2920 1044.28 571.741 630.075 -2.92303
2930 1157.12 -501.72 629.249 -2.92195
2940 1299.43 -4830.29 628.424 -2.92068
2950 1325.77 -5514.02 627.529 -2.91959
2960 1318.44 -6186.11 626.543 -2.91878
2970 1363.23 -6304.59 625.455 -2.91824
2980 1464.87 -5819.58 624.267 -2.91803
2990 1466.13 -3593.57 622.993 -2.9183
3000 1360.15 50.9591 621.677 -2.91893
3010 1233.45 3341.23 620.39 -2.91953
3020 1179.11 5363.25 619.195 -2.91988
3030 1186.31 4382.88 618.125 -2.91996
3040 1202.03 3374.81 617.164 -2.91987
3050 1191.46 6684.97 616.297 -2.91959
3060 1220.53 8005.21 615.576 -2.91915
3070 1262.22 7407.21 615.024 -2.91865
3080 1251.43 7772.06 614.633 -2.91817
3090 1260.37 5325.67 614.398 -2.91773
3100 1271.9 2940.65 614.274 -2.91734
3110 1272.72 560.128 614.215 -2.91699
3120 1283.57 -601.535 614.175 -2.91668
3130 1305.08 90.3438 614.132 -2.91644
3140 1315.48 145.951 614.095 -2.91631
3150 1261.89 3976.96 614.075 -2.91626
3160 1229.29 6058.28 614.134 -2.9162
3170 1299.31 3520.22 614.305 -2.91609
3180 1383.48 2216.79 614.55 -2.91604
3190 1433.08 1354.13 614.842 -2.91627
3200 1439.5 441.408 615.162 -2.91687
3210 1457.22 -742.291 615.491 -2.91783
3220 1489.75 -2017.5 615.806 -2.91917
3230 1455.94 348.169 616.09 -2.92088
3240 1347.72 5664.89 616.388 -2.92277
3250 1206.86 10743.4 616.798 -2.92445
3260 1175.03 9998.77 617.406 -2.92575
3270 1216.07 5712.13 618.2 -2.92667
3280 1289.07 2407.15 619.103 -2.92736
3290 1347.14 -723.729 620.046 -2.92795
3300 1428.35 -3941.83 620.968 -2.92864
3310 1440.35 -4096.97 621.811 -2.92961
3320 1337.74 -655.066 622.575 -2.93081
3330 1300.45 1129.89 623.317 -2.93199
3340 1373.99 997.768 624.073 -2.93316
3350 1380.86 1986.24 624.848 -2.93443
3360 1300.36 3276.07 625.658 -2.93575
3370 1205.94 3622.97 626.528 -2.93689
3380 1177.48 475.656 627.457 -2.93768
3390 1199.87 -1497.06 628.391 -2.93812
3400 1234.82 -3733.57 629.287 -2.93831
3410 1247.08 -7067.84 630.098 -2.93834
3420 1238.79 -8894.41 630.762 -2.93826
3430 1253.97 -9720.23 631.244 -2.93812
3440 1324.04 -12220.2 631.52 -2.93798
3450 1384.75 -12215 631.555 -2.93802
3460 1375.53 -10636.1 631.348 -2.93837
3470 1278.07 -10054.2 630.93 -2.93892
3480 1135.83 -7148.77 630.324 -2.93939
3490 1053.35 -3379.84 629.589 -2.93947
3500 1111.16 -5122.21 628.79 -2.93914
3510 1188.38 -3830.9 627.912 -2.93852
3520 1207.13 -1613.87 626.978 -2.93772
3530 1203.63 -1158.25 626.027 -2.93685
3540 1254.39 569.976 625.077 -2.93594
3550 1288.61 1361.32 624.156 -2.93504
3560 1265.74 2010.44 623.282 -2.93426
3570 1169.55 4777.19 622.472 -2.93355
3580 1117.6 6268.91 621.772 -2.93272
3590 1161.08 4219.3 621.207 -2.93172
3600 1209.15 1568.4 620.738 -2.93058
3610 1271.61 -199.533 620.313 -2.92945
3620 1301.46 -1538.3 619.897 -2.92842
3630 1295.09 -3337.77 619.461 -2.92759
3640 1230.29 -1467.5 618.979 -2.92693
3650 1181.48 2145.92 618.483 -2.92627
3660 1185.76 4970.69 618.039 -2.9255
3670 1197.54 7643.51 617.705 -2.92461
3680 1231.39 10270.4 617.531 -2.92367
3690 1315.11 9279.76 617.559 -2.92278
3700 1377.25 6582.96 617.77 -2.92208
3710 1334.05 5253.13 618.116 -2.92169
3720 1295.91 2649.12 618.563 -2.92152
3730 1319.28 -528.87 619.06 -2.92142
3740 1392.87 -2045.52 619.549 -2.92144
3750 1428.3 -2044.83 619.999 -2.92175
3760 1355.98 -801.267 620.409 -2.92238
3770 1157.3 4438.43 620.813 -2.92302
3780 1118.29 5643.65 621.296 -2.92336
3790 1310.3 -585.286 621.875 -2.92339
3800 1470.82 -2455.4 622.45 -2.92344
3810 1508.14 -1163.25 622.979 -2.92399
3820 1419.44 859.46 623.485 -2.92505
3830 1291.55 3367.8 624.008 -2.92627
3840 1229.94 2630.14 624.591 -2.92732
3850 1210.33 970.344 625.223 -2.92811
3860 1166.87 435.927 625.873 -2.92862
3870 1115.31 68.9691 626.529 -2.9288
3880 1171.84 -4339.66 627.174 -2.92863
3890 1297.58 -11361.5 627.723 -2.9282
3900 1352.78 -15076.2 628.048 -2.92782
3910 1327.16 -16246.9 628.073 -2.92773
3920 1264.01 -14560.6 627.78 -2.92785
3930 1228.91 -12087.7 627.203 -2.92802
3940 1239.46 -8132.39 626.401 -2.92809
3950 1276.26 -4901.3 625.451 -2.92806
3960 1295.45 -2644.15 624.422 -2.928
3970 1309.6 -2227.87 623.36 -2.92798
3980 1267.59 -1829.97 622.275 -2.92803
3990 1179.55 1809.61 621.184 -2.928
4000 1130.33 1296.88 620.142 -2.92776
4010 1085.74 4460.14 619.156 -2.92723
4020 1120.32 4985.57 618.272 -2.92637
4030 1229.12 982.899 617.495 -2.92531
4040 1280.2 -616.918 616.762 -2.92423
4050 1416.03 -4961.75 616.026 -2.92332
4060 1652.65 -8626.32 615.214 -2.92295
4070 1791.01 -8038.18 614.261 -2.9238
4080 1700.97 -2684.2 613.182 -2.92609
4090 1433.87 6528.46 612.084 -2.92884
4100 1262.63 12692.7 611.131 -2.93113
4110 1218.84 12656.8 610.428 -2.93293
4120 1146.12 14268.8 609.987 -2.93431
4130 1053.88 18719.9 609.834 -2.93518
4140 1067.1 18645.2 610.038 -2.9356
4150 1125.79 15930.1 610.592 -2.9357
4160 1087.48 17821.6 611.46 -2.93558
4170 1080.05 15331.8 612.653 -2.93528
4180 1145.98 9409.71 614.125 -2.93464
4190 1203.04 6610.06 615.773 -2.93372
4200 1219.9 5951.77 617.538 -2.93271
4210 1197.04 6956.19 619.407 -2.93177
4220 1201.73 5185.75 621.391 -2.93086
4230 1181.3 4094.92 623.461 -2.92987
4240 1168.6 3489.21 625.595 -2.92886
4250 1206.36 258.199 627.773 -2.92771
4260 1214.13 -1242.78 629.94 -2.92643
4270 1135.75 -2147.67 632.062 -2.92517
4280 1013.26 -3886.82 634.118 -2.92383
4290 962.421 -5691.48 636.073 -2.92224
4300 1090.94 -9596.63 637.885 -2.92018
4310 1328.54 -14365.6 639.476 -2.91762
4320 1509.94 -17863.5 640.753 -2.91514
4330 1528.89 -18360 641.648 -2.9135
4340 1415.44 -16257.1 642.155 -2.91286
4350 1294.28 -14578.1 642.315 -2.9128
4360 1207.67 -11637.9 642.173 -2.91288
4370 1133.83 -7061.11 641.796 -2.91284
4380 1077.98 -4548.91 641.278 -2.91253
4390 996.978 -3054.43 640.675 -2.91189
4400 954.551 -4127.24 640.018 -2.91089
4410 1012.69 -6933.19 639.286 -2.90952
4420 1157.39 -9269.58 638.426 -2.90778
4430 1311.05 -10073.1 637.396 -2.90587
4440 1415.63 -11820.7 636.178 -2.90423
4450 1391.13 -11536.7 634.745 -2.90319
4460 1273.38 -9106.12 633.111 -2.90265
4470 1204.25 -5722.04 631.326 -2.90223
4480 1280.39 -3365.96 629.461 -2.90168
4490 1431.35 -3591.64 627.563 -2.90119
4500 1479.84 -2487.19 625.637 -2.90112
4510 1359.56 1673.63 623.709 -2.90145
4520 1193.4 6136.2 621.856 -2.90172
4530 1121.72 8830.02 620.161 -2.90165
4540 1196.76 9784.87 618.674 -2.90123
4550 1372.1 7566.91 617.404 -2.90074
4560 1420.95 7886 616.315 -2.90052
4570 1301.73 9098.57 615.404 -2.90065
4580 1125.18 11360.4 614.694 -2.90074
4590 1212.12 6543.47 614.209 -2.90061
4600 1441.94 -571.886 613.858 -2.90044
4610 1589.08 -3652.06 613.515 -2.90075
4620 1554.65 -3813.81 613.117 -2.9019
4630 1374.01 1925.24 612.672 -2.90349
4640 1357.57 4523.42 612.27 -2.90501
4650 1461.04 3563.52 611.96 -2.90667
4660 1451.84 5956.16 611.737 -2.90858
4670 1394.8 7561.39 611.634 -2.91065
4680 1293.14 11505.5 611.69 -2.91261
4690 1257.33 12990.4 611.966 -2.91431
4700 1366.94 9189.58 612.483 -2.91588
4710 1492.46 5595.71 613.176 -2.9176
4720 1483.46 4579.35 613.977 -2.91969
4730 1341.37 7125.96 614.869 -2.92191
4740 1229.23 6433.83 615.885 -2.92385
4750 1216.75 4746.6 617.016 -2.92536
4760 1277.8 3643.09 618.23 -2.92658
4770 1303.88 4790.95 619.509 -2.92766
4780 1262.24 7222.15 620.873 -2.92872
4790 1198.08 7082.43 622.362 -2.92963
4800 1166.05 4411.47 623.974 -2.93024
4810 1209.23 -1355.39 625.652 -2.93044
4820 1314.53 -6674.2 627.287 -2.93031
4830 1422.41 -9369.84 628.776 -2.93019
4840 1452.06 -11351.5 630.062 -2.9304
4850 1372.78 -11655 631.107 -2.93098
4860 1269.6 -9747.4 631.911 -2.93169
4870 1281.28 -10810.3 632.503 -2.93233
4880 1330.66 -13167.7 632.869 -2.93295
4890 1317.6 -13715.9 632.967 -2.93365
4900 1240.45 -12265.4 632.792 -2.93438
4910 1165.6 -8883.45 632.377 -2.93495
4920 1171.38 -6098.3 631.791 -2.93522
4930 1239.51 -5384.18 631.091 -2.93525
4940 1280.17 -5559.39 630.297 -2.93521
4950 1235.81 -4303.19 629.412 -2.93518
4960 1141.64 -3297.53 628.458 -2.93504
4970 1092.46 -3688.57 627.458 -2.93469
4980 1109.68 -5956.22 626.4 -2.93407
4990 1206.66 -7655.16 625.248 -2.93324
5000 1368.61 -10424.1 623.966 -2.93238
5010 1511.85 -11329.6 622.507 -2.9319
5020 1532.4 -6945.36 620.865 -2.93208
5030 1417.05 -163.906 619.126 -2.93276
5040 1255.29 9087.73 617.428 -2.93336
5050 1202.11 13672.3 615.933 -2.93361
5060 1199.33 14788 614.73 -2.93362
5070 1165.56 13861.6 613.837 -2.93349
5080 1127.88 11758 613.227 -2.93321
5090 1122.39 12478.6 612.865 -2.93273
5100 1176.67 10714.5 612.748 -2.93204
5110 1198.73 7451.32 612.842 -2.93125
5120 1138.15 6279.96 613.087 -2.9304
5130 1086.95 5527 613.453 -2.92945
5140 1153.35 3470.28 613.923 -2.92828
5150 1309.02 2673.35 614.46 -2.92691
5160 1420.06 6362.64 615.055 -2.9257
5170 1407.35 9194.57 615.768 -2.92502
5180 1268.62 13113.4 616.659 -2.92483
5190 1192.13 13115.7 617.791 -2.92485
5200 1241.78 7857.04 619.161 -2.92474
5210 1293.15 2241.18 620.672 -2.92447
5220 1251.04 -825.555 622.218 -2.92412
5230 1192.02 -2494.36 623.735 -2.92372
5240 1171.64 -2975.1 625.189 -2.92318
5250 1203.53 -5222.02 626.566 -2.92245
5260 1254.42 -6224.32 627.827 -2.92161
5270 1258.13 -5839.77 628.952 -2.9208
5280 1145.59 -1579.07 629.957 -2.92008
5290 1047.88 -18.8898 630.915 -2.91932
5300 1113.13 -2942.71 631.854 -2.91825
5310 1251.73 -4589.05 632.729 -2.91686
5320 1357.81 -7047.76 633.5 -2.91545
5330 1388.46 -10006.2 634.121 -2.91432
5340 1432.62 -12725.8 634.532 -2.91363
5350 1487.27 -13389.6 634.685 -2.91348
5360 1457.01 -11926.1 634.568 -2.91396
5370 1294.12 -8499.54 634.218 -2.91479
5380 1110.97 -4891.22 633.704 -2.91548
5390 1008.04 -1713.57 633.103 -2.91569
5400 1021.11 -1984.85 632.474 -2.91537
5410 1116.94 -3862.96 631.817 -2.91462
5420 1271.07 -7374.23 631.093 -2.91362
5430 1374.12 -10525.5 630.236 -2.91272
5440 1333.07 -9806.25 629.193 -2.91219
5450 1296.1 -8228.94 627.976 -2.91192
5460 1371.98 -9357.18 626.615 -2.91182
5470 1494.44 -9021.49 625.099 -2.91205
5480 1610.49 -9301.26 623.433 -2.91294
5490 1634.32 -7174.69 621.625 -2.91474
5500 1479.33 -2372.33 619.718 -2.91713
5510 1237.35 4034.34 617.81 -2.91921
5520 1143.2 6142.86 616.014 -2.92054
5530 1259.88 5251.21 614.37 -2.92145
5540 1447.18 4774.69 612.863 -2.92236
5550 1552.86 6580.74 611.486 -2.9237
5560 1505.73 7143.88 610.261 -2.92555
5570 1370.47 8676.77 609.203 -2.92758
5580 1325.43 10084.5 608.335 -2.92942
5590 1428.99 7892.83 607.671 -2.93123
5600 1520.6 4532.58 607.171 -2.93337
5610 1485.19 2692.96 606.774 -2.9359
5620 1435.9 2226.42 606.442 -2.93851
5630 1481.93 807.804 606.162 -2.94123
5640 1498.71 668.626 605.911 -2.94416
5650 1431.12 3150.71 605.685 -2.94717
5660 1319.92 6993.57 605.531 -2.94991
5670 1211.47 8751.97 605.512 -2.95217
5680 1119.72 11353.4 605.665 -2.95381
5690 1145.34 10005 606.028 -2.95493
5700 1218.36 4969.04 606.572 -2.95566
5710 1273.14 203.598 607.207 -2.95615
5720 1311.65 -2323.03 607.846 -2.95654
5730 1364.23 -4696.21 608.437 -2.95695
5740 1385.04 -2548.94 608.944 -2.95753
5750 1373.22 -666.582 609.4 -2.95832
5760 1300.33 4102.76 609.848 -2.95923
5770 1222.46 6573.12 610.369 -2.96006
5780 1193.65 4792.05 611.005 -2.96068
5790 1140.89 4683.89 611.734 -2.96101
5800 1123.88 4886.71 612.547 -2.96104
5810 1155.2 3531.24 613.444 -2.96077
5820 1221.15 2851.57 614.404 -2.96028
5830 1275.81 1347.88 615.409 -2.9597
5840 1261.22 361.234 616.433 -2.95914
5850 1182.2 1357.29 617.459 -2.95864
5860 1121.95 836.907 618.5 -2.95805
5870 1150.25 -1313.66 619.545 -2.95723
5880 1255.26 -4768.3 620.553 -2.95617
5890 1323.76 -7592.7 621.46 -2.95508
5900 1254.08 -8001.89 622.213 -2.95418
5910 1130.72 -8131.62 622.803 -2.95341
5920 1056.01 -8768.53 623.226 -2.95253
5930 1081.91 -9550.09 623.473 -2.95139
5940 1190.42 -10270.1 623.531 -2.95
5950 1277.24 -10871.7 623.388 -2.94854
5960 1218.46 -7940.8 623.044 -2.94724
5970 1131.67 -4386.93 622.552 -2.9461
5980 1099.84 -1853.99 621.983 -2.94486
5990 1137.62 -400.821 621.392 -2.94345
6000 1131.81 429.064 620.804 -2.94189
6010 1031 4341.88 620.245 -2.94029
6020 948.915 6592.59 619.782 -2.93858
6030 1044.47 3277.84 619.45 -2.93658
6040 1145.04 366.307 619.193 -2.93424
6050 1151.74 458.948 618.957 -2.93186
6060 1111.68 1255.01 618.74 -2.92962
6070 1090.77 552.102 618.552 -2.92746
6080 1097.56 1847 618.387 -2.92528
6090 1258.52 120.974 618.26 -2.923
6100 1386.24 -1944.86 618.14 -2.92075
6110 1413.37 433.42 617.999 -2.91899
6120 1434.65 276.884 617.871 -2.91785
6130 1385.67 -352.803 617.753 -2.91729
6140 1179.06 5672.27 617.649 -2.91704
6150 1153.34 6538.03 617.653 -2.91669
6160 1365.15 1060.83 617.778 -2.91618
6170 1455.51 -1029.06 617.936 -2.91586
6180 1399.74 -1612.33 618.078 -2.91601
6190 1254.09 1096.8 618.199 -2.9164
6200 1147.58 1549.29 618.34 -2.91668
6210 1098.28 287.31 618.512 -2.91666
6220 1101.74 -1333.63 618.692 -2.91628
6230 1229.15 -4092.97 618.844 -2.91561
6240 1335.51 -4041.93 618.925 -2.91484
6250 1406.98 -3351.38 618.932 -2.91429
6260 1398.62 -1499.86 618.881 -2.91412
6270 1289.57 1524.29 618.809 -2.91425
6280 1184.73 3515.33 618.772 -2.91438
6290 1192.81 2678.57 618.804 -2.91432
6300 1331.06 -1685.14 618.887 -2.91412
6310 1491.84 -4815.46 618.945 -2.91408
6320 1577.43 -5586.86 618.917 -2.91463
6330 1561.02 -4324.65 618.789 -2.91597
6340 1434.65 635.793 618.592 -2.91782
6350 1255.42 6434.77 618.417 -2.91961
6360 1155.51 7512.61 618.368 -2.92096
6370 1135.23 7086.59 618.47 -2.92185
6380 1176.25 5357.11 618.711 -2.92237
6390 1265.98 2015.6 619.057 -2.92264
6400 1303.33 1711.1 619.449 -2.92283
6410 1268.33 3661.17 619.878 -2.92306
6420 1264.5 3754.71 620.376 -2.92327
6430 1329.38 3175.92 620.946 -2.92344
6440 1457.76 830.874 621.573 -2.92379
6450 1449.97 336.939 622.217 -2.92452
6460 1280.01 2946.74 622.872 -2.9255
6470 1148.38 4601.45 623.579 -2.92632
6480 1100.87 7125.95 624.376 -2.92678
6490 1144.44 7138.93 625.305 -2.9269
6500 1241.34 4852.28 626.367 -2.92675
6510 1314.02 2530.86 627.519 -2.92649
6520 1286.22 921.817 628.714 -2.92629
6530 1191.27 417.293 629.921 -2.92612
6540 1136.33 -1523.99 631.124 -2.92579
6550 1194.67 -4865.78 632.282 -2.92518
6560 1298.75 -8514.07 633.331 -2.92437
6570 1360.02 -12706.7 634.195 -2.92362
6580 1333.21 -12817.1 634.8 -2.92314
6590 1307.55 -13599.4 635.137 -2.92291
6600 1351.32 -17480.5 635.186 -2.92289
6610 1419.16 -20093.2 634.882 -2.92318
6620 1477.42 -21203.3 634.176 -2.92402
6630 1496.6 -18816.2 633.058 -2.92548
6640 1472.13 -15227.3 631.581 -2.92743
6650 1386.37 -11694.6 629.824 -2.92961
6660 1275.09 -8024.27 627.866 -2.93161
6670 1229.61 -5746.06 625.785 -2.93322
6680 1246.92 -3620.61 623.631 -2.93448
6690 1224.09 605.471 621.452 -2.93541
6700 1096.21 8841.27 619.338 -2.93576
6710 1010.08 13326.9 617.435 -2.9354
6720 1094.99 12338.4 615.821 -2.93461
6730 1146.63 11425 614.479 -2.93354
6740 1185.28 11463.1 613.387 -2.93236
6750 1254.82 8182.59 612.534 -2.93115
6760 1306.17 3165.99 611.854 -2.93007
6770 1328.67 -170.933 611.254 -2.92925
6780 1354.92 -1071.83 610.67 -2.92867
6790 1410.5 -3475.37 610.078 -2.92839
6800 1412.16 -4715.95 609.436 -2.92851
6810 1323 -2566.72 608.728 -2.92893
6820 1225.61 493.827 607.988 -2.92934
6830 1177.76 5040.56 607.278 -2.92954
6840 1187.56 9950.01 606.68 -2.92945
6850 1234.64 11311.9 606.278 -2.92918
6860 1283.28 10652.2 606.096 -2.92889
6870 1331.14 10853 606.126 -2.92868
6880 1415.42 10135 606.363 -2.9287
6890 1465.48 10851.2 606.797 -2.92911
6900 1466.28 10238.2 607.432 -2.93004
6910 1428.52 10046.4 608.26 -2.93137
6920 1378.69 11636.9 609.275 -2.93295
6930 1375.02 11344.6 610.502 -2.93467
6940 1383.24 8543.19 611.931 -2.93646
6950 1279.47 7968.89 613.516 -2.9382
6960 1143.95 8811.93 615.243 -2.93966
6970 1077.91 7277.53 617.121 -2.94062
6980 1177.16 2973.04 619.118 -2.94105
6990 1309.55 -2050.83 621.153 -2.94106
7000 1388.61 -6277.38 623.129 -2.94099
7010 1363.61 -8438.59 624.965 -2.94104
7020 1260.3 -8619.73 626.618 -2.94122
7030 1163.9 -8964.63 628.08 -2.94131
7040 1111.58 -8114.33 629.349 -2.94116
7050 1148.06 -8434.9 630.439 -2.94071
7060 1223.24 -11095.1 631.341 -2.94004
7070 1164.76 -9805.81 632.018 -2.9393
7080 1040.17 -7080.43 632.49 -2.93851
7090 969.925 -5188.06 632.815 -2.93749
7100 1014.29 -7581.42 633.023 -2.93611
7110 1107.14 -11318.7 633.075 -2.93435
7120 1201.13 -16303.8 632.897 -2.9324
7130 1293.39 -20521.6 632.394 -2.93057
7140 1388.59 -22800 631.488 -2.92915
7150 1463.88 -23488 630.14 -2.92842
7160 1404.48 -20453 628.353 -2.92846
7170 1239.69 -12399 626.201 -2.92886
7180 1124.27 -4856.41 623.844 -2.92893
7190 1182.57 -883.155 621.437 -2.92853
7200 1337.16 439.694 619.06 -2.92785
7210 1463.11 591.825 616.741 -2.92733
7220 1469.81 2818.5 614.489 -2.92727
7230 1392.28 5046.59 612.342 -2.92758
7240 1315.98 5889.89 610.337 -2.92806
7250 1247.92 8891.36 608.493 -2.92846
7260 1219.4 9023.4 606.851 -2.92866
7270 1186.41 9396.64 605.417 -2.92872
7280 1114.38 12304.3 604.194 -2.92852
7290 1038.77 17291.3 603.232 -2.92796
7300 1101.57 18194.5 602.607 -2.92707
7310 1311.35 14594.2 602.327 -2.926
7320 1382.86 14960.4 602.335 -2.92508
7330 1327.85 16143.8 602.628 -2.92461
7340 1202.02 16827.9 603.221 -2.92446
7350 1085.27 18903.3 604.126 -2.92436
7360 1096.41 18422.2 605.373 -2.92414
7370 1194.88 14288.4 606.946 -2.92366
7380 1287.1 10253.2 608.774 -2.923
7390 1304.05 6591.81 610.777 -2.92233
7400 1244.24 6793.61 612.894 -2.92182
7410 1210.86 3348.7 615.112 -2.92134
7420 1260.22 -2169.98 617.368 -2.92063
7430 1323.69 -6579.56 619.56 -2.91974
7440 1379.38 -10561.7 621.599 -2.91889
7450 1355.22 -11755.8 623.411 -2.91828
7460 1263.3 -10648.3 624.973 -2.91792
7470 1323.4 -13425.9 626.298 -2.91764
7480 1469.96 -17431.1 627.337 -2.9175
7490 1551.1 -19420.9 628.018 -2.91793
7500 1533.85 -19373.7 628.307 -2.91916
7510 1446.99 -16708.6 628.21 -2.92099
7520 1342.66 -12861.1 627.786 -2.92298
7530 1253.7 -8084.55 627.117 -2.9248
7540 1185.92 -5367.76 626.299 -2.9262
7550 1183.98 -5636.94 625.388 -2.92721
7560 1212.71 -4582.43 624.389 -2.92791
7570 1231.93 -4465.11 623.32 -2.92839
7580 1238.25 -5008.63 622.186 -2.92873
7590 1242.08 -4332.54 620.98 -2.92898
7600 1232.1 -1370.18 619.721 -2.92906
7610 1264.16 -2108.45 618.456 -2.92904
7620 1280.76 -2792.41 617.179 -2.92902
7630 1231.71 -1034.29 615.881 -2.92899
7640 1196.82 162.875 614.591 -2.92884
7650 1240.04 228.784 613.331 -2.92854
7660 1312.47 1183.46 612.105 -2.92819
7670 1351.58 3093.75 610.932 -2.92791
7680 1337.89 4866.96 609.844 -2.92781
7690 1302.19 7077.54 608.875 -2.9278
7700 1379.35 8201.07 608.062 -2.92792
7710 1368.79 10129.8 607.424 -2.92822
7720 1310.05 12379.8 606.994 -2.92869
7730 1340.6 13843.3 606.811 -2.92924
7740 1413.24 15018.7 606.895 -2.92999
7750 1420.2 16215.8 607.269 -2.93109
7760 1339.38 15265.3 607.943 -2.93248
7770 1155.31 21598.6 608.918 -2.93388
7780 1069.77 23556.2 610.285 -2.93507
7790 1152.51 20041.2 612.079 -2.93597
7800 1170.3 19506.1 614.246 -2.93662
7810 1175.78 17914.6 616.766 -2.93719
7820 1266.18 11888.9 619.601 -2.93751
7830 1210.62 9735.54 622.65 -2.93761
7840 1149.63 6663.54 625.86 -2.93757
7850 1179.9 919.287 629.164 -2.9371
7860 1224.99 -4019.07 632.454 -2.93616
7870 1208.26 -8656.87 635.625 -2.9349
7880 1106.18 -10024.9 638.588 -2.93347
7890 1019.95 -12014.4 641.305 -2.93189
7900 1013.09 -15500 643.73 -2.92995
7910 1025.3 -16640.7 645.802 -2.9277
7920 1054.33 -19428.2 647.486 -2.92524
7930 1031.9 -21528.2 648.733 -2.92268
7940 1023.57 -22643.7 649.502 -2.92019
7950 1057.14 -22805.4 649.776 -2.91773
7960 1102.13 -21164.6 649.559 -2.91534
7970 1151.78 -19523.2 648.896 -2.91306
7980 1241.85 -19534.2 647.827 -2.91095
7990 1245.61 -17000.7 646.369 -2.90915
8000 1125.72 -10221.7 644.593 -2.90765
8010 1093.56 -6432.75 642.635 -2.90616
8020 1223.91 -3784.6 640.586 -2.90442
8030 1426.13 -5334.32 638.498 -2.90263
8040 1490.98 -6680.62 636.351 -2.9014
8050 1377.07 -5602.19 634.121 -2.90093
8060 1236.49 -3226.08 631.833 -2.90079
8070 1176.7 -572.121 629.534 -2.90054
8080 1174.53 729.245 627.277 -2.90005
8090 1261.24 -1175.12 625.081 -2.89943
8100 1373.98 478.401 622.923 -2.89884
8110 1511.5 1123.22 620.823 -2.89852
8120 1558.67 2188.39 618.799 -2.89881
8130 1473.61 4223.59 616.869 -2.89976
8140 1267.09 9068.56 615.074 -2.9008
8150 1126.19 13590.8 613.497 -2.90139
8160 1211.33 12384.5 612.209 -2.90158
8170 1402.01 10008.6 611.186 -2.90178
8180 1490.46 11635.8 610.388 -2.90231
8190 1431.22 14603.9 609.836 -2.90333
8200 1328.87 18065.7 609.58 -2.90452
8210 1482.06 13630.9 609.663 -2.90591
8220 1604.21 8195.66 610.008 -2.90788
8230 1530.42 8009.27 610.52 -2.9105
8240 1382.62 7379.41 611.181 -2.91324
8250 1333.55 5618.6 611.975 -2.91576
8260 1307.16 5505.74 612.873 -2.91803
8270 1257.06 6788.08 613.869 -2.92001
8280 1215.83 7907.67 614.986 -2.92167
8290 1190.29 9234.96 616.243 -2.92299
8300 1183.57 11462.2 617.666 -2.92406
8310 1130.69 16383.3 619.302 -2.92494
8320 1071.8 19334.6 621.238 -2.92571
8330 1120.04 14857.3 623.519 -2.92618
8340 1199.06 9141.12 626.068 -2.92615
8350 1326.44 1667.77 628.766 -2.92573
8360 1360.31 -3355.45 631.472 -2.9251
8370 1349.02 -7154.32 634.078 -2.92455
8380 1366.25 -9824.2 636.507 -2.92407
8390 1399.12 -11947.4 638.702 -2.92381
8400 1370.07 -13397.1 640.622 -2.92379
8410 1262.45 -12562.9 642.24 -2.92396
8420 1137.49 -11967.1 643.572 -2.92407
8430 1073.21 -12966.7 644.63 -2.92389
8440 1141.61 -16513 645.395 -2.92336
8450 1250.39 -19481.4 645.8 -2.92265
8460 1291.66 -19723 645.793 -2.92204
8470 1235.25 -17397.2 645.374 -2.92169
8480 1129.42 -11401.2 644.607 -2.92137
8490 1166.88 -8880.39 643.611 -2.92087
8500 1271.94 -9505.17 642.445 -2.9202
8510 1297.16 -9175.95 641.111 -2.91961
8520 1277.91 -9982.74 639.613 -2.91921
8530 1289.16 -11806.9 637.941 -2.919
8540 1295.9 -12942.2 636.065 -2.91899
8550 1262.02 -12665.6 633.969 -2.91915
8560 1203.75 -10712.3 631.666 -2.91934
8570 1137.42 -7228.91 629.204 -2.91933
8580 1089.34 -2942.77 626.656 -2.91895
8590 1096.45 -97.7023 624.107 -2.91811
8600 1159.76 774.427 621.614 -2.91693
8610 1178.37 1926.79 619.198 -2.91558
8620 1117.45 8048.32 616.888 -2.91403
8630 1133.97 11040.9 614.784 -2.91221
8640 1275.97 11319.1 612.938 -2.91024
8650 1407.81 13089.9 611.358 -2.90834
8660 1451.3 13729.3 610.065 -2.90692
8670 1425.01 13966.6 609.064 -2.90615
8680 1449.37 15389.7 608.357 -2.90595
8690 1478.84 13808 607.955 -2.90628
8700 1473.26 12797.9 607.828 -2.9072
8710 1442.44 14496.8 607.957 -2.90853
8720 1541.65 12377.6 608.356 -2.91032
8730 1554.51 13850.8 608.997 -2.91271
8740 1435.49 17330.1 609.898 -2.91557
8750 1228.89 21115.6 611.122 -2.91836
8760 1082.01 21643.8 612.73 -2.92069
8770 1052.61 20733.1 614.732 -2.92245
8780 1089.27 19764.3 617.111 -2.9238
8790 1114.77 17616.1 619.846 -2.92478
8800 1201.61 11290.4 622.887 -2.92532
8810 1403.2 696.052 626.108 -2.92525
8820 1560.35 -7008.54 629.31 -2.92493
8830 1577.76 -10842.3 632.338 -2.92508
8840 1399.34 -10789 635.113 -2.9258
8850 1175.28 -10973.1 637.628 -2.92653
8860 1062.13 -11572.5 639.88 -2.92679
8870 1124.83 -14084.6 641.854 -2.92656
8880 1229.87 -16099.3 643.506 -2.92601
8890 1232.75 -16982.2 644.794 -2.92539
8900 1151.92 -14497.5 645.711 -2.92482
8910 1149.54 -14848.1 646.301 -2.9242
8920 1175.24 -15239.3 646.57 -2.92345
8930 1190.69 -17245.6 646.508 -2.92266
8940 1180.06 -18706.7 646.086 -2.92192
8950 1126.05 -18573.4 645.282 -2.92124
8960 1104.83 -18893.2 644.103 -2.92058
8970 1141.57 -18834.3 642.554 -2.91985
8980 1246.9 -19102 640.645 -2.91909
8990 1408.75 -19577.3 638.383 -2.91851
9000 1464.74 -15422.5 635.779 -2.91837
9010 1350.62 -8441.76 632.928 -2.91859
9020 1188.53 -236.343 629.982 -2.91862
9030 1173.96 3220.94 627.095 -2.91823
9040 1277.1 4270.52 624.343 -2.91755
9050 1406.68 2395.8 621.741 -2.91693
9060 1569.06 93.6125 619.254 -2.91683
9070 1641.19 -1927.15 616.833 -2.91769
9080 1561.54 1852.19 614.448 -2.91942
9090 1405.06 7425.7 612.165 -2.9213
9100 1292.86 7342.91 610.072 -2.92297
9110 1226.45 9707.81 608.178 -2.92431
9120 1212.46 13240.6 606.516 -2.9252
9130 1226.84 14702 605.142 -2.92579
9140 1205.62 16222 604.077 -2.92619
9150 1141.68 18534.3 603.344 -2.92637
9160 1119.36 21025.5 602.977 -2.92633
9170 1174.91 18643 603.003 -2.92611
9180 1242.58 14837.7 603.379 -2.92582
9190 1231.42 13532.8 604.032 -2.92554
9200 1138.46 16742.3 604.94 -2.9253
9210 1220.93 14082 606.14 -2.92502
9220 1330.26 8544.93 607.583 -2.92458
9230 1266.3 10255 609.183 -2.92428
9240 1182.47 10311.4 610.953 -2.92416
9250 1248.27 7008.54 612.891 -2.92392
9260 1329.46 3845.07 614.939 -2.92354
9270 1361.37 515.524 617.034 -2.92322
9280 1382.23 -2743.28 619.112 -2.92301
9290 1488.39 -7317.97 621.105 -2.923
9300 1598.39 -11026.8 622.929 -2.92344
9310 1623.55 -10208.1 624.519 -2.92474
9320 1496.5 -6138.2 625.889 -2.92684
9330 1217.66 -335.457 627.123 -2.92899
9340 984.638 4945.49 628.334 -2.93049
9350 1000.14 5236.39 629.619 -2.93126
9360 1215.89 -487.375 630.983 -2.93144
9370 1349.35 -6417.92 632.318 -2.9313
9380 1319.77 -8675.99 633.511 -2.93121
9390 1234.29 -8899.11 634.514 -2.9312
9400 1195.9 -7820.56 635.325 -2.93113
9410 1266.69 -9073.88 635.961 -2.93093
9420 1381.89 -11880.9 636.399 -2.93076
9430 1412.39 -11599.4 636.596 -2.93088
9440 1336.59 -10614.3 636.556 -2.93134
9450 1202.85 -9812.36 636.302 -2.93187
9460 1094.5 -7245.49 635.858 -2.93218
9470 1092.92 -6295.13 635.275 -2.93211
9480 1169.06 -7119.29 634.575 -2.93171
9490 1207.75 -6378.85 633.75 -2.93113
9500 1222.02 -5963.32 632.815 -2.93047
9510 1239.42 -6557.58 631.778 -2.92982
9520 1242.33 -4342.93 630.641 -2.92916
9530 1251.34 -3394.57 629.439 -2.92851
9540 1272.92 -1142.39 628.201 -2.92786
9550 1325.3 1728.59 626.971 -2.92724
9560 1314.03 4562.63 625.805 -2.92673
9570 1234.96 9398.68 624.764 -2.92628
9580 1185.69 12116.8 623.931 -2.92578
9590 1184.82 11700.3 623.355 -2.92519
9600 1186.81 13941.8 623.034 -2.92452
9610 1193.59 11685.8 622.991 -2.92379
9620 1243.27 6160.16 623.179 -2.92304
9630 1286.91 3992.39 623.5 -2.92226
9640 1443.99 -2876.37 623.889 -2.92162
9650 1479.19 -4123.02 624.232 -2.92139
9660 1325.31 -699.866 624.501 -2.92167
9670 1127.7 4657.13 624.761 -2.922
9680 1127.74 4394.27 625.104 -2.92203
9690 1317.74 -428.654 625.525 -2.92178
9700 1431.99 -4229.33 625.939 -2.92158
9710 1373.06 -5279.25 626.272 -2.92174
9720 1208.04 -1589.24 626.507 -2.92207
9730 1106.15 2595.78 626.714 -2.92222
9740 1116.51 2622.92 626.966 -2.92205
9750 1131.95 1327.35 627.269 -2.92155
9760 1155.32 568.792 627.601 -2.92082
9770 1262.5 -3184.08 627.937 -2.9199
9780 1383.66 -5197.13 628.213 -2.91898
9790 1456.2 -5161.81 628.388 -2.91842
9800 1371.01 -611.914 628.47 -2.91836
9810 1157.5 3896.41 628.545 -2.91849
9820 1030.99 4050 628.694 -2.9184
9830 1057.59 2517.81 628.925 -2.91789
9840 1192.47 -120.875 629.205 -2.917
9850 1267.74 -2136.14 629.485 -2.91593
9860 1211.65 -2722.24 629.725 -2.91493
9870 1089.56 -2808.32 629.912 -2.91399
9880 999.814 -1750.99 630.045 -2.91291
9890 999.741 -1328.8 630.144 -2.91155
9900 1075.97 -3551.33 630.213 -2.90982
9910 1164.14 -4443.13 630.218 -2.90781
9920 1265.64 -8079.36 630.131 -2.90572
9930 1278.54 -9421.84 629.89 -2.90382
9940 1211.28 -5165.27 629.478 -2.90224
9950 1205.39 -2314.08 628.972 -2.9008
9960 1326.15 -4455.23 628.422 -2.89941
9970 1455.19 -5442.62 627.801 -2.89824
9980 1555.04 -7304.03 627.083 -2.89768
9990 1598.58 -7866.32 626.24 -2.89801
10000 1590.23 -5474.61 625.266 -2.89923
