# Time-averaged data for fix 4
# TimeStep c_mytemp c_mypress v_vmyvol v_avgEtotal
10 1490.53 -8543.56 581.525 -3.0538
20 1431.39 -6557.78 581.272 -3.05454
30 1325.17 -4314.22 580.907 -3.05582
40 1218.89 -799.956 580.474 -3.0572
50 1176.25 1413.16 580.037 -3.05841
60 1212.97 -1072.21 579.629 -3.05948
70 1218.55 276.545 579.22 -3.06051
80 1152.33 2621.06 578.828 -3.06144
90 1036.95 6032.67 578.498 -3.0621
100 961.488 9265.88 578.291 -3.06234
110 1008.58 8536.35 578.255 -3.06218
120 1117.28 7501.54 578.383 -3.06171
130 1190.16 5899.88 578.653 -3.06116
140 1195.31 4330.4 579.034 -3.06069
150 1161.76 3426.42 579.496 -3.06033
160 1130.62 2799.76 580.023 -3.06
170 1162.85 -1163.58 580.593 -3.05962
180 1216.06 -3331.63 581.142 -3.05921
190 1233.72 -4260.36 581.627 -3.05893
200 1199.98 -3908.44 582.034 -3.05881
210 1193.12 -5075.53 582.364 -3.05877
220 1278.67 -8111.41 582.595 -3.05881
230 1355.7 -9212.1 582.679 -3.05913
240 1333.99 -7996.37 582.597 -3.05989
250 1252.32 -5158.73 582.374 -3.06092
260 1195.18 -2355.21 582.062 -3.06196
270 1186.99 -550.317 581.715 -3.06288
280 1212.76 272.132 581.365 -3.06372
290 1226.66 1203.03 581.032 -3.06454
300 1205.12 302.495 580.728 -3.06536
310 1166.91 -575.793 580.44 -3.06612
320 1134.12 187.656 580.153 -3.06674
330 1098.73 1419.56 579.878 -3.06717
340 1036.7 4506.24 579.643 -3.06735
350 998.439 5395.14 579.496 -3.06721
360 1023.52 5370.89 579.455 -3.06677
370 1076.24 4663.3 579.518 -3.06607
380 1128.54 2040.83 579.668 -3.06522
390 1151.23 289.25 579.862 -3.06434
400 1157.16 -1697.77 580.062 -3.06352
410 1156.42 -2650.28 580.234 -3.06275
420 1186.78 -3411.28 580.36 -3.06204
430 1298.14 -5297.46 580.423 -3.06147
440 1350.72 -5235.69 580.396 -3.06123
450 1332.89 -5698.93 580.274 -3.06148
460 1315.01 -5392.22 580.056 -3.06212
470 1348.48 -6954.38 579.74 -3.06308
480 1372.96 -5001.21 579.313 -3.06442
490 1323.07 -2413.78 578.805 -3.06607
500 1200.22 379.131 578.266 -3.06772
510 1096.93 4038.74 577.748 -3.06904
520 1076.24 4752.4 577.313 -3.06994
530 1097.26 4749.96 576.976 -3.07053
540 1089.87 5711.19 576.739 -3.07086
550 1078.48 4334.65 576.61 -3.07097
560 1079.85 4897.93 576.573 -3.07087
570 1131.2 4801.07 576.63 -3.07059
580 1200.86 3611.83 576.777 -3.07026
590 1232.5 2739.21 576.995 -3.07001
600 1212.97 2758.04 577.268 -3.06992
610 1161.25 4316.54 577.596 -3.06994
620 1109.75 5420.43 578.003 -3.06995
630 1084.84 4355.62 578.507 -3.06983
640 1138.1 1411.09 579.088 -3.06953
650 1294.13 -5360.52 579.686 -3.06916
660 1411.34 -9976.7 580.185 -3.06905
670 1384.75 -10342.3 580.503 -3.06957
680 1260.86 -8572.58 580.632 -3.07053
690 1134.67 -5287.08 580.607 -3.0715
700 1102.56 -3704.71 580.485 -3.07223
710 1157.59 -4965.65 580.295 -3.07273
720 1234.16 -6888.47 580.019 -3.07318
730 1258.21 -6869.91 579.627 -3.07374
740 1183.38 -3823.03 579.122 -3.0744
750 1057.19 -73.8222 578.56 -3.0749
760 999.805 1411.09 578.006 -3.07504
770 1056.17 1724.21 577.488 -3.07483
780 1143.85 2131.94 577.016 -3.07439
790 1174.25 1787.35 576.593 -3.07389
800 1131.72 2645.6 576.217 -3.07343
810 1083.71 3715.91 575.9 -3.07296
820 1071.92 4700.76 575.661 -3.07237
830 1089.63 3771.86 575.513 -3.07165
840 1114.12 2837.38 575.441 -3.07083
850 1161.44 2595.88 575.43 -3.06998
860 1245.8 -728.481 575.465 -3.06918
870 1330.82 -2520.9 575.495 -3.06862
880 1392.91 -3150.57 575.485 -3.06853
890 1392.25 -3660.95 575.423 -3.06904
900 1288.19 367.699 575.308 -3.07
910 1153.89 4227.38 575.206 -3.07101
920 1067.11 7731.88 575.189 -3.07177
930 1053.07 8351.85 575.313 -3.07221
940 1069.73 6427.29 575.59 -3.07237
950 1087.84 4885.43 575.988 -3.07228
960 1146.36 2129.25 576.473 -3.07202
970 1217.37 -44.5921 576.997 -3.07171
980 1233.99 -1445.03 577.519 -3.0715
990 1192.7 -952.809 578.016 -3.07143
1000 1159.45 -908.255 578.493 -3.07142
1010 1153.49 -686.383 578.953 -3.07139
1020 1163.13 -642.506 579.398 -3.07132
1030 1171.47 -1449 579.829 -3.07122
1040 1159.22 -2950.19 580.231 -3.07112
1050 1130.31 -3723.56 580.578 -3.07098
1060 1099.41 -2279.09 580.859 -3.07076
1070 1065.99 -442.471 581.1 -3.07043
1080 1024.32 326.403 581.331 -3.06992
1090 1021 -670.339 581.567 -3.0692
1100 1090.09 -2414.02 581.791 -3.06824
1110 1187.37 -4096.52 581.971 -3.06717
1120 1206.22 -5884.6 582.076 -3.06619
1130 1124.83 -5281.22 582.077 -3.06542
1140 1038.67 -3123.95 581.987 -3.06469
1150 1058.78 -2942.93 581.84 -3.06385
1160 1124.47 -3124.75 581.645 -3.06284
1170 1172.69 -3815.63 581.396 -3.06181
1180 1183.7 -3277.09 581.087 -3.06089
1190 1189.38 -1638.5 580.728 -3.06011
1200 1238.14 -935.464 580.347 -3.05946
1210 1321.98 -1840.59 579.956 -3.05904
1220 1363.61 -2927.15 579.543 -3.05906
1230 1329.54 -3700.31 579.087 -3.05956
1240 1300.91 -3730.83 578.575 -3.06038
1250 1348.55 -3538.5 578.008 -3.06147
1260 1398.13 -1070.12 577.393 -3.06293
1270 1327.79 3134.39 576.775 -3.06472
1280 1140.43 7513.57 576.232 -3.06639
1290 993.76 8192.83 575.834 -3.06754
1300 978.177 7588.48 575.595 -3.06813
1310 1095.89 4950.7 575.5 -3.06832
1320 1252 2564.79 575.504 -3.06835
1330 1353.25 682.065 575.56 -3.06859
1340 1287.76 1692.69 575.638 -3.06921
1350 1094.4 5167.91 575.756 -3.06992
1360 939.388 8010.13 575.971 -3.07032
1370 949.163 8769.54 576.332 -3.07027
1380 1091.17 7218.78 576.851 -3.06982
1390 1196.87 4098.4 577.498 -3.06918
1400 1162.21 3295.66 578.223 -3.0686
1410 1051.33 3760.98 579.006 -3.06811
1420 967.124 5383.48 579.857 -3.06752
1430 995.468 3698.84 580.796 -3.06667
1440 1140.9 -1060.53 581.792 -3.06547
1450 1272.56 -5186.93 582.763 -3.06412
1460 1308.9 -7481.47 583.631 -3.06303
1470 1267.93 -7587.79 584.355 -3.06241
1480 1221.14 -6514.92 584.934 -3.06212
1490 1207.56 -6225.24 585.385 -3.06202
1500 1232.82 -7277.87 585.714 -3.06201
1510 1298.83 -10727.4 585.901 -3.06219
1520 1322.4 -13177.7 585.888 -3.06268
1530 1261.84 -11692.4 585.636 -3.06351
1540 1170.5 -8743.84 585.172 -3.06442
1550 1106.98 -7609.42 584.551 -3.06518
1560 1081.02 -5835.16 583.801 -3.06568
1570 1101.43 -2424.1 582.959 -3.06591
1580 1156.01 -725.73 582.086 -3.06592
1590 1171.41 32.7813 581.216 -3.06587
1600 1104.73 3258.08 580.371 -3.06574
1610 1073.05 3651.48 579.599 -3.06548
1620 1066.52 4089.41 578.913 -3.06503
1630 1074.14 4130.85 578.316 -3.06441
1640 1126.48 3565.73 577.81 -3.06366
1650 1255.8 151.378 577.377 -3.06288
1660 1383.15 -2369.44 576.96 -3.06238
1670 1423.08 -1961.22 576.516 -3.06249
1680 1373.95 856.412 576.053 -3.06322
1690 1293.67 3739.84 575.618 -3.06431
1700 1213.25 6693.26 575.264 -3.06548
1710 1164.29 7879.83 575.041 -3.06652
1720 1154.27 6334.89 574.966 -3.0674
1730 1139.81 3703.13 575.013 -3.06813
1740 1100.54 2069.82 575.133 -3.06866
1750 1070.02 2431.91 575.297 -3.06893
1760 1122.1 2479.02 575.508 -3.06898
1770 1214.66 3688.85 575.769 -3.06892
1780 1241.98 4596.25 576.098 -3.06896
1790 1178.09 5525.14 576.514 -3.06914
1800 1150.21 4392.77 577.028 -3.06933
1810 1180.52 2526.7 577.621 -3.06945
1820 1194.33 1074.45 578.258 -3.06955
1830 1173.13 -248.234 578.912 -3.06966
1840 1148.38 -682.791 579.559 -3.06973
1850 1158.11 83.5613 580.193 -3.06975
1860 1197.97 -1380.53 580.82 -3.06973
1870 1218.61 -2138.22 581.421 -3.06975
1880 1192.02 -2920.05 581.977 -3.06985
1890 1137.48 -2805.93 582.479 -3.06996
1900 1118.85 -2166.55 582.926 -3.06997
1910 1147.42 -1415.51 583.332 -3.06988
1920 1185.77 -3236.08 583.705 -3.06974
1930 1156.28 -4438.92 584.019 -3.06961
1940 1052.27 -3126.14 584.253 -3.06945
1950 963.286 -233.045 584.432 -3.06909
1960 930.848 1394.87 584.606 -3.06841
1970 983.342 767.124 584.805 -3.06738
1980 1090.68 -880.179 585.018 -3.06603
1990 1183.74 -2077.44 585.217 -3.06455
2000 1204.88 -3978.32 585.377 -3.0632
2010 1191.58 -5541.45 585.465 -3.0621
2020 1189.57 -5021.36 585.455 -3.06121
2030 1206.51 -3679.17 585.356 -3.06049
2040 1210.49 -2365.57 585.193 -3.05993
2050 1211.02 -2771.91 584.99 -3.05955
2060 1162.87 -1773.28 584.745 -3.05928
2070 1100.11 -765.433 584.474 -3.05903
2080 1086.94 467.66 584.199 -3.05866
2090 1142.11 223.084 583.938 -3.05816
2100 1213.39 -1855.29 583.688 -3.05764
2110 1243.69 -4115.98 583.41 -3.05726
2120 1263.05 -4831.74 583.067 -3.05711
2130 1264.77 -4151.74 582.645 -3.05721
2140 1204.5 -2215.02 582.158 -3.0575
2150 1105.86 891.388 581.644 -3.05776
2160 1062.16 2363.47 581.157 -3.05781
2170 1095.43 992.762 580.721 -3.05764
2180 1166.75 -662.824 580.315 -3.05732
2190 1244.05 -1889.91 579.908 -3.05702
2200 1308.85 -3138.05 579.476 -3.05694
2210 1300.47 -515.424 579.005 -3.05719
2220 1229.94 2285.92 578.536 -3.05767
2230 1161.3 4511.93 578.122 -3.05817
2240 1154.93 6023.43 577.801 -3.05856
2250 1206.13 5818.05 577.599 -3.05888
2260 1274.52 3453.57 577.509 -3.05927
2270 1305.76 2414.35 577.493 -3.05988
2280 1257.55 1150.79 577.526 -3.06072
2290 1139.78 2698.15 577.591 -3.06157
2300 1070.75 3699.39 577.709 -3.06218
2310 1132.2 1327.17 577.892 -3.06251
2320 1269.75 513.697 578.106 -3.06275
2330 1388.24 934.388 578.333 -3.06323
2340 1384.68 2451.87 578.582 -3.06423
2350 1240.4 5759.45 578.882 -3.06556
2360 1060.9 9214.74 579.292 -3.06674
2370 1005 8941.82 579.866 -3.06752
2380 1040.37 6363.42 580.602 -3.06787
2390 1099.45 3060.99 581.451 -3.06789
2400 1142.73 -1597.49 582.349 -3.06768
2410 1159.56 -5256.82 583.212 -3.06735
2420 1144.35 -7587.97 583.972 -3.06698
2430 1095.35 -8105.38 584.586 -3.06657
2440 1048.97 -8201.68 585.043 -3.06607
2450 1083.12 -8033.8 585.343 -3.0654
2460 1214.6 -9242.55 585.488 -3.06463
2470 1286.47 -9123.91 585.462 -3.06401
2480 1230.17 -7415.89 585.271 -3.06372
2490 1124.18 -4571.5 584.949 -3.06362
2500 1084.34 -1549.19 584.55 -3.06344
2510 1114.39 324.671 584.13 -3.06309
2520 1179.35 1247.02 583.725 -3.06263
2530 1233.25 317.712 583.352 -3.06222
2540 1197.25 75.8467 582.998 -3.06197
2550 1176.81 -677.382 582.654 -3.06183
2560 1199.56 -1792.84 582.306 -3.06173
2570 1199.66 -477.045 581.94 -3.0617
2580 1150.88 2901.29 581.578 -3.0617
2590 1041.09 8703.5 581.285 -3.06161
2600 943.036 10760.3 581.158 -3.06128
2610 889.022 11686.7 581.238 -3.06064
2620 919.126 9091.05 581.534 -3.05965
2630 999.267 4961.45 581.999 -3.05826
2640 1087.68 1906.56 582.557 -3.05658
2650 1166.33 -1269.74 583.148 -3.0548
2660 1224.87 -4147.77 583.713 -3.05312
2670 1283.39 -6981.01 584.197 -3.05171
2680 1351 -8482.92 584.551 -3.05072
2690 1432.53 -12369.2 584.739 -3.05032
2700 1493.87 -14888.1 584.699 -3.05075
2710 1521.39 -14337.5 584.387 -3.05215
2720 1482.59 -11780.9 583.818 -3.05442
2730 1374.48 -8845.86 583.04 -3.05715
2740 1247.8 -4660.17 582.117 -3.0598
2750 1171.68 -2180.64 581.122 -3.06204
2760 1093.01 79.6851 580.106 -3.06381
2770 991.68 3380.75 579.115 -3.06493
2780 1053.25 3304.29 578.202 -3.06551
2790 1225.14 1494.43 577.364 -3.06585
2800 1291.75 2954.91 576.579 -3.06629
2810 1194.56 6384.22 575.869 -3.06687
2820 1026.26 10103.2 575.293 -3.06726
2830 1014.33 7488.83 574.906 -3.06733
2840 1120.03 2739.13 574.663 -3.06711
2850 1234.61 -624.131 574.481 -3.06681
2860 1284.65 -761.802 574.301 -3.06667
2870 1285.47 493.121 574.117 -3.0668
2880 1301.27 1362.73 573.949 -3.0672
2890 1338.08 2930.92 573.816 -3.0679
2900 1339.78 4318.02 573.743 -3.06894
2910 1262.3 4673.95 573.755 -3.07022
2920 1113.3 6437.32 573.859 -3.07142
2930 1018.71 7831.72 574.085 -3.07224
2940 1091.25 3980.71 574.446 -3.07268
2950 1240.98 1109.24 574.883 -3.07291
2960 1332.86 -192.663 575.341 -3.07328
2970 1274.76 450.911 575.799 -3.07396
2980 1091.56 2853.32 576.267 -3.07471
2990 915.202 5623.34 576.787 -3.07513
3000 895.137 6489.92 577.406 -3.07506
3010 1063.07 3098.1 578.133 -3.07449
3020 1233.36 -525.815 578.914 -3.07362
3030 1238.95 -3028.09 579.681 -3.07285
3040 1108.08 -2373.24 580.392 -3.0723
3050 1016.21 111.599 581.058 -3.07177
3060 1096.5 -1778.6 581.714 -3.07104
3070 1279.1 -7647.88 582.326 -3.07012
3080 1423.34 -13656.6 582.791 -3.06945
3090 1480.72 -15811.4 583.004 -3.06953
3100 1428.05 -12147.7 582.93 -3.07053
3110 1241.9 -5735.03 582.64 -3.07198
3120 983.258 483.808 582.25 -3.07314
3130 821.031 5144.88 581.877 -3.07358
3140 867.128 4865.36 581.601 -3.07338
3150 1030.71 2035.02 581.421 -3.07263
3160 1148.36 -436.837 581.287 -3.07159
3170 1165.36 -1845.65 581.154 -3.07054
3180 1170.61 -3451.85 580.992 -3.06962
3190 1198.32 -4411.8 580.773 -3.06883
3200 1177.67 -1740.82 580.487 -3.06818
3210 1145.06 -309.287 580.174 -3.06762
3220 1113.04 666.309 579.865 -3.06708
3230 1114.11 517.014 579.576 -3.06649
3240 1145.73 -1026.52 579.303 -3.06585
3250 1176.92 -1424.16 579.022 -3.06521
3260 1216.86 -1606.27 578.724 -3.06466
3270 1288.94 -3119.45 578.403 -3.06428
3280 1376.45 -3607.55 578.036 -3.06425
3290 1402.93 -2634.34 577.616 -3.06477
3300 1307.31 607.019 577.162 -3.06577
3310 1160.89 3366.65 576.731 -3.06683
3320 1095.23 6041.96 576.374 -3.06762
3330 1141.98 7147.75 576.136 -3.06817
3340 1149.86 8698.17 576.039 -3.06859
3350 1046.02 10986.9 576.109 -3.06887
3360 1036.02 10891 576.383 -3.0689
3370 1204.9 4544.54 576.848 -3.06869
3380 1379.72 -2089.83 577.397 -3.0685
3390 1475 -7171.74 577.908 -3.06883
3400 1472.04 -10546.5 578.287 -3.06995
3410 1364.8 -8960.06 578.479 -3.0717
3420 1197.13 -5871.11 578.51 -3.07354
3430 1053.25 -1739.2 578.439 -3.07499
3440 998.04 30.3872 578.336 -3.0759
3450 1002.79 3107.35 578.242 -3.07632
3460 1076.42 3813.64 578.208 -3.07636
3470 1191.87 1201.14 578.245 -3.07619
3480 1257.64 -2029.16 578.307 -3.07607
3490 1194.77 -3214.75 578.34 -3.07612
3500 1076.77 -656.205 578.324 -3.07619
3510 1081.79 -951.962 578.295 -3.07608
3520 1172.29 -3836.69 578.249 -3.07579
3530 1206.92 -3384.53 578.143 -3.07551
3540 1199.64 -2327.26 577.982 -3.07532
3550 1223.6 -1874.73 577.784 -3.07523
3560 1236.61 260.408 577.563 -3.07527
3570 1277.54 -1161.25 577.349 -3.07545
3580 1350.25 -5868.6 577.116 -3.07593
3590 1365.96 -6554.39 576.79 -3.07683
3600 1327.42 -4021.93 576.359 -3.0781
3610 1249.91 -214.423 575.868 -3.07952
3620 1141.75 3094 575.384 -3.0808
3630 1023.96 5799.01 574.968 -3.0817
3640 934.741 7845.28 574.669 -3.08209
3650 963.838 7213.11 574.517 -3.08201
3660 1082.78 6017.9 574.503 -3.08154
3670 1163.86 6187.5 574.607 -3.08091
3680 1116.98 7463.64 574.83 -3.0803
3690 974.481 10065.2 575.194 -3.07973
3700 849.807 12494 575.743 -3.07902
3710 845.343 12292.2 576.514 -3.07803
3720 926.144 10112.8 577.504 -3.07661
3730 1009.9 6238.37 578.67 -3.07479
3740 1055.82 2068.05 579.943 -3.07271
3750 1054.77 -133.995 581.247 -3.07057
3760 1008.45 834.186 582.543 -3.06853
3770 1003.74 -592.94 583.839 -3.06654
3780 1071.19 -2184.04 585.113 -3.06444
3790 1191.29 -5692.3 586.331 -3.06223
3800 1326.44 -10458.9 587.428 -3.06011
3810 1423.86 -14533.8 588.318 -3.0585
3820 1442.13 -17263.7 588.923 -3.05775
3830 1370.63 -17038.8 589.199 -3.05789
3840 1260.36 -14276.3 589.152 -3.05858
3850 1173.37 -10498.7 588.838 -3.05938
3860 1171.41 -9478.49 588.326 -3.06011
3870 1220.08 -9329.79 587.644 -3.06079
3880 1244.72 -8399.96 586.8 -3.06154
3890 1178.45 -5720.37 585.817 -3.06233
3900 1038.3 -1712.69 584.747 -3.06291
3910 923.673 2328.68 583.668 -3.06301
3920 939.681 2544.56 582.647 -3.06262
3930 1016.2 2185.67 581.695 -3.06182
3940 1052 2705.27 580.804 -3.06076
3950 1007.4 4479.98 579.984 -3.05954
3960 984.177 6062.73 579.266 -3.05819
3970 1076.93 5725 578.673 -3.05662
3980 1266.61 3503.55 578.197 -3.05493
3990 1417.44 621.744 577.797 -3.05351
4000 1450.01 334.621 577.426 -3.05286
4010 1417.35 1986.66 577.075 -3.05305
4020 1383 2698.09 576.771 -3.05388
4030 1339.86 3901.01 576.528 -3.05513
4040 1260.02 6250.51 576.369 -3.05657
4050 1160.38 9109.56 576.333 -3.05793
4060 1041.22 12933.6 576.473 -3.059
4070 925.99 13534.1 576.848 -3.05963
4080 865.009 14013.7 577.475 -3.05979
4090 909.153 12935.8 578.354 -3.05949
4100 1017.72 9255.58 579.463 -3.05874
4110 1141.32 2342.97 580.728 -3.05759
4120 1260.42 -3088.09 582.031 -3.05627
4130 1391.31 -8705.13 583.264 -3.05513
4140 1449.81 -11181.7 584.328 -3.05457
4150 1367.49 -10236.4 585.177 -3.05481
4160 1220.72 -7082.24 585.83 -3.0555
4170 1168.26 -6621.59 586.339 -3.0562
4180 1205.56 -7882.04 586.717 -3.05682
4190 1241.78 -8191.39 586.945 -3.05746
4200 1214.15 -6717.33 587.022 -3.05817
4210 1154.31 -5150.65 586.975 -3.05886
4220 1142.33 -5681.05 586.831 -3.05941
4230 1211.04 -7228.98 586.583 -3.05986
4240 1296.77 -8724.83 586.207 -3.06041
4250 1328.86 -11336.5 585.673 -3.06127
4260 1242.53 -9977.44 584.944 -3.06242
4270 1071.9 -4934.93 584.048 -3.06345
4280 945.136 -1112.14 583.075 -3.06398
4290 981.391 -1037.83 582.095 -3.06397
4300 1228.94 -5344.64 581.109 -3.06365
4310 1440.47 -9094.35 580.044 -3.06356
4320 1451.94 -7844.86 578.842 -3.06421
4330 1355.45 -4935.48 577.522 -3.06549
4340 1265.05 -153.353 576.142 -3.06692
4350 1231.58 3610.35 574.786 -3.06823
4360 1224.58 6532.09 573.523 -3.0694
4370 1199.67 8438.21 572.405 -3.07046
4380 1126.84 11310.2 571.465 -3.07135
4390 1023.44 14116.5 570.75 -3.07191
4400 963.077 15284.6 570.304 -3.07206
4410 1069.46 11729.3 570.138 -3.07188
4420 1275.02 5720.67 570.187 -3.07154
4430 1411.55 2211.08 570.347 -3.07147
4440 1397.18 4003.62 570.561 -3.07202
4450 1278.33 7937.29 570.852 -3.07306
4460 1137.88 11123.3 571.288 -3.07415
4470 1089.6 9487.84 571.916 -3.07503
4480 1108.65 7810.33 572.714 -3.07563
4490 1145.38 5560.57 573.647 -3.07603
4500 1141.95 4897 574.678 -3.0763
4510 1158.12 2485.04 575.788 -3.07646
4520 1223.84 -2349.13 576.93 -3.0765
4530 1280.51 -5991.34 578.021 -3.07656
4540 1349.89 -8646.88 578.993 -3.07686
4550 1382.26 -11049.8 579.797 -3.07756
4560 1316.96 -10498.3 580.395 -3.07869
4570 1204.8 -7336.04 580.797 -3.07996
4580 1141.87 -5435.45 581.06 -3.08109
4590 1124.86 -6977.31 581.215 -3.08199
4600 1065.67 -6391.68 581.246 -3.08262
4610 1032.84 -6461.33 581.16 -3.08292
4620 1099.59 -7553.36 580.956 -3.08295
4630 1151.89 -7642.4 580.621 -3.08281
4640 1157.89 -7515.12 580.153 -3.08266
4650 1149.14 -6303.58 579.558 -3.08249
4660 1199.57 -7497.15 578.856 -3.08233
4670 1311.26 -8791.77 578.03 -3.08231
4680 1384.6 -6947.24 577.065 -3.08268
4690 1335.62 -2255.03 575.998 -3.0835
4700 1165.38 5008.28 574.916 -3.0844
4710 997.813 10781.7 573.947 -3.08492
4720 966.604 11931.8 573.189 -3.08495
4730 1077.96 8948.88 572.657 -3.08464
4740 1185.69 5624.23 572.301 -3.08419
4750 1150.23 5446.27 572.063 -3.08378
4760 981.883 9214.75 571.938 -3.08339
4770 800.639 15226.5 571.991 -3.0828
4780 746.48 17364.1 572.317 -3.08191
4790 876.628 14164.3 572.95 -3.08055
4800 1126.58 6855.16 573.831 -3.07851
4810 1347.97 -705.456 574.83 -3.07609
4820 1446.16 -4760 575.815 -3.07409
4830 1426.9 -4950.53 576.711 -3.07302
4840 1374.26 -3468.7 577.512 -3.07283
4850 1346.99 -3431.62 578.241 -3.07322
4860 1333.4 -4549.33 578.902 -3.074
4870 1280.15 -6216.52 579.472 -3.07504
4880 1168.03 -6115.09 579.927 -3.0761
4890 1054.39 -4137.8 580.27 -3.07691
4900 1022.76 -2476.15 580.534 -3.07734
4910 1081.49 -657.478 580.753 -3.07744
4920 1138.59 -850.637 580.958 -3.07733
4930 1097.39 -422.031 581.15 -3.07713
4940 944.115 3260.81 581.341 -3.07679
4950 821.732 6523.33 581.596 -3.07616
4960 939.997 1637.45 581.958 -3.07509
4970 1164.2 -5834.21 582.347 -3.07344
4980 1380.08 -13307.6 582.625 -3.07168
4990 1512.05 -16451.1 582.661 -3.07056
5000 1498.67 -14345.3 582.4 -3.07059
5010 1355.36 -8837.14 581.885 -3.07153
5020 1183.04 -4517.92 581.216 -3.07268
5030 1092.46 -2277.42 580.474 -3.07358
5040 1127.05 -2566.73 579.701 -3.07419
5050 1226.43 -2372.99 578.899 -3.07466
5060 1271.88 -1904.85 578.071 -3.07521
5070 1188.79 -448.756 577.228 -3.07588
5080 1000.3 6063.08 576.403 -3.07634
5090 869.406 9923.61 575.703 -3.07627
5100 915.177 9280.24 575.193 -3.07572
5110 1026.03 8442.52 574.866 -3.07474
5120 1091.55 6557.35 574.701 -3.07351
5130 1098.44 6199.48 574.667 -3.07224
5140 1112.87 5310.48 574.75 -3.07099
5150 1161.33 4782.03 574.935 -3.06977
5160 1225.48 3415.33 575.208 -3.06864
5170 1288.54 2297.91 575.547 -3.06774
5180 1377.69 -277.629 575.926 -3.06723
5190 1404.98 -1839.42 576.303 -3.06729
5200 1334.08 -2758.75 576.647 -3.06792
5210 1231.45 -974.591 576.946 -3.06881
5220 1218.59 -729.5 577.225 -3.06971
5230 1299.14 -2516.2 577.488 -3.07066
5240 1332.84 -1895.71 577.711 -3.07183
5250 1210.15 1266.47 577.905 -3.07317
5260 961.205 6554.98 578.129 -3.07422
5270 780.483 8914.22 578.471 -3.07463
5280 837.444 6947.31 578.97 -3.0744
5290 1038.25 1875.67 579.592 -3.07355
5300 1241.19 -4887.86 580.242 -3.07227
5310 1358.5 -8746.75 580.802 -3.07111
5320 1378.06 -10210.8 581.199 -3.07052
5330 1311.73 -10122 581.407 -3.07056
5340 1229.72 -8841.17 581.43 -3.07094
5350 1219.21 -7775.72 581.291 -3.07145
5360 1271.01 -7113.35 581.013 -3.07204
5370 1296.96 -6751.32 580.61 -3.07283
5380 1241.77 -4290.97 580.097 -3.07379
5390 1158.51 -1776.2 579.515 -3.07471
5400 1104.03 938.04 578.915 -3.07541
5410 1093.74 3446.81 578.346 -3.07582
5420 1113.06 3723.27 577.851 -3.076
5430 1100.79 4024.06 577.437 -3.07601
5440 1046.51 6159.02 577.112 -3.07584
5450 1037.05 8400.91 576.91 -3.07544
5460 1125.63 7284.97 576.866 -3.07484
5470 1218.17 5069.03 576.96 -3.07417
5480 1214.88 4155.24 577.154 -3.07366
5490 1123.67 3102.27 577.428 -3.07331
5500 1017.44 1389.95 577.758 -3.07292
5510 952.848 390.389 578.117 -3.0723
5520 994.872 -2256.11 578.478 -3.07137
5530 1134.09 -5041.35 578.796 -3.0701
5540 1294.38 -7099.06 579.022 -3.06877
5550 1344.41 -6305.19 579.123 -3.0678
5560 1281.22 -1767.43 579.117 -3.06738
5570 1214.42 1195.67 579.081 -3.0673
5580 1181.04 2723.57 579.069 -3.06735
5590 1151.67 5156.05 579.117 -3.06739
5600 1155.85 3967.52 579.258 -3.06741
5610 1120.86 2028.51 579.476 -3.06736
5620 1039.34 2102.06 579.736 -3.06719
5630 1006.04 1179.56 580.036 -3.06679
5640 1087.28 -1235.21 580.354 -3.06611
5650 1227.28 -3244.56 580.652 -3.06526
5660 1334.27 -5674.94 580.888 -3.06457
5670 1340.51 -6908.1 581.022 -3.06433
5680 1275.46 -5014.63 581.037 -3.06454
5690 1243.17 -5250.27 580.957 -3.065
5700 1216.47 -4515.03 580.788 -3.06555
5710 1178.7 -3067.99 580.543 -3.06612
5720 1126.9 -1946.21 580.249 -3.0666
5730 1081.89 218.879 579.929 -3.06688
5740 1075.19 1941.91 579.622 -3.06693
5750 1086.01 1908.69 579.358 -3.06674
5760 1123.97 1159.91 579.136 -3.06639
5770 1194.31 636.285 578.945 -3.06597
5780 1312.51 -3355.07 578.767 -3.06565
5790 1420.79 -7009.61 578.535 -3.06575
5800 1446.04 -8098.94 578.187 -3.06654
5810 1382.27 -6544.83 577.703 -3.06797
5820 1231.83 -3258.99 577.114 -3.06962
5830 1080.86 -522.759 576.478 -3.07098
5840 1024.77 1468.91 575.845 -3.07185
5850 1105.79 2057.92 575.252 -3.07229
5860 1263.51 1130.89 574.707 -3.0726
5870 1386.83 934.533 574.198 -3.07314
5880 1390.28 2772.98 573.722 -3.07417
5890 1242.54 6610.59 573.313 -3.07551
5900 1013.88 12013.8 573.039 -3.0766
5910 885.052 13936.4 572.987 -3.07713
5920 919.434 12124.3 573.189 -3.07714
5930 1082.02 6266.4 573.606 -3.07669
5940 1269.88 -84.9209 574.137 -3.076
5950 1397.97 -5630.03 574.666 -3.07549
5960 1435.11 -6890.29 575.097 -3.0756
5970 1364.86 -3023.42 575.41 -3.0764
5980 1216.56 1857.43 575.669 -3.07752
5990 1077.12 6397.37 575.965 -3.0785
6000 1029.5 7202.3 576.373 -3.07913
6010 1054.58 4909.7 576.909 -3.0794
6020 1084.56 1471.88 577.532 -3.07937
6030 1088.08 -862.236 578.18 -3.07911
6040 1079.65 -1355.4 578.811 -3.07867
6050 1093.05 -880.974 579.415 -3.0781
6060 1095.08 -493.792 579.999 -3.07743
6070 1076.86 345.702 580.572 -3.07668
6080 1046.27 565.82 581.148 -3.07584
6090 1047.08 -369.725 581.729 -3.07487
6100 1094.1 -2552.4 582.298 -3.07373
6110 1151.54 -4759.08 582.816 -3.0725
6120 1184.6 -7815.79 583.241 -3.07132
6130 1202.58 -9810.31 583.519 -3.07029
6140 1237.41 -11373.5 583.614 -3.06948
6150 1287.47 -12880.7 583.496 -3.06897
6160 1311.94 -11523 583.147 -3.06885
6170 1280.42 -8092.1 582.595 -3.06911
6180 1211.35 -4364.52 581.904 -3.06957
6190 1169.39 -2128.3 581.144 -3.07001
6200 1172.84 499.475 580.362 -3.07037
6210 1171.33 1953.83 579.604 -3.07064
6220 1121.9 1768.84 578.897 -3.07084
6230 1079.17 1449.79 578.238 -3.07089
6240 1087.42 1448.91 577.621 -3.07074
6250 1125.52 2182.49 577.046 -3.07042
6260 1146.29 4006.81 576.527 -3.07
6270 1148.92 4223.39 576.092 -3.06956
6280 1110.17 5709.3 575.748 -3.06911
6290 1059.95 7161.08 575.519 -3.06859
6300 1059.5 7983.4 575.429 -3.06794
6310 1115.14 6967.43 575.489 -3.06714
6320 1225.84 3132.09 575.677 -3.06629
6330 1376.61 -1846.89 575.923 -3.06561
6340 1472.06 -4197.07 576.141 -3.0655
6350 1484.97 -4249.2 576.29 -3.06624
6360 1441.21 -3686.42 576.364 -3.06777
6370 1303.86 -314.756 576.381 -3.0697
6380 1123.94 3668.79 576.397 -3.07147
6390 981.525 7091.23 576.486 -3.0727
6400 916.982 8472.84 576.705 -3.07333
6410 909.352 8139.61 577.079 -3.07343
6420 956.616 6868.7 577.602 -3.07306
6430 1077.31 2406.18 578.244 -3.07229
6440 1199.36 -1229.88 578.929 -3.07126
6450 1286.96 -3641.02 579.589 -3.07033
6460 1301.07 -4889.56 580.18 -3.06973
6470 1236.43 -3740.66 580.681 -3.0695
6480 1239.95 -4863.11 581.107 -3.06948
6490 1350.31 -8834.73 581.436 -3.06968
6500 1379.39 -9753.47 581.605 -3.0703
6510 1314.26 -7826.9 581.6 -3.07137
6520 1210.91 -5081.19 581.453 -3.0726
6530 1105 -770.873 581.222 -3.07364
6540 1041.6 59.3227 580.978 -3.07433
6550 1036.6 -176.595 580.742 -3.07463
6560 1093.01 -1652.69 580.508 -3.07464
6570 1163.98 -2945.29 580.251 -3.07447
6580 1198.94 -2006.26 579.952 -3.07429
6590 1166.77 2644.66 579.631 -3.07416
6600 1087.8 7613.75 579.369 -3.074
6610 993.36 10042.8 579.253 -3.07369
6620 932.158 11852.7 579.332 -3.07313
6630 1002.21 9031.64 579.625 -3.07226
6640 1145.36 5148.2 580.088 -3.07107
6650 1249.32 1206.67 580.644 -3.06983
6660 1235.96 -689.919 581.225 -3.06882
6670 1186.9 -1895.55 581.791 -3.06811
6680 1171.04 -979.844 582.324 -3.06754
6690 1226.63 -2309.19 582.832 -3.06706
6700 1269.86 -5507 583.292 -3.06673
6710 1232.46 -6855.75 583.65 -3.06663
6720 1158.38 -6834.6 583.881 -3.06668
6730 1080.55 -5786.3 583.986 -3.0667
6740 1030.25 -4525.89 583.984 -3.06653
6750 1041.43 -3946.85 583.901 -3.06611
6760 1103.44 -4845.39 583.744 -3.06547
6770 1147.2 -3415.84 583.509 -3.06473
6780 1162.29 -3798.13 583.213 -3.064
6790 1191.59 -5037.53 582.853 -3.06335
6800 1250.98 -5587.49 582.41 -3.06283
6810 1320.37 -6793.47 581.872 -3.06258
6820 1340.01 -7950.89 581.22 -3.06276
6830 1308.66 -6339.67 580.44 -3.06336
6840 1265.71 -6238.4 579.555 -3.06421
6850 1230.39 -5713.34 578.574 -3.06518
6860 1253.94 -4187.75 577.509 -3.06616
6870 1272.85 -2402.83 576.389 -3.06722
6880 1201.49 3206.93 575.254 -3.06826
6890 1075.42 8868.5 574.202 -3.06901
6900 1018.75 10048.9 573.327 -3.06933
6910 1088.37 7160.32 572.645 -3.06935
6920 1184.33 4976.39 572.112 -3.06922
6930 1269.23 2713.2 571.682 -3.06917
6940 1240.27 3657.08 571.318 -3.06932
6950 1121.68 6220.03 571.032 -3.06957
6960 1070.71 8925.98 570.871 -3.06964
6970 1255.18 4277.29 570.864 -3.06958
6980 1501.71 -414.902 570.941 -3.06977
6990 1594.77 -3067.6 571.019 -3.07091
7000 1490.38 -3284.47 571.051 -3.0731
7010 1280.56 421.642 571.035 -3.07563
7020 1092.85 6900.73 571.037 -3.07773
7030 1001.89 10521.3 571.163 -3.0792
7040 993.3 12074 571.481 -3.08013
7050 1005.71 12043.7 572.015 -3.08064
7060 1035.55 9395.67 572.762 -3.08079
7070 1075.01 5431.25 573.674 -3.08064
7080 1092.7 2087.83 574.679 -3.08023
7090 1089.92 455.729 575.717 -3.07967
7100 1120.17 -1620.67 576.755 -3.07896
7110 1213.99 -3635.35 577.754 -3.07818
7120 1313.59 -5814.78 578.678 -3.07751
7130 1301.63 -6437.01 579.49 -3.07722
7140 1187.56 -4741.84 580.181 -3.07725
7150 1144.91 -3942.32 580.777 -3.07734
7160 1224.88 -6195.98 581.291 -3.07738
7170 1294.95 -8847.73 581.687 -3.07753
7180 1274.27 -10475.8 581.918 -3.07795
7190 1206.89 -10164.7 581.957 -3.07854
7200 1170.36 -8379.22 581.811 -3.07916
7210 1155.04 -6394.84 581.516 -3.0797
7220 1138.92 -6654.3 581.105 -3.08012
7230 1133.01 -5740.34 580.583 -3.08043
7240 1144.77 -5601.17 579.965 -3.08062
7250 1133.84 -3540.99 579.26 -3.08071
7260 1107.12 134.671 578.507 -3.08066
7270 1124.5 1859.05 577.77 -3.08044
7280 1121.79 2692.77 577.081 -3.08012
7290 1091.62 3277.3 576.458 -3.0797
7300 1112.03 2463.07 575.908 -3.07917
7310 1205.27 628.499 575.415 -3.07859
7320 1298.31 -1007.06 574.946 -3.07814
7330 1298.7 -569.02 574.474 -3.07803
7340 1201.25 1352.12 574.007 -3.0782
7350 1092.65 4346.49 573.578 -3.07836
7360 1077.75 5786.32 573.237 -3.07833
7370 1160.01 6135.36 573.011 -3.07812
7380 1238.21 6009.21 572.903 -3.07791
7390 1209.8 5729.37 572.912 -3.07785
7400 1068.59 7175.8 573.032 -3.07787
7410 920.413 10840.9 573.292 -3.0777
7420 973.699 10189.1 573.742 -3.07721
7430 1107.59 7687.87 574.375 -3.07633
7440 1174.19 6984.67 575.148 -3.07534
7450 1170.08 5591.51 576.043 -3.07445
7460 1156.35 4147.42 577.036 -3.07368
7470 1197.89 891.333 578.095 -3.07297
7480 1245.28 -3283.76 579.161 -3.0723
7490 1274.97 -6782.34 580.158 -3.0718
7500 1292.03 -8552.38 581.024 -3.07157
7510 1301.92 -9214.7 581.726 -3.07166
7520 1273.07 -9253.08 582.251 -3.07207
7530 1194.06 -7155.84 582.603 -3.07264
7540 1129.5 -5297.86 582.821 -3.07317
7550 1115.9 -4727.22 582.937 -3.07354
7560 1133.59 -4274.76 582.968 -3.07374
7570 1155.15 -5128.45 582.92 -3.07384
7580 1102.19 -2876.67 582.786 -3.07386
7590 997.064 1409.83 582.608 -3.0737
7600 932.98 4238.11 582.461 -3.07325
7610 940.943 5512.68 582.397 -3.07243
7620 998.182 4958.45 582.44 -3.07126
7630 1037.54 4176.86 582.579 -3.06985
7640 999.162 4126.43 582.801 -3.06834
7650 913.46 5122.52 583.105 -3.0668
7660 887.859 5016.85 583.503 -3.06513
7670 977.982 2856.15 583.991 -3.06316
7680 1119.64 804.758 584.531 -3.06085
7690 1202.29 -518.283 585.085 -3.05851
7700 1181.16 -1234.25 585.629 -3.0565
7710 1144.64 -1689.38 586.147 -3.05485
7720 1145.38 -2176.22 586.63 -3.05342
7730 1155.13 -2812.96 587.071 -3.05212
7740 1131.12 -3544.03 587.455 -3.05096
7750 1094.22 -2436.32 587.776 -3.04989
7760 1103.74 -2536.86 588.047 -3.04884
7770 1181.08 -4383.23 588.268 -3.04776
7780 1280.92 -5394.64 588.408 -3.04679
7790 1312.04 -5291.17 588.45 -3.04617
7800 1244.26 -4501.62 588.396 -3.04596
7810 1153.97 -3256.32 588.262 -3.04596
7820 1109.89 -2303.32 588.072 -3.04592
7830 1121.71 -2953.78 587.842 -3.04577
7840 1142.94 -3171.92 587.565 -3.04551
7850 1150.5 -3767.05 587.236 -3.04523
7860 1133.93 -3448.19 586.845 -3.04492
7870 1117.17 -2540.41 586.4 -3.04457
7880 1129.14 -1465.15 585.919 -3.04415
7890 1168.74 -134.497 585.422 -3.04367
7900 1186.3 800.427 584.934 -3.04321
7910 1154.15 479.502 584.471 -3.04283
7920 1112.97 194.879 584.031 -3.04244
7930 1206.56 -2873.29 583.6 -3.04202
7940 1364.98 -5395.25 583.127 -3.04175
7950 1417.69 -4850.69 582.57 -3.04202
7960 1334.25 -1386.79 581.941 -3.04283
7970 1266.47 1955.55 581.301 -3.04389
7980 1189.79 4869.81 580.712 -3.04494
7990 1072.65 8774.27 580.23 -3.04576
8000 1002.44 10827.8 579.921 -3.0462
8010 1037.51 11107.7 579.821 -3.04628
8020 1143.81 9012.01 579.93 -3.04612
8030 1184.79 8008.48 580.214 -3.0459
8040 1133.37 8818.54 580.651 -3.04575
8050 1033.92 11694.7 581.257 -3.04559
8060 985.403 11119.8 582.074 -3.04529
8070 1012.77 8529.99 583.09 -3.0447
8080 1106.06 6240.99 584.261 -3.04383
8090 1193.16 3217.13 585.54 -3.04282
8100 1194.23 -222.922 586.869 -3.04186
8110 1115.13 -1512.79 588.187 -3.04102
8120 1041.35 -933.166 589.467 -3.04021
8130 1044.43 -350.216 590.719 -3.0393
8140 1095.74 -758.896 591.951 -3.03823
8150 1142.41 -3639.91 593.152 -3.03704
8160 1127.55 -4351.47 594.278 -3.03585
8170 1159.72 -7327.27 595.304 -3.03471
8180 1246.94 -11922.3 596.175 -3.0336
8190 1350.17 -15610.3 596.806 -3.03273
8200 1417.3 -18538.4 597.125 -3.03246
8210 1403.29 -18907.6 597.084 -3.03297
8220 1330.09 -18367.7 596.675 -3.03412
8230 1282.35 -16097.7 595.919 -3.0356
8240 1314.27 -15519.4 594.86 -3.03728
8250 1326.5 -14052.6 593.521 -3.03923
8260 1255.55 -11464 591.936 -3.04129
8270 1140.76 -7484.74 590.165 -3.04312
8280 1105.43 -5138.42 588.283 -3.04448
8290 1186.1 -4916.76 586.336 -3.04555
8300 1252.18 -1861.19 584.342 -3.04653
8310 1231.86 2203.85 582.355 -3.04742
8320 1147.92 6412.98 580.453 -3.04811
8330 1137.2 8453.75 578.706 -3.0485
8340 1251.93 7145.93 577.147 -3.0488
8350 1364.86 6324.8 575.754 -3.04934
8360 1341.84 6893.49 574.51 -3.05031
8370 1204.59 10300.2 573.425 -3.05141
8380 1109.33 14452.6 572.553 -3.05227
8390 1166.95 15127.6 571.957 -3.0529
8400 1282.88 14671.2 571.648 -3.05357
8410 1315.97 14821.8 571.618 -3.05452
8420 1250 14998.2 571.863 -3.05573
8430 1170.72 14857 572.382 -3.05696
8440 1232.33 11188.2 573.164 -3.05813
8450 1348.46 6736.84 574.144 -3.05937
8460 1412.74 3442.3 575.241 -3.06093
8470 1346.62 4210.15 576.4 -3.06289
8480 1167.82 5152.16 577.627 -3.06486
8490 1018.9 4251.55 578.936 -3.06635
8500 1034.28 1040.11 580.307 -3.06724
8510 1185.61 -5272.65 581.68 -3.06768
8520 1316.7 -11868.6 582.94 -3.06799
8530 1304.72 -14338.8 583.971 -3.06851
8540 1186.55 -11223.7 584.729 -3.06925
8550 1092.19 -5446 585.274 -3.06991
8560 1085.1 -2422.34 585.706 -3.07037
8570 1045.52 -479.206 586.09 -3.07056
8580 970.533 627.057 586.462 -3.07046
8590 945.656 653.717 586.844 -3.07
8600 1032.09 -2275.62 587.231 -3.06916
8610 1168.03 -6491.08 587.571 -3.06804
8620 1251.67 -8770.72 587.79 -3.06693
8630 1237.55 -9364.01 587.845 -3.06612
8640 1142.2 -7605.3 587.728 -3.06561
8650 1050.99 -5647.25 587.474 -3.06515
8660 1073.51 -6876.21 587.113 -3.06455
8670 1151.97 -7687.22 586.633 -3.06383
8680 1197.1 -8979.62 586.017 -3.06314
8690 1163.8 -7389.51 585.25 -3.0626
8700 1106.08 -4572.24 584.362 -3.06212
8710 1093.65 -3518.3 583.403 -3.06157
8720 1155.53 -2751.15 582.399 -3.06091
8730 1259.74 -2494.58 581.364 -3.06027
8740 1310.09 -2978.7 580.303 -3.05989
8750 1224.08 -1276.98 579.214 -3.05986
8760 1075.28 2587.3 578.129 -3.05988
8770 1002.08 5642.28 577.113 -3.05963
8780 1081.8 6683.18 576.22 -3.05905
8790 1246.84 6801.16 575.468 -3.05832
8800 1338.22 7526.7 574.86 -3.05779
8810 1273.39 8049.43 574.405 -3.0577
8820 1142.28 7743.6 574.108 -3.05785
8830 1115.15 6176.93 573.962 -3.05793
8840 1251.3 2188.63 573.931 -3.05795
8850 1383.78 605.815 573.95 -3.05817
8860 1393.31 1519.18 573.989 -3.0589
8870 1345.16 3380.99 574.064 -3.0601
8880 1288.48 3930.74 574.202 -3.06156
8890 1230.1 4532.05 574.417 -3.06304
8900 1180.99 4034.67 574.715 -3.06442
8910 1162.84 3151.29 575.087 -3.06559
8920 1186.31 3717.88 575.519 -3.06659
8930 1258.97 2298.7 576.016 -3.06753
8940 1353.95 -161.105 576.551 -3.06863
8950 1374.82 -216.406 577.087 -3.07007
8960 1304.31 -1334.74 577.613 -3.07178
8970 1190.29 -535.537 578.118 -3.07344
8980 1137.44 -738.455 578.608 -3.07483
8990 1110.41 -1330 579.083 -3.07589
9000 1089.01 -1995.6 579.53 -3.07665
9010 1070.86 -1678.01 579.94 -3.0771
9020 1062.96 -1310.87 580.318 -3.07728
9030 1028.6 43.4709 580.672 -3.07719
9040 970.72 1155.63 581.026 -3.07684
9050 909.444 2199.91 581.401 -3.07617
9060 908.928 1016.54 581.812 -3.07516
9070 981.609 -730.031 582.239 -3.07376
9080 1096.13 -2207.06 582.651 -3.07204
9090 1186.11 -4544.56 583.019 -3.07021
9100 1149.52 -3528.55 583.307 -3.06859
9110 1052.43 -1044.3 583.532 -3.06722
9120 1041.76 -444.445 583.735 -3.06589
9130 1112.2 -1137.5 583.928 -3.06446
9140 1141.85 -1565.04 584.103 -3.06301
9150 1078.93 -1739.2 584.251 -3.06168
9160 1011.67 -1843.51 584.369 -3.06043
9170 1010.12 -3134.88 584.452 -3.05908
9180 1040.6 -2012.41 584.483 -3.05758
9190 1104.39 -2378.03 584.477 -3.05596
9200 1183.34 -1977.65 584.433 -3.05434
9210 1238.35 -1210.84 584.357 -3.05288
9220 1264.42 -2563.37 584.261 -3.05173
9230 1296.26 -3573.93 584.124 -3.05096
9240 1388.5 -6893.04 583.923 -3.05064
9250 1471.92 -9562.23 583.602 -3.05098
9260 1477.41 -9887.92 583.113 -3.05216
9270 1425.59 -7780.12 582.457 -3.05404
9280 1387.72 -4415.39 581.672 -3.0563
9290 1330.69 95.5051 580.823 -3.05872
9300 1179.31 6257.2 579.999 -3.06092
9310 955.158 12716.7 579.31 -3.06242
9320 785.979 17596.1 578.871 -3.06304
9330 838.924 15627.4 578.758 -3.06302
9340 976.035 10488 578.937 -3.06248
9350 1110.02 6166.14 579.315 -3.06157
9360 1223.07 1185.79 579.806 -3.06052
9370 1283.47 -1199.34 580.322 -3.05963
9380 1279.54 -1947.99 580.817 -3.05909
9390 1228.85 -2071.52 581.274 -3.05888
9400 1141.75 -1639.26 581.693 -3.05882
9410 1109.77 -1679.23 582.079 -3.0587
9420 1190.45 -2726.44 582.432 -3.05848
9430 1336.86 -4746.83 582.732 -3.05833
9440 1426.61 -7278.64 582.943 -3.05862
9450 1393.18 -7348.85 583.024 -3.05953
9460 1307.25 -7004.77 582.971 -3.06087
9470 1248.23 -6569.33 582.792 -3.06232
9480 1221.3 -3066.13 582.503 -3.06373
9490 1208.82 -1676.19 582.161 -3.06503
9500 1170.52 -681.824 581.798 -3.0662
9510 1103.67 484.412 581.432 -3.06714
9520 1017.85 1880.98 581.086 -3.06774
9530 933.176 4813.28 580.788 -3.0679
9540 895.593 6810.98 580.587 -3.06759
9550 912.392 7047.53 580.518 -3.06684
9560 1000.63 3970.63 580.579 -3.06569
9570 1119.53 1489.91 580.721 -3.06424
9580 1174.86 -1275.6 580.892 -3.06274
9590 1165.52 -4167.72 581.042 -3.06139
9600 1197.64 -6526.45 581.117 -3.06021
9610 1327.82 -8373.85 581.074 -3.05925
9620 1468 -8960.2 580.883 -3.05878
9630 1508.57 -8712.07 580.534 -3.05921
9640 1455.42 -6051.71 580.037 -3.06053
9650 1366.15 -2791.4 579.442 -3.06238
9660 1274.96 61.2666 578.808 -3.06434
9670 1179.01 3522.59 578.193 -3.06612
9680 1074.46 5654.55 577.655 -3.06749
9690 990.494 5594.73 577.23 -3.06836
9700 893.702 6609.11 576.922 -3.0687
9710 831.081 8467.08 576.746 -3.06849
9720 886.58 7960.27 576.728 -3.06778
9730 999.019 8649.76 576.865 -3.06659
9740 1088.28 7055.72 577.159 -3.06512
9750 1113.42 6546.39 577.589 -3.0636
9760 1168.44 4265.31 578.135 -3.06213
9770 1332.66 -1665.71 578.752 -3.06076
9780 1464.89 -5123.72 579.34 -3.05979
9790 1456.67 -3631.01 579.838 -3.05971
9800 1286.2 51.5483 580.272 -3.06037
9810 1074.49 3956.44 580.707 -3.06113
9820 1038.96 3914.59 581.208 -3.06156
9830 1248.61 -2608.58 581.77 -3.06171
9840 1432.55 -7979.94 582.284 -3.06199
9850 1429.68 -9281.26 582.652 -3.06292
9860 1273 -6252.73 582.854 -3.06431
9870 1144.54 -2465.83 582.942 -3.06563
9880 1098.94 -1625.51 582.98 -3.06667
9890 1036.57 669.382 582.997 -3.06735
9900 979.614 1633.12 583.026 -3.06762
9910 965.177 2443.6 583.091 -3.06749
9920 979.332 2444.26 583.204 -3.06698
9930 997.811 1736.24 583.364 -3.06615
9940 1016.42 1204.23 583.56 -3.06506
9950 1058.54 10.3819 583.78 -3.06378
9960 1126.37 -2431.43 583.999 -3.06237
9970 1187.95 -4132.38 584.175 -3.06096
9980 1217.74 -4689.99 584.277 -3.05972
9990 1230.53 -5852.45 584.293 -3.05874
10000 1281.51 -9112.85 584.2 -3.05804
