# Time-averaged data for fix 4
# TimeStep c_mytemp c_mypress v_vmyvol v_avgEtotal
10 1348.81 -4683.92 621.452 -2.91495
20 1170.32 -2788.07 621.19 -2.91617
30 1034.36 703.77 620.888 -2.91671
40 1137.63 -1045.58 620.6 -2.91665
50 1294.49 -2473.57 620.301 -2.91615
60 1396.71 -1342.28 619.97 -2.91554
70 1444.99 151.351 619.626 -2.9151
80 1377.13 5075.94 619.3 -2.91489
90 1239.94 10512.8 619.08 -2.91474
100 1133.43 13289.4 619.059 -2.91444
110 1058.36 15656.2 619.289 -2.91386
120 1042.52 16952.4 619.81 -2.91298
130 1154.9 14062 620.636 -2.91174
140 1336.66 5623.06 621.709 -2.91008
150 1418.75 569.612 622.885 -2.90829
160 1365.36 -301.515 624.069 -2.90682
170 1288.91 -1234.85 625.236 -2.90563
180 1262.3 465.201 626.377 -2.90453
190 1354.61 23.7878 627.512 -2.90342
200 1470.34 -1845.86 628.637 -2.90238
210 1486.69 -4880.2 629.714 -2.90166
220 1375.97 -5515.44 630.695 -2.90132
230 1222.01 -4797 631.564 -2.90108
240 1166.62 -3900.24 632.334 -2.90067
250 1212.5 -4912.92 633.02 -2.89996
260 1263.61 -7912.9 633.602 -2.89901
270 1195.92 -7066.05 634.035 -2.89795
280 1154.62 -6522.88 634.328 -2.89681
290 1214.13 -9303.45 634.489 -2.89546
300 1306.34 -10182.1 634.476 -2.89394
310 1480.46 -12498.6 634.266 -2.89247
320 1645.78 -13646.2 633.824 -2.89148
330 1686.3 -12295.6 633.136 -2.89143
340 1615.14 -12185.8 632.224 -2.89237
350 1490.24 -10348.5 631.1 -2.8939
360 1360.64 -5547.48 629.807 -2.89544
370 1306.21 -2764.87 628.431 -2.89667
380 1307.11 622.774 627.033 -2.89758
390 1319.29 3308.02 625.673 -2.89818
400 1332.18 3833.26 624.401 -2.89858
410 1397.42 2729.52 623.225 -2.89892
420 1476.04 2354.89 622.126 -2.89938
430 1464.46 3407.66 621.098 -2.90007
440 1329.52 7070.24 620.161 -2.90083
450 1220.78 9381.34 619.373 -2.90132
460 1270.7 6450.74 618.767 -2.90152
470 1357.02 3616.19 618.296 -2.90157
480 1374.83 3580.58 617.91 -2.90164
490 1327 6391.44 617.606 -2.90171
500 1371.7 5414.86 617.423 -2.90176
510 1476.14 2368.42 617.344 -2.90189
520 1473.41 3630.03 617.324 -2.90231
530 1399.67 3884.39 617.375 -2.90295
540 1318.05 5339.9 617.505 -2.90359
550 1288.91 5956.08 617.735 -2.90408
560 1294.77 3453.97 618.071 -2.90439
570 1284.11 3960.92 618.477 -2.90453
580 1308.01 3524 618.955 -2.90452
590 1373.14 1582.06 619.494 -2.90443
600 1388.66 482.315 620.061 -2.90439
610 1247.93 4778.78 620.646 -2.90441
620 1085.71 9484.58 621.316 -2.90428
630 1130.03 8209.95 622.151 -2.90381
640 1304.06 5452.73 623.13 -2.9029
650 1464.46 3352.52 624.204 -2.90187
660 1384.2 4351.54 625.339 -2.90115
670 1210.69 6725.96 626.551 -2.90069
680 1266.58 3833.51 627.871 -2.90015
690 1484.96 -1976.11 629.247 -2.89934
700 1563.83 -6229.93 630.578 -2.89874
710 1446.22 -4728.24 631.788 -2.89868
720 1318.4 -2944 632.897 -2.89888
730 1370.42 -6593 633.929 -2.89903
740 1416.59 -7268.45 634.832 -2.89913
750 1518.3 -9409.09 635.583 -2.89943
760 1534.76 -11392.1 636.146 -2.9001
770 1447.96 -10899.6 636.489 -2.90114
780 1380.55 -9363.3 636.622 -2.90224
790 1422.23 -10246.3 636.569 -2.90335
800 1477 -9722.74 636.326 -2.90455
810 1515.36 -8676.9 635.901 -2.90599
820 1482.3 -6391.93 635.323 -2.90767
830 1375.93 -4345.65 634.634 -2.90934
840 1260.3 -3529.8 633.875 -2.91073
850 1217.27 -3350.43 633.064 -2.91166
860 1309.7 -6452.42 632.2 -2.91228
870 1389.51 -8382.01 631.233 -2.91283
880 1368.72 -9825.8 630.126 -2.91345
890 1266.07 -8483.86 628.859 -2.91404
900 1197.22 -5618.54 627.459 -2.91435
910 1280.04 -3470.29 625.979 -2.91428
920 1505.12 -4373.37 624.459 -2.9141
930 1600.37 -4616.91 622.889 -2.91433
940 1523.31 -430.496 621.275 -2.9151
950 1462.75 227.316 619.68 -2.91611
960 1409.98 838.324 618.123 -2.91724
970 1303.11 4302.95 616.619 -2.91821
980 1258.69 5107.77 615.221 -2.91882
990 1355.54 3762.14 613.942 -2.91922
1000 1445.74 2220.63 612.758 -2.91963
1010 1401.69 1522.71 611.642 -2.92022
1020 1252.28 4006.59 610.583 -2.92076
1030 1164.86 5772.59 609.618 -2.92093
1040 1240.86 5025.72 608.772 -2.92072
1050 1474.71 2648.54 608.034 -2.92034
1060 1695.55 427.606 607.361 -2.92037
1070 1694.14 1629.17 606.717 -2.92133
1080 1507.55 7224.08 606.127 -2.92295
1090 1350.77 12088.6 605.68 -2.92453
1100 1351.09 11651.1 605.45 -2.9259
1110 1375.24 10961.9 605.437 -2.92714
1120 1351.86 12062.2 605.626 -2.92831
1130 1316.38 10786.7 606.027 -2.92934
1140 1346.51 8436.18 606.619 -2.9302
1150 1449.62 4908.48 607.356 -2.931
1160 1516.28 1489.06 608.176 -2.93195
1170 1483.59 756.777 609.022 -2.93315
1180 1386.57 2572.29 609.88 -2.93446
1190 1320.27 3221.26 610.776 -2.93566
1200 1280.89 5378.89 611.726 -2.93662
1210 1247.97 8487.93 612.767 -2.93736
1220 1189.76 11465.8 613.954 -2.93788
1230 1124.46 11959.8 615.335 -2.93812
1240 1015.61 13759.6 616.926 -2.93802
1250 1040.66 9265.99 618.744 -2.93748
1260 1170.14 1569.51 620.712 -2.9362
1270 1326.9 -5092.99 622.691 -2.93433
1280 1438.74 -10362.6 624.558 -2.93225
1290 1458.37 -13840 626.214 -2.93044
1300 1364.26 -14504.3 627.596 -2.92909
1310 1220.97 -12127.5 628.694 -2.92806
1320 1205.73 -10686.6 629.547 -2.92706
1330 1243.12 -11716.3 630.184 -2.9259
1340 1320.33 -13543.1 630.591 -2.92466
1350 1332.74 -12634.2 630.741 -2.9235
1360 1312.77 -11245.9 630.652 -2.92252
1370 1287.46 -9442.09 630.353 -2.92164
1380 1318.09 -7065.19 629.885 -2.92079
1390 1352.59 -5981.87 629.291 -2.91997
1400 1325.18 -4483.41 628.599 -2.91925
1410 1283.84 -2808.72 627.838 -2.91857
1420 1290.89 -2499.31 627.039 -2.91786
1430 1339.1 -1925.43 626.212 -2.91711
1440 1386.83 -4331.96 625.361 -2.91644
1450 1333.02 -1950.46 624.459 -2.91591
1460 1338.56 -2783.78 623.533 -2.91543
1470 1435.67 -7079.48 622.569 -2.91508
1480 1456.91 -6212.53 621.505 -2.91499
1490 1425.09 -3868.05 620.35 -2.91516
1500 1336.16 -1600.26 619.147 -2.91545
1510 1190.51 4550.9 617.948 -2.91552
1520 1186.85 7948.47 616.853 -2.91519
1530 1290.82 6517.77 615.92 -2.91455
1540 1370.14 3009.19 615.123 -2.91387
1550 1337.28 171.354 614.402 -2.91332
1560 1260.49 2924.18 613.71 -2.91282
1570 1284.43 2481.83 613.081 -2.91222
1580 1406.76 2603.88 612.515 -2.91155
1590 1516.27 3762.84 612.011 -2.91106
1600 1489.14 5933 611.592 -2.91099
1610 1405.34 7218.69 611.291 -2.91125
1620 1398.75 6839.84 611.127 -2.91164
1630 1447.92 5902.24 611.094 -2.91213
1640 1444.63 4927.23 611.175 -2.91282
1650 1357.65 5254.33 611.351 -2.9136
1660 1261.57 7980.11 611.629 -2.91428
1670 1260.45 10094.4 612.051 -2.91471
1680 1362.98 8259.82 612.649 -2.91498
1690 1404.79 6777.9 613.395 -2.91525
1700 1395.26 4937.67 614.26 -2.91559
1710 1450.18 2365.56 615.205 -2.91602
1720 1438.82 5273.45 616.198 -2.91663
1730 1347.37 7392.32 617.278 -2.91743
1740 1221.86 9425.14 618.486 -2.91813
1750 1233.16 5705.77 619.849 -2.91853
1760 1272.32 2819.75 621.308 -2.91855
1770 1274.57 1138.49 622.806 -2.91835
1780 1178.12 1412.15 624.315 -2.918
1790 996.411 3914.47 625.841 -2.91743
1800 942.224 2463.16 627.42 -2.91651
1810 1051.13 -3621.28 629.021 -2.91487
1820 1231.72 -8834.16 630.538 -2.91253
1830 1462.84 -13137.5 631.872 -2.90981
1840 1571.04 -13612.7 632.945 -2.90742
1850 1466.78 -9749.24 633.754 -2.90593
1860 1252.07 -5624.64 634.369 -2.90508
1870 1168.06 -3760.73 634.866 -2.9043
1880 1245.14 -5362.89 635.281 -2.90331
1890 1268 -4414.72 635.597 -2.90215
1900 1255.76 -4262.62 635.823 -2.90098
1910 1236.81 -3181 635.971 -2.89979
1920 1217.45 -2282.36 636.059 -2.89854
1930 1252.81 -3450.99 636.102 -2.89721
1940 1287.74 -3566.53 636.084 -2.89581
1950 1319.25 -4513.34 636 -2.89445
1960 1251.8 -2884.41 635.838 -2.89318
1970 1182.98 -82.9826 635.629 -2.89194
1980 1286.19 64.6556 635.423 -2.89058
1990 1349.85 1178.72 635.228 -2.88915
2000 1241.84 5827.93 635.072 -2.88786
2010 1215.76 4425.96 635.025 -2.88664
2020 1281.78 300.765 635.066 -2.8853
2030 1311.68 359.853 635.125 -2.88394
2040 1305.75 277.76 635.195 -2.88266
2050 1309.33 -1649.89 635.272 -2.88147
2060 1296.91 -3021.61 635.321 -2.88034
2070 1283 -1940.15 635.321 -2.87927
2080 1331.62 -1099.01 635.287 -2.8782
2090 1439.28 -1684.31 635.236 -2.87722
2100 1435.8 2196.96 635.166 -2.87649
2110 1409.87 5119.71 635.144 -2.87609
2120 1434.62 3250.44 635.219 -2.87593
2130 1387.52 5109.76 635.371 -2.87595
2140 1405.57 4611.6 635.622 -2.87611
2150 1521.44 -326.893 635.957 -2.87641
2160 1611.86 -4884.25 636.287 -2.87714
2170 1573.05 -5833.76 636.53 -2.87843
2180 1446.76 -5220.74 636.664 -2.88005
2190 1330.7 -4005.14 636.7 -2.88157
2200 1303.11 -3660.94 636.662 -2.8828
2210 1347.32 -6283.16 636.552 -2.88379
2220 1351.44 -6019.12 636.331 -2.88467
2230 1292.45 -3547.52 636.005 -2.8854
2240 1202.47 1294.53 635.624 -2.88584
2250 1194.8 3552.3 635.275 -2.88589
2260 1306.18 2079.15 634.998 -2.88565
2270 1332.91 1225.22 634.772 -2.88531
2280 1221.62 2918.58 634.584 -2.88494
2290 1171.48 3033.5 634.459 -2.8844
2300 1243.77 -739.968 634.39 -2.88359
2310 1337.54 -2535.38 634.318 -2.88261
2320 1369.11 -2609.26 634.207 -2.88167
2330 1383.08 -3096 634.05 -2.8809
2340 1401.57 -2474.15 633.843 -2.88031
2350 1397.25 -2193.08 633.597 -2.87992
2360 1306.26 -2765.01 633.313 -2.8797
2370 1115.65 803.34 632.996 -2.87937
2380 1131.62 -71.3091 632.694 -2.87872
2390 1340.16 -4486.68 632.395 -2.8777
2400 1466.62 -8584.2 632.02 -2.87667
2410 1410.79 -7513.98 631.497 -2.87603
2420 1284.6 -837.851 630.854 -2.8756
2430 1354.25 130.308 630.2 -2.87513
2440 1508.1 -958.323 629.56 -2.87472
2450 1542.11 1929.16 628.925 -2.87471
2460 1487.29 4912.15 628.342 -2.87513
2470 1421.25 7510.51 627.868 -2.8758
2480 1386.52 8841.93 627.548 -2.87654
2490 1425.48 7703.8 627.402 -2.8773
2500 1515.12 5342.83 627.409 -2.87822
2510 1645.22 2887.97 627.524 -2.87955
2520 1768.54 66.3607 627.697 -2.88169
2530 1741.44 422.367 627.882 -2.88482
2540 1543.42 5492.39 628.088 -2.88836
2550 1377.22 9258.08 628.401 -2.89158
2560 1311.5 8826.24 628.884 -2.89424
2570 1307.53 6295.92 629.532 -2.89639
2580 1401.77 923.426 630.294 -2.89817
2590 1589.57 -5668.41 631.066 -2.89994
2600 1703.99 -9116.51 631.731 -2.90222
2610 1647.89 -8955.21 632.223 -2.90516
2620 1465.61 -6665.92 632.546 -2.90823
2630 1338.71 -5404.2 632.739 -2.91088
2640 1274.83 -2942.31 632.832 -2.91297
2650 1229.75 325.227 632.874 -2.91453
2660 1178.45 592.784 632.921 -2.91554
2670 1168.56 -2121.46 632.979 -2.91604
2680 1236.07 -5489.49 632.999 -2.91613
2690 1294.26 -7820.89 632.92 -2.91597
2700 1305.28 -7731.67 632.699 -2.91572
2710 1282.21 -7073.62 632.337 -2.91541
2720 1291.69 -7047.99 631.847 -2.91505
2730 1295.14 -6271.58 631.237 -2.9146
2740 1378.06 -7171.6 630.516 -2.91414
2750 1418.94 -5986.37 629.678 -2.91379
2760 1385.68 -4735.91 628.743 -2.91363
2770 1333.23 -4442.18 627.737 -2.91359
2780 1261.33 -925.891 626.673 -2.9135
2790 1233.22 1294.4 625.611 -2.91317
2800 1316.15 -977.817 624.588 -2.91267
2810 1399.07 -2240.41 623.571 -2.91215
2820 1456.52 -4196.32 622.53 -2.91184
2830 1442.06 -3335.58 621.439 -2.91184
2840 1372.39 -566.222 620.311 -2.91201
2850 1326.65 2001.1 619.196 -2.91217
2860 1340.17 5403.79 618.143 -2.91218
2870 1476.18 4953.39 617.205 -2.91219
2880 1569.2 2473.21 616.375 -2.91258
2890 1444.75 7499.6 615.623 -2.91337
2900 1315.65 11496.6 615.024 -2.91415
2910 1293.11 9160.69 614.639 -2.91477
2920 1285.29 7846.59 614.435 -2.9152
2930 1323.65 5304.07 614.38 -2.91547
2940 1381.64 2712.08 614.429 -2.91567
2950 1392.37 729.108 614.532 -2.91591
2960 1320.89 1284.28 614.656 -2.9162
2970 1224.02 3354.84 614.81 -2.91635
2980 1226.44 2374.83 615.023 -2.91626
2990 1251.75 631.134 615.28 -2.91591
3000 1221.93 3413.06 615.557 -2.91538
3010 1227.02 7101.82 615.901 -2.91471
3020 1250.93 7083.68 616.368 -2.9139
3030 1195.78 6680.43 616.964 -2.91298
3040 1136.14 5006.64 617.678 -2.91195
3050 1135.07 3056.55 618.479 -2.91066
3060 1226.46 1268.6 619.332 -2.90908
3070 1418.11 -3352.24 620.197 -2.90726
3080 1583.64 -7294.87 620.996 -2.90558
3090 1594.53 -7090.52 621.661 -2.90461
3100 1475.89 -4911.33 622.193 -2.90442
3110 1371.19 -3075.43 622.632 -2.90461
3120 1319.22 -2477.39 623.011 -2.90481
3130 1370.97 -3556.64 623.34 -2.90497
3140 1391.22 -2342.94 623.608 -2.90512
3150 1419.81 -2697.7 623.83 -2.90538
3160 1437.67 -1857.35 624.006 -2.90577
3170 1418.49 -64.9334 624.152 -2.90633
3180 1357.55 922.107 624.299 -2.90694
3190 1316.12 3516.72 624.471 -2.90749
3200 1327.09 4355.32 624.708 -2.90789
3210 1406.98 1625.76 625.023 -2.90824
3220 1455.55 1227.73 625.375 -2.90868
3230 1462.12 2056.05 625.754 -2.90931
3240 1513.54 490.936 626.167 -2.91019
3250 1480.23 -789.922 626.591 -2.91134
3260 1368.28 -323.149 627.003 -2.91259
3270 1240.3 1.55691 627.409 -2.91359
3280 1244.65 -3837.96 627.808 -2.91422
3290 1280.13 -7030.02 628.132 -2.91451
3300 1255.87 -4997.14 628.333 -2.91461
3310 1251.15 -3401.75 628.44 -2.91451
3320 1250.51 -2029.83 628.486 -2.91422
3330 1230.97 78.018 628.497 -2.91375
3340 1171.54 4377.52 628.52 -2.91311
3350 1099.04 7691.17 628.629 -2.91223
3360 1076.58 9397.21 628.885 -2.9111
3370 1098.3 10576.4 629.321 -2.90965
3380 1121.98 11601.7 629.96 -2.90796
3390 1173.89 9935.67 630.812 -2.90608
3400 1231.19 7876.03 631.849 -2.90404
3410 1277.44 4239.13 633.028 -2.90196
3420 1213.33 2325.27 634.284 -2.89994
3430 1181.2 775.451 635.575 -2.89803
3440 1259.63 -1520.19 636.869 -2.89599
3450 1363.72 -2899.49 638.124 -2.89389
3460 1367.13 -2755.79 639.314 -2.892
3470 1221.86 441.449 640.446 -2.8905
3480 1086.33 1471.38 641.573 -2.88917
3490 1108.01 -1144.99 642.715 -2.88763
3500 1199.84 -4467.05 643.821 -2.8857
3510 1275.85 -5407.83 644.834 -2.88356
3520 1342.76 -7643.42 645.727 -2.88146
3530 1409.02 -8483.18 646.462 -2.87953
3540 1474.59 -8531.89 647.022 -2.87799
3550 1457.63 -6591.59 647.413 -2.87694
3560 1371.93 -4757.11 647.669 -2.87634
3570 1252.41 -2391.2 647.832 -2.87591
3580 1176.33 -788.085 647.948 -2.87539
3590 1170.29 -361.507 648.05 -2.87461
3600 1298.39 -5355.32 648.138 -2.87357
3610 1421.36 -11520.3 648.119 -2.87245
3620 1439.32 -14379.5 647.879 -2.87164
3630 1430.5 -15919.1 647.357 -2.87126
3640 1424.02 -14002.8 646.533 -2.87124
3650 1437.39 -10470.8 645.448 -2.87146
3660 1457.42 -7156.27 644.174 -2.87186
3670 1442.2 -4870.33 642.783 -2.87243
3680 1372 -1693.97 641.326 -2.87309
3690 1298.26 -44.4183 639.862 -2.87359
3700 1273.27 -2632.63 638.418 -2.87396
3710 1195.89 -311.041 636.962 -2.8741
3720 1119.62 4071.9 635.532 -2.87379
3730 1216.02 544.5 634.196 -2.87308
3740 1327.51 -2024.06 632.9 -2.87223
3750 1349.8 1041.33 631.602 -2.87134
3760 1355.01 3837.93 630.35 -2.87051
3770 1384.88 6194.25 629.197 -2.86973
3780 1440.64 7272.44 628.186 -2.8691
3790 1468.69 8984.63 627.336 -2.86875
3800 1396.29 12700.1 626.68 -2.8687
3810 1212.36 19230.3 626.286 -2.86871
3820 1131.9 22268.1 626.263 -2.86856
3830 1193.74 19440.6 626.658 -2.86819
3840 1282.83 16339.8 627.421 -2.86763
3850 1294.79 14446.1 628.493 -2.86704
3860 1348.07 6902.14 629.824 -2.86642
3870 1390.12 1884.89 631.279 -2.86569
3880 1396.02 1826.57 632.768 -2.86512
3890 1453.83 -2236.67 634.27 -2.86468
3900 1522.5 -5933.51 635.718 -2.86445
3910 1518.81 -7625.76 637.041 -2.86459
3920 1525.36 -10164.6 638.2 -2.86511
3930 1563.46 -12146.6 639.152 -2.86604
3940 1545.23 -12265.1 639.86 -2.86739
3950 1457.44 -10613.6 640.323 -2.86905
3960 1319.39 -6756.26 640.58 -2.87065
3970 1246.63 -3896.38 640.703 -2.87188
3980 1325.32 -4694.29 640.745 -2.87276
3990 1442.38 -6129.29 640.697 -2.87355
4000 1472.9 -5052.25 640.54 -2.8745
4010 1421.64 -2743.89 640.292 -2.87558
4020 1372.62 -1285 639.998 -2.87666
4030 1335.95 -365.272 639.688 -2.87761
4040 1291.25 2055.69 639.384 -2.87837
4050 1259.69 1789.11 639.125 -2.87885
4060 1312.26 -63.7413 638.908 -2.87912
4070 1372.44 -3137.89 638.696 -2.87927
4080 1430.31 -7726.49 638.43 -2.87949
4090 1472.62 -11578.6 638.021 -2.87995
4100 1493.44 -11633.1 637.404 -2.88071
4110 1559.7 -13021.9 636.571 -2.88188
4120 1552.01 -11434.6 635.508 -2.88354
4130 1394.02 -6332.83 634.252 -2.88537
4140 1205.48 -1189.8 632.899 -2.88677
4150 1189.85 476.024 631.544 -2.88752
4160 1340.09 -722.485 630.222 -2.88794
4170 1406.86 1811.37 628.921 -2.88826
4180 1382.38 5104.87 627.682 -2.88858
4190 1358.53 8832.28 626.568 -2.88885
4200 1347.03 10888.2 625.644 -2.88904
4210 1341.06 9394.04 624.938 -2.88923
4220 1337.3 8308.19 624.429 -2.88939
4230 1381.17 4008.27 624.083 -2.88956
4240 1389.09 1652.25 623.827 -2.88981
4250 1327.17 1145.91 623.614 -2.89008
4260 1268.52 1846.95 623.434 -2.89027
4270 1282.78 3272.39 623.299 -2.89025
4280 1375.34 1027.07 623.223 -2.89013
4290 1372.49 1878.22 623.182 -2.89003
4300 1344.08 3452.59 623.182 -2.89
4310 1339.67 3587.83 623.249 -2.88998
4320 1347.65 5369.35 623.391 -2.88995
4330 1334.26 7986.65 623.638 -2.88994
4340 1297.92 10638 624.039 -2.88992
4350 1352.92 9618.81 624.634 -2.88988
4360 1420.78 6855.72 625.404 -2.88987
4370 1378.08 6555.22 626.305 -2.88999
4380 1366.97 4936.99 627.322 -2.8902
4390 1481.63 -723.019 628.419 -2.89042
4400 1608.08 -7899.47 629.49 -2.89085
4410 1604.75 -11001.9 630.41 -2.89182
4420 1488.37 -11540.4 631.116 -2.89326
4430 1384.61 -11277 631.597 -2.89476
4440 1374.49 -11277.3 631.858 -2.89615
4450 1410.3 -11941.6 631.903 -2.89747
4460 1433.59 -12454.9 631.722 -2.89884
4470 1436.36 -12431.8 631.31 -2.90028
4480 1441.35 -11936.9 630.672 -2.90181
4490 1474.05 -12115.7 629.819 -2.90344
4500 1528.5 -12150 628.753 -2.90532
4510 1442.46 -10153.6 627.482 -2.90737
4520 1349.6 -6957.23 626.046 -2.90927
4530 1278.11 -2627.33 624.511 -2.91072
4540 1403.48 -3000.26 622.949 -2.91185
4550 1558.84 -3950.6 621.363 -2.91313
4560 1527.57 -254.722 619.745 -2.91475
4570 1363.59 3953.32 618.158 -2.91633
4580 1179.22 8899.14 616.676 -2.91744
4590 1068.31 13965.6 615.39 -2.91777
4600 1179.6 12306.2 614.374 -2.91756
4610 1297.48 9644.04 613.603 -2.91709
4620 1316.19 10393.6 613.03 -2.91656
4630 1297.53 10715 612.66 -2.91603
4640 1353.03 8397.36 612.491 -2.91551
4650 1418.52 6209.88 612.483 -2.91508
4660 1394.94 4475.85 612.593 -2.91486
4670 1283.75 5403.51 612.793 -2.91476
4680 1197.11 7832.91 613.096 -2.91458
4690 1174.88 9963.73 613.541 -2.91418
4700 1183.8 10635 614.164 -2.91354
4710 1255.29 8928.53 614.974 -2.91268
4720 1303.85 8554.69 615.943 -2.9117
4730 1334.51 7724.34 617.061 -2.91076
4740 1372.32 5968.95 618.311 -2.9099
4750 1383.51 6367.86 619.666 -2.90921
4760 1465.72 3497.68 621.121 -2.90871
4770 1618.4 -1875.67 622.625 -2.90847
4780 1590.64 -1844.45 624.091 -2.90883
4790 1484.7 -2335.27 625.508 -2.90974
4800 1454.58 -5014.68 626.865 -2.9108
4810 1496.14 -7419.66 628.116 -2.91194
4820 1548.19 -10173 629.213 -2.91331
4830 1551.28 -11077.4 630.11 -2.915
4840 1500.53 -12565.5 630.787 -2.91696
4850 1391.74 -14325.3 631.217 -2.91892
4860 1280.12 -13573.1 631.376 -2.9206
4870 1267.7 -14450.4 631.273 -2.92191
4880 1315.41 -16178.4 630.896 -2.92298
4890 1348.6 -17750.4 630.219 -2.92398
4900 1325.35 -15374.1 629.226 -2.92494
4910 1308.93 -12081.5 627.96 -2.92576
4920 1299.87 -8001.51 626.493 -2.92638
4930 1264.95 -2610.29 624.908 -2.9267
4940 1212.05 2096.93 623.304 -2.92667
4950 1147.97 7272.41 621.774 -2.92618
4960 1160.9 8401.19 620.405 -2.92531
4970 1190 9405.46 619.221 -2.92412
4980 1316.58 5621.08 618.227 -2.92278
4990 1371.15 4371.45 617.365 -2.92146
5000 1420.17 2414.83 616.6 -2.92037
5010 1501.26 -1266.56 615.895 -2.91962
5020 1527.45 -228.631 615.193 -2.91934
5030 1496.2 1380.3 614.503 -2.91953
5040 1369.13 4220.52 613.859 -2.91997
5050 1385.36 3921.7 613.302 -2.92041
5060 1487.8 1215.04 612.826 -2.92097
5070 1411.55 2771.11 612.393 -2.92173
5080 1247.45 6560.33 612.027 -2.92243
5090 1140.76 8841.04 611.787 -2.92276
5100 1158.98 9008.94 611.712 -2.92267
5110 1263.57 9907.96 611.808 -2.92224
5120 1402.65 7355.33 612.082 -2.92168
5130 1480.86 1449.3 612.484 -2.92126
5140 1428.67 707.582 612.922 -2.92114
5150 1369.17 585.334 613.372 -2.92125
5160 1352.68 532.487 613.832 -2.92141
5170 1233.6 4942.79 614.308 -2.92151
5180 1190.65 7418.04 614.87 -2.92143
5190 1338.35 2034.62 615.55 -2.92108
5200 1450.35 -198.482 616.272 -2.92063
5210 1454.33 -987.898 616.986 -2.92044
5220 1370.51 173.211 617.682 -2.9205
5230 1312.75 1355.46 618.376 -2.92062
5240 1334.27 1120.27 619.089 -2.92068
5250 1353.24 2068.17 619.82 -2.9207
5260 1333.07 4552.11 620.588 -2.92074
5270 1255.15 6685.69 621.435 -2.92078
5280 1155.56 7294.54 622.399 -2.92067
5290 1093.41 5324.63 623.486 -2.92024
5300 1083.28 1793.87 624.663 -2.91938
5310 1118 -2705.29 625.86 -2.91805
5320 1147.54 -4546.01 626.999 -2.91633
5330 1093.22 -2622.84 628.048 -2.91444
5340 1072.3 -1784.5 629.035 -2.91244
5350 1165.61 -1893.96 629.978 -2.91017
5360 1334.91 -3227.83 630.874 -2.90762
5370 1510.95 -7823.07 631.696 -2.90507
5380 1627.22 -11489.8 632.363 -2.90305
5390 1621.49 -10897.3 632.811 -2.902
5400 1473.07 -6574.59 633.054 -2.90187
5410 1199.18 1256.52 633.18 -2.90204
5420 971.887 7446.35 633.329 -2.90192
5430 908.385 9512.73 633.619 -2.90128
5440 1089.42 4707.82 634.081 -2.90002
5450 1291.21 -3462.69 634.627 -2.89811
5460 1353.25 -9055.4 635.108 -2.89606
5470 1339.09 -10979.7 635.417 -2.89425
5480 1380.14 -12802.5 635.512 -2.89273
5490 1411.84 -13236.6 635.364 -2.8915
5500 1377.59 -10897.3 634.97 -2.89063
5510 1302.16 -7025.98 634.378 -2.89
5520 1274.83 -3829.56 633.662 -2.88935
5530 1427.67 -5033.56 632.881 -2.88867
5540 1566.17 -7462.51 632.019 -2.88824
5550 1566.7 -3804.89 631.044 -2.88841
5560 1529.34 -2183.51 630.013 -2.88907
5570 1505.29 -3686.89 628.958 -2.89014
5580 1461.86 -3827.04 627.859 -2.89144
5590 1409.22 -3889.89 626.711 -2.89283
5600 1374.69 -1691.98 625.517 -2.89413
5610 1355.41 1278.12 624.318 -2.89524
5620 1336.43 3407.4 623.167 -2.89612
5630 1342.1 4254.34 622.102 -2.89684
5640 1314.61 6706.68 621.143 -2.89739
5650 1300.48 8717.44 620.329 -2.89774
5660 1278.56 8342.98 619.691 -2.89793
5670 1226.9 8752.6 619.225 -2.89795
5680 1210.78 6606.76 618.929 -2.89772
5690 1271.85 2388.63 618.762 -2.89728
5700 1369.76 -1332.81 618.647 -2.89669
5710 1586.54 -6554.52 618.512 -2.89626
5720 1781.66 -10404.7 618.266 -2.89655
5730 1857.4 -13456.7 617.839 -2.89821
5740 1753.94 -10334.5 617.188 -2.90121
5750 1506.68 -1857.83 616.371 -2.90462
5760 1251.64 5365.91 615.539 -2.90729
5770 1290.05 3516 614.808 -2.90921
5780 1419.19 1384.06 614.157 -2.91091
5790 1502.29 1564.25 613.553 -2.91263
5800 1564.05 -1111.13 612.987 -2.91461
5810 1526.65 -1115.28 612.42 -2.91687
5820 1426.77 3462.69 611.856 -2.9191
5830 1392.76 4963.34 611.363 -2.92108
5840 1404.75 3081.53 610.967 -2.92291
5850 1332.75 5873.78 610.647 -2.92453
5860 1224.15 9574.43 610.443 -2.92577
5870 1178.1 10327.6 610.416 -2.92654
5880 1200.65 9802.76 610.578 -2.92688
5890 1350.69 7110.52 610.917 -2.92694
5900 1476.97 2189.08 611.38 -2.92698
5910 1490.45 -1659.58 611.884 -2.92728
5920 1436.8 -4642.49 612.359 -2.92783
5930 1379.84 -5803.2 612.751 -2.92849
5940 1356.06 -3988.43 613.043 -2.92911
5950 1422.84 -4345.44 613.26 -2.92972
5960 1451.78 -3255.2 613.401 -2.93046
5970 1328.17 2927.25 613.496 -2.93125
5980 1224.74 7042.64 613.645 -2.93187
5990 1213.41 7716.4 613.918 -2.93216
6000 1257.01 7893.73 614.334 -2.93217
6010 1291.88 7792.42 614.893 -2.932
6020 1292.73 8999.83 615.595 -2.93175
6030 1281.26 9944.58 616.457 -2.93148
6040 1255.04 8420.62 617.492 -2.93115
6050 1180.67 7804.05 618.676 -2.93067
6060 1173.55 5096.57 619.992 -2.92998
6070 1236.73 492.107 621.388 -2.92894
6080 1255.88 -1880.53 622.785 -2.92765
6090 1220.99 -2613.1 624.136 -2.9263
6100 1164.12 -2663.14 625.428 -2.92489
6110 1126.6 -2609.8 626.657 -2.92336
6120 1134.65 -3284.93 627.824 -2.92163
6130 1253.23 -6859.97 628.913 -2.9196
6140 1357.94 -8020.59 629.867 -2.91742
6150 1351.69 -5762.36 630.664 -2.91548
6160 1266.67 -2941.76 631.346 -2.91389
6170 1248.3 -2445.02 631.963 -2.91246
6180 1262.59 -2493.48 632.53 -2.91101
6190 1348.24 -5212.81 633.041 -2.90953
6200 1493.05 -9606.18 633.446 -2.90815
6210 1591.77 -12083.3 633.668 -2.90724
6220 1550.09 -11343.5 633.664 -2.90708
6230 1418.45 -8954.8 633.448 -2.90747
6240 1301.22 -5718.69 633.069 -2.90796
6250 1294.5 -5723.48 632.585 -2.90829
6260 1381.53 -9412.82 631.997 -2.90851
6270 1505.39 -13539.3 631.241 -2.90891
6280 1607.63 -15752 630.246 -2.90983
6290 1583.82 -14758.9 628.975 -2.91145
6300 1412.04 -9675.75 627.457 -2.91336
6310 1243.43 -3965.11 625.788 -2.91488
6320 1244.7 -1940.58 624.071 -2.91584
6330 1366.69 -1609.5 622.35 -2.91648
6340 1432.92 -732.744 620.635 -2.91711
6350 1358.96 2715.67 618.948 -2.91772
6360 1283.6 4306.5 617.342 -2.91816
6370 1273.35 5369.62 615.848 -2.91837
6380 1215.51 7827.66 614.485 -2.91829
6390 1207.52 10196.3 613.294 -2.91789
6400 1306.62 9040.58 612.307 -2.91726
6410 1424.95 7155.06 611.505 -2.91662
6420 1511.85 4993.09 610.85 -2.91625
6430 1500.56 2632.77 610.3 -2.91633
6440 1440.35 3559.77 609.819 -2.91678
6450 1439.29 4459.2 609.414 -2.91738
6460 1562.24 1743.29 609.096 -2.91821
6470 1673.75 -281.496 608.821 -2.91961
6480 1643.57 1006.4 608.557 -2.92174
6490 1480.25 4509.37 608.325 -2.92419
6500 1307.31 8086.9 608.183 -2.92638
6510 1202.74 11692.1 608.193 -2.928
6520 1212.76 11622.7 608.412 -2.9291
6530 1317.94 6205.41 608.832 -2.92986
6540 1403.21 2625.31 609.366 -2.93045
6550 1458.99 161.822 609.946 -2.9311
6560 1493.19 -2893.73 610.526 -2.93192
6570 1466.9 -1426.15 611.059 -2.93296
6580 1388.55 97.9144 611.564 -2.93413
6590 1276.93 3949.31 612.073 -2.93516
6600 1208.26 6464.97 612.651 -2.93589
6610 1229.38 4349.26 613.334 -2.93625
6620 1287.28 1744.87 614.093 -2.9363
6630 1333.12 -1015.48 614.877 -2.93617
6640 1341.51 -3344.36 615.638 -2.93597
6650 1328.82 -5234.15 616.334 -2.93574
6660 1321.56 -6312.98 616.93 -2.93548
6670 1331.55 -5508.41 617.41 -2.9352
6680 1374.82 -5754.9 617.785 -2.93492
6690 1411.84 -5869.85 618.054 -2.93475
6700 1378.31 -4732.06 618.219 -2.93473
6710 1280.11 -3660.25 618.298 -2.93477
6720 1187.45 -2417.77 618.315 -2.93466
6730 1187.85 -2696.18 618.289 -2.93425
6740 1271.67 -3848.61 618.216 -2.93357
6750 1318.72 -1268.47 618.085 -2.93277
6760 1301.27 3229.18 617.94 -2.93197
6770 1215.11 7122.89 617.861 -2.93117
6780 1118.58 9783.46 617.918 -2.93028
6790 1097.37 9260.81 618.155 -2.92916
6800 1183.2 4754.6 618.558 -2.92771
6810 1292.95 1045.66 619.05 -2.92598
6820 1351.62 -3192.75 619.557 -2.9242
6830 1356.99 -3761.43 620.01 -2.9226
6840 1390.15 -5175.5 620.391 -2.92124
6850 1384.52 -5055.45 620.678 -2.92014
6860 1278.26 -2848.08 620.875 -2.91928
6870 1112.96 2133.67 621.027 -2.91847
6880 1063.08 2880.58 621.213 -2.91744
6890 1129.01 1411.22 621.451 -2.91602
6900 1198.13 812.821 621.719 -2.91428
6910 1222.48 -1413.95 622 -2.91238
6920 1245.88 -1247.96 622.261 -2.91045
6930 1312.01 -1906 622.497 -2.90854
6940 1380.4 -1488.85 622.701 -2.90671
6950 1428.06 -2863.28 622.877 -2.90516
6960 1433.75 -3125.69 623.006 -2.90397
6970 1423.7 -2802.52 623.08 -2.90316
6980 1446.84 -5746.24 623.099 -2.90265
6990 1470.11 -6882.52 623.02 -2.90246
7000 1472.84 -6952.54 622.82 -2.90261
7010 1452.87 -4453.34 622.503 -2.90306
7020 1405.27 -1242.52 622.113 -2.90368
7030 1342.56 1426.36 621.712 -2.90428
7040 1397.25 -1174.35 621.34 -2.90481
7050 1527.23 -5309.14 620.954 -2.90549
7060 1570.62 -6524.36 620.485 -2.90661
7070 1415.78 -1912.19 619.919 -2.90804
7080 1218 4050.83 619.333 -2.9092
7090 1121.19 7887.33 618.832 -2.90982
7100 1084.44 11381.8 618.489 -2.90987
7110 1121.55 12935.1 618.363 -2.90945
7120 1216.34 11554.3 618.478 -2.90867
7130 1383.16 5703.62 618.804 -2.90769
7140 1501.03 612.257 619.237 -2.90677
7150 1531.38 -2043.71 619.685 -2.90629
7160 1548.14 -6643.54 620.093 -2.90632
7170 1525.23 -8248.18 620.381 -2.90685
7180 1425.44 -3340.94 620.53 -2.90773
7190 1310.96 496.56 620.617 -2.90861
7200 1255.02 2226.1 620.714 -2.90926
7210 1259.21 2312.86 620.854 -2.90961
7220 1315.03 1394.71 621.039 -2.90975
7230 1357.23 1334.99 621.255 -2.90978
7240 1391.49 1070.24 621.496 -2.90983
7250 1380.8 1831.26 621.762 -2.90997
7260 1367.35 2374.48 622.064 -2.91015
7270 1423.31 1352.14 622.409 -2.91039
7280 1444.93 2843.7 622.785 -2.91078
7290 1394.4 6078.45 623.218 -2.91135
7300 1354.93 6402.45 623.759 -2.91199
7310 1249.27 7815.01 624.424 -2.91253
7320 1155.54 6780.3 625.227 -2.91279
7330 1171.05 2012.2 626.148 -2.91264
7340 1232.24 -3789.3 627.097 -2.91205
7350 1288.92 -7083.11 627.972 -2.91117
7360 1385.11 -10394.8 628.703 -2.91021
7370 1457.13 -9793.79 629.24 -2.90941
7380 1455.49 -6087.37 629.593 -2.90899
7390 1361.24 -811.454 629.832 -2.9089
7400 1215.17 5432.6 630.059 -2.90885
7410 1150.14 8810.74 630.388 -2.90861
7420 1161.43 8944.93 630.882 -2.90807
7430 1166.21 6442.49 631.542 -2.90724
7440 1151.96 3989.13 632.323 -2.90613
7450 1212.95 1566.86 633.176 -2.90477
7460 1366.03 -3927.67 634.048 -2.90315
7470 1473.4 -7553.51 634.84 -2.90156
7480 1373.95 -5167.63 635.492 -2.90041
7490 1109.42 -571.722 636.043 -2.89959
7500 922.509 880.061 636.575 -2.89866
7510 930.884 -1078.09 637.115 -2.89728
7520 1141.41 -5663 637.626 -2.89521
7530 1390.11 -12198.5 638.02 -2.89255
7540 1527.57 -16430.5 638.178 -2.89002
7550 1545.65 -17062.9 638.022 -2.88828
7560 1556.45 -18005.2 637.537 -2.88742
7570 1606.36 -18526 636.713 -2.8874
7580 1629.8 -17187.4 635.549 -2.88823
7590 1543.09 -15215.8 634.076 -2.88979
7600 1352.47 -10952.4 632.341 -2.89153
7610 1219.77 -6706 630.43 -2.89282
7620 1262.19 -6439.27 628.421 -2.89368
7630 1361.13 -3969.37 626.334 -2.89424
7640 1475.65 -1890.28 624.214 -2.89472
7650 1476.37 -873.243 622.099 -2.89542
7660 1331.2 8110.69 620.029 -2.89604
7670 1322.75 12874 618.142 -2.89624
7680 1421.76 14625.1 616.528 -2.89633
7690 1426 16637.7 615.216 -2.89655
7700 1378.58 18206.9 614.236 -2.8969
7710 1350.33 19879.1 613.611 -2.89733
7720 1357.53 17796.9 613.355 -2.8978
7730 1378.86 15822 613.434 -2.89836
7740 1344.05 15251.6 613.808 -2.899
7750 1221.03 16196.1 614.462 -2.89956
7760 1253.73 13292.4 615.402 -2.89992
7770 1423.22 5369.6 616.57 -2.90004
7780 1465.7 1423.27 617.835 -2.90016
7790 1384.33 589.893 619.119 -2.90046
7800 1366.18 221.678 620.404 -2.90084
7810 1271.49 2556.08 621.687 -2.90117
7820 1196.76 3527.55 623.002 -2.90133
7830 1228.86 1475.56 624.368 -2.90119
7840 1266.83 -1955.08 625.747 -2.90071
7850 1342.81 -8126.51 627.07 -2.9
7860 1422.98 -12048.7 628.231 -2.89921
7870 1429.16 -11822.3 629.158 -2.89866
7880 1322.91 -8494.32 629.856 -2.89839
7890 1157.81 -3233.36 630.39 -2.89816
7900 1071.69 -1317.88 630.854 -2.89765
7910 1146.06 -3283.88 631.283 -2.89673
7920 1290.29 -5273.18 631.648 -2.89541
7930 1417.45 -8882.42 631.908 -2.894
7940 1496.4 -12950.3 631.998 -2.89286
7950 1521.82 -13587.8 631.847 -2.89226
7960 1513.34 -11752.3 631.447 -2.89224
7970 1463.38 -8290.03 630.836 -2.89267
7980 1385.73 -3399.16 630.083 -2.89327
7990 1375.27 -458.38 629.279 -2.89383
8000 1420.81 228 628.482 -2.89438
8010 1437.15 821.901 627.707 -2.89503
8020 1442.33 328.33 626.966 -2.89579
8030 1475.04 -1748.37 626.245 -2.89673
8040 1464.9 -958.838 625.514 -2.89785
8050 1488.95 -1144.86 624.779 -2.89913
8060 1516.66 -294.042 624.044 -2.90062
8070 1522.65 281.405 623.32 -2.90234
8080 1470.74 -253.596 622.617 -2.90425
8090 1272.72 3892.03 621.935 -2.90598
8100 1143.8 6593.55 621.339 -2.90706
8110 1197.36 5601.49 620.874 -2.9076
8120 1264.5 4361.55 620.525 -2.90778
8130 1322.19 3316.57 620.268 -2.90776
8140 1444.36 -2033.53 620.075 -2.90772
8150 1582.72 -7904.98 619.852 -2.90797
8160 1675.36 -11128.1 619.495 -2.9089
8170 1650.86 -10211.1 618.951 -2.91068
8180 1459.94 -4050.85 618.242 -2.91287
8190 1228.92 850.115 617.471 -2.91468
8200 1097.02 5058.35 616.735 -2.91573
8210 1206.72 2376.09 616.096 -2.91616
8220 1404.72 -3271.76 615.509 -2.91636
8230 1410.24 -365.326 614.893 -2.91664
8240 1277.34 2478.59 614.283 -2.91695
8250 1132.51 7152.45 613.738 -2.91699
8260 1132.27 10052.9 613.333 -2.91659
8270 1302.35 7210.25 613.111 -2.91585
8280 1394.23 5567.42 613.032 -2.91502
8290 1362.58 5446.43 613.063 -2.91438
8300 1281.74 7002.25 613.201 -2.91387
8310 1288 4691.27 613.462 -2.91334
8320 1326.27 3738.96 613.814 -2.91275
8330 1310.97 3617.37 614.234 -2.91216
8340 1232.5 6965.62 614.726 -2.91159
8350 1197.5 8819.1 615.341 -2.91094
8360 1333.67 4826.17 616.105 -2.9101
8370 1505.47 -876.735 616.95 -2.90917
8380 1618.7 -5178.58 617.776 -2.90863
8390 1609.72 -7203.81 618.506 -2.90879
8400 1517.06 -7382.98 619.1 -2.90959
8410 1392.87 -3987.43 619.563 -2.91066
8420 1304.49 -3710.38 619.943 -2.91165
8430 1194.7 -1920.9 620.259 -2.91233
8440 1138.4 -647.849 620.538 -2.91259
8450 1187.92 -1215.25 620.802 -2.91241
8460 1290 -2610.17 621.044 -2.91191
8470 1369.66 -4545.8 621.238 -2.9113
8480 1362.08 -4120.92 621.354 -2.91078
8490 1340.93 -3018.3 621.397 -2.91036
8500 1328.61 -797.451 621.39 -2.91
8510 1283.39 852.242 621.374 -2.90963
8520 1210.01 1438.1 621.375 -2.90918
8530 1155.15 4009.14 621.413 -2.90851
8540 1288.39 1022.15 621.521 -2.90759
8550 1369.36 -602.609 621.654 -2.90652
8560 1355.83 -946.344 621.78 -2.90561
8570 1330.78 149.257 621.896 -2.90483
8580 1376.79 -387.898 622.014 -2.90415
8590 1433.78 205.48 622.132 -2.9036
8600 1428.82 3159.08 622.261 -2.9033
8610 1384.33 4603.09 622.451 -2.90324
8620 1363.47 5094.44 622.729 -2.90329
8630 1397 3681.06 623.101 -2.90339
8640 1464.35 2221.24 623.542 -2.90361
8650 1548.06 1134.69 624.026 -2.9041
8660 1603.46 1457.95 624.534 -2.90509
8670 1564.48 3176.94 625.071 -2.90663
8680 1438.45 3871.92 625.664 -2.90843
8690 1293.59 7198.31 626.335 -2.91009
8700 1238.88 8003.05 627.134 -2.91137
8710 1274.34 5231.43 628.075 -2.91228
8720 1270.86 2022.03 629.109 -2.91286
8730 1252.27 -2489.07 630.17 -2.91312
8740 1253.05 -5022.51 631.179 -2.91305
8750 1322.08 -7232.02 632.084 -2.91276
8760 1421.74 -9571.71 632.841 -2.91243
8770 1404.79 -9040.25 633.414 -2.91227
8780 1242.46 -6139.09 633.814 -2.91224
8790 1123.87 -4694.08 634.091 -2.91203
8800 1180.9 -5858.01 634.272 -2.91147
8810 1279.8 -4668 634.347 -2.91059
8820 1306.95 -3306.83 634.334 -2.90963
8830 1232.92 -2856.6 634.261 -2.90869
8840 1131.7 -3217.76 634.137 -2.90769
8850 1083.68 -2820.61 633.959 -2.9065
8860 1141.86 -4413.13 633.729 -2.90498
8870 1254.04 -8146.1 633.417 -2.90318
8880 1295.31 -8265.17 632.965 -2.90132
8890 1309.95 -9373.71 632.361 -2.89961
8900 1341.16 -10856.8 631.59 -2.89809
8910 1355.64 -11141.2 630.63 -2.89682
8920 1316.99 -8434.34 629.48 -2.89578
8930 1277.09 -4112.14 628.196 -2.8948
8940 1301.81 -123.166 626.86 -2.89375
8950 1354.92 2067.92 625.544 -2.89263
8960 1449.01 2659.77 624.292 -2.89162
8970 1487.57 3798.81 623.117 -2.8909
8980 1495.18 3709.74 622.037 -2.89061
8990 1506.57 4435.02 621.051 -2.89072
9000 1527.01 5036.55 620.169 -2.89123
9010 1512.56 5005.71 619.401 -2.89211
9020 1424.46 4413.15 618.742 -2.89325
9030 1275.88 6711.49 618.186 -2.89428
9040 1254.33 6905.9 617.764 -2.89495
9050 1483.45 2402.85 617.473 -2.89548
9060 1721.04 -2775.72 617.236 -2.89643
9070 1789.75 -5314.48 616.96 -2.89844
9080 1664.24 -2605.98 616.608 -2.90138
9090 1452.45 2766.88 616.223 -2.90446
9100 1284.16 8329.05 615.901 -2.90696
9110 1253.77 7721.34 615.732 -2.90884
9120 1224.52 6017.35 615.709 -2.91026
9130 1128.54 7824.9 615.81 -2.91112
9140 1191.47 4560.89 616.049 -2.91146
9150 1360.09 -908.386 616.368 -2.91146
9160 1474.89 -673.22 616.682 -2.91145
9170 1537.06 -1065.87 616.984 -2.91176
9180 1533.06 65.6819 617.27 -2.9125
9190 1462.46 3387.13 617.563 -2.9136
9200 1365.34 3394.09 617.915 -2.91477
9210 1340.88 138.979 618.326 -2.91578
9220 1401.82 -4503.34 618.736 -2.91664
9230 1445.29 -5425.27 619.069 -2.91752
9240 1423.66 -2536.13 619.309 -2.91853
9250 1304.03 301.319 619.503 -2.91951
9260 1133.73 5404 619.709 -2.92017
9270 1046.99 8416.66 620.015 -2.92031
9280 1205.96 3643.79 620.464 -2.91994
9290 1345.48 -548.596 620.983 -2.91918
9300 1416.36 -4143.96 621.489 -2.91843
9310 1454.26 -8516.21 621.915 -2.91788
9320 1458.4 -9832.92 622.187 -2.91765
9330 1427.86 -7458.83 622.283 -2.91773
9340 1400.09 -4303.18 622.243 -2.91801
9350 1331.96 1279.76 622.135 -2.91836
9360 1219.47 4279.28 622.052 -2.91858
9370 1068.72 7601.84 622.057 -2.9185
9380 990.924 10196.2 622.207 -2.91798
9390 1023.52 9620.4 622.545 -2.91698
9400 1057.83 8819.72 623.063 -2.91551
9410 1155.92 5174.57 623.739 -2.91366
9420 1292.6 1085.2 624.508 -2.91144
9430 1372.58 369.298 625.298 -2.9092
9440 1333.25 2488.3 626.096 -2.90727
9450 1307.64 2306.11 626.931 -2.90568
9460 1354.33 343.244 627.802 -2.90422
9470 1392.82 -250.16 628.677 -2.90292
9480 1268.33 2971.82 629.549 -2.90189
9490 1159.83 3167.61 630.466 -2.90098
9500 1316.59 -3366.68 631.425 -2.89981
9510 1469.78 -8155.44 632.317 -2.89845
9520 1616.72 -13497.7 633.042 -2.89746
9530 1628.22 -14153.1 633.511 -2.89725
9540 1576.65 -13103.8 633.707 -2.89788
9550 1517 -12937.5 633.651 -2.89907
9560 1440.07 -11545.9 633.353 -2.90052
9570 1395.16 -11026.7 632.839 -2.90198
9580 1415.64 -11102 632.124 -2.90343
9590 1454.75 -10187.2 631.214 -2.90492
9600 1460.07 -9686.23 630.126 -2.90654
9610 1380.74 -7300.72 628.88 -2.90818
9620 1167.75 -3642.08 627.52 -2.9095
9630 948.518 1178.77 626.122 -2.90998
9640 1039.76 151.215 624.763 -2.90971
9650 1219.77 -1994.31 623.431 -2.90889
9660 1322.37 -390.78 622.096 -2.90781
9670 1357.13 1954 620.781 -2.90669
9680 1395.77 3671.71 619.529 -2.90568
9690 1419.64 7017.89 618.375 -2.90484
9700 1427.08 11044.9 617.375 -2.9042
9710 1404.6 13490.4 616.598 -2.90379
9720 1346.06 16829.4 616.088 -2.90358
9730 1333.6 16580.3 615.895 -2.90345
9740 1423.77 12567.2 616.009 -2.90344
9750 1455.21 10435.5 616.361 -2.90363
9760 1354.65 9071.51 616.905 -2.90407
9770 1141.18 11724.3 617.623 -2.90443
9780 1036.6 11872 618.548 -2.90446
9790 1170.89 5087.21 619.674 -2.90394
9800 1386.13 -495.343 620.887 -2.9029
9810 1511.1 -4002.73 622.084 -2.90184
9820 1509.38 -4675.95 623.201 -2.90121
9830 1474.39 -3987.96 624.224 -2.90108
9840 1453.2 -4398.01 625.163 -2.9013
9850 1364.93 -3760.37 626.014 -2.90169
9860 1282.8 -3076.44 626.787 -2.90204
9870 1319.14 -5672.64 627.491 -2.90222
9880 1397.44 -10503 628.08 -2.90228
9890 1443.36 -13577.2 628.467 -2.90244
9900 1434.54 -14481 628.6 -2.90282
9910 1478.2 -14799.4 628.46 -2.90348
9920 1491.14 -13082.8 628.048 -2.90443
9930 1486.15 -9070.17 627.403 -2.90567
9940 1442.4 -4038.14 626.604 -2.90704
9950 1355.82 -106.56 625.744 -2.90833
9960 1268.8 3063.05 624.9 -2.90933
9970 1251.17 4502.82 624.13 -2.90995
9980 1296.4 5872.56 623.463 -2.91029
9990 1335.12 5571.07 622.918 -2.91047
10000 1298.67 4343.81 622.489 -2.9106
