Dynamical matrix file
phonons at Gamma                                                           
  1    2   2  10.1870000   0.0000000   0.0000000   0.0000000   0.0000000   0.0000000
           1  'Si     '    25598.367289828169     
    1    1      0.0000000000      0.0000000000      0.0000000000
    2    1      0.2500000000      0.2500000000      0.2500000000

     Dynamical  Matrix in cartesian axes

     q = (    0.500000000   0.000000000   0.500000000 ) 

    1    1
  0.27559170   0.00000000    -0.00000000   0.00740189     0.01132785   0.00000000
  0.00000000  -0.00740189     0.29271228   0.00000000     0.00000000  -0.00740189
  0.01132785   0.00000000    -0.00000000   0.00740189     0.27559170   0.00000000
    1    2
 -0.00000000   0.12895584    -0.09499353   0.00000000    -0.00000000  -0.09550015
 -0.09499353   0.00000000    -0.00000000   0.14738326    -0.09499353  -0.00000000
  0.00000000  -0.09550015    -0.09499353   0.00000000    -0.00000000   0.12895584
    2    1
 -0.00000000  -0.12895584    -0.09499353   0.00000000    -0.00000000   0.09550015
 -0.09499353   0.00000000    -0.00000000  -0.14738326    -0.09499353  -0.00000000
  0.00000000   0.09550015    -0.09499353  -0.00000000    -0.00000000  -0.12895584
    2    2
  0.27559170   0.00000000    -0.00000000  -0.00740189     0.01132785   0.00000000
  0.00000000   0.00740189     0.29271228   0.00000000     0.00000000   0.00740189
  0.01132785   0.00000000    -0.00000000  -0.00740189     0.27559170   0.00000000

     Dynamical  Matrix in cartesian axes

     q = (   -0.500000000   0.000000000   0.500000000 ) 

    1    1
  0.27559170   0.00000000     0.00000000   0.00740189    -0.01132785   0.00000000
 -0.00000000  -0.00740189     0.29271228   0.00000000    -0.00000000   0.00740189
 -0.01132785   0.00000000     0.00000000  -0.00740189     0.27559170   0.00000000
    1    2
 -0.12895584   0.00000000     0.00000000  -0.09499353    -0.09550015   0.00000000
  0.00000000  -0.09499353    -0.14738326  -0.00000000     0.00000000   0.09499353
 -0.09550015  -0.00000000     0.00000000   0.09499353    -0.12895584  -0.00000000
    2    1
 -0.12895584   0.00000000     0.00000000   0.09499353    -0.09550015   0.00000000
  0.00000000   0.09499353    -0.14738326  -0.00000000     0.00000000  -0.09499353
 -0.09550015   0.00000000     0.00000000  -0.09499353    -0.12895584   0.00000000
    2    2
  0.27559170   0.00000000    -0.00000000  -0.00740189    -0.01132785   0.00000000
  0.00000000   0.00740189     0.29271228   0.00000000     0.00000000  -0.00740189
 -0.01132785   0.00000000    -0.00000000   0.00740189     0.27559170   0.00000000

     Dynamical  Matrix in cartesian axes

     q = (   -0.500000000   0.000000000  -0.500000000 ) 

    1    1
  0.27559170   0.00000000    -0.00000000  -0.00740189     0.01132785   0.00000000
  0.00000000   0.00740189     0.29271228   0.00000000     0.00000000   0.00740189
  0.01132785   0.00000000    -0.00000000  -0.00740189     0.27559170   0.00000000
    1    2
  0.00000000  -0.12895584    -0.09499353   0.00000000     0.00000000   0.09550015
 -0.09499353   0.00000000    -0.00000000  -0.14738326    -0.09499353   0.00000000
  0.00000000   0.09550015    -0.09499353   0.00000000     0.00000000  -0.12895584
    2    1
  0.00000000   0.12895584    -0.09499353   0.00000000     0.00000000  -0.09550015
 -0.09499353   0.00000000    -0.00000000   0.14738326    -0.09499353  -0.00000000
  0.00000000  -0.09550015    -0.09499353   0.00000000     0.00000000   0.12895584
    2    2
  0.27559170   0.00000000     0.00000000   0.00740189     0.01132785   0.00000000
  0.00000000  -0.00740189     0.29271228   0.00000000     0.00000000  -0.00740189
  0.01132785   0.00000000     0.00000000   0.00740189     0.27559170   0.00000000

     Dynamical  Matrix in cartesian axes

     q = (    0.500000000   0.000000000  -0.500000000 ) 

    1    1
  0.27559170   0.00000000    -0.00000000  -0.00740189    -0.01132785   0.00000000
  0.00000000   0.00740189     0.29271228   0.00000000     0.00000000  -0.00740189
 -0.01132785   0.00000000    -0.00000000   0.00740189     0.27559170   0.00000000
    1    2
 -0.12895584   0.00000000     0.00000000   0.09499353    -0.09550015   0.00000000
  0.00000000   0.09499353    -0.14738326   0.00000000     0.00000000  -0.09499353
 -0.09550015   0.00000000     0.00000000  -0.09499353    -0.12895584   0.00000000
    2    1
 -0.12895584   0.00000000     0.00000000  -0.09499353    -0.09550015   0.00000000
  0.00000000  -0.09499353    -0.14738326  -0.00000000     0.00000000   0.09499353
 -0.09550015   0.00000000     0.00000000   0.09499353    -0.12895584   0.00000000
    2    2
  0.27559170   0.00000000    -0.00000000   0.00740189    -0.01132785   0.00000000
  0.00000000  -0.00740189     0.29271228   0.00000000     0.00000000   0.00740189
 -0.01132785   0.00000000    -0.00000000  -0.00740189     0.27559170   0.00000000

     Dynamical  Matrix in cartesian axes

     q = (    0.000000000   0.500000000  -0.500000000 ) 

    1    1
  0.29271228   0.00000000    -0.00000000   0.00740189    -0.00000000  -0.00740189
  0.00000000  -0.00740189     0.27559170   0.00000000    -0.01132785   0.00000000
  0.00000000   0.00740189    -0.01132785   0.00000000     0.27559170   0.00000000
    1    2
 -0.14738326   0.00000000     0.00000000   0.09499353     0.00000000  -0.09499353
  0.00000000   0.09499353    -0.12895584   0.00000000    -0.09550015   0.00000000
  0.00000000  -0.09499353    -0.09550015   0.00000000    -0.12895584   0.00000000
    2    1
 -0.14738326   0.00000000     0.00000000  -0.09499353     0.00000000   0.09499353
  0.00000000  -0.09499353    -0.12895584   0.00000000    -0.09550015   0.00000000
  0.00000000   0.09499353    -0.09550015   0.00000000    -0.12895584   0.00000000
    2    2
  0.29271228   0.00000000     0.00000000  -0.00740189     0.00000000   0.00740189
  0.00000000   0.00740189     0.27559170   0.00000000    -0.01132785   0.00000000
  0.00000000  -0.00740189    -0.01132785   0.00000000     0.27559170   0.00000000

     Dynamical  Matrix in cartesian axes

     q = (   -0.500000000   0.500000000   0.000000000 ) 

    1    1
  0.27559170   0.00000000    -0.01132785   0.00000000     0.00000000   0.00740189
 -0.01132785   0.00000000     0.27559170   0.00000000     0.00000000  -0.00740189
  0.00000000  -0.00740189     0.00000000   0.00740189     0.29271228   0.00000000
    1    2
 -0.12895584   0.00000000    -0.09550015   0.00000000     0.00000000  -0.09499353
 -0.09550015   0.00000000    -0.12895584   0.00000000     0.00000000   0.09499353
 -0.00000000  -0.09499353     0.00000000   0.09499353    -0.14738326   0.00000000
    2    1
 -0.12895584   0.00000000    -0.09550015   0.00000000     0.00000000   0.09499353
 -0.09550015   0.00000000    -0.12895584   0.00000000     0.00000000  -0.09499353
 -0.00000000   0.09499353     0.00000000  -0.09499353    -0.14738326  -0.00000000
    2    2
  0.27559170   0.00000000    -0.01132785   0.00000000     0.00000000  -0.00740189
 -0.01132785   0.00000000     0.27559170   0.00000000     0.00000000   0.00740189
  0.00000000   0.00740189     0.00000000  -0.00740189     0.29271228   0.00000000

     Dynamical  Matrix in cartesian axes

     q = (    0.000000000   0.500000000   0.500000000 ) 

    1    1
  0.29271228   0.00000000    -0.00000000  -0.00740189     0.00000000  -0.00740189
 -0.00000000   0.00740189     0.27559170   0.00000000     0.01132785   0.00000000
  0.00000000   0.00740189     0.01132785   0.00000000     0.27559170   0.00000000
    1    2
  0.00000000   0.14738326    -0.09499353   0.00000000    -0.09499353   0.00000000
 -0.09499353   0.00000000     0.00000000   0.12895584     0.00000000  -0.09550015
 -0.09499353   0.00000000     0.00000000  -0.09550015     0.00000000   0.12895584
    2    1
 -0.00000000  -0.14738326    -0.09499353   0.00000000    -0.09499353   0.00000000
 -0.09499353   0.00000000     0.00000000  -0.12895584     0.00000000   0.09550015
 -0.09499353   0.00000000     0.00000000   0.09550015     0.00000000  -0.12895584
    2    2
  0.29271228   0.00000000     0.00000000   0.00740189     0.00000000   0.00740189
  0.00000000  -0.00740189     0.27559170   0.00000000     0.01132785   0.00000000
  0.00000000  -0.00740189     0.01132785   0.00000000     0.27559170   0.00000000

     Dynamical  Matrix in cartesian axes

     q = (    0.000000000  -0.500000000  -0.500000000 ) 

    1    1
  0.29271228   0.00000000     0.00000000   0.00740189    -0.00000000   0.00740189
 -0.00000000  -0.00740189     0.27559170   0.00000000     0.01132785   0.00000000
  0.00000000  -0.00740189     0.01132785   0.00000000     0.27559170   0.00000000
    1    2
  0.00000000  -0.14738326    -0.09499353   0.00000000    -0.09499353   0.00000000
 -0.09499353   0.00000000     0.00000000  -0.12895584     0.00000000   0.09550015
 -0.09499353   0.00000000     0.00000000   0.09550015    -0.00000000  -0.12895584
    2    1
 -0.00000000   0.14738326    -0.09499353   0.00000000    -0.09499353   0.00000000
 -0.09499353   0.00000000     0.00000000   0.12895584     0.00000000  -0.09550015
 -0.09499353   0.00000000     0.00000000  -0.09550015    -0.00000000   0.12895584
    2    2
  0.29271228   0.00000000     0.00000000  -0.00740189    -0.00000000  -0.00740189
 -0.00000000   0.00740189     0.27559170   0.00000000     0.01132785   0.00000000
  0.00000000   0.00740189     0.01132785   0.00000000     0.27559170   0.00000000

     Dynamical  Matrix in cartesian axes

     q = (    0.500000000   0.500000000   0.000000000 ) 

    1    1
  0.27559170   0.00000000     0.01132785   0.00000000     0.00000000   0.00740189
  0.01132785   0.00000000     0.27559170   0.00000000     0.00000000   0.00740189
  0.00000000  -0.00740189     0.00000000  -0.00740189     0.29271228   0.00000000
    1    2
 -0.00000000   0.12895584     0.00000000  -0.09550015    -0.09499353   0.00000000
  0.00000000  -0.09550015    -0.00000000   0.12895584    -0.09499353   0.00000000
 -0.09499353   0.00000000    -0.09499353  -0.00000000    -0.00000000   0.14738326
    2    1
 -0.00000000  -0.12895584     0.00000000   0.09550015    -0.09499353  -0.00000000
  0.00000000   0.09550015    -0.00000000  -0.12895584    -0.09499353   0.00000000
 -0.09499353   0.00000000    -0.09499353   0.00000000    -0.00000000  -0.14738326
    2    2
  0.27559170   0.00000000     0.01132785   0.00000000     0.00000000  -0.00740189
  0.01132785   0.00000000     0.27559170   0.00000000     0.00000000  -0.00740189
 -0.00000000   0.00740189     0.00000000   0.00740189     0.29271228   0.00000000

     Dynamical  Matrix in cartesian axes

     q = (    0.500000000  -0.500000000   0.000000000 ) 

    1    1
  0.27559170   0.00000000    -0.01132785   0.00000000     0.00000000  -0.00740189
 -0.01132785   0.00000000     0.27559170   0.00000000     0.00000000   0.00740189
 -0.00000000   0.00740189     0.00000000  -0.00740189     0.29271228   0.00000000
    1    2
 -0.12895584   0.00000000    -0.09550015   0.00000000     0.00000000   0.09499353
 -0.09550015   0.00000000    -0.12895584   0.00000000     0.00000000  -0.09499353
 -0.00000000   0.09499353     0.00000000  -0.09499353    -0.14738326   0.00000000
    2    1
 -0.12895584  -0.00000000    -0.09550015   0.00000000     0.00000000  -0.09499353
 -0.09550015   0.00000000    -0.12895584   0.00000000     0.00000000   0.09499353
 -0.00000000  -0.09499353     0.00000000   0.09499353    -0.14738326  -0.00000000
    2    2
  0.27559170   0.00000000    -0.01132785   0.00000000     0.00000000   0.00740189
 -0.01132785   0.00000000     0.27559170   0.00000000     0.00000000  -0.00740189
  0.00000000  -0.00740189     0.00000000   0.00740189     0.29271228   0.00000000

     Dynamical  Matrix in cartesian axes

     q = (   -0.500000000  -0.500000000   0.000000000 ) 

    1    1
  0.27559170   0.00000000     0.01132785   0.00000000     0.00000000  -0.00740189
  0.01132785   0.00000000     0.27559170   0.00000000     0.00000000  -0.00740189
 -0.00000000   0.00740189     0.00000000   0.00740189     0.29271228   0.00000000
    1    2
  0.00000000  -0.12895584     0.00000000   0.09550015    -0.09499353  -0.00000000
  0.00000000   0.09550015    -0.00000000  -0.12895584    -0.09499353   0.00000000
 -0.09499353   0.00000000    -0.09499353   0.00000000    -0.00000000  -0.14738326
    2    1
  0.00000000   0.12895584     0.00000000  -0.09550015    -0.09499353   0.00000000
  0.00000000  -0.09550015    -0.00000000   0.12895584    -0.09499353  -0.00000000
 -0.09499353   0.00000000    -0.09499353  -0.00000000    -0.00000000   0.14738326
    2    2
  0.27559170   0.00000000     0.01132785   0.00000000     0.00000000   0.00740189
  0.01132785   0.00000000     0.27559170   0.00000000     0.00000000   0.00740189
 -0.00000000  -0.00740189     0.00000000  -0.00740189     0.29271228   0.00000000

     Dynamical  Matrix in cartesian axes

     q = (    0.000000000  -0.500000000   0.500000000 ) 

    1    1
  0.29271228   0.00000000     0.00000000  -0.00740189    -0.00000000   0.00740189
 -0.00000000   0.00740189     0.27559170   0.00000000    -0.01132785   0.00000000
  0.00000000  -0.00740189    -0.01132785   0.00000000     0.27559170   0.00000000
    1    2
 -0.14738326   0.00000000     0.00000000  -0.09499353     0.00000000   0.09499353
  0.00000000  -0.09499353    -0.12895584   0.00000000    -0.09550015   0.00000000
  0.00000000   0.09499353    -0.09550015   0.00000000    -0.12895584   0.00000000
    2    1
 -0.14738326   0.00000000     0.00000000   0.09499353     0.00000000  -0.09499353
  0.00000000   0.09499353    -0.12895584   0.00000000    -0.09550015   0.00000000
  0.00000000  -0.09499353    -0.09550015   0.00000000    -0.12895584   0.00000000
    2    2
  0.29271228   0.00000000    -0.00000000   0.00740189     0.00000000  -0.00740189
  0.00000000  -0.00740189     0.27559170   0.00000000    -0.01132785   0.00000000
  0.00000000   0.00740189    -0.01132785   0.00000000     0.27559170   0.00000000

     Diagonalizing the dynamical matrix

     q = (    0.500000000   0.000000000   0.500000000 ) 

 **************************************************************************
     freq (    1) =       4.102545 [THz] =     136.846171 [cm-1]
 ( -0.000000  0.500000 -0.000000  0.000000 -0.000000 -0.500000 ) 
 ( -0.500000  0.000000 -0.000000 -0.000000  0.500000  0.000000 ) 
     freq (    2) =       5.858541 [THz] =     195.419896 [cm-1]
 (  0.000000 -0.229932 -0.627903  0.000000 -0.000000 -0.229932 ) 
 ( -0.229932  0.000000 -0.000000 -0.627903 -0.229932  0.000000 ) 
     freq (    3) =       8.589675 [THz] =     286.520725 [cm-1]
 (  0.000000 -0.438987  0.338497 -0.000000  0.000000 -0.438987 ) 
 (  0.438987  0.000000  0.000000 -0.338497  0.438987  0.000000 ) 
     freq (    4) =      12.750629 [THz] =     425.315200 [cm-1]
 ( -0.000000  0.443995 -0.325173 -0.000000 -0.000000  0.443995 ) 
 (  0.443995  0.000000  0.000000 -0.325173  0.443995  0.000000 ) 
     freq (    5) =      14.374703 [THz] =     479.488486 [cm-1]
 ( -0.000000  0.500000  0.000000 -0.000000  0.000000 -0.500000 ) 
 (  0.500000  0.000000 -0.000000 -0.000000 -0.500000  0.000000 ) 
     freq (    6) =      14.814058 [THz] =     494.143769 [cm-1]
 (  0.000000 -0.239354 -0.620822 -0.000000  0.000000 -0.239354 ) 
 (  0.239354  0.000000 -0.000000  0.620822  0.239354  0.000000 ) 
 **************************************************************************
