Dynamical matrix file
phonons at Gamma                                                           
  1    2   2  10.1870000   0.0000000   0.0000000   0.0000000   0.0000000   0.0000000
           1  'Si     '    25598.367289828169     
    1    1      0.0000000000      0.0000000000      0.0000000000
    2    1      0.2500000000      0.2500000000      0.2500000000

     Dynamical  Matrix in cartesian axes

     q = (   -0.500000000  -1.000000000   0.000000000 ) 

    1    1
  0.25526138   0.00000000     0.00000000   0.00000000    -0.00000000   0.00000000
  0.00000000   0.00000000     0.28932894   0.00000000    -0.00000000  -0.01749467
 -0.00000000   0.00000000     0.00000000   0.01749467     0.28932894   0.00000000
    1    2
  0.00000000   0.00000000    -0.09608737   0.09608737    -0.09608737  -0.09608737
 -0.09608737   0.09608737     0.00000000   0.00000000     0.00000000   0.00000000
 -0.09608737  -0.09608737     0.00000000   0.00000000     0.00000000   0.00000000
    2    1
 -0.00000000  -0.00000000    -0.09608737  -0.09608737    -0.09608737   0.09608737
 -0.09608737  -0.09608737    -0.00000000   0.00000000     0.00000000   0.00000000
 -0.09608737   0.09608737     0.00000000   0.00000000    -0.00000000   0.00000000
    2    2
  0.25526138   0.00000000     0.00000000   0.00000000    -0.00000000   0.00000000
  0.00000000   0.00000000     0.28932894   0.00000000     0.00000000   0.01749467
 -0.00000000   0.00000000     0.00000000  -0.01749467     0.28932894   0.00000000

     Dynamical  Matrix in cartesian axes

     q = (    0.000000000   1.000000000   0.500000000 ) 

    1    1
  0.28932894   0.00000000     0.00000000  -0.01749467    -0.00000000   0.00000000
  0.00000000   0.01749467     0.28932894   0.00000000     0.00000000   0.00000000
 -0.00000000   0.00000000     0.00000000   0.00000000     0.25526138   0.00000000
    1    2
  0.00000000   0.00000000     0.00000000   0.00000000    -0.09608737   0.09608737
  0.00000000   0.00000000     0.00000000   0.00000000    -0.09608737  -0.09608737
 -0.09608737   0.09608737    -0.09608737  -0.09608737     0.00000000   0.00000000
    2    1
 -0.00000000   0.00000000    -0.00000000  -0.00000000    -0.09608737  -0.09608737
 -0.00000000  -0.00000000    -0.00000000   0.00000000    -0.09608737   0.09608737
 -0.09608737  -0.09608737    -0.09608737   0.09608737    -0.00000000  -0.00000000
    2    2
  0.28932894   0.00000000    -0.00000000   0.01749467     0.00000000   0.00000000
  0.00000000  -0.01749467     0.28932894   0.00000000     0.00000000   0.00000000
 -0.00000000   0.00000000    -0.00000000   0.00000000     0.25526138   0.00000000

     Dynamical  Matrix in cartesian axes

     q = (    0.000000000  -1.000000000  -0.500000000 ) 

    1    1
  0.28932894   0.00000000     0.00000000   0.01749467     0.00000000   0.00000000
  0.00000000  -0.01749467     0.28932894   0.00000000     0.00000000   0.00000000
  0.00000000   0.00000000    -0.00000000   0.00000000     0.25526138   0.00000000
    1    2
  0.00000000   0.00000000    -0.00000000   0.00000000    -0.09608737  -0.09608737
  0.00000000   0.00000000    -0.00000000   0.00000000    -0.09608737   0.09608737
 -0.09608737  -0.09608737    -0.09608737   0.09608737     0.00000000  -0.00000000
    2    1
  0.00000000   0.00000000    -0.00000000   0.00000000    -0.09608737   0.09608737
  0.00000000   0.00000000    -0.00000000   0.00000000    -0.09608737  -0.09608737
 -0.09608737   0.09608737    -0.09608737  -0.09608737    -0.00000000   0.00000000
    2    2
  0.28932894   0.00000000    -0.00000000  -0.01749467    -0.00000000   0.00000000
 -0.00000000   0.01749467     0.28932894   0.00000000     0.00000000   0.00000000
 -0.00000000   0.00000000    -0.00000000   0.00000000     0.25526138   0.00000000

     Dynamical  Matrix in cartesian axes

     q = (    0.500000000   1.000000000   0.000000000 ) 

    1    1
  0.25526138   0.00000000     0.00000000   0.00000000    -0.00000000   0.00000000
  0.00000000   0.00000000     0.28932894   0.00000000    -0.00000000   0.01749467
  0.00000000   0.00000000     0.00000000  -0.01749467     0.28932894   0.00000000
    1    2
 -0.00000000  -0.00000000    -0.09608737  -0.09608737    -0.09608737   0.09608737
 -0.09608737  -0.09608737     0.00000000   0.00000000     0.00000000  -0.00000000
 -0.09608737   0.09608737    -0.00000000  -0.00000000     0.00000000   0.00000000
    2    1
 -0.00000000   0.00000000    -0.09608737   0.09608737    -0.09608737  -0.09608737
 -0.09608737   0.09608737    -0.00000000   0.00000000     0.00000000   0.00000000
 -0.09608737  -0.09608737     0.00000000   0.00000000    -0.00000000   0.00000000
    2    2
  0.25526138   0.00000000     0.00000000   0.00000000    -0.00000000   0.00000000
  0.00000000   0.00000000     0.28932894   0.00000000    -0.00000000  -0.01749467
 -0.00000000   0.00000000    -0.00000000   0.01749467     0.28932894   0.00000000

     Dynamical  Matrix in cartesian axes

     q = (   -1.000000000  -0.500000000   0.000000000 ) 

    1    1
  0.28932894   0.00000000     0.00000000   0.00000000     0.00000000  -0.01749467
  0.00000000   0.00000000     0.25526138   0.00000000    -0.00000000   0.00000000
  0.00000000   0.01749467     0.00000000   0.00000000     0.28932894   0.00000000
    1    2
  0.00000000  -0.00000000    -0.09608737   0.09608737     0.00000000  -0.00000000
 -0.09608737   0.09608737     0.00000000  -0.00000000    -0.09608737  -0.09608737
  0.00000000  -0.00000000    -0.09608737  -0.09608737     0.00000000  -0.00000000
    2    1
  0.00000000  -0.00000000    -0.09608737  -0.09608737     0.00000000  -0.00000000
 -0.09608737  -0.09608737     0.00000000   0.00000000    -0.09608737   0.09608737
  0.00000000  -0.00000000    -0.09608737   0.09608737     0.00000000  -0.00000000
    2    2
  0.28932894   0.00000000     0.00000000   0.00000000     0.00000000   0.01749467
 -0.00000000   0.00000000     0.25526138   0.00000000    -0.00000000   0.00000000
  0.00000000  -0.01749467     0.00000000   0.00000000     0.28932894   0.00000000

     Dynamical  Matrix in cartesian axes

     q = (    0.000000000  -0.500000000  -1.000000000 ) 

    1    1
  0.28932894   0.00000000     0.00000000   0.00000000    -0.00000000   0.01749467
  0.00000000   0.00000000     0.25526138   0.00000000    -0.00000000   0.00000000
 -0.00000000  -0.01749467    -0.00000000   0.00000000     0.28932894   0.00000000
    1    2
  0.00000000  -0.00000000    -0.09608737  -0.09608737     0.00000000  -0.00000000
 -0.09608737  -0.09608737     0.00000000   0.00000000    -0.09608737   0.09608737
  0.00000000  -0.00000000    -0.09608737   0.09608737     0.00000000  -0.00000000
    2    1
  0.00000000  -0.00000000    -0.09608737   0.09608737     0.00000000  -0.00000000
 -0.09608737   0.09608737     0.00000000  -0.00000000    -0.09608737  -0.09608737
  0.00000000  -0.00000000    -0.09608737  -0.09608737     0.00000000  -0.00000000
    2    2
  0.28932894   0.00000000     0.00000000   0.00000000     0.00000000  -0.01749467
 -0.00000000   0.00000000     0.25526138   0.00000000     0.00000000   0.00000000
  0.00000000   0.01749467     0.00000000   0.00000000     0.28932894   0.00000000

     Diagonalizing the dynamical matrix

     q = (   -0.500000000  -1.000000000   0.000000000 ) 

 **************************************************************************
     freq (    1) =       6.070060 [THz] =     202.475415 [cm-1]
 ( -0.368951 -0.368951  0.063597  0.329455 -0.329455  0.063597 ) 
 ( -0.303905  0.449303  0.000000 -0.322760 -0.322760  0.000000 ) 
     freq (    2) =       6.070060 [THz] =     202.475415 [cm-1]
 ( -0.383557 -0.383557 -0.061176 -0.316910  0.316910 -0.061176 ) 
 (  0.292333 -0.432194  0.000000 -0.335537 -0.335537  0.000000 ) 
     freq (    3) =      10.720647 [THz] =     357.602305 [cm-1]
 (  0.000000 -0.000000 -0.671238 -0.222348 -0.222348  0.671238 ) 
 (  0.000000 -0.000000 -0.000000 -0.000838  0.000838  0.000000 ) 
     freq (    4) =      10.720647 [THz] =     357.602305 [cm-1]
 (  0.000000 -0.000000  0.000795  0.000263  0.000263 -0.000795 ) 
 (  0.000000 -0.000000  0.000000 -0.707106  0.707106  0.000000 ) 
     freq (    5) =      14.170584 [THz] =     472.679802 [cm-1]
 (  0.436653  0.436653 -0.098156 -0.156402  0.156402 -0.098156 ) 
 ( -0.050954  0.222689  0.000000 -0.499144 -0.499144  0.000000 ) 
     freq (    6) =      14.170584 [THz] =     472.679802 [cm-1]
 ( -0.161534 -0.161534 -0.265331 -0.422781  0.422781 -0.265331 ) 
 ( -0.137737  0.601964  0.000000  0.184652  0.184652  0.000000 ) 
 **************************************************************************
