 &plot nbnd=   8, nks=    51 /
            0.000000  0.000000  0.000000
   -7.851   14.356   14.356   14.356   20.114   20.114   20.114   29.027
            0.050000  0.000000  0.050000
   -7.803   14.071   14.148   14.326   20.163   20.279   20.356   29.054
            0.100000  0.000000  0.100000
   -7.659   13.344   13.588   14.236   20.311   20.716   20.950   29.124
            0.150000  0.000000  0.150000
   -7.420   12.383   12.802   14.082   20.556   21.320   21.670   29.200
            0.200000  0.000000  0.200000
   -7.086   11.324   11.893   13.858   20.896   22.018   22.357   29.228
            0.250000  0.000000  0.250000
   -6.659   10.241   10.925   13.562   21.331   22.777   22.917   29.168
            0.300000  0.000000  0.300000
   -6.139    9.172    9.944   13.193   21.856   23.288   23.585   29.033
            0.350000  0.000000  0.350000
   -5.529    8.140    8.978   12.757   22.466   23.430   24.443   28.900
            0.400000  0.000000  0.400000
   -4.833    7.160    8.049   12.265   23.159   23.337   25.353   28.854
            0.450000  0.000000  0.450000
   -4.053    6.242    7.175   11.733   23.041   23.927   26.316   28.934
            0.500000  0.000000  0.500000
   -3.199    5.391    6.370   11.180   22.608   24.760   27.328   29.131
            0.487500  0.037500  0.525000
   -3.070    5.035    6.540   11.082   22.595   24.781   27.401   29.189
            0.475000  0.075000  0.550000
   -2.903    4.470    6.946   10.931   22.669   24.636   27.384   29.281
            0.462500  0.112500  0.575000
   -2.700    3.881    7.397   10.736   22.810   24.367   27.343   29.359
            0.450000  0.150000  0.600000
   -2.464    3.309    7.846   10.512   22.951   24.079   27.311   29.400
            0.437500  0.187500  0.625000
   -2.199    2.768    8.259   10.279   22.909   24.001   27.283   29.414
            0.425000  0.225000  0.650000
   -1.910    2.270    8.588   10.080   22.621   24.236   27.234   29.428
            0.412500  0.262500  0.675000
   -1.610    1.830    8.752    9.983   22.277   24.622   27.141   29.478
            0.400000  0.300000  0.700000
   -1.321    1.471    8.701   10.029   21.991   25.051   27.004   29.583
            0.387500  0.337500  0.725000
   -1.085    1.238    8.503   10.135   21.815   25.434   26.870   29.745
            0.375000  0.375000  0.750000
   -0.964    1.189    8.247   10.206   21.776   25.616   26.886   29.945
            0.337500  0.337500  0.675000
   -1.705    1.733    9.076   10.168   21.710   25.501   26.411   29.290
            0.300000  0.300000  0.600000
   -2.858    2.947    9.925   10.272   21.690   25.289   25.882   28.737
            0.262500  0.262500  0.525000
   -3.978    4.383   10.522   10.765   21.651   24.971   25.302   28.440
            0.225000  0.225000  0.450000
   -4.983    5.952   10.913   11.568   21.529   24.510   24.661   28.462
            0.187500  0.187500  0.375000
   -5.848    7.610   11.439   12.310   21.301   23.872   23.948   28.741
            0.150000  0.150000  0.300000
   -6.564    9.317   12.078   12.973   20.996   23.053   23.151   29.065
            0.112500  0.112500  0.225000
   -7.125   11.011   12.795   13.535   20.672   22.110   22.266   29.214
            0.075000  0.075000  0.150000
   -7.528   12.588   13.520   13.973   20.385   21.166   21.330   29.171
            0.037500  0.037500  0.075000
   -7.770   13.837   14.113   14.257   20.186   20.414   20.491   29.072
            0.000000  0.000000  0.000000
   -7.851   14.356   14.356   14.356   20.114   20.114   20.114   29.027
            0.050000  0.050000  0.050000
   -7.779   13.850   14.224   14.224   20.286   20.286   20.440   29.069
            0.100000  0.100000  0.100000
   -7.564   12.611   13.882   13.882   20.736   20.736   21.153   29.194
            0.150000  0.150000  0.150000
   -7.206   11.020   13.432   13.432   21.327   21.327   21.906   29.393
            0.200000  0.200000  0.200000
   -6.707    9.284   12.958   12.958   21.924   21.924   22.553   29.646
            0.250000  0.250000  0.250000
   -6.069    7.510   12.513   12.513   22.423   22.423   23.061   29.921
            0.300000  0.300000  0.300000
   -5.298    5.757   12.128   12.128   22.768   22.768   23.441   30.176
            0.350000  0.350000  0.350000
   -4.401    4.070   11.817   11.817   22.963   22.963   23.712   30.372
            0.400000  0.400000  0.400000
   -3.400    2.490   11.591   11.591   23.046   23.046   23.895   30.493
            0.450000  0.450000  0.450000
   -2.368    1.106   11.455   11.455   23.071   23.071   24.000   30.552
            0.500000  0.500000  0.500000
   -1.746    0.367   11.409   11.409   23.074   23.074   24.035   30.567
            0.475000  0.475000  0.475000
   -1.937    0.587   11.420   11.420   23.074   23.074   24.026   30.564
            0.450000  0.450000  0.450000
   -2.368    1.106   11.455   11.455   23.071   23.071   24.000   30.552
            0.425000  0.425000  0.425000
   -2.877    1.763   11.512   11.512   23.063   23.063   23.957   30.528
            0.400000  0.400000  0.400000
   -3.400    2.490   11.591   11.591   23.046   23.046   23.895   30.493
            0.375000  0.375000  0.375000
   -3.911    3.263   11.693   11.693   23.015   23.015   23.813   30.441
            0.350000  0.350000  0.350000
   -4.401    4.070   11.817   11.817   22.963   22.963   23.712   30.372
            0.325000  0.325000  0.325000
   -4.864    4.903   11.962   11.962   22.882   22.882   23.588   30.282
            0.300000  0.300000  0.300000
   -5.298    5.757   12.128   12.128   22.768   22.768   23.441   30.176
            0.275000  0.275000  0.275000
   -5.700    6.628   12.312   12.312   22.616   22.616   23.266   30.053
            0.250000  0.250000  0.250000
   -6.069    7.510   12.513   12.513   22.423   22.423   23.061   29.921
